2902386688.0
49681232.0
3406411520.0
172823.21875
364118.5
267562.53125
454916.8125
3630464.25
895515.125
174087.890625
143832.609375
152894.53125
168065.15625
187906.59375
212136.1875
240543.53125
272817.375
308304.875
346323.0
386198.375
427282.84375
469216.5
511715.9375
554326.5
596335.4375
636950.375
675367.25
710711.0
742258.9375
769739.5
792768.5
810835.375
824088.25
832521.625
836474.1875
835969.9375
831555.8125
823581.375
812658.5625
798898.25
783188.5
765754.0
746996.0625
727324.0625
707020.125
686301.1875
665698.5625
645092.4375
624820.875
604958.4375
585575.3125
566882.1875
548800.875
531308.375
514642.78125
498614.6875
483384.625
468864.53125
454960.4375
441792.6875
429296.8125
417374.84375
406032.25
395293.3125
385085.125
375391.4375
366133.53125
357372.15625
349037.59375
341115.5625
333571.15625
326329.3125
319533.25
312980.25
306698.09375
300744.65625
295035.15625
289558.96875
284350.875
279309.375
274521.84375
269915.78125
265463.09375
261210.828125
257084.296875
253149.546875
249339.8125
245692.03125
242167.0625
238746.4375
235429.84375
232246.90625
229175.453125
226164.21875
223270.90625
220456.046875
217850.09375
215133.09375
212568.328125
210102.59375
207674.03125
205335.09375
203059.953125
200826.34375
198654.515625
196547.828125
194481.4375
192470.0
190503.015625
188574.171875
186705.25
184898.796875
183095.21875
181355.8125
179638.5625
177964.640625
176344.0625
174736.625
173149.78125
171625.875
170120.546875
168697.890625
167225.109375
165839.59375
164436.546875
163096.5
161790.09375
160532.921875
159243.265625
157977.328125
156736.078125
155511.3125
154310.953125
153150.46875
151985.40625
150837.765625
149707.234375
148609.3125
147615.5
146506.515625
145476.921875
144466.28125
143479.75
142484.09375
141524.71875
140567.921875
139617.390625
138690.0
137765.390625
136865.078125
135948.015625
135077.484375
134199.140625
133343.65625
132482.625
131644.765625
130831.5703125
130015.8046875
129204.203125
128413.625
127626.0859375
126862.84375
126096.9296875
125350.1015625
124612.2890625
123872.375
123154.0
122434.171875
121736.0625
121042.7109375
120346.2890625
119666.734375
118996.078125
118338.8671875
117680.125
117037.2734375
116392.0390625
115755.6171875
115142.1796875
114523.65625
113912.4140625
113310.359375
112716.7421875
112122.828125
111539.8828125
110969.0703125
110401.3828125
109834.859375
109279.3515625
108723.375
108177.328125
107636.0859375
107102.328125
106573.1953125
106044.0390625
105523.15625
105008.734375
104496.4765625
103989.75
103491.90625
102991.765625
102499.5703125
102010.2578125
101534.8828125
101049.796875
100578.2734375
100102.515625
99638.4609375
99179.6484375
98727.15625
98275.6953125
97833.7890625
97390.796875
96951.1796875
96525.375
96095.1875
95671.2734375
95252.6484375
94836.078125
94422.734375
94019.875
93613.28125
93210.6875
92821.984375
92432.1875
92036.203125
91656.6015625
91266.5390625
90896.953125
90519.6796875
90149.015625
89784.9765625
89422.328125
89054.40625
88700.890625
88346.6640625
87994.4453125
87645.0625
87295.8515625
86955.8203125
86616.265625
86282.046875
85946.2890625
85618.7109375
85292.0078125
84963.90625
84642.328125
84322.6953125
84007.3203125
83690.0390625
83374.3984375
83065.640625
82761.9375
82453.140625
82160.328125
81858.671875
81563.5625
81267.859375
80978.25
80691.8359375
80401.84375
80112.296875
79835.921875
79553.7734375
79272.78125
78996.78125
78721.390625
78446.1875
78181.15625
77909.8359375
77647.5390625
77386.7890625
77121.1640625
76861.515625
76603.875
76345.2109375
76093.296875
75839.609375
75587.46875
75342.0546875
75085.8671875
74841.796875
74596.9765625
74353.34375
74112.34375
73879.9765625
73641.0859375
73407.3046875
73178.828125
72940.5703125
72711.6171875
72485.109375
72257.2734375
72034.96875
71805.0625
71581.125
71363.46875
71140.75
70919.2265625
70702.421875
70491.296875
70275.390625
70063.703125
69855.5234375
69647.109375
69439.0703125
69231.9921875
69027.65625
68825.0078125
68620.3203125
68415.7265625
68219.46875
68021.25
67819.3125
67624.8671875
67430.5546875
67240.6953125
67044.765625
66850.2421875
66662.328125
66477.0703125
66287.7890625
66100.9609375
65914.296875
65735.8046875
65547.5859375
65364.91015625
65188.6640625
65006.52734375
64830.7421875
64657.03125
64480.14453125
64303.296875
64129.33203125
63952.515625
63779.28125
63609.93359375
63440.66015625
63272.3671875
63101.5234375
62930.44921875
62764.72265625
62600.96484375
62435.12109375
62272.30078125
62106.03125
61944.41015625
61783.609375
61625.3828125
61464.15234375
61307.5625
61147.97265625
60992.98046875
60839.91796875
60685.05078125
60533.0078125
60378.65234375
60231.99609375
60080.25
59921.96875
59774.8203125
59641.2421875
59518.29296875
59361.55859375
59225.53125
59064.90625
58923.07421875
58766.7421875
58635.08984375
58485.109375
58340.41796875
58200.609375
58053.7734375
57917.69921875
57767.1328125
57634.62109375
57493.3671875
57357.87109375
57220.41015625
57082.0
56951.13671875
56817.109375
56685.0859375
56549.25
56418.765625
56284.9609375
56156.328125
56024.67578125
55896.78125
55767.9375
55640.6015625
55510.359375
55381.4453125
55257.6640625
55129.26953125
55006.83203125
54883.8125
54758.734375
54635.03515625
54511.2421875
54388.609375
54268.45703125
54146.8125
54027.1484375
53907.2421875
53789.671875
53669.8984375
53552.15625
53434.3828125
53320.5859375
53206.3671875
53090.5625
52974.453125
52862.71875
52751.7578125
52636.796875
52523.640625
52412.88671875
52302.96484375
52193.63671875
52085.3125
51974.921875
51866.62890625
51759.1171875
51654.91015625
51548.14453125
51442.12109375
51334.55859375
51233.6484375
51131.140625
51026.4765625
50923.8828125
50822.3984375
50720.81640625
50618.6171875
50517.2421875
50414.09375
50315.2109375
50213.734375
50112.8046875
50011.6875
49915.140625
49816.30859375
49717.3359375
49620.6875
49525.4140625
49427.859375
49330.3203125
49234.23828125
49139.921875
49040.8046875
48944.8828125
48850.36328125
48753.6640625
48661.078125
48564.59375
48474.07421875
48381.8359375
48286.83203125
48192.3984375
48098.81640625
48009.12109375
47922.0703125
47830.3359375
47738.19140625
47649.4921875
47559.640625
47470.17578125
47382.359375
47292.86328125
47202.375
47114.8828125
47027.68359375
46942.73046875
46856.4453125
46767.796875
46681.109375
46595.78125
46511.453125
46427.91015625
46343.78125
46258.62890625
46174.76171875
46092.8984375
46010.3515625
45927.7421875
45845.8828125
45765.0703125
45683.05859375
45603.4375
45521.66796875
45442.0234375
45362.671875
45283.9609375
45204.7890625
45126.12109375
45048.21875
44969.796875
44890.69140625
44812.59375
44734.671875
44659.6015625
44584.93359375
44506.046875
44430.98046875
44354.4765625
44279.7265625
44202.6171875
44126.0078125
44048.5859375
43973.5390625
43895.76953125
43822.3125
43748.875
43675.80078125
43602.6875
43532.015625
43459.3203125
43386.9296875
43311.51171875
43236.36328125
43162.7890625
43089.6640625
43022.71875
42953.203125
42882.96875
42811.25
42738.15234375
42667.890625
42598.3359375
42527.0859375
42455.96875
42383.53515625
42316.60546875
42251.3359375
42183.984375
42115.5
42049.8125
41981.24609375
41917.9296875
41852.71875
41787.3046875
41722.73046875
41656.3359375
41590.0625
41524.50390625
41461.546875
41402.828125
41341.83984375
41280.4375
41217.6640625
41152.8984375
41090.890625
41025.71875
40963.1796875
40901.5
40840.5
40779.015625
40716.2734375
40653.76953125
40591.046875
40529.7734375
40469.58203125
40409.96484375
40350.98046875
40290.69921875
40230.7578125
40173.05859375
40114.19140625
40056.5625
40000.3515625
39940.30078125
39884.23046875
39825.73828125
39767.54296875
39705.9375
39646.09765625
39587.4375
39529.4609375
39474.5078125
39416.984375
39359.375
39298.8828125
39243.19140625
39188.57421875
39133.2734375
39078.546875
39023.06640625
38966.73046875
38912.83203125
38860.59765625
38809.57421875
38761.203125
38710.0
38654.14453125
38593.4140625
38540.0
38487.8359375
38435.7109375
38382.47265625
38328.203125
38273.796875
38223.8046875
38170.796875
38120.375
38068.89453125
38017.515625
37966.9375
37916.45703125
37863.453125
37810.9765625
37759.12109375
37708.16796875
37659.1875
37610.375
37561.703125
37512.4609375
37463.4609375
37413.45703125
37366.015625
37318.16796875
37268.671875
37222.01171875
37175.8671875
37131.0625
37085.39453125
37035.97265625
36985.390625
36936.09375
36890.91796875
36848.1640625
36803.78515625
36757.23828125
36707.2578125
36657.75
36609.38671875
36566.70703125
36522.81640625
36478.44140625
36432.25390625
36383.796875
36335.5625
36287.734375
36244.5546875
36200.6484375
36158.6015625
36115.2578125
36069.734375
36021.80078125
35975.34375
35928.48046875
35883.453125
35839.015625
35797.2265625
35754.26953125
35711.25390625
35669.83203125
35626.859375
35584.06640625
35538.76171875
35497.2890625
35454.66015625
35412.8046875
35370.1171875
35327.9921875
35286.08203125
35244.265625
35202.01953125
35160.61328125
35121.8203125
35082.2421875
35041.5
35000.11328125
34958.4765625
34916.484375
34876.28515625
34835.5703125
34795.46484375
34754.6171875
34712.48046875
34673.265625
34632.859375
34594.56640625
34555.74609375
34518.03125
34477.2265625
34438.96875
34400.92578125
34362.0703125
34325.1875
34289.7109375
34252.4921875
34212.8125
34172.6640625
34133.796875
34095.83984375
34060.82421875
34024.4375
33989.43359375
33951.15234375
33914.59375
33876.859375
33841.234375
33803.56640625
33766.94921875
33729.05078125
33692.15625
33656.51171875
33621.8984375
33587.1953125
33551.875
33516.296875
33482.515625
33449.234375
33414.82421875
33382.6484375
33346.1875
33310.59375
33275.546875
33242.99609375
33214.5546875
33183.6328125
33148.6640625
33110.75
33078.92578125
33048.51171875
33009.34375
32975.109375
32947.859375
32915.66015625
32873.21875
32834.1171875
32807.1796875
32772.796875
32732.9375
32706.4921875
32676.671875
32641.7109375
32611.0546875
32576.39453125
32539.5546875
32510.380859375
32476.3359375
32445.50390625
32414.384765625
32379.248046875
32345.953125
32310.658203125
32276.669921875
32247.55859375
32215.408203125
32185.9296875
32152.98046875
32120.59375
32089.6484375
32058.26953125
32027.228515625
31997.59375
31966.33203125
31937.24609375
31905.05859375
31871.931640625
31838.13671875
31805.8125
31775.734375
31746.4375
31716.076171875
31686.431640625
31655.421875
31623.828125
31591.00390625
31559.755859375
31529.640625
31499.70703125
31471.830078125
31443.763671875
31415.685546875
31388.359375
31361.1328125
31333.11328125
31303.060546875
31273.546875
31241.05859375
31210.267578125
31179.203125
31151.91015625
31123.177734375
31096.70703125
31069.572265625
31042.646484375
31014.7265625
30985.251953125
30956.609375
30927.84375
30901.548828125
30874.7265625
30848.599609375
30821.82421875
30794.587890625
30767.470703125
30740.82421875
30713.6875
30687.990234375
30661.3984375
30635.9375
30609.962890625
30583.9140625
30558.2421875
30532.37890625
30506.09375
30478.388671875
30451.484375
30424.48046875
30398.609375
30374.53515625
30351.03125
30328.85546875
30306.72265625
30284.326171875
30260.8359375
30233.39453125
30206.322265625
30179.64453125
30154.712890625
30132.26953125
30110.5234375
30086.93359375
30059.77734375
30030.607421875
30002.41796875
29977.005859375
29951.228515625
29927.74609375
29903.3359375
29878.90234375
29856.048828125
29832.546875
29810.1875
29788.25390625
29765.1640625
29740.150390625
29714.1015625
29688.66015625
29661.689453125
29637.24609375
29610.859375
29585.73046875
29561.2578125
29538.640625
29517.3828125
29496.9453125
29476.30859375
29453.728515625
29428.283203125
29402.015625
29376.1875
29353.599609375
29328.78125
29306.19921875
29283.466796875
29258.876953125
29236.97265625
29214.2578125
29193.044921875
29171.537109375
29150.064453125
29127.53125
29105.5625
29084.458984375
29063.12890625
29041.80859375
29019.56640625
28996.8515625
28974.296875
28951.91796875
28930.27734375
28909.0546875
28887.9921875
28866.4453125
28842.78515625
28820.029296875
28796.51953125
28774.765625
28751.900390625
28729.197265625
28705.0859375
28682.529296875
28660.255859375
28639.84765625
28619.90234375
28600.25
28580.78515625
28561.072265625
28541.751953125
28522.716796875
28503.71875
28484.3203125
28465.90234375
28445.724609375
28426.80078125
28407.673828125
28388.203125
28369.513671875
28349.193359375
28328.671875
28306.19140625
28285.203125
28263.107421875
28241.5
28219.802734375
28199.115234375
28177.255859375
28158.392578125
28138.009765625
28121.1171875
28100.08984375
28078.806640625
28055.443359375
28032.919921875
28011.599609375
27992.93359375
27974.71875
27957.716796875
27939.044921875
27920.630859375
27898.59375
27877.4609375
27858.7421875
27841.29296875
27823.712890625
27805.228515625
27786.236328125
27766.609375
27746.328125
27726.28125
27707.173828125
27689.328125
27672.58984375
27658.400390625
27643.46484375
27627.65234375
27609.505859375
27591.38671875
27573.8203125
27558.392578125
27543.05859375
27522.10546875
27498.62890625
27475.244140625
27456.47265625
27440.8359375
27427.60546875
27410.6328125
27390.46484375
27369.2578125
27350.35546875
27335.3203125
27319.015625
27303.33203125
27282.609375
27262.744140625
27242.4375
27223.220703125
27204.576171875
27186.5625
27171.375
27155.5
27140.3828125
27122.662109375
27105.3984375
27088.44921875
27072.99609375
27057.8203125
27042.91796875
27028.26953125
27011.8828125
26999.5234375
26982.328125
26965.31640625
26945.234375
26925.0625
26906.6171875
26889.013671875
26873.29296875
26857.58203125
26841.3828125
26824.751953125
26808.466796875
26787.39453125
26766.49609375
26747.9609375
26731.5
26716.603515625
26702.150390625
26688.986328125
26670.76171875
26652.6015625
26634.86328125
26620.09375
26599.064453125
26579.515625
26546.99609375
26543.173828125
26535.68359375
26511.021484375
26510.529296875
26493.6953125
26480.12109375
26473.890625
26456.65625
26448.572265625
26437.09375
26423.123046875
26414.853515625
26401.927734375
26391.65625
26381.2421875
26367.86328125
26359.1015625
26348.59375
26335.18359375
26327.3125
26315.42578125
26303.234375
26294.7265625
26283.005859375
26271.8203125
26262.30078125
26249.419921875
26239.37109375
26229.482421875
26216.337890625
26206.48046875
26195.56640625
26183.9921875
26173.859375
26163.482421875
26153.24609375
26142.74609375
26131.33203125
26120.498046875
26110.548828125
26100.3046875
26089.55859375
26079.5390625
26068.40625
26058.45703125
26047.609375
26036.98828125
26027.29296875
26017.154296875
26006.7265625
25995.984375
25985.47265625
25974.896484375
25964.458984375
25954.3828125
25944.140625
25933.951171875
25923.5859375
25913.125
25903.91796875
25893.611328125
25882.68359375
25873.23046875
25863.234375
25852.099609375
25841.84765625
25832.474609375
25821.494140625
25811.884765625
25801.921875
25790.716796875
25782.017578125
25772.162109375
25760.623046875
25752.244140625
25743.91796875
25730.19140625
25724.962890625
25719.796875
25704.23828125
25698.8671875
25683.90625
25674.11328125
25664.1875
25650.31640625
25642.453125
25630.9140625
25620.6875
25612.04296875
25600.99609375
25591.1171875
25582.60546875
25570.58203125
25563.03515625
25554.947265625
25541.6796875
25537.125
25531.32421875
25516.625
25510.90234375
25493.97265625
25485.865234375
25475.60546875
25463.380859375
25454.48046875
25443.54296875
25433.6640625
25423.91015625
25413.8515625
25403.30078125
25393.70703125
25383.759765625
25374.30859375
25364.265625
25354.33984375
25344.60546875
25335.40625
25325.494140625
25315.67578125
25306.6015625
25296.404296875
25286.44140625
25276.71875
25267.416015625
25257.62109375
25247.0546875
25237.76171875
25228.083984375
25218.84375
25209.0390625
25199.423828125
25189.3359375
25180.134765625
25170.90625
25160.896484375
25151.0703125
25141.876953125
25131.93359375
25123.20703125
25113.03125
25104.05078125
25094.1875
25085.59375
25076.46875
25068.86328125
25059.337890625
25051.12109375
25038.63671875
25028.427734375
25020.115234375
25012.494140625
25007.92578125
24993.421875
24983.3515625
24975.75
24966.884765625
24958.140625
24946.482421875
24936.33203125
24928.0703125
24919.4453125
24911.1328125
24900.40234375
24890.78515625
24882.65234375
24874.36328125
24864.837890625
24854.56640625
24845.30078125
24836.41015625
24828.41796875
24819.37109375
24809.3671875
24800.60546875
24791.537109375
24782.9296875
24774.142578125
24765.015625
24755.9453125
24746.55078125
24738.140625
24729.29296875
24720.64453125
24711.986328125
24702.736328125
24694.1484375
24685.1796875
24676.74609375
24667.701171875
24659.341796875
24649.462890625
24641.216796875
24632.298828125
24622.888671875
24614.94140625
24606.45703125
24597.17578125
24588.478515625
24579.4921875
24570.8828125
24561.81640625
24553.15234375
24544.783203125
24536.08203125
24527.59375
24518.98828125
24510.361328125
24501.76171875
24493.54296875
24484.62890625
24476.6796875
24467.455078125
24458.509765625
24450.265625
24441.9609375
24433.119140625
24424.703125
24416.306640625
24407.625
24399.30859375
24390.72265625
24381.931640625
24373.345703125
24365.09375
24356.46484375
24347.744140625
24339.396484375
24331.12890625
24322.732421875
24313.947265625
24305.857421875
24297.44140625
24289.01953125
24280.345703125
24271.916015625
24263.23828125
24254.890625
24246.896484375
24238.912109375
24230.224609375
24222.404296875
24214.486328125
24206.12109375
24197.587890625
24189.05859375
24180.83203125
24172.40625
24164.00390625
24155.818359375
24147.44140625
24139.37890625
24130.921875
24123.3203125
24115.00390625
24107.048828125
24099.208984375
24090.52734375
24082.7890625
24074.205078125
24066.427734375
24058.27734375
24050.1875
24041.970703125
24034.326171875
24026.470703125
24018.306640625
24010.6953125
24002.88671875
23994.65234375
23987.03515625
23978.87890625
23970.97265625
23963.8203125
23955.181640625
23947.85546875
23940.099609375
23932.591796875
23924.63671875
23916.578125
23908.8828125
23900.640625
23893.078125
23884.79296875
23877.1328125
23869.61328125
23861.47265625
23854.23828125
23846.64453125
23838.41015625
23831.05078125
23823.4765625
23815.419921875
23807.734375
23800.048828125
23792.451171875
23785.125
23777.28125
23769.748046875
23762.546875
23754.34375
23746.638671875
23739.177734375
23731.166015625
23723.080078125
23716.03515625
23708.29296875
23700.44140625
23692.609375
23685.6640625
23677.736328125
23670.552734375
23663.33984375
23656.06640625
23648.716796875
23641.18359375
23633.640625
23625.49609375
23618.021484375
23610.423828125
23602.7890625
23595.1875
23587.97265625
23580.658203125
23573.365234375
23566.205078125
23558.98828125
23552.59765625
23544.75390625
23538.369140625
23531.166015625
23524.3671875
23517.123046875
23510.240234375
23502.8828125
23496.04296875
23488.66796875
23482.10546875
23475.310546875
23468.873046875
23461.896484375
23453.94140625
23446.708984375
23439.375
23432.458984375
23425.642578125
23419.07421875
23412.087890625
23404.89453125
23397.318359375
23390.32421875
23382.875
23375.890625
23368.51953125
23361.392578125
23354.4140625
23347.880859375
23340.421875
23333.162109375
23325.0546875
23317.42578125
23309.91796875
23303.80078125
23298.072265625
23293.09765625
23287.716796875
23277.291015625
23266.427734375
23258.52734375
23253.6328125
23247.2890625
23238.06640625
23229.91015625
23224.05078125
23217.98046875
23210.75390625
23202.76171875
23195.80078125
23189.525390625
23182.421875
23175.244140625
23168.591796875
23161.77734375
23154.716796875
23147.69140625
23141.544921875
23135.068359375
23128.126953125
23121.421875
23114.607421875
23107.6015625
23101.3828125
23094.71875
23087.630859375
23081.06640625
23074.16015625
23067.775390625
23060.607421875
23053.546875
23046.95703125
23040.783203125
23033.97265625
23027.357421875
23021.0390625
23015.0390625
23008.322265625
23001.734375
22995.490234375
22988.328125
22982.259765625
22975.67578125
22969.712890625
22963.48046875
22956.078125
22949.193359375
22942.140625
22936.40234375
22929.2421875
22923.13671875
22916.611328125
22909.53125
22903.537109375
22896.96484375
22890.787109375
22883.98828125
22877.80859375
22872.244140625
22865.873046875
22859.111328125
22852.56640625
22846.087890625
22839.9921875
22833.42578125
22826.98046875
22821.04296875
22814.93359375
22807.87109375
22801.416015625
22795.64453125
22789.41015625
22784.275390625
22779.31640625
22774.37109375
22770.26171875
22762.3125
22754.20703125
22744.4375
22736.4609375
22729.7734375
22724.26171875
22718.794921875
22711.330078125
22704.0
22696.546875
22690.11328125
22683.359375
22677.62890625
22671.646484375
22664.39453125
22657.447265625
22650.7890625
22644.638671875
22638.380859375
22632.798828125
22626.166015625
22620.0390625
22613.65625
22607.134765625
22601.177734375
22594.478515625
22588.375
22582.11328125
22575.65625
22569.87109375
22563.4296875
22557.466796875
22551.4453125
22545.6328125
22538.984375
22532.30078125
22525.421875
22518.572265625
22512.294921875
22505.52734375
22499.6796875
22493.50390625
22487.349609375
22482.056640625
22476.69921875
22471.345703125
22466.142578125
22459.982421875
22453.23828125
22446.57421875
22439.94140625
22434.26953125
22428.83203125
22423.662109375
22418.328125
22414.298828125
22408.70703125
22402.72265625
22394.171875
22387.078125
22380.369140625
22374.78125
22369.33984375
22363.21484375
22356.33984375
22350.31640625
22345.37109375
22342.30859375
22338.4140625
22332.5234375
22324.95703125
22317.337890625
22311.298828125
22306.51953125
22301.6875
22295.703125
22290.29296875
22283.421875
22277.1640625
22270.37890625
22264.662109375
22259.59375
22254.998046875
22250.48046875
22244.736328125
22237.44921875
22229.625
22222.703125
22216.1796875
22210.6640625
22205.228515625
22198.939453125
22192.25
22185.865234375
22181.052734375
22176.546875
22171.25
22165.240234375
22159.439453125
22151.9921875
22145.42578125
22139.94140625
22135.048828125
22130.009765625
22125.181640625
22119.84375
22114.68359375
22109.4375
22104.51953125
22099.6796875
22095.572265625
22090.6640625
22086.03515625
22080.51171875
22074.63671875
22066.15234375
22057.259765625
22047.572265625
22039.51953125
22032.43359375
22026.95703125
22022.98046875
22018.58984375
22012.65234375
22006.314453125
21999.255859375
21993.12109375
21986.76953125
21981.708984375
21975.69140625
21970.021484375
21962.60546875
21956.380859375
21949.1796875
21942.20703125
21935.755859375
21930.251953125
21925.158203125
21920.369140625
21915.013671875
21908.998046875
21902.59765625
21896.15234375
21889.751953125
21884.130859375
21878.912109375
21872.71875
21867.22265625
21861.767578125
21856.078125
21850.49609375
21845.046875
21841.17578125
21837.595703125
21833.36328125
21829.306640625
21823.99609375
21817.18359375
21809.99609375
21802.736328125
21796.40234375
21791.30859375
21786.955078125
21782.869140625
21778.841796875
21773.96875
21769.26953125
21763.48828125
21758.083984375
21751.818359375
21745.8046875
21740.078125
21735.5859375
21730.783203125
21726.1640625
21720.74609375
21714.37109375
21707.17578125
21700.69921875
21694.80078125
21688.93359375
21683.62890625
21679.189453125
21675.365234375
21671.638671875
21668.4765625
21664.51953125
21659.5859375
21653.5078125
21648.1953125
21642.8125
21638.5234375
21633.341796875
21628.6796875
21624.1875
21619.744140625
21614.80859375
21608.76171875
21602.2578125
21594.796875
21588.59765625
21583.69140625
21578.5
21574.017578125
21568.94140625
21562.953125
21556.45703125
21551.470703125
21547.26171875
21543.1796875
21538.5546875
21532.625
21525.2421875
21517.703125
21509.87109375
21503.94921875
21497.3984375
21492.359375
21486.7265625
21481.15625
21475.142578125
21469.3984375
21462.6953125
21457.02734375
21451.375
21445.95703125
21440.681640625
21435.857421875
21430.30859375
21425.013671875
21419.984375
21415.890625
21412.537109375
21411.0234375
21412.037109375
21409.43359375
21402.23046875
21395.09375
21388.94921875
21381.81640625
21377.43359375
21370.27734375
21364.92578125
21360.044921875
21352.2890625
21343.939453125
21338.71484375
21333.248046875
21326.81640625
21320.17578125
21313.904296875
21308.427734375
21303.796875
21300.3515625
21295.9140625
21291.146484375
21285.95703125
21282.857421875
21278.99609375
21274.16015625
21269.5546875
21265.142578125
21259.734375
21254.400390625
21248.41015625
21241.771484375
21235.0234375
21227.9375
21220.7421875
21214.453125
21208.458984375
21204.00390625
21200.0546875
21195.607421875
21191.2265625
21186.83203125
21182.14453125
21177.52734375
21173.30859375
21168.57421875
21164.056640625
21159.0234375
21153.27734375
21148.517578125
21143.775390625
21139.21484375
21135.34375
21130.86328125
21125.724609375
21120.625
21115.265625
21110.9375
21106.732421875
21103.984375
21101.833984375
21100.67578125
21098.341796875
21095.796875
21091.494140625
21084.421875
21076.796875
21068.45703125
21062.6875
21059.591796875
21056.603515625
21053.20703125
21047.421875
21038.986328125
21031.134765625
21024.66796875
21020.4609375
21017.248046875
21013.11328125
21008.60546875
21003.421875
20997.765625
20993.16796875
20989.39453125
20985.412109375
20980.6328125
20975.65234375
20970.18359375
20963.765625
20956.75390625
20949.921875
20943.37890625
20937.54296875
20932.34375
20928.220703125
20923.953125
20919.05078125
20914.474609375
20908.6328125
20902.611328125
20897.181640625
20891.978515625
20888.4609375
20884.9375
20881.90234375
20879.265625
20875.84765625
20871.7890625
20867.423828125
20861.5859375
20856.875
20851.42578125
20846.13671875
20840.3125
20835.197265625
20830.447265625
20826.5078125
20822.9921875
20819.26171875
20815.5703125
20810.892578125
20805.7578125
20801.205078125
20796.3125
20792.171875
20788.14453125
20784.111328125
20780.61328125
20777.22265625
20773.396484375
20769.869140625
20765.419921875
20761.2421875
20756.18359375
20751.16796875
20745.57421875
20740.486328125
20735.7109375
20730.6484375
20725.59765625
20720.73046875
20714.986328125
20709.04296875
20703.2421875
20698.1875
20694.25
20690.265625
20687.62109375
20684.068359375
20680.240234375
20676.44921875
20672.873046875
20669.38671875
20666.2734375
20663.484375
20660.453125
20657.091796875
20651.990234375
20646.5859375
20640.177734375
20632.88671875
20627.078125
20621.720703125
20616.828125
20612.052734375
20607.306640625
20602.263671875
20597.169921875
20592.47265625
20588.2578125
20584.26171875
20580.50390625
20576.666015625
20572.830078125
20568.998046875
20565.509765625
20562.05078125
20558.31640625
20555.19921875
20551.06640625
20546.916015625
20542.14453125
20537.06640625
20531.806640625
20526.861328125
20521.70703125
20518.41796875
20514.75
20511.1953125
20506.96875
20502.9140625
20497.912109375
20493.37109375
20488.87890625
20484.759765625
20480.37109375
20475.88671875
20471.27734375
20466.78515625
20463.09375
20459.8203125
20457.0546875
20454.189453125
20451.044921875
20447.7421875
20443.755859375
20439.44921875
20434.90625
20429.806640625
20424.31640625
20418.35546875
20412.96484375
20408.0546875
20403.94140625
20399.978515625
20395.984375
20391.271484375
20386.73046875
20381.708984375
20375.921875
20370.03515625
20363.87890625
20358.34765625
20353.54296875
20349.21875
20344.330078125
20338.6171875
20332.74609375
20326.849609375
20321.87890625
20317.455078125
20313.58984375
20310.640625
20307.14453125
20303.6875
20299.875
20296.23046875
20292.5859375
20289.626953125
20285.60546875
20281.611328125
20277.45703125
20273.40234375
20270.14453125
20266.8984375
20263.109375
20258.546875
20253.29296875
20248.458984375
20243.40234375
20239.625
20236.265625
20233.87890625
20230.263671875
20227.35546875
20223.55859375
20220.15234375
20216.275390625
20213.109375
20210.421875
20207.486328125
20204.125
20199.93359375
20194.859375
20188.90625
20182.90234375
20177.34375
20172.271484375
20167.978515625
20164.26953125
20160.76171875
20156.775390625
20152.03515625
20147.650390625
20143.341796875
20139.689453125
20136.390625
20133.3359375
20130.41015625
20126.76953125
20122.58984375
20117.919921875
20114.052734375
20110.3828125
20107.689453125
20104.529296875
20101.890625
20097.77734375
20093.703125
20088.42578125
20082.052734375
20075.55078125
20069.390625
20064.666015625
20060.97265625
20058.25
20054.873046875
20051.3671875
20046.521484375
20042.220703125
20038.28125
20034.96484375
20031.978515625
20028.462890625
20024.5078125
20020.82421875
20016.9609375
20013.984375
20010.58984375
20006.58203125
20001.9609375
19996.546875
19991.5703125
19987.2109375
19983.83203125
19981.421875
19978.521484375
19975.140625
19971.37890625
19967.287109375
19962.7734375
19958.73046875
19954.453125
19950.7421875
19947.517578125
19944.126953125
19940.240234375
19936.30078125
19931.861328125
19928.12109375
19924.58984375
19921.05078125
19918.1484375
19916.4609375
19915.087890625
19913.75390625
19911.9609375
19908.78125
19904.169921875
19898.13671875
19892.75
19888.05859375
19884.41015625
19881.14453125
19878.125
19874.62109375
19869.9765625
19864.849609375
19860.564453125
19857.0703125
19853.85546875
19850.875
19847.6953125
19844.16796875
19840.25
19836.984375
19834.24609375
19831.173828125
19827.83984375
19823.70703125
19819.0
19813.7109375
19807.728515625
19802.74609375
19797.98828125
19793.623046875
19789.61328125
19785.994140625
19782.33984375
19779.171875
19776.0234375
19773.275390625
19770.0
19766.2578125
19761.7578125
19756.78125
19751.7578125
19746.8984375
19742.984375
19739.46875
19736.41015625
19732.7421875
19728.982421875
19725.197265625
19721.0390625
19717.521484375
19714.7109375
19712.5859375
19711.123046875
19709.439453125
19707.685546875
19704.7265625
19700.7890625
19696.578125
19691.62890625
19686.53515625
19681.859375
19677.78125
19674.953125
19672.64453125
19670.4609375
19668.849609375
19667.46875
19666.453125
19665.34375
19664.27734375
19662.5390625
19659.013671875
19654.619140625
19649.232421875
19643.37890625
19637.9609375
19633.306640625
19629.0234375
19625.43359375
19622.15234375
19619.12109375
19615.576171875
19612.05078125
19608.904296875
19606.705078125
19604.70703125
19604.0234375
19602.54296875
19601.90625
19599.3515625
19596.314453125
19591.568359375
19586.06640625
19580.078125
19573.62109375
19568.15234375
19562.66015625
19557.08984375
19552.373046875
19548.73828125
19545.6328125
19543.833984375
19541.6875
19539.369140625
19536.19921875
19532.82421875
19528.31640625
19523.685546875
19518.462890625
19513.26953125
19507.91015625
19502.9765625
19498.66015625
19494.927734375
19491.048828125
19487.048828125
19482.6484375
19478.6953125
19474.556640625
19470.93359375
19467.837890625
19464.955078125
19461.5859375
19458.666015625
19455.33203125
19451.837890625
19448.77734375
19446.08984375
19443.24609375
19441.447265625
19439.45703125
19438.34765625
19436.42578125
19434.658203125
19432.07421875
19429.6328125
19426.05859375
19423.15234375
19419.2578125
19415.12109375
19410.953125
19407.36328125
19403.95703125
19401.31640625
19397.892578125
19395.244140625
19392.068359375
19389.32421875
19386.33203125
19383.392578125
19380.091796875
19376.8125
19373.091796875
19369.34765625
19365.703125
19362.26171875
19359.396484375
19356.26171875
19353.8125
19351.78125
19349.9609375
19348.828125
19347.341796875
19345.583984375
19343.443359375
19340.609375
19337.328125
19333.46875
19329.666015625
19324.642578125
19319.958984375
19314.72265625
19309.625
19304.78125
19301.453125
19298.455078125
19296.2578125
19294.46875
19292.30859375
19289.73046875
19286.61328125
19282.712890625
19277.794921875
19272.7734375
19267.115234375
19262.138671875
19257.0625
19252.501953125
19248.375
19244.87109375
19241.470703125
19238.416015625
19234.931640625
19231.5546875
19228.734375
19225.3125
19222.6953125
19219.994140625
19217.62890625
19214.3671875
19211.5625
19208.013671875
19204.947265625
19202.00390625
19199.8984375
19197.0859375
19194.25390625
19190.505859375
19186.74609375
19183.3203125
19180.310546875
19178.326171875
19176.7265625
19174.775390625
19172.796875
19169.580078125
19165.814453125
19162.26171875
19158.177734375
19154.564453125
19151.25390625
19148.39453125
19145.47265625
19142.33203125
19138.513671875
19134.828125
19130.91015625
19127.34375
19123.662109375
19120.509765625
19118.458984375
19116.869140625
19115.23046875
19113.783203125
19112.21875
19110.39453125
19107.564453125
19104.876953125
19102.392578125
19099.873046875
19098.21484375
19097.275390625
19096.11328125
19095.04296875
19093.236328125
19090.947265625
19087.5703125
19083.494140625
19079.31640625
19074.548828125
19069.71484375
19064.779296875
19060.318359375
19056.4296875
19053.4609375
19050.6484375
19048.10546875
19045.373046875
19042.173828125
19038.892578125
19035.021484375
19031.48828125
19027.74609375
19025.349609375
19023.0078125
19021.07421875
19018.56640625
19015.583984375
19011.42578125
19006.33203125
19000.390625
18994.439453125
18988.833984375
18983.7265625
18979.953125
18977.0234375
18974.205078125
18971.8046875
18968.935546875
18965.09375
18960.83984375
18957.052734375
18953.5390625
18950.287109375
18947.228515625
18944.69921875
18942.009765625
18939.298828125
18936.384765625
18932.947265625
18929.65625
18926.32421875
18923.060546875
18920.146484375
18918.26953125
18916.4375
18915.4453125
18914.42578125
18913.98046875
18913.720703125
18913.251953125
18913.07421875
18911.5390625
18909.68359375
18907.1171875
18903.5546875
18899.30859375
18894.75390625
18889.376953125
18884.611328125
18880.5
18877.046875
18874.365234375
18871.62109375
18869.12890625
18865.72265625
18862.369140625
18858.25390625
18853.98828125
18850.634765625
18847.3984375
18844.314453125
18842.08984375
18839.876953125
18837.9765625
18835.88671875
18833.8125
18831.53515625
18829.748046875
18828.046875
18826.873046875
18826.1953125
18825.076171875
18823.68359375
18821.841796875
18818.56640625
18815.173828125
18811.283203125
18807.5078125
18802.5546875
18797.2265625
18791.140625
18785.5625
18780.640625
18777.23828125
18774.078125
18771.44921875
18768.1953125
18764.458984375
18760.5390625
18756.47265625
18753.283203125
18750.431640625
18748.48828125
18745.88671875
18743.1953125
18740.0390625
18736.58984375
18732.962890625
18729.111328125
18725.6953125
18721.98046875
18718.65234375
18715.85546875
18713.1328125
18710.90625
18708.552734375
18706.30859375
18704.0859375
18702.06640625
18699.703125
18697.97265625
18696.11328125
18693.67578125
18690.697265625
18687.5859375
18683.9453125
18680.80078125
18677.87109375
18675.4375
18674.06640625
18672.841796875
18671.859375
18670.69140625
18668.98828125
18666.75390625
18664.01171875
18661.287109375
18658.013671875
18654.9453125
18652.234375
18649.9375
18647.607421875
18645.107421875
18641.46484375
18637.140625
18631.83203125
18626.154296875
18620.953125
18616.2421875
18611.69921875
18608.03515625
18603.97265625
18600.380859375
18597.0
18594.39453125
18591.740234375
18588.9296875
18586.40234375
18583.740234375
18581.09375
18579.078125
18577.740234375
18576.90234375
18575.6875
18574.541015625
18572.69921875
18570.34765625
18566.955078125
18564.744140625
18562.48828125
18561.51953125
18560.6796875
18559.953125
18558.48828125
18556.5
18553.982421875
18551.9765625
18549.681640625
18546.6015625
18541.939453125
18536.9296875
18531.853515625
18527.888671875
18525.8671875
18524.421875
18522.62890625
18519.859375
18516.46875
18512.775390625
18509.814453125
18507.49609375
18505.8828125
18504.900390625
18503.591796875
18501.56640625
18498.30859375
18493.87890625
18489.359375
18484.373046875
18481.04296875
18478.50390625
18477.03125
18475.94921875
18474.103515625
18470.76953125
18466.53125
18461.65625
18456.65234375
18453.216796875
18450.171875
18447.1171875
18443.271484375
18439.2109375
18435.00390625
18431.251953125
18427.796875
18424.53125
18421.017578125
18417.45703125
18413.34765625
18409.640625
18405.89453125
18402.310546875
18398.46875
18394.828125
18390.96875
18387.5703125
18384.462890625
18382.224609375
18379.87890625
18377.806640625
18375.78515625
18373.984375
18371.900390625
18370.265625
18368.81640625
18367.46484375
18366.51171875
18365.705078125
18365.041015625
18364.400390625
18363.19921875
18362.404296875
18360.9609375
18359.3125
18357.453125
18355.189453125
18352.94140625
18350.80859375
18348.640625
18346.994140625
18345.595703125
18345.44921875
18345.345703125
18345.736328125
18343.9375
18340.18359375
18332.671875
18325.236328125
18318.734375
18315.05078125
18313.10546875
18311.876953125
18309.46875
18305.76953125
18301.0703125
18296.810546875
18292.8671875
18289.6875
18286.80078125
18283.6953125
18280.5546875
18277.712890625
18275.234375
18273.55078125
18272.421875
18270.984375
18269.7734375
18268.19140625
18266.080078125
18263.33203125
18260.146484375
18256.896484375
18254.015625
18251.01953125
18248.900390625
18246.15234375
18243.751953125
18240.4921875
18237.642578125
18234.9375
18233.283203125
18231.96875
18231.552734375
18231.25390625
18230.65234375
18230.228515625
18229.58984375
18228.3125
18226.130859375
18223.279296875
18219.87890625
18215.630859375
18210.447265625
18204.9765625
18200.279296875
18195.84765625
18192.47265625
18189.39453125
18186.26953125
18182.51171875
18178.37109375
18174.0859375
18169.275390625
18165.03125
18161.634765625
18158.333984375
18155.908203125
18152.85546875
18150.060546875
18146.595703125
18143.376953125
18140.421875
18137.810546875
18135.330078125
18133.20703125
18131.0625
18128.740234375
18126.1171875
18123.7109375
18120.8203125
18118.208984375
18116.1171875
18114.462890625
18113.18359375
18112.607421875
18112.55078125
18112.47265625
18112.603515625
18112.421875
18111.46484375
18110.203125
18108.154296875
18106.703125
18104.3828125
18103.0234375
18101.84765625
18102.37890625
18101.625
18101.08984375
18097.0546875
18092.263671875
18087.69921875
18085.384765625
18084.265625
18084.21484375
18084.11328125
18082.515625
18080.3671875
18077.28515625
18074.181640625
18071.11328125
18067.123046875
18062.81640625
18059.408203125
18055.919921875
18053.498046875
18051.07421875
18050.06640625
18048.84765625
18047.998046875
18045.59765625
18041.75
18036.16015625
18030.505859375
18025.109375
18021.294921875
18018.333984375
18016.568359375
18014.2109375
18011.73046875
18008.294921875
18004.68359375
18000.71484375
17997.125
17994.0703125
17992.509765625
17990.759765625
17989.556640625
17984.9921875
17978.916015625
17971.599609375
17967.28515625
17965.24609375
17963.66796875
17960.17578125
17955.73046875
17951.74609375
17949.75390625
17948.15625
17946.41796875
17943.3203125
17941.11328125
17939.37109375
17938.517578125
17936.755859375
17934.478515625
17932.03515625
17930.544921875
17928.2421875
17926.0703125
17922.84375
17919.54296875
17915.58984375
17912.21875
17908.85546875
17905.92578125
17902.80078125
17900.39453125
17897.78125
17896.54296875
17895.365234375
17896.431640625
17896.53125
17899.24609375
17899.85546875
17901.05859375
17898.1015625
17893.68359375
17886.33203125
17880.142578125
17875.744140625
17874.380859375
17874.748046875
17876.12109375
17876.33203125
17877.0625
17875.484375
17874.197265625
17871.8671875
17868.6796875
17862.58984375
17855.26953125
17846.158203125
17838.2734375
17832.3984375
17829.732421875
17828.7578125
17827.80078125
17826.3125
17823.37109375
17820.78515625
17816.169921875
17814.763671875
17808.84765625
17804.78515625
17802.46484375
17801.138671875
17800.048828125
17795.775390625
17789.81640625
17784.705078125
17780.205078125
17776.8359375
17773.9140625
17772.0234375
17769.19140625
17767.826171875
17765.8125
17763.52734375
17760.455078125
17757.66015625
17755.9609375
17753.125
17750.94140625
17749.455078125
17747.33203125
17745.146484375
17742.755859375
17740.146484375
17737.205078125
17734.87109375
17733.67578125
17735.400390625
17738.8828125
17743.9296875
17739.75390625
17734.009765625
17732.8359375
17725.2734375
17718.521484375
17719.45703125
17720.3671875
17715.42578125
17705.185546875
17706.61328125
17709.10546875
17702.31640625
17700.447265625
17703.5625
17698.40234375
17696.1953125
17696.130859375
17690.80078125
17687.58984375
17689.26171875
17684.732421875
17682.1796875
17682.68359375
17681.640625
17679.5546875
17678.03515625
17676.015625
17672.05859375
17667.8359375
17664.453125
17659.53515625
17655.62109375
17652.96875
17650.388671875
17647.369140625
17645.015625
17642.669921875
17639.375
17636.35546875
17633.59765625
17630.1484375
17627.513671875
17625.12890625
17623.24609375
17621.359375
17619.91015625
17617.765625
17614.875
17611.09375
17606.9296875
17601.96875
17597.44921875
17593.3828125
17590.37109375
17588.5078125
17587.05859375
17585.978515625
17584.138671875
17581.998046875
17578.8125
17575.33984375
17570.953125
17568.0703125
17565.93359375
17564.091796875
17561.552734375
17558.740234375
17555.720703125
17553.314453125
17551.3359375
17549.5625
17547.171875
17545.36328125
17543.916015625
17543.732421875
17543.666015625
17543.859375
17543.0546875
17541.841796875
17539.37890625
17536.474609375
17532.654296875
17529.296875
17525.974609375
17523.646484375
17521.55078125
17520.04296875
17518.255859375
17516.552734375
17514.8984375
17513.91796875
17513.45703125
17513.953125
17514.77734375
17516.859375
17517.033203125
17515.408203125
17510.244140625
17505.1484375
17501.63671875
17499.177734375
17496.671875
17494.076171875
17491.26953125
17487.103515625
17482.619140625
17479.40234375
17477.046875
17476.16015625
17474.234375
17473.060546875
17472.3046875
17471.4375
17470.275390625
17467.958984375
17465.42578125
17462.6796875
17459.7109375
17456.9609375
17454.201171875
17451.14453125
17447.580078125
17444.189453125
17440.828125
17437.69921875
17434.330078125
17431.2578125
17428.416015625
17425.81640625
17423.125
17420.76953125
17417.609375
17414.8359375
17412.26953125
17409.78125
17408.146484375
17406.990234375
17405.60546875
17404.341796875
17402.7890625
17400.6953125
17397.60546875
17394.62890625
17391.328125
17388.630859375
17386.08984375
17383.9609375
17382.09765625
17380.8046875
17379.55859375
17378.787109375
17378.3515625
17378.111328125
17378.17578125
17378.53125
17379.314453125
17380.45703125
17380.595703125
17379.98046875
17378.10546875
17375.21484375
17372.2578125
17369.91796875
17367.796875
17365.33984375
17362.505859375
17359.357421875
17355.8203125
17353.05078125
17351.4609375
17350.44921875
17349.517578125
17348.029296875
17346.3203125
17343.71875
17341.3828125
17339.017578125
17337.251953125
17335.6015625
17333.77734375
17331.98828125
17329.392578125
17326.439453125
17323.361328125
17320.26171875
17317.1484375
17313.94140625
17310.515625
17307.236328125
17304.2109375
17301.71484375
17300.001953125
17298.66796875
17297.703125
17295.98046875
17294.001953125
17291.9140625
17289.900390625
17288.7578125
17287.66796875
17286.837890625
17285.306640625
17283.322265625
17280.626953125
17278.58203125
17277.359375
17277.837890625
17278.98828125
17280.90625
17281.94921875
17281.51953125
17279.84765625
17276.49609375
17272.51171875
17268.419921875
17264.529296875
17262.05859375
17260.3359375
17259.9921875
17259.134765625
17257.361328125
17254.23828125
17250.083984375
17246.05859375
17242.34765625
17239.91796875
17237.4453125
17235.13671875
17232.970703125
17230.677734375
17228.52734375
17226.8515625
17225.4765625
17223.83203125
17222.8125
17221.67578125
17220.578125
17219.39453125
17218.083984375
17216.642578125
17215.234375
17213.517578125
17212.23828125
17209.978515625
17207.810546875
17204.412109375
17200.64453125
17196.119140625
17192.287109375
17189.0390625
17186.876953125
17185.7421875
17185.17578125
17184.392578125
17183.830078125
17182.634765625
17181.19140625
17179.4375
17177.2265625
17174.408203125
17171.244140625
17167.572265625
17163.685546875
17159.78515625
17156.501953125
17153.314453125
17150.638671875
17148.16796875
17145.5
17142.873046875
17140.71875
17138.599609375
17137.2734375
17136.0078125
17135.09765625
17134.47265625
17133.880859375
17133.41796875
17133.130859375
17132.130859375
17130.830078125
17129.1484375
17126.947265625
17124.3359375
17122.265625
17120.0625
17118.587890625
17117.142578125
17116.134765625
17115.2734375
17114.5078125
17114.029296875
17113.6484375
17112.94921875
17111.41015625
17109.20703125
17106.6015625
17104.158203125
17101.62890625
17099.9140625
17098.38671875
17096.37890625
17094.65234375
17093.4140625
17092.693359375
17092.30859375
17092.126953125
17091.5625
17090.20703125
17088.44140625
17086.53515625
17084.09765625
17081.98046875
17079.80859375
17077.91015625
17075.75
17074.193359375
17072.04296875
17070.15234375
17067.818359375
17065.16796875
17062.306640625
17059.91796875
17058.05859375
17056.3828125
17054.3515625
17051.873046875
17049.005859375
17046.48046875
17043.958984375
17041.52734375
17038.857421875
17036.0859375
17033.4453125
17030.94921875
17028.65625
17027.328125
17025.921875
17024.8359375
17023.8046875
17022.71484375
17021.01171875
17019.314453125
17017.412109375
17015.2578125
17013.57421875
17012.66015625
17011.890625
17010.51953125
17008.3125
17005.23828125
17001.572265625
16998.26171875
16995.1796875
16992.349609375
16989.26953125
16985.9765625
16982.689453125
16979.853515625
16978.2890625
16977.03125
16976.470703125
16975.685546875
16974.83984375
16972.8125
16970.4609375
16967.65234375
16964.990234375
16963.15625
16961.755859375
16961.23046875
16960.81640625
16960.94921875
16961.078125
16961.625
16962.6640625
16963.671875
16964.90625
16965.99609375
16967.052734375
16967.328125
16967.71875
16967.30078125
16966.548828125
16964.59765625
16962.53515625
16959.5
16956.26953125
16952.34375
16948.353515625
16944.296875
16940.244140625
16936.8515625
16933.748046875
16931.27734375
16929.8203125
16928.92578125
16928.3046875
16927.982421875
16927.4375
16926.357421875
16924.255859375
16921.630859375
16918.51953125
16915.3203125
16912.50390625
16910.0234375
16907.169921875
16904.58984375
16900.546875
16896.41796875
16891.9140625
16888.1875
16885.2890625
16883.076171875
16881.16796875
16879.4140625
16877.4921875
16875.5703125
16873.537109375
16871.701171875
16869.765625
16867.546875
16864.99609375
16861.966796875
16858.654296875
16855.23046875
16851.9765625
16849.23828125
16847.392578125
16845.2421875
16843.73046875
16841.98046875
16840.216796875
16838.30078125
16836.826171875
16835.69140625
16834.669921875
16833.896484375
16833.28125
16833.26171875
16833.173828125
16833.5078125
16833.6171875
16834.140625
16834.513671875
16835.072265625
16835.59375
16836.46484375
16837.53125
16837.84765625
16837.703125
16836.70703125
16835.068359375
16833.04296875
16831.10546875
16829.646484375
16828.412109375
16827.279296875
16826.33984375
16824.275390625
16821.34375
16817.16796875
16812.212890625
16807.185546875
16802.884765625
16800.330078125
16798.52734375
16797.78515625
16796.73046875
16795.6796875
16793.53515625
16791.197265625
16787.89453125
16784.294921875
16780.1796875
16776.591796875
16773.357421875
16771.09375
16769.28125
16767.259765625
16765.34765625
16763.220703125
16761.54296875
16760.0703125
16759.109375
16758.708984375
16758.35546875
16757.84765625
16757.279296875
16756.4140625
16755.55859375
16754.64453125
16753.609375
16752.447265625
16750.75390625
16749.0703125
16747.205078125
16745.228515625
16743.4375
16742.1171875
16740.796875
16740.3515625
16739.890625
16739.4140625
16737.892578125
16736.4140625
16733.552734375
16730.765625
16727.98828125
16726.19140625
16724.986328125
16724.673828125
16724.3046875
16724.17578125
16722.96875
16721.591796875
16719.099609375
16717.06640625
16714.828125
16713.73046875
16712.892578125
16712.28125
16711.44921875
16710.265625
16708.48046875
16705.8515625
16702.9296875
16700.111328125
16697.33984375
16694.8828125
16692.33984375
16690.095703125
16688.12109375
16685.99609375
16683.8359375
16681.341796875
16678.388671875
16674.9921875
16671.48828125
16668.37109375
16665.591796875
16663.703125
16662.2265625
16661.412109375
16660.59375
16660.041015625
16658.71484375
16657.388671875
16655.77734375
16654.5234375
16653.048828125
16651.515625
16649.8359375
16646.859375
16643.89453125
16640.71484375
16638.189453125
16636.0859375
16634.76171875
16633.609375
16633.32421875
16633.1015625
16633.201171875
16633.26171875
16633.423828125
16632.97265625
16632.46484375
16631.876953125
16631.310546875
16630.06640625
16628.8828125
16627.083984375
16624.33203125
16621.208984375
16617.12109375
16613.6953125
16610.775390625
16608.7578125
16607.31640625
16606.35546875
16605.578125
16605.08203125
16604.4296875
16604.443359375
16604.076171875
16604.484375
16604.08203125
16603.826171875
16601.9609375
16598.763671875
16594.13671875
16588.4453125
16582.638671875
16577.296875
16572.984375
16570.396484375
16568.44921875
16567.404296875
16566.890625
16566.552734375
16566.6328125
16566.60546875
16566.6640625
16566.478515625
16566.052734375
16565.234375
16563.9609375
16562.25390625
16560.36328125
16558.69921875
16557.091796875
16556.458984375
16556.328125
16556.8203125
16557.771484375
16558.7421875
16559.578125
16560.5625
16560.5859375
16559.69140625
16557.546875
16554.21875
16549.75
16545.1328125
16540.51953125
16536.421875
16533.234375
16530.6953125
16528.408203125
16526.267578125
16523.734375
16521.296875
16518.701171875
16516.7734375
16515.01953125
16513.900390625
16513.0
16511.69921875
16509.8125
16507.2578125
16504.671875
16502.49609375
16501.193359375
16500.7265625
16500.978515625
16501.02734375
16500.5703125
16498.990234375
16495.97265625
16492.2265625
16487.966796875
16484.5859375
16482.5703125
16482.072265625
16482.431640625
16483.16796875
16484.1484375
16485.171875
16485.626953125
16486.2890625
16486.22265625
16485.23046875
16483.12890625
16480.673828125
16477.533203125
16474.9765625
16472.32421875
16469.65234375
16467.044921875
16464.5546875
16461.943359375
16459.384765625
16457.611328125
16456.40625
16455.552734375
16455.513671875
16455.390625
16455.08984375
16454.4140625
16452.90234375
16450.12109375
16446.28515625
16442.2265625
16438.6953125
16436.546875
16435.84765625
16436.01953125
16435.751953125
16434.98828125
16432.927734375
16429.91796875
16426.177734375
16422.48828125
16419.44140625
16416.958984375
16415.177734375
16413.5625
16412.66796875
16411.7421875
16410.69921875
16409.890625
16409.1875
16408.607421875
16408.474609375
16408.953125
16409.162109375
16409.49609375
16409.2734375
16409.6328125
16409.974609375
16410.75
16412.083984375
16413.548828125
16414.01953125
16413.2265625
16410.92578125
16407.015625
16403.001953125
16399.2265625
16396.515625
16394.66796875
16393.44921875
16391.8828125
16389.32421875
16385.33203125
16380.228515625
16375.125
16371.337890625
16368.673828125
16367.0771484375
16365.9755859375
16364.4775390625
16362.5185546875
16360.0595703125
16357.25
16355.0078125
16352.865234375
16351.2197265625
16349.056640625
16346.78125
16343.8291015625
16341.1806640625
16338.2578125
16336.0224609375
16334.0703125
16332.3076171875
16330.8994140625
16329.80078125
16328.958984375
16328.908203125
16329.48828125
16330.28125
16331.2734375
16331.9482421875
16332.11328125
16331.9619140625
16331.859375
16331.4482421875
16331.60546875
16331.947265625
16332.78515625
16333.388671875
16332.927734375
16330.474609375
16326.48828125
16321.158203125
16315.869140625
16311.3291015625
16308.06640625
16306.47265625
16305.318359375
16305.091796875
16304.8447265625
16304.8125
16304.4658203125
16304.0341796875
16303.3408203125
16302.09375
16300.646484375
16299.7734375
16299.0712890625
16299.4658203125
16299.9130859375
16300.4658203125
16300.298828125
16298.6923828125
16294.779296875
16289.53515625
16282.8798828125
16277.1826171875
16273.287109375
16271.4453125
16270.595703125
16269.697265625
16268.3564453125
16265.962890625
16263.1015625
16260.236328125
16257.982421875
16256.052734375
16254.794921875
16253.59765625
16252.59765625
16251.4150390625
16250.400390625
16249.7001953125
16249.1533203125
16248.9814453125
16249.224609375
16249.65234375
16250.33203125
16250.712890625
16250.4658203125
16249.46484375
16247.654296875
16244.796875
16241.7685546875
16239.125
16237.318359375
16235.830078125
16234.46484375
16232.3818359375
16229.3212890625
16225.2021484375
16220.765625
16216.458984375
16212.7734375
16209.8671875
16207.587890625
16205.69140625
16204.0263671875
16202.8994140625
16201.75
16200.837890625
16200.111328125
16199.330078125
16198.3828125
16197.11328125
16196.4150390625
16195.3984375
16195.103515625
16194.73828125
16195.0185546875
16195.103515625
16195.1396484375
16194.9267578125
16195.076171875
16195.3603515625
16197.013671875
16199.814453125
16204.1396484375
16208.806640625
16213.4580078125
16216.974609375
16218.404296875
16217.451171875
16214.4892578125
16209.068359375
16202.3974609375
16194.6240234375
16187.099609375
16180.4912109375
16175.109375
16170.9052734375
16168.2998046875
16166.4423828125
16165.6572265625
16164.5673828125
16162.9892578125
16160.552734375
16157.4990234375
16154.380859375
16151.765625
16149.4619140625
16147.5625
16145.1708984375
16142.0673828125
16138.3056640625
16134.6533203125
16131.1259765625
16128.7529296875
16126.6025390625
16125.62109375
16124.5126953125
16124.22265625
16123.1494140625
16122.080078125
16120.1904296875
16118.3388671875
16116.0458984375
16114.173828125
16112.40234375
16111.837890625
16111.44140625
16112.0234375
16112.3740234375
16113.197265625
16113.59765625
16114.16796875
16114.306640625
16114.357421875
16113.9208984375
16112.92578125
16110.8876953125
16108.7802734375
16105.83984375
16103.0166015625
16099.87109375
16097.3271484375
16094.6494140625
16092.279296875
16090.03515625
16087.935546875
16086.041015625
16084.419921875
16082.83203125
16081.650390625
16080.169921875
16078.6669921875
16077.177734375
16075.7265625
16073.982421875
16072.455078125
16071.193359375
16070.064453125
16069.224609375
16068.53125
16067.892578125
16067.6474609375
16067.2158203125
16067.173828125
16066.7646484375
16066.486328125
16066.74609375
16066.54296875
16067.03515625
16067.6044921875
16068.51171875
16069.05859375
16069.2548828125
16068.12890625
16065.5078125
16061.60546875
16057.673828125
16054.306640625
16052.3671875
16051.4345703125
16050.974609375
16050.568359375
16049.65625
16048.50390625
16047.08984375
16046.314453125
16046.2255859375
16047.3671875
16048.767578125
16049.62109375
16049.474609375
16047.6767578125
16044.79296875
16041.1533203125
16038.0390625
16035.123046875
16032.578125
16029.5224609375
16025.947265625
16022.1689453125
16019.080078125
16016.6689453125
16015.0859375
16013.9423828125
16012.95703125
16011.35546875
16009.486328125
16006.623046875
16003.720703125
16000.298828125
15997.7099609375
15995.1552734375
15993.220703125
15990.9384765625
15989.1513671875
15986.310546875
15983.447265625
15980.23828125
15978.087890625
15976.490234375
15976.076171875
15975.935546875
15975.857421875
15975.2265625
15973.947265625
15971.798828125
15969.330078125
15966.7646484375
15964.8662109375
15963.4951171875
15963.009765625
15962.765625
15962.7744140625
15962.802734375
15963.2275390625
15963.576171875
15964.20703125
15964.5966796875
15965.578125
15965.98828125
15966.80859375
15966.833984375
15966.9052734375
15966.28125
15965.0712890625
15962.845703125
15960.255859375
15957.65234375
15955.095703125
15952.259765625
15949.759765625
15947.5947265625
15946.109375
15945.150390625
15944.4921875
15943.861328125
15943.107421875
15941.822265625
15940.435546875
15938.943359375
15937.865234375
15937.275390625
15936.7783203125
15935.861328125
15934.060546875
15931.84375
15929.125
15926.404296875
15924.2470703125
15922.19921875
15920.158203125
15918.224609375
15916.046875
15914.15234375
15912.56640625
15911.0703125
15909.728515625
15908.4921875
15906.609375
15904.26953125
15901.599609375
15898.58203125
15895.775390625
15893.9794921875
15892.8349609375
15893.078125
15893.46484375
15894.052734375
15894.134765625
15894.45703125
15893.5927734375
15893.341796875
15892.68359375
15892.212890625
15891.0869140625
15890.3583984375
15889.201171875
15888.525390625
15888.958984375
15889.7978515625
15890.154296875
15889.48046875
15887.591796875
15885.0419921875
15882.5166015625
15881.6005859375
15880.86328125
15880.66015625
15879.537109375
15877.958984375
15875.1123046875
15872.876953125
15870.638671875
15868.576171875
15866.5830078125
15863.921875
15860.9853515625
15857.515625
15854.814453125
15852.1787109375
15850.58984375
15849.345703125
15848.0634765625
15846.734375
15844.29296875
15841.2646484375
15837.1171875
15833.4716796875
15829.955078125
15827.25390625
15824.9140625
15822.15625
15819.5380859375
15817.5986328125
15816.3857421875
15815.703125
15815.330078125
15814.75
15814.130859375
15813.22265625
15812.9189453125
15812.5927734375
15812.58203125
15812.455078125
15812.115234375
15811.439453125
15810.12890625
15808.7294921875
15807.3291015625
15806.046875
15804.50390625
15803.42578125
15801.8740234375
15800.9111328125
15800.4072265625
15800.904296875
15801.716796875
15802.9970703125
15803.3037109375
15803.2041015625
15801.693359375
15799.8876953125
15797.6044921875
15795.66015625
15794.099609375
15793.38671875
15793.400390625
15793.8837890625
15794.9658203125
15796.2421875
15797.720703125
15799.212890625
15800.58984375
15801.57421875
15802.078125
15801.5322265625
15799.693359375
15796.890625
15793.9697265625
15791.0546875
15788.22265625
15784.541015625
15779.673828125
15774.65234375
15769.9521484375
15767.099609375
15765.677734375
15765.6875
15765.3046875
15764.58984375
15763.376953125
15762.537109375
15762.251953125
15762.8671875
15763.791015625
15765.6357421875
15768.1005859375
15770.5234375
15771.892578125
15770.9326171875
15767.783203125
15762.462890625
15756.7255859375
15750.7578125
15745.3134765625
15741.0478515625
15737.44140625
15734.509765625
15732.185546875
15730.005859375
15727.53515625
15725.0
15722.232421875
15718.9248046875
15715.71875
15712.56640625
15710.08203125
15707.8486328125
15706.2373046875
15704.484375
15702.63671875
15700.255859375
15697.810546875
15695.4873046875
15693.41796875
15691.919921875
15691.056640625
15690.75390625
15690.40625
15690.498046875
15690.68359375
15691.501953125
15692.6025390625
15693.599609375
15694.1572265625
15693.4482421875
15691.853515625
15689.2197265625
15687.31640625
15685.9521484375
15686.33203125
15686.74609375
15687.85546875
15688.123046875
15688.5693359375
15688.6591796875
15689.666015625
15690.671875
15692.5703125
15693.6875
15694.03515625
15693.04296875
15691.5302734375
15689.9345703125
15688.419921875
15686.8603515625
15684.4794921875
15680.6728515625
15675.556640625
15670.392578125
15665.9248046875
15663.390625
15662.1552734375
15661.8388671875
15662.0546875
15661.712890625
15660.8515625
15659.42578125
15657.5283203125
15655.4326171875
15652.640625
15649.837890625
15647.341796875
15645.7841796875
15645.31640625
15645.5166015625
15645.8046875
15646.095703125
15645.4619140625
15644.017578125
15641.0927734375
15637.421875
15633.0986328125
15629.3525390625
15626.2841796875
15624.8828125
15624.7822265625
15625.376953125
15626.041015625
15625.982421875
15625.0869140625
15623.53515625
15622.6796875
15622.2109375
15623.2919921875
15625.36328125
15627.638671875
15629.310546875
15629.439453125
15627.48828125
15623.03515625
15617.2255859375
15610.8193359375
15606.2763671875
15603.1923828125
15602.494140625
15602.806640625
15603.5478515625
15603.357421875
15602.65234375
15600.8193359375
15598.962890625
15596.6611328125
15594.4609375
15592.30859375
15590.056640625
15587.9521484375
15586.2197265625
15584.9775390625
15584.3037109375
15583.904296875
15584.138671875
15584.3359375
15584.0302734375
15583.4130859375
15582.1767578125
15581.0048828125
15580.328125
15580.9345703125
15582.326171875
15584.56640625
15586.8046875
15588.8916015625
15589.7021484375
15589.1220703125
15586.4951171875
15582.876953125
15578.453125
15573.853515625
15569.234375
15564.9521484375
15561.09375
15558.333984375
15556.17578125
15554.8125
15553.5458984375
15552.4833984375
15551.51171875
15550.5126953125
15549.65625
15548.783203125
15547.958984375
15546.7763671875
15545.4326171875
15543.7646484375
15542.33984375
15540.625
15539.3330078125
15538.142578125
15537.6005859375
15537.2041015625
15536.740234375
15536.0068359375
15534.8330078125
15532.5927734375
15530.08984375
15527.3662109375
15525.11328125
15523.0927734375
15522.2421875
15521.8388671875
15521.7529296875
15521.794921875
15521.3408203125
15520.26953125
15519.330078125
15518.7119140625
15518.80078125
15519.76953125
15520.681640625
15521.0732421875
15519.9765625
15517.7666015625
15515.28515625
15513.513671875
15511.24609375
15508.9111328125
15509.470703125
15514.53125
15512.08984375
15506.37890625
15503.326171875
15498.4208984375
15496.3759765625
15491.79296875
15489.0546875
15486.587890625
15480.36328125
15478.568359375
15483.5126953125
15520.8681640625
15517.1689453125
15515.7568359375
15497.607421875
15511.3974609375
15497.013671875
15498.765625
15487.201171875
15497.421875
15486.6484375
15493.7451171875
15492.3466796875
15494.126953125
15482.7626953125
15487.962890625
15487.5107421875
15488.6640625
15484.78515625
15481.2421875
15478.4033203125
15470.279296875
15466.7578125
15461.3017578125
15458.865234375
15454.34765625
15454.1865234375
15449.6640625
15448.3857421875
15445.193359375
15443.1611328125
15440.146484375
15439.923828125
15439.46875
15440.1982421875
15439.6865234375
15439.513671875
15437.2978515625
15434.513671875
15431.41015625
15429.1591796875
15426.1875
15424.337890625
15422.171875
15420.837890625
15419.5546875
15418.826171875
15418.74609375
15419.1171875
15420.322265625
15421.7138671875
15422.546875
15421.650390625
15418.521484375
15413.28125
15409.6826171875
15408.1748046875
15408.599609375
15409.318359375
15408.193359375
15405.87890625
15402.60546875
15399.73046875
15397.1806640625
15394.982421875
15392.99609375
15391.51953125
15390.337890625
15389.5166015625
15388.685546875
15387.884765625
15386.705078125
15385.44140625
15384.025390625
15383.1943359375
15382.087890625
15381.3330078125
15380.4755859375
15379.90625
15378.7421875
15377.3505859375
15374.9892578125
15372.556640625
15369.8857421875
15367.740234375
15365.9609375
15364.6171875
15363.033203125
15361.318359375
15358.6806640625
15355.6328125
15352.1689453125
15348.349609375
15344.79296875
15341.392578125
15338.97265625
15336.994140625
15336.083984375
15335.07421875
15334.91015625
15334.8056640625
15335.0048828125
15335.193359375
15335.5556640625
15335.6875
15335.92578125
15336.25
15337.1611328125
15338.142578125
15339.2109375
15340.1279296875
15340.517578125
15340.419921875
15340.2060546875
15340.6240234375
15341.16015625
15341.2265625
15340.904296875
15339.5703125
15337.8076171875
15335.4609375
15333.546875
15331.6025390625
15330.2578125
15328.482421875
15326.5546875
15323.6455078125
15320.3291015625
15316.830078125
15313.21484375
15309.970703125
15307.3046875
15304.873046875
15303.3671875
15302.517578125
15302.7353515625
15303.4677734375
15304.58203125
15305.720703125
15306.14453125
15305.921875
15304.376953125
15301.9765625
15298.728515625
15295.0654296875
15291.4775390625
15289.0234375
15287.4580078125
15286.96484375
15286.7890625
15286.677734375
15286.13671875
15285.21875
15283.638671875
15281.7021484375
15279.94140625
15278.96484375
15278.1064453125
15276.359375
15274.1962890625
15271.8564453125
15269.7763671875
15267.068359375
15264.560546875
15261.994140625
15260.1591796875
15258.125
15256.01953125
15254.111328125
15252.65234375
15251.453125
15250.603515625
15250.01953125
15249.701171875
15249.435546875
15248.455078125
15247.7177734375
15246.517578125
15245.4375
15244.1875
15243.419921875
15242.19921875
15240.796875
15238.595703125
15235.90234375
15233.2333984375
15230.8359375
15229.1650390625
15227.763671875
15226.990234375
15225.66796875
15224.6337890625
15223.505859375
15223.001953125
15222.732421875
15223.365234375
15224.033203125
15225.111328125
15226.0009765625
15226.98828125
15227.7900390625
15228.416015625
15228.857421875
15229.107421875
15228.9560546875
15228.771484375
15228.31640625
15227.8388671875
15227.6494140625
15226.7763671875
15225.7548828125
15224.11328125
15222.3212890625
15220.787109375
15219.50390625
15218.091796875
15216.580078125
15214.12109375
15210.939453125
15207.5693359375
15204.359375
15201.9453125
15200.4287109375
15199.298828125
15198.123046875
15195.98828125
15192.9169921875
15189.1875
15185.505859375
15182.08203125
15179.666015625
15178.349609375
15178.1279296875
15178.2734375
15178.6875
15178.55859375
15178.166015625
15177.4716796875
15177.0986328125
15177.296875
15178.3583984375
15180.134765625
15182.439453125
15184.296875
15185.591796875
15186.24609375
15185.2548828125
15183.5078125
15180.95703125
15178.41015625
15175.640625
15173.3671875
15171.7470703125
15170.546875
15169.755859375
15168.580078125
15166.96875
15164.693359375
15162.2626953125
15158.982421875
15155.91796875
15152.458984375
15150.0947265625
15147.7421875
15146.0439453125
15144.34765625
15141.93359375
15139.55078125
15137.041015625
15135.560546875
15134.8564453125
15135.470703125
15136.705078125
15138.5361328125
15140.4765625
15141.666015625
15142.26953125
15141.458984375
15139.642578125
15136.41015625
15132.857421875
15129.15625
15125.89453125
15123.6669921875
15122.162109375
15121.4296875
15120.662109375
15120.34375
15119.8115234375
15119.9677734375
15119.6005859375
15119.330078125
15118.4052734375
15117.580078125
15116.2919921875
15115.2666015625
15114.0107421875
15113.3125
15113.095703125
15113.478515625
15113.91796875
15114.6669921875
15114.0556640625
15112.8408203125
15110.3984375
15107.513671875
15104.673828125
15102.9765625
15102.41796875
15103.15234375
15104.28515625
15104.7734375
15103.8935546875
15101.42578125
15098.5322265625
15096.1943359375
15095.125
15094.48828125
15094.4921875
15093.7099609375
15092.4140625
15090.845703125
15089.228515625
15087.7197265625
15087.224609375
15086.1806640625
15085.5126953125
15084.4599609375
15083.30078125
15081.7802734375
15079.970703125
15078.4423828125
15076.658203125
15075.275390625
15073.484375
15071.099609375
15067.9033203125
15064.3173828125
15060.568359375
15057.93359375
15056.5234375
15056.16796875
15056.2822265625
15056.3818359375
15056.185546875
15055.302734375
15053.8916015625
15052.189453125
15051.115234375
15050.69140625
15050.1953125
15049.0546875
15048.505859375
15048.2666015625
15047.861328125
15046.173828125
15045.6435546875
15045.8193359375
15045.9736328125
15045.7197265625
15046.1171875
15048.3720703125
15050.1298828125
15050.021484375
15050.712890625
15049.681640625
15048.9375
15047.8134765625
15046.0673828125
15043.6435546875
15039.802734375
15035.3984375
15031.755859375
15028.462890625
15025.8212890625
15023.431640625
15021.708984375
15020.6513671875
15020.150390625
15020.8974609375
15022.90234375
15025.9130859375
15029.623046875
15033.12109375
15035.158203125
15035.103515625
15033.841796875
15031.8046875
15028.59765625
15025.1533203125
15021.1455078125
15017.4765625
15013.3994140625
15010.21484375
15007.94140625
15005.90234375
15004.41015625
15002.97265625
15001.671875
15000.359375
14997.970703125
14995.9453125
14993.892578125
14992.9580078125
14992.552734375
14993.10546875
14992.771484375
14992.38671875
14991.318359375
14990.064453125
14989.4833984375
14989.4072265625
14989.51171875
14989.041015625
14987.3896484375
14985.13671875
14982.8359375
14981.40234375
14979.86328125
14977.7587890625
14973.447265625
14968.228515625
14963.21875
14959.900390625
14958.6298828125
14958.18359375
14958.40234375
14957.7109375
14956.4375
14954.2587890625
14952.099609375
14950.234375
14948.951171875
14948.3779296875
14948.6044921875
14949.2900390625
14950.7255859375
14951.8056640625
14952.6826171875
14952.44921875
14951.8505859375
14950.8232421875
14950.4462890625
14950.3271484375
14950.96875
14951.509765625
14951.5234375
14950.521484375
14948.123046875
14944.92578125
14942.234375
14941.01171875
14941.783203125
14942.939453125
14944.076171875
14942.857421875
14941.474609375
14938.267578125
14936.216796875
14934.013671875
14933.54296875
14932.6015625
14931.71875
14930.3515625
14929.140625
14927.953125
14927.36328125
14926.603515625
14926.005859375
14925.294921875
14924.6904296875
14924.1123046875
14923.505859375
14922.51953125
14921.1640625
14918.390625
14914.8505859375
14910.9375
14907.3544921875
14904.73828125
14902.9580078125
14901.7783203125
14900.4921875
14898.7666015625
14896.8984375
14894.9912109375
14893.3935546875
14892.13671875
14891.603515625
14891.4873046875
14891.9296875
14892.4814453125
14893.1162109375
14893.4013671875
14893.353515625
14892.203125
14890.4189453125
14888.23046875
14885.7978515625
14883.3779296875
14881.1279296875
14878.880859375
14877.474609375
14875.94140625
14875.5390625
14874.94921875
14874.7509765625
14874.1435546875
14873.544921875
14872.1591796875
14871.16796875
14869.8662109375
14869.05078125
14867.7734375
14866.9814453125
14865.34765625
14864.015625
14862.1416015625
14860.6240234375
14858.69921875
14857.03515625
14855.419921875
14854.021484375
14852.7900390625
14851.76953125
14850.822265625
14849.6396484375
14848.369140625
14846.6748046875
14845.126953125
14843.150390625
14841.5205078125
14840.158203125
14839.22265625
14838.982421875
14839.482421875
14840.5810546875
14842.1259765625
14843.623046875
14844.6650390625
14845.3095703125
14845.05859375
14843.783203125
14842.6318359375
14841.818359375
14841.6953125
14841.7734375
14841.9453125
14841.470703125
14840.3974609375
14838.94140625
14837.48046875
14835.7490234375
14834.314453125
14832.9892578125
14831.0546875
14829.078125
14826.2626953125
14823.3525390625
14820.30859375
14817.537109375
14814.99609375
14812.890625
14811.2529296875
14810.12109375
14809.0224609375
14808.267578125
14807.1103515625
14805.9921875
14804.4169921875
14802.5458984375
14800.6396484375
14798.5087890625
14796.283203125
14794.0859375
14792.037109375
14790.13671875
14788.5517578125
14786.884765625
14785.740234375
14784.966796875
14784.9658203125
14785.2109375
14786.42578125
14787.818359375
14790.0546875
14791.81640625
14793.78515625
14795.3017578125
14796.349609375
14796.0166015625
14794.9560546875
14792.7734375
14790.6826171875
14787.8515625
14785.724609375
14782.953125
14780.935546875
14779.44921875
14779.3427734375
14779.615234375
14780.015625
14780.123046875
14779.919921875
14779.732421875
14779.728515625
14779.880859375
14779.125
14777.2431640625
14774.541015625
14771.708984375
14769.09375
14767.0390625
14764.6767578125
14762.2265625
14759.2900390625
14756.291015625
14753.0009765625
14749.9130859375
14746.84765625
14744.283203125
14741.8056640625
14739.482421875
14737.142578125
14735.1630859375
14733.19921875
14731.4638671875
14729.8232421875
14728.625
14727.240234375
14726.099609375
14724.591796875
14723.494140625
14722.3447265625
14721.755859375
14721.18359375
14721.203125
14721.0859375
14721.041015625
14720.548828125
14720.251953125
14719.8974609375
14720.1240234375
14720.41015625
14721.146484375
14721.40625
14721.3203125
14720.3662109375
14718.736328125
14716.314453125
14713.88671875
14711.7080078125
14710.1953125
14709.42578125
14709.2177734375
14709.4609375
14709.490234375
14709.0390625
14707.830078125
14705.9609375
14703.7724609375
14701.328125
14699.1416015625
14697.68359375
14696.5556640625
14696.373046875
14696.697265625
14698.08203125
14699.515625
14701.251953125
14702.3798828125
14703.2568359375
14703.2236328125
14702.888671875
14701.396484375
14699.439453125
14697.0078125
14694.5537109375
14691.587890625
14688.7265625
14686.083984375
14684.248046875
14682.9873046875
14682.4619140625
14682.615234375
14683.083984375
14683.412109375
14683.892578125
14683.697265625
14683.064453125
14681.806640625
14679.822265625
14676.861328125
14673.146484375
14668.6953125
14664.3115234375
14660.17578125
14657.4697265625
14655.7470703125
14655.3203125
14655.703125
14656.8017578125
14657.87890625
14658.7314453125
14658.9091796875
14658.23046875
14657.009765625
14655.228515625
14652.787109375
14650.12109375
14647.1181640625
14644.5224609375
14642.046875
14640.4677734375
14639.3046875
14638.49609375
14637.583984375
14636.7255859375
14636.03515625
14635.5537109375
14634.66015625
14634.189453125
14632.8095703125
14631.40234375
14629.50390625
14627.7958984375
14626.1455078125
14624.869140625
14623.8017578125
14622.85546875
14621.560546875
14620.6796875
14619.630859375
14619.1123046875
14618.890625
14619.236328125
14619.697265625
14619.46484375
14618.51953125
14616.65234375
14614.4638671875
14611.962890625
14609.8798828125
14607.955078125
14606.8818359375
14606.154296875
14605.4296875
14604.3759765625
14603.009765625
14600.7265625
14598.3603515625
14595.4248046875
14592.869140625
14590.6162109375
14589.095703125
14588.0869140625
14587.41796875
14586.734375
14586.29296875
14586.1669921875
14586.216796875
14586.5185546875
14586.9189453125
14587.185546875
14587.5478515625
14587.345703125
14586.2177734375
14584.248046875
14581.7822265625
14579.3505859375
14577.861328125
14577.814453125
14579.3935546875
14582.2607421875
14585.548828125
14588.8232421875
14590.919921875
14592.001953125
14592.08203125
14590.94140625
14588.49609375
14584.8046875
14580.208984375
14574.7578125
14570.32421875
14566.4638671875
14564.1279296875
14562.7412109375
14562.189453125
14561.8759765625
14561.41796875
14560.5
14559.095703125
14557.5439453125
14556.328125
14555.1279296875
14554.279296875
14552.9912109375
14551.712890625
14549.8544921875
14547.919921875
14546.3115234375
14545.107421875
14544.5517578125
14543.6748046875
14542.8359375
14541.3974609375
14539.7548828125
14537.83203125
14535.521484375
14532.9677734375
14530.4736328125
14528.1650390625
14526.3359375
14524.8955078125
14523.6865234375
14522.24609375
14520.3515625
14518.103515625
14515.8798828125
14513.873046875
14512.224609375
14510.8984375
14509.58984375
14508.056640625
14506.4765625
14504.62890625
14503.044921875
14501.7099609375
14500.41796875
14499.359375
14498.455078125
14497.55859375
14496.939453125
14496.7119140625
14496.375
14496.7548828125
14497.0078125
14497.466796875
14497.8291015625
14498.359375
14498.578125
14498.7666015625
14498.408203125
14497.8681640625
14497.0703125
14495.9765625
14494.7841796875
14493.3037109375
14492.1650390625
14491.0517578125
14489.921875
14488.748046875
14487.3583984375
14486.0244140625
14484.462890625
14483.140625
14481.779296875
14480.3115234375
14478.9443359375
14476.8974609375
14474.818359375
14473.0732421875
14472.1171875
14471.4072265625
14471.4228515625
14471.7041015625
14472.353515625
14473.1953125
14473.0888671875
14472.732421875
14473.029296875
14473.5537109375
14473.39453125
14471.8955078125
14470.162109375
14467.908203125
14465.994140625
14462.3017578125
14459.669921875
14457.03125
