7158.9921875
7147.0068359375
7135.6005859375
7124.7412109375
7114.3984375
7104.5341796875
7095.103515625
7086.0732421875
7077.4150390625
7069.10986328125
7061.1259765625
7053.45751953125
7046.08544921875
7039.00341796875
7032.1923828125
7025.64697265625
7019.3486328125
7013.2861328125
7007.45166015625
7001.828125
6996.4013671875
6991.166015625
6986.111328125
6981.224609375
6976.5
6971.9189453125
6967.478515625
6963.173828125
6958.99609375
6954.935546875
6950.99853515625
6947.173828125
6943.453125
6939.8408203125
6936.3271484375
6932.9140625
6929.59765625
6926.3759765625
6923.2421875
6920.20263671875
6917.25341796875
6914.3916015625
6911.607421875
6908.90283203125
6906.2783203125
6903.7265625
6901.2509765625
6898.84375
6896.50390625
6894.23291015625
6892.02392578125
6889.8779296875
6887.7958984375
6885.765625
6883.79150390625
6881.8720703125
6880.00634765625
6878.18896484375
6876.41796875
6874.69189453125
6873.0087890625
6871.36962890625
6869.76806640625
6868.2080078125
6866.68505859375
6865.19775390625
6863.7451171875
6862.328125
6860.94873046875
6859.595703125
6858.2724609375
6856.98046875
6855.7177734375
6854.484375
6853.27490234375
6852.091796875
6850.93310546875
6849.80126953125
6848.68994140625
6847.60400390625
6846.54052734375
6845.498046875
6844.4765625
6843.4775390625
6842.4970703125
6841.533203125
6840.59228515625
6839.6669921875
6838.7607421875
6837.87158203125
6836.9990234375
6836.14453125
6835.3037109375
6834.47998046875
6833.671875
6832.87646484375
6832.0966796875
6831.33203125
6830.58154296875
6829.845703125
6829.1220703125
6828.412109375
6827.7138671875
6827.02783203125
6826.35546875
6825.69580078125
6825.04541015625
6824.408203125
6823.77783203125
6823.15869140625
6822.5537109375
6821.9560546875
6821.3701171875
6820.79248046875
6820.23046875
6819.6708984375
6819.12353515625
6818.5830078125
6818.0498046875
6817.52685546875
6817.01318359375
6816.5068359375
6816.00830078125
6815.517578125
6815.03369140625
6814.55859375
6814.087890625
6813.6279296875
6813.17138671875
6812.7236328125
6812.27978515625
6811.84375
6811.41455078125
6810.99169921875
6810.57421875
6810.16015625
6809.75244140625
6809.35107421875
6808.9541015625
6808.5634765625
6808.177734375
6807.79736328125
6807.42041015625
6807.04833984375
6806.681640625
6806.31787109375
6805.958984375
6805.603515625
6805.255859375
6804.91015625
6804.56884765625
6804.2294921875
6803.8955078125
6803.5654296875
6803.2392578125
6802.916015625
6802.595703125
6802.279296875
6801.96875
6801.658203125
6801.3525390625
6801.04931640625
6800.7490234375
6800.45361328125
6800.15771484375
6799.86767578125
6799.580078125
6799.294921875
6799.0126953125
6798.7314453125
6798.45458984375
6798.1806640625
6797.90576171875
6797.63671875
6797.37109375
6797.10693359375
6796.84521484375
6796.5859375
6796.3310546875
6796.076171875
6795.82666015625
6795.578125
6795.33203125
6795.087890625
6794.8466796875
6794.6064453125
6794.3701171875
6794.1328125
6793.9013671875
6793.671875
6793.44140625
6793.21435546875
6792.9921875
6792.76708984375
6792.5478515625
6792.330078125
6792.11474609375
6791.9033203125
6791.69287109375
6791.4892578125
8292812.5
540409792.0
14176705576960.0
103618768.0
707636352.0
17660228.0
757821.0625
753499.5625
1635207.5
20177850.0
54600556.0
3348139.5
173935.984375
54335.71484375
45364.859375
43226.50390625
41892.01953125
40984.9765625
40205.34765625
39674.7890625
39167.30859375
38451.17578125
37502.83203125
36642.10546875
35874.51953125
35163.42578125
34461.234375
33764.2109375
33115.91796875
32523.88671875
31957.390625
31388.0546875
30829.59765625
30314.326171875
29835.73828125
29363.0546875
28908.265625
28470.45703125
28053.822265625
27662.265625
27287.794921875
26921.076171875
26555.220703125
26191.330078125
25835.2421875
25493.716796875
25174.38671875
24877.529296875
24601.21484375
24342.369140625
24095.326171875
23854.166015625
23620.421875
23397.970703125
23188.603515625
22988.453125
22793.80859375
22603.525390625
22419.00390625
22240.55859375
22068.533203125
21904.0859375
21747.275390625
21595.91015625
21448.392578125
21304.67578125
21165.91796875
21032.26953125
20902.76953125
20777.365234375
20657.109375
20541.30078125
20428.5546875
20319.19140625
20212.904296875
20108.98828125
20008.00390625
19910.2421875
19814.77734375
19721.03125
19628.802734375
19538.55859375
19451.013671875
19365.91796875
19282.2890625
19199.9296875
19118.95703125
19039.41015625
18961.318359375
18884.61328125
18809.333984375
18735.544921875
18663.09765625
18591.74609375
18521.4765625
18452.16015625
18383.611328125
18315.728515625
18248.56640625
18182.11328125
18116.388671875
18051.33984375
17986.994140625
17923.55078125
17861.0859375
17799.482421875
17738.68359375
17678.5546875
17619.03515625
17560.06640625
17501.48828125
17443.02734375
17384.36328125
17325.119140625
17264.990234375
17203.927734375
17142.39453125
17081.275390625
17021.462890625
16963.41796875
16907.25
16853.037109375
16800.7265625
16749.96875
16700.134765625
16650.703125
16601.53515625
16552.607421875
16503.869140625
16455.34765625
16407.015625
16358.81640625
16310.7412109375
16262.84765625
16215.1572265625
16167.666015625
16120.4541015625
16073.72265625
16027.5078125
15981.8310546875
15936.791015625
15892.53515625
15849.01171875
15806.10546875
15763.8134765625
15722.171875
15681.0419921875
15640.26953125
15599.849609375
15559.849609375
15520.244140625
15480.9765625
15441.98828125
15403.3330078125
15365.04296875
15327.0634765625
15289.353515625
15251.92578125
15214.779296875
15177.9345703125
15141.3603515625
15105.056640625
15069.044921875
15033.3505859375
14998.009765625
14962.90625
14927.9375
14892.974609375
14857.892578125
14822.5693359375
14787.4541015625
14754.9697265625
14721.490234375
14690.095703125
14655.880859375
14623.24609375
14591.7373046875
14560.1513671875
14526.5341796875
14494.8427734375
14462.9609375
14430.1181640625
14398.3681640625
14366.5078125
14334.4765625
14302.994140625
14271.70703125
14240.146484375
14209.7646484375
14180.2080078125
14151.4501953125
14121.669921875
14091.626953125
14058.1396484375
14029.2861328125
14002.5087890625
13972.384765625
13940.2373046875
13911.3310546875
13884.974609375
13857.650390625
13828.763671875
13800.48828125
13774.5966796875
13747.28125
13720.283203125
13695.1328125
13669.130859375
13643.66015625
13619.982421875
13596.1015625
13571.8623046875
13548.138671875
13526.16796875
13502.693359375
13476.30078125
13452.5126953125
13430.751953125
13407.4404296875
13382.875
13360.2265625
13338.4365234375
13314.4462890625
13290.8037109375
13268.5
13245.498046875
13221.681640625
13198.3876953125
13174.96875
13149.978515625
13124.83203125
13099.96484375
13074.64453125
13049.578125
13025.630859375
13002.2587890625
12979.486328125
12958.5185546875
12939.021484375
12919.96875
12900.5146484375
12881.2568359375
12861.6787109375
12842.5546875
12822.728515625
12802.919921875
12782.6826171875
12762.8603515625
12743.72265625
12724.744140625
12705.5947265625
12686.7265625
12668.728515625
12650.84375
12633.53125
12615.080078125
12597.0712890625
12577.9765625
12559.349609375
12541.255859375
12523.794921875
12506.9677734375
12489.578125
12472.9765625
12454.666015625
12436.96875
12420.5927734375
12405.80078125
12390.587890625
12371.2666015625
12352.65234375
12336.0
12320.083984375
12302.06640625
12285.419921875
12271.400390625
12254.298828125
12236.109375
12219.720703125
12204.45703125
12187.5791015625
12171.06640625
12155.6123046875
12138.78125
12122.1650390625
12106.66796875
12090.8935546875
12074.61328125
12058.91796875
12043.560546875
12027.9296875
12013.21484375
12000.279296875
11984.302734375
11967.9697265625
11952.1875
11940.4228515625
11927.0
11911.98828125
11898.478515625
11887.154296875
11875.908203125
11856.572265625
11839.609375
11823.8798828125
11811.21484375
11798.638671875
11781.5791015625
11767.92578125
11755.2109375
11742.6591796875
11730.033203125
11714.3515625
11699.5771484375
11686.0546875
11673.796875
11662.296875
11648.728515625
11631.8525390625
11618.265625
11606.375
11593.3671875
11578.966796875
11567.580078125
11558.0732421875
11541.986328125
11526.306640625
11513.6923828125
11502.689453125
11490.30078125
11476.755859375
11466.337890625
11452.021484375
11439.0009765625
11427.4921875
11416.3046875
11403.892578125
11390.138671875
11377.767578125
11365.724609375
11353.9189453125
11342.10546875
11328.994140625
11317.3994140625
11305.6435546875
11294.115234375
11282.3388671875
11270.330078125
11259.2265625
11247.5234375
11236.119140625
11224.9951171875
11213.484375
11203.4970703125
11192.736328125
11181.95703125
11169.3896484375
11157.322265625
11146.556640625
11135.91796875
11125.470703125
11114.83984375
11104.1572265625
11093.90234375
11084.103515625
11072.74609375
11062.2421875
11050.98046875
11041.0625
11031.302734375
11021.3466796875
11011.8935546875
10999.7021484375
10988.517578125
10977.5546875
10967.5751953125
10958.4677734375
10948.984375
10939.693359375
10928.564453125
10918.037109375
10908.2138671875
10898.9248046875
10889.623046875
10879.6796875
10869.7275390625
10859.3408203125
10849.8505859375
10840.443359375
10831.0791015625
10821.458984375
10811.677734375
10802.2607421875
10792.96484375
10784.27734375
10774.8720703125
10765.55078125
10755.9296875
10746.5234375
10738.078125
10729.1826171875
10720.650390625
10710.8017578125
10700.966796875
10690.673828125
10681.705078125
10673.224609375
10664.55078125
10655.62890625
10646.6396484375
10638.439453125
10631.0458984375
10622.732421875
10612.4111328125
10601.7685546875
10592.6708984375
10585.27734375
10577.7783203125
10569.244140625
10559.7021484375
10550.66015625
10543.693359375
10535.26953125
10526.361328125
10516.56640625
10507.8515625
10500.43359375
10492.4638671875
10484.6220703125
10475.048828125
10466.349609375
10457.5380859375
10449.4365234375
10442.2421875
10438.6845703125
10431.369140625
10424.97265625
10412.265625
10399.67578125
10392.123046875
10386.8857421875
10381.220703125
10371.15625
10360.587890625
10349.505859375
10342.765625
10339.376953125
10330.4375
10321.0615234375
10312.708984375
10306.27734375
10302.0556640625
10291.798828125
10281.7763671875
10270.267578125
10261.595703125
10255.4013671875
10246.1015625
10236.716796875
10226.560546875
10218.939453125
10212.9130859375
10205.9228515625
10198.9833984375
10191.6201171875
10184.81640625
10179.2822265625
10172.4931640625
10163.171875
10152.150390625
10143.9619140625
10136.28515625
10127.724609375
10119.947265625
10113.216796875
10108.009765625
10100.4677734375
10091.7548828125
10084.396484375
10078.4052734375
10077.30078125
10071.5703125
10059.376953125
10049.078125
10046.439453125
10049.6708984375
10039.416015625
10027.2373046875
10022.5283203125
10009.55078125
10004.904296875
10007.046875
9995.517578125
9988.37109375
9984.0498046875
9972.666015625
9967.1767578125
9962.1630859375
9950.6357421875
9940.5244140625
9937.59375
9927.619140625
9920.119140625
9913.96484375
9901.2802734375
9894.146484375
9889.6259765625
9880.859375
9875.9208984375
9871.2626953125
9863.005859375
9858.203125
9851.3388671875
9842.65234375
9836.87890625
9829.810546875
9823.203125
9817.0498046875
9809.9140625
9804.3779296875
9798.40625
9793.0625
9787.791015625
9782.12109375
9777.3251953125
9772.5
9766.5478515625
9760.087890625
9751.93359375
9743.681640625
9736.271484375
9730.4287109375
9725.296875
9720.9453125
9715.455078125
9711.00390625
9703.634765625
9697.5859375
9691.41015625
9685.48828125
9680.458984375
9674.5654296875
9669.640625
9663.0703125
9656.845703125
9651.083984375
9646.623046875
9643.076171875
9638.70703125
9633.201171875
9624.169921875
9616.173828125
9610.0
9605.6201171875
9602.333984375
9597.0654296875
9591.1015625
9583.36328125
9577.1796875
9570.66796875
9565.4462890625
9559.8125
9554.703125
9550.572265625
9546.34765625
9543.16796875
9538.6240234375
9534.3828125
9529.0927734375
9523.6298828125
9516.2822265625
9508.283203125
9501.3046875
9495.65625
9491.6767578125
9488.5419921875
9484.3896484375
9479.779296875
9474.025390625
9468.2177734375
9462.16796875
9457.646484375
9453.0654296875
9449.52734375
9443.3974609375
9436.4873046875
9429.431640625
9424.001953125
9420.8720703125
9417.6572265625
9413.5380859375
9406.451171875
9398.6953125
9390.845703125
9385.2119140625
9380.5546875
9376.072265625
9371.2490234375
9365.7763671875
9360.451171875
9355.3408203125
9349.26171875
9342.6298828125
9335.287109375
9329.078125
9323.8662109375
9319.744140625
9315.154296875
9310.4814453125
9305.3369140625
9300.482421875
9295.740234375
9291.3056640625
9286.857421875
9282.3984375
9277.8955078125
9273.4287109375
9269.09765625
9264.6513671875
9259.779296875
9254.18359375
9248.3369140625
9242.7939453125
9238.4013671875
9234.7978515625
9230.7177734375
9225.0849609375
9217.630859375
9209.9833984375
9203.423828125
9198.89453125
9195.451171875
9192.50390625
9188.453125
9183.697265625
9177.16796875
9170.533203125
9165.2861328125
9161.1591796875
9157.92578125
9153.32421875
9148.939453125
9144.4189453125
9141.294921875
9138.548828125
9134.921875
9130.6953125
9125.7294921875
9121.103515625
9116.298828125
9111.091796875
9105.939453125
9101.3193359375
9097.462890625
9093.7314453125
9089.0244140625
9083.279296875
9076.927734375
9072.181640625
9068.2177734375
9065.2890625
9059.451171875
9053.642578125
9048.24609375
9044.984375
9042.138671875
9037.099609375
9030.9931640625
9025.419921875
9021.5966796875
9017.6416015625
9013.427734375
9008.6640625
9004.4326171875
8999.6298828125
8995.693359375
8990.42578125
8985.267578125
8978.875
8973.318359375
8969.015625
8965.0908203125
8960.578125
8954.89453125
8949.845703125
8945.201171875
8940.90625
8936.7021484375
8933.17578125
8929.8173828125
8926.7412109375
8923.041015625
8920.16015625
8916.02734375
8912.427734375
8907.5380859375
8903.88671875
8900.41015625
8897.6962890625
8893.974609375
8889.9169921875
8885.310546875
8881.9453125
8878.986328125
8876.0498046875
8870.775390625
8864.62109375
8857.81640625
8852.015625
8847.4638671875
8844.193359375
8842.40234375
8839.87109375
8836.873046875
8832.8603515625
8827.4140625
8821.8447265625
8814.03515625
8805.533203125
8797.599609375
8792.5859375
8790.4033203125
8789.19921875
8785.869140625
8780.7265625
8774.068359375
8770.236328125
8766.970703125
8765.861328125
8762.3349609375
8758.92578125
8753.9208984375
8749.8623046875
8745.4384765625
8740.6669921875
8735.2001953125
8729.91796875
8725.2763671875
8721.34765625
8717.4912109375
8713.140625
8708.49609375
8703.326171875
8698.380859375
8694.13671875
8690.8056640625
8688.283203125
8685.7880859375
8682.8447265625
8678.39453125
8673.384765625
8667.6904296875
8663.126953125
8659.423828125
8656.26171875
8653.0224609375
8648.2431640625
8643.890625
8638.537109375
8634.94921875
8631.6796875
8629.0712890625
8626.0859375
8622.662109375
8619.1875
8616.078125
8613.560546875
8611.283203125
8607.98046875
8604.34765625
8599.037109375
8594.08203125
8588.65234375
8583.8935546875
8579.2109375
8574.982421875
8570.921875
8566.900390625
8563.3056640625
8559.9091796875
8557.451171875
8554.9013671875
8551.8896484375
8547.1748046875
8541.59375
8535.9921875
8531.5908203125
8527.9541015625
8524.767578125
8521.5390625
8518.8125
8516.7705078125
8515.103515625
8513.38671875
8510.5615234375
8507.462890625
8503.5341796875
8499.0810546875
8493.783203125
8488.0546875
8482.748046875
8479.005859375
8476.259765625
8474.115234375
8471.0859375
8467.4580078125
8463.59375
8460.6396484375
8458.328125
8456.580078125
8454.2724609375
8451.5537109375
8447.9228515625
8444.513671875
8440.353515625
8437.26171875
8432.326171875
8427.923828125
8421.859375
8416.81640625
8412.4677734375
8409.3369140625
8407.0625
8404.919921875
8402.90234375
8400.8603515625
8399.3935546875
8398.58203125
8399.052734375
8399.71875
8399.568359375
8396.220703125
8390.59375
8384.017578125
8380.0087890625
8376.783203125
8372.8896484375
8365.380859375
8357.404296875
8351.259765625
8348.7255859375
8347.279296875
8344.013671875
8337.712890625
8330.70703125
8325.62890625
8323.302734375
8321.35546875
8318.5029296875
8313.96875
8310.205078125
8307.310546875
8305.8603515625
8303.1826171875
8298.826171875
8293.375
8287.763671875
8282.6015625
8277.423828125
8271.9560546875
8266.556640625
8261.9697265625
8258.2109375
8255.4736328125
8253.01953125
8250.6484375
8248.775390625
8246.1708984375
8244.103515625
8241.34765625
8238.54296875
8234.5625
8230.22265625
8225.4921875
8221.9375
8218.978515625
8216.31640625
8213.0556640625
8208.96484375
8204.0478515625
8199.376953125
8195.8505859375
8194.083984375
8194.31640625
8197.568359375
8196.02734375
8192.2568359375
8187.14111328125
8182.82080078125
8181.5537109375
8175.76611328125
8169.95068359375
8164.88623046875
8162.40625
8162.1982421875
8155.17041015625
8149.61474609375
8146.4873046875
8141.5263671875
8135.58642578125
8130.08984375
8130.1201171875
8132.35791015625
8127.0458984375
8126.35888671875
8127.126953125
8117.61572265625
8112.91845703125
8110.5576171875
8103.3798828125
8103.3779296875
8103.9853515625
8098.2880859375
8098.255859375
8093.7734375
8087.54052734375
8085.75537109375
8082.4833984375
8080.46435546875
8081.42529296875
8080.24853515625
8077.23974609375
8072.39990234375
8064.5146484375
8058.19091796875
8054.77880859375
8052.375
8051.658203125
8048.697265625
8043.13525390625
8038.13232421875
8033.27783203125
8031.87890625
8031.95849609375
8031.30126953125
8029.53857421875
8025.63134765625
8021.556640625
8018.6201171875
8017.91357421875
8018.43408203125
8018.43359375
8017.166015625
8013.18994140625
8007.92236328125
8001.66064453125
7995.4072265625
7990.04052734375
7985.3671875
7981.61328125
7979.068359375
7976.7578125
7974.404296875
7970.1142578125
7964.9091796875
7959.0869140625
7954.525390625
7950.7626953125
7947.74169921875
7944.263671875
7940.67236328125
7936.734375
7933.16162109375
7929.59716796875
7925.8515625
7921.3359375
7916.51953125
7911.365234375
7906.74658203125
7902.5888671875
7898.71923828125
7895.5615234375
7892.48974609375
7890.5380859375
7889.13330078125
7888.28173828125
7886.7841796875
7883.38525390625
7878.61328125
7873.814453125
7871.24072265625
7870.537109375
7870.146484375
7868.376953125
7864.7041015625
7860.0693359375
7856.46240234375
7853.78662109375
7852.78955078125
7851.78369140625
7851.59619140625
7850.9541015625
7850.6376953125
7849.1787109375
7847.4443359375
7846.09375
7845.15234375
7845.3203125
7844.9365234375
7843.42041015625
7839.3701171875
7795.322265625
7806.546875
7813.470703125
7783.25
7804.2783203125
7789.4169921875
7781.4453125
7792.17626953125
7774.94140625
7779.00537109375
7777.228515625
7768.0224609375
7771.8251953125
7765.46337890625
7762.80908203125
7762.26220703125
7757.44482421875
7756.2021484375
7753.462890625
7750.81396484375
7748.61083984375
7746.16796875
7743.9736328125
7741.2958984375
7739.5205078125
7736.90380859375
7734.62890625
7732.8369140625
7730.0615234375
7728.2509765625
7726.0830078125
7723.59130859375
7721.84375
7719.46484375
7717.3154296875
7715.380859375
7713.06640625
7711.04296875
7708.9794921875
7706.7978515625
7704.76708984375
7702.67529296875
7700.57568359375
7698.50927734375
7696.4501953125
7694.3642578125
7692.30224609375
7690.259765625
7688.1865234375
7686.1318359375
7684.09130859375
7682.025390625
7679.99072265625
7677.947265625
7675.9052734375
7673.8701171875
7671.830078125
7669.79736328125
7667.76904296875
7665.73095703125
7663.712890625
7661.69580078125
7659.66796875
7657.6513671875
7655.6328125
7653.61083984375
7651.60009765625
7649.58447265625
7647.56689453125
7645.5634765625
7643.552734375
7641.54736328125
7639.54052734375
7637.53271484375
7635.53466796875
7633.52783203125
7631.52783203125
7629.53076171875
7627.5322265625
7625.5341796875
7623.537109375
7621.54150390625
7619.5498046875
7617.5537109375
7615.5625
7613.56982421875
7611.5810546875
7609.58984375
7607.60400390625
7605.61865234375
7603.63671875
7601.654296875
7599.673828125
7597.69384765625
7595.7099609375
7593.734375
7591.7509765625
7589.77587890625
7587.80126953125
7585.826171875
7583.85009765625
7581.87548828125
7579.8974609375
7577.92138671875
7575.94970703125
7573.9716796875
7572.0126953125
7570.0361328125
7568.06591796875
7566.087890625
7564.11962890625
7562.14404296875
7560.16845703125
7558.1982421875
7556.22314453125
7554.2529296875
7552.28466796875
7550.3076171875
7548.3369140625
7546.3623046875
7544.38232421875
7542.40625
7540.4306640625
7538.447265625
7536.46875
7534.4814453125
7532.49658203125
7530.51171875
7528.51806640625
7526.529296875
7524.5341796875
7522.5400390625
7520.54052734375
7518.53515625
7516.52734375
7514.5185546875
7512.5029296875
7510.48681640625
7508.4677734375
7506.44384765625
7504.41796875
7502.38916015625
7500.35986328125
7498.32666015625
7496.29248046875
7494.2509765625
7492.21630859375
7490.18359375
7488.15283203125
7486.11669921875
7484.08935546875
7482.0654296875
7480.044921875
7478.03369140625
7476.0302734375
7474.033203125
7472.0419921875
7470.05859375
7468.0810546875
7466.1181640625
7464.15478515625
7462.212890625
7460.26708984375
7458.32958984375
7456.40283203125
7454.47900390625
7452.5634765625
7450.650390625
7448.7412109375
7446.84326171875
7444.94482421875
7443.0458984375
7441.14990234375
7439.2568359375
7437.36865234375
7435.47900390625
7433.59228515625
7431.705078125
7429.8232421875
7427.94384765625
7426.0634765625
7424.1826171875
7422.30517578125
7420.427734375
7418.5458984375
7416.6728515625
7414.79345703125
7412.921875
7411.0458984375
7409.16796875
7407.28662109375
7405.39453125
7403.5078125
7401.615234375
7399.72021484375
7397.814453125
7395.90576171875
7393.97998046875
7392.0478515625
7390.09326171875
7388.1220703125
7386.13427734375
7384.115234375
7382.05908203125
7379.97607421875
7377.857421875
7375.69482421875
7373.5029296875
7371.2890625
7369.072265625
7366.87451171875
7364.7255859375
7362.62548828125
7360.572265625
7358.5439453125
7356.52099609375
7354.4990234375
7352.50439453125
7350.5732421875
7348.763671875
7347.1044921875
7345.61181640625
7344.1181640625
7342.3291015625
7339.84912109375
7337.02001953125
7334.5517578125
7332.8056640625
7331.333984375
7329.4892578125
7327.14404296875
7324.75830078125
7322.8134765625
7321.173828125
7319.38330078125
7317.28125
7315.1376953125
7313.228515625
7311.48291015625
7309.63330078125
7307.625
7305.6171875
7303.74560546875
7301.94677734375
7300.0927734375
7298.158203125
7296.23193359375
7294.3837890625
7292.57470703125
7290.7255859375
7288.841796875
7286.9619140625
7285.12548828125
7283.31298828125
7281.478515625
7279.61669921875
7277.7568359375
7275.93994140625
7274.13134765625
7272.3037109375
7270.4599609375
7268.6298828125
7266.8232421875
7265.02099609375
7263.20849609375
7261.3828125
7259.56982421875
7257.76708984375
7255.97119140625
7254.16748046875
7252.36572265625
7250.56640625
7248.775390625
7246.9853515625
7245.19482421875
7243.40185546875
7241.6123046875
7239.8291015625
7238.0537109375
7236.2685546875
7234.4931640625
7232.7138671875
7230.9541015625
7229.1826171875
7227.42578125
7225.6767578125
7223.927734375
7222.1943359375
7220.4814453125
7218.78662109375
7217.107421875
7215.439453125
7213.767578125
7212.060546875
7210.298828125
7208.45556640625
7206.546875
7204.6171875
7202.7294921875
7200.9189453125
7199.18408203125
7197.50146484375
7195.8251953125
7194.12353515625
7192.373046875
7190.57421875
7188.7587890625
7186.9580078125
7185.17529296875
7183.4306640625
7181.7109375
7179.99853515625
7178.2763671875
7176.5400390625
7174.7822265625
7173.0107421875
7171.2421875
7169.482421875
7167.74072265625
7166.00341796875
7164.27294921875
7162.546875
7160.81591796875
7159.07666015625
7157.33935546875
7155.5947265625
7153.84814453125
7152.10693359375
7150.36376953125
7148.62890625
7146.89892578125
7145.16357421875
7143.43505859375
7141.701171875
7139.966796875
7138.23291015625
7136.50146484375
7134.77099609375
7133.0439453125
7131.33544921875
7129.6337890625
7127.96240234375
7126.3349609375
7124.78955078125
7123.3173828125
7121.966796875
7120.650390625
7119.2919921875
7117.57470703125
7115.4140625
7112.8974609375
7110.42041015625
7108.3525390625
7106.71435546875
7105.2861328125
7103.7119140625
7101.77001953125
7099.52880859375
7097.25341796875
7095.1826171875
7093.3701171875
7091.66845703125
7089.88330078125
7087.90673828125
7085.8232421875
7083.76220703125
7081.84423828125
7080.0615234375
7078.31201171875
7076.5107421875
7074.63037109375
7072.7236328125
7070.873046875
7069.13916015625
7067.5078125
7065.97119140625
7064.478515625
7063.0009765625
7061.30810546875
7059.37744140625
7057.39599609375
7056.0966796875
7055.947265625
7056.68701171875
7056.58935546875
7053.6494140625
7048.72216796875
7045.46630859375
7045.20703125
7045.6669921875
7044.90185546875
7044.11181640625
7046.43896484375
7052.330078125
7056.44091796875
7050.5703125
7036.58349609375
7032.68701171875
7039.439453125
7039.71044921875
7028.76904296875
7023.123046875
7025.80419921875
7024.43603515625
7018.9482421875
7017.33349609375
7016.9970703125
7013.06640625
7010.25537109375
7010.5517578125
7008.29248046875
7004.3681640625
7003.3330078125
7002.94384765625
6999.9482421875
6996.93603515625
6996.0830078125
6994.92041015625
6992.3857421875
6990.3603515625
6989.2529296875
6987.4765625
6985.15771484375
6983.5263671875
6982.197265625
6980.2353515625
6978.2939453125
6976.9267578125
6975.2626953125
6973.21923828125
6971.5634765625
6970.12939453125
6968.34765625
6966.4375
6964.83154296875
6963.2919921875
6961.50048828125
6959.65625
6958.0146484375
6956.3984375
6954.6103515625
6952.78662109375
6951.05908203125
6949.32470703125
6947.48876953125
6945.63916015625
6943.849609375
6942.046875
6940.1884765625
6938.34619140625
6936.55029296875
6934.7353515625
6932.9072265625
6931.1064453125
6929.349609375
6927.60595703125
6925.83935546875
6924.09375
6922.38525390625
6920.701171875
6919.0146484375
6917.3564453125
6915.7451171875
6914.18359375
6912.68212890625
6911.25146484375
6909.95458984375
6908.86083984375
6908.1123046875
6907.7861328125
6907.861328125
6907.3798828125
6905.26953125
6901.03515625
6896.78271484375
6894.6298828125
6894.24462890625
6893.5
6891.03125
6887.8408203125
6885.77734375
6885.10400390625
6884.48974609375
6883.0947265625
6881.39794921875
6880.267578125
6879.21875
6877.48046875
6874.830078125
6872.1923828125
6870.3056640625
6869.037109375
6868.1923828125
6867.130859375
6866.19140625
6864.21826171875
6861.7724609375
6858.96826171875
6856.98046875
6855.8642578125
6855.34033203125
6854.134765625
6852.4150390625
6850.0302734375
6848.20068359375
6846.63427734375
6845.35498046875
6843.9345703125
6842.69580078125
6841.67578125
6841.3115234375
6840.64990234375
6839.99169921875
6838.24755859375
6836.3037109375
6834.517578125
6833.28955078125
6832.77978515625
6832.75537109375
6833.03076171875
6833.1240234375
6832.541015625
6830.56884765625
6827.44091796875
6823.9765625
6821.35107421875
6820.0947265625
6820.01416015625
6820.48583984375
6820.83740234375
6821.15380859375
6821.0224609375
6820.78271484375
6820.09326171875
6818.955078125
6817.7099609375
6817.08642578125
6818.103515625
6819.54052734375
6820.833984375
6820.00830078125
6818.55078125
6817.169921875
6816.5166015625
6815.91943359375
6812.869140625
6807.25
6800.333984375
6795.029296875
6792.322265625
6792.0234375
6791.79052734375
6789.84033203125
6786.3837890625
6782.8857421875
6781.29345703125
6781.3974609375
6782.0107421875
6780.8046875
6777.046875
6771.3720703125
6766.12109375
6763.068359375
6761.814453125
6760.94091796875
6759.1474609375
6756.513671875
6753.70654296875
6751.50732421875
6750.21142578125
6749.4306640625
6749.015625
6748.041015625
6746.85791015625
6744.5078125
6742.14501953125
6739.625
6737.900390625
6736.5263671875
6735.09814453125
6733.1689453125
6730.92138671875
6728.7783203125
6727.109375
6725.8681640625
6724.9482421875
6724.181640625
6723.39208984375
6722.2119140625
6720.3603515625
6717.73095703125
6715.09130859375
6712.5712890625
6710.99658203125
6709.58349609375
6708.62548828125
6707.61279296875
6706.5927734375
6705.44287109375
6704.15625
6703.08935546875
6702.369140625
6702.3154296875
6702.41650390625
6702.41064453125
6701.6396484375
6700.15185546875
6697.94287109375
6695.4638671875
6692.68212890625
6690.0537109375
6687.40625
6685.2578125
6683.61572265625
6682.765625
6682.5849609375
6682.87744140625
6683.32763671875
6683.64208984375
6683.6142578125
6683.14208984375
6682.642578125
6682.125
6681.86376953125
6680.3173828125
6678.01611328125
6674.24609375
6671.71240234375
6669.90625
6669.13134765625
6668.4921875
6668.67041015625
6670.21923828125
6671.54931640625
6669.072265625
6663.2880859375
6660.2451171875
6660.126953125
6659.208984375
6657.583984375
6655.9306640625
6656.46337890625
6654.83447265625
6653.5556640625
6651.44970703125
6649.0615234375
6645.24169921875
6642.2978515625
6640.5205078125
6639.61962890625
6639.0439453125
6639.1318359375
6639.4228515625
6639.61767578125
6638.85009765625
6637.5009765625
6635.13427734375
6633.580078125
6632.37158203125
6632.13720703125
6631.0751953125
6630.697265625
6630.14208984375
6628.98095703125
6626.494140625
6622.7255859375
6618.13232421875
6613.404296875
6609.53369140625
6607.095703125
6606.22265625
6606.111328125
6606.08935546875
6606.23291015625
6605.8359375
6604.98095703125
6603.28125
6601.2802734375
6598.3701171875
6595.21533203125
6591.7822265625
6589.1435546875
6587.63232421875
6587.37353515625
6588.1728515625
6589.45556640625
6590.71630859375
6591.666015625
6592.03515625
6592.27099609375
6591.37353515625
6589.87548828125
6586.9853515625
6583.92041015625
6581.1513671875
6579.45849609375
6578.779296875
6578.5625
6578.5
6577.896484375
6576.98388671875
6575.41552734375
6573.59033203125
6571.10693359375
6568.47314453125
6565.52392578125
6563.1181640625
6561.39990234375
6560.5078125
6559.94091796875
6559.1806640625
6557.9150390625
6556.1904296875
6554.4072265625
6553.02587890625
6551.884765625
6550.8544921875
6549.30712890625
6547.42529296875
6545.33154296875
6543.48681640625
6542.03173828125
6541.009765625
6540.10888671875
6539.37939453125
6538.56298828125
6537.8388671875
6537.095703125
6536.197265625
6535.05615234375
6533.41552734375
6531.41015625
6529.26171875
6527.2666015625
6525.81591796875
6525.09375
6524.85400390625
6525.05322265625
6524.78369140625
6524.0732421875
6522.10107421875
6519.56640625
6516.50634765625
6513.9658203125
6511.9638671875
6510.6337890625
6509.599609375
6508.54541015625
6507.33740234375
6505.91357421875
6504.6611328125
6503.4423828125
6502.6669921875
6501.75439453125
6501.13623046875
6500.3037109375
6499.5712890625
6498.67578125
6497.66943359375
6496.509765625
6495.12451171875
6493.7373046875
6492.326171875
6491.14404296875
6490.0830078125
6489.09814453125
6488.10791015625
6487.25830078125
6486.7265625
6486.44384765625
6486.23388671875
6485.5791015625
6484.59423828125
6483.23486328125
6482.2529296875
6481.72900390625
6481.890625
6482.0888671875
6481.8642578125
6480.6259765625
6478.310546875
6475.3349609375
6472.37060546875
6470.02783203125
6468.4716796875
6467.35595703125
6466.3447265625
6464.90087890625
6463.224609375
6461.41943359375
6460.11474609375
6459.408203125
6459.42041015625
6459.7041015625
6459.9169921875
6459.42236328125
6458.0224609375
6455.47509765625
6452.2900390625
6448.7451171875
6445.650390625
6443.0126953125
6441.31689453125
6440.1142578125
6439.79638671875
6439.77783203125
6440.32666015625
6440.68701171875
6440.97900390625
6440.42236328125
6439.37841796875
6437.4365234375
6435.29296875
6433.01025390625
6430.78662109375
6428.759765625
6426.603515625
6424.451171875
6422.27734375
6420.5859375
6419.52685546875
6419.41552734375
6419.83154296875
6420.8486328125
6421.8466796875
6422.8837890625
6423.375
6423.44970703125
6422.83544921875
6421.7646484375
6420.18212890625
6418.26220703125
6415.8134765625
6412.888671875
6409.57470703125
6406.42138671875
6403.9482421875
6402.6044921875
6402.5166015625
6403.353515625
6404.677734375
6405.29296875
6404.9609375
6402.625
6399.39599609375
6395.5830078125
6392.6455078125
6391.080078125
6390.7431640625
6390.9873046875
6391.3173828125
6391.4306640625
6391.15185546875
6390.7890625
6389.7626953125
6388.431640625
6386.05859375
6383.61328125
6380.71240234375
6378.4853515625
6377.1083984375
6376.736328125
6377.34765625
6378.08447265625
6378.931640625
6378.78564453125
6378.26171875
6376.880859375
6375.59033203125
6374.181640625
6373.12939453125
6371.80126953125
6370.4560546875
6368.6240234375
6366.9052734375
6365.29833984375
6364.47900390625
6364.255859375
6364.544921875
6364.83203125
6364.3896484375
6363.17138671875
6360.56201171875
6357.263671875
6353.400390625
6349.88330078125
6346.9306640625
6344.86669921875
6343.2666015625
6342.03369140625
6340.4482421875
6338.6845703125
6336.3359375
6334.115234375
6331.890625
6330.2216796875
6328.7568359375
6327.6005859375
6326.42431640625
6325.34375
6324.412109375
6323.80810546875
6323.62890625
6323.703125
6323.849609375
6323.509765625
6322.54736328125
6320.693359375
6318.439453125
6316.1845703125
6314.427734375
6313.326171875
6312.76611328125
6312.5703125
6312.50439453125
6312.51806640625
6312.47021484375
6312.4921875
6312.69921875
6313.421875
6315.0830078125
6316.794921875
6317.982421875
6316.81494140625
6313.41796875
6307.92529296875
6302.484375
6298.5166015625
6296.708984375
6296.51171875
6296.74755859375
6296.4560546875
6295.33837890625
6293.478515625
6291.595703125
6290.0341796875
6289.35888671875
6289.42626953125
6290.11328125
6290.85693359375
6291.28466796875
6291.048828125
6290.2080078125
6288.994140625
6288.20263671875
6288.81640625
6291.91357421875
6296.27734375
6297.541015625
6291.87255859375
6283.2177734375
6277.84814453125
6277.2490234375
6276.5732421875
6273.8095703125
6270.31298828125
6268.77880859375
6268.81396484375
6268.05712890625
6265.5400390625
6262.751953125
6261.1376953125
6260.2451171875
6259.310546875
6258.9140625
6259.0234375
6258.861328125
6257.82666015625
6256.9404296875
6256.775390625
6257.4404296875
6258.18603515625
6258.7783203125
6259.185546875
6259.6455078125
6259.623046875
6258.82080078125
6257.30712890625
6255.68115234375
6253.8271484375
6251.6845703125
6249.43994140625
6247.55615234375
6246.11572265625
6245.3896484375
6244.47314453125
6243.45703125
6241.66748046875
6239.96337890625
6238.48828125
6237.61181640625
6237.20263671875
6236.8720703125
6236.07421875
6234.3837890625
6231.916015625
6228.81298828125
6226.08203125
6224.00390625
