7158.9921875
7147.0068359375
7135.6005859375
7124.7412109375
7114.3984375
7104.5341796875
7095.103515625
7086.0732421875
7077.4150390625
7069.10986328125
7061.1259765625
7053.45751953125
7046.08544921875
7039.00341796875
7032.1923828125
7025.64697265625
7019.3486328125
7013.2861328125
7007.45166015625
7001.828125
6996.4013671875
6991.166015625
6986.111328125
6981.224609375
6976.5
6971.9189453125
6967.478515625
6963.173828125
6958.99609375
6954.935546875
6950.99853515625
6947.173828125
6943.453125
6939.8408203125
6936.3271484375
6932.9140625
6929.59765625
6926.3759765625
6923.2421875
6920.20263671875
6917.25341796875
6914.3916015625
6911.607421875
6908.90283203125
6906.2783203125
6903.7265625
6901.2509765625
6898.84375
6896.50390625
6894.23291015625
6892.02392578125
6889.8779296875
6887.7958984375
6885.765625
6883.79150390625
6881.8720703125
6880.00634765625
6878.18896484375
6876.41796875
6874.69189453125
6873.0087890625
6871.36962890625
6869.76806640625
6868.2080078125
6866.68505859375
6865.19775390625
6863.7451171875
6862.328125
6860.94873046875
6859.595703125
6858.2724609375
6856.98046875
6855.7177734375
6854.484375
6853.27490234375
6852.091796875
6850.93310546875
6849.80126953125
6848.68994140625
6847.60400390625
6846.54052734375
6845.498046875
6844.4765625
6843.4775390625
6842.4970703125
6841.533203125
6840.59228515625
6839.6669921875
6838.7607421875
6837.87158203125
6836.9990234375
6836.14453125
6835.3037109375
6834.47998046875
6833.671875
6832.87646484375
6832.0966796875
6831.33203125
6830.58154296875
6829.845703125
6829.1220703125
6828.412109375
6827.7138671875
6827.02783203125
6826.35546875
6825.69580078125
6825.04541015625
6824.408203125
6823.77783203125
6823.15869140625
6822.5537109375
6821.9560546875
6821.3701171875
6820.79248046875
6820.23046875
6819.6708984375
6819.12353515625
6818.5830078125
6818.0498046875
6817.52685546875
6817.01318359375
6816.5068359375
6816.00830078125
6815.517578125
6815.03369140625
6814.55859375
6814.087890625
6813.6279296875
6813.17138671875
6812.7236328125
6812.27978515625
6811.84375
6811.41455078125
6810.99169921875
6810.57421875
6810.16015625
6809.75244140625
6809.35107421875
6808.9541015625
6808.5634765625
6808.177734375
6807.79736328125
6807.42041015625
6807.04833984375
6806.681640625
6806.31787109375
6805.958984375
6805.603515625
6805.255859375
6804.91015625
6804.56884765625
6804.2294921875
6803.8955078125
6803.5654296875
6803.2392578125
6802.916015625
6802.595703125
6802.279296875
6801.96875
6801.658203125
6801.3525390625
6801.04931640625
6800.7490234375
6800.45361328125
6800.15771484375
6799.86767578125
6799.580078125
6799.294921875
6799.0126953125
6798.7314453125
6798.45458984375
6798.1806640625
6797.90576171875
6797.63671875
6797.37109375
6797.10693359375
6796.84521484375
6796.5859375
6796.3310546875
6796.076171875
6795.82666015625
6795.578125
6795.33203125
6795.087890625
6794.8466796875
6794.6064453125
6794.3701171875
6794.1328125
6793.9013671875
6793.671875
6793.44140625
6793.21435546875
6792.9921875
6792.76708984375
6792.5478515625
6792.330078125
6792.11474609375
6791.9033203125
6791.69287109375
6791.4892578125
523061.6875
55226.859375
45446.65234375
81677.8046875
45486.5078125
42071.5078125
38698.25
36267.40234375
35199.17578125
34695.87109375
33713.31640625
32439.392578125
31415.302734375
30776.5390625
30158.712890625
29229.21484375
28060.98828125
26948.2890625
26035.4296875
25231.767578125
24416.8125
23587.705078125
22801.15234375
22090.88671875
21420.0546875
20732.693359375
20016.2890625
19292.65625
18602.44921875
17960.505859375
17354.08203125
16779.7109375
16229.8974609375
15693.2041015625
15177.158203125
14696.982421875
14243.583984375
13796.587890625
13358.0478515625
12945.515625
12562.0869140625
12191.0234375
11824.15625
11473.33984375
11147.34765625
10843.341796875
10554.45703125
10275.65234375
10006.46484375
9748.23046875
9500.2373046875
9264.001953125
9039.0234375
8819.84765625
8605.935546875
8400.853515625
8205.15234375
8017.9013671875
7838.24560546875
7665.8349609375
7500.8037109375
7343.2744140625
7192.66162109375
7048.11669921875
6909.1015625
6776.2666015625
6649.4111328125
6526.7041015625
6406.833984375
6290.65380859375
6179.2109375
6071.79345703125
5967.60693359375
5867.1494140625
5770.1005859375
5675.1943359375
5582.361328125
5492.45703125
5406.001953125
5322.38671875
5241.09375
5162.20166015625
5085.6357421875
5011.23779296875
4938.79248046875
4868.4365234375
4800.04296875
4733.3486328125
4668.1943359375
4604.52685546875
4542.4482421875
4481.8916015625
4422.79052734375
4365.125
4308.8662109375
4253.998046875
4200.5234375
4148.4208984375
4097.6376953125
4048.0810546875
3999.68310546875
3952.4296875
3906.25341796875
3861.08251953125
3816.8935546875
3773.65869140625
3731.35498046875
3689.92724609375
3649.3486328125
3609.59765625
3570.61767578125
3532.32275390625
3494.6875
3457.7138671875
3421.396484375
3385.7431640625
3350.6845703125
3316.21826171875
3282.25830078125
3248.74169921875
3215.6220703125
3182.81884765625
3150.333984375
3118.42041015625
3088.125
3059.3369140625
3028.7177734375
2999.8173828125
2971.5380859375
2943.25830078125
2915.50634765625
2888.13525390625
2861.00146484375
2834.13818359375
2807.74267578125
2781.7080078125
2755.81787109375
2730.2265625
2705.0224609375
2680.2138671875
2655.54150390625
2631.1474609375
2607.123046875
2583.55322265625
2560.31982421875
2537.4423828125
2514.8671875
2492.689453125
2470.83203125
2449.2294921875
2427.8017578125
2406.6015625
2385.60498046875
2364.84619140625
2344.3056640625
2324.01513671875
2303.97265625
2284.20458984375
2264.72216796875
2245.51806640625
2226.5546875
2207.86279296875
2189.41748046875
2171.212890625
2153.1787109375
2135.33349609375
2117.6875
2100.1845703125
2082.85107421875
2065.6669921875
2048.6513671875
2031.783203125
2015.11181640625
1998.640625
1982.36376953125
1966.30712890625
1950.48779296875
1934.89892578125
1919.5185546875
1904.34033203125
1889.3623046875
1874.5556640625
1859.9052734375
1845.41650390625
1831.08203125
1816.9091796875
1802.89892578125
1789.0556640625
1775.3837890625
1761.8935546875
1748.56787109375
1735.4072265625
1722.41064453125
1709.56103515625
1696.87890625
1684.3603515625
1671.982421875
1659.75
1647.66943359375
1635.72412109375
1623.92919921875
1612.271484375
1600.7587890625
1589.37060546875
1578.0849609375
1566.90576171875
1555.8359375
1544.9091796875
1534.087890625
1523.36669921875
1512.7734375
1502.298828125
1491.916015625
1481.62451171875
1471.4658203125
1461.49560546875
1451.79150390625
1442.4931640625
1433.814453125
1425.65869140625
1416.6044921875
1405.208984375
1393.259765625
1384.2861328125
1376.66064453125
1366.7158203125
1355.8486328125
1347.06787109375
1338.68896484375
1328.755859375
1319.11279296875
1310.5849609375
1301.361328125
1291.6904296875
1282.91650390625
1274.0361328125
1264.5
1255.55908203125
1247.0576171875
1238.01953125
1229.0205078125
1220.53662109375
1211.9462890625
1203.36083984375
1195.30859375
1187.3798828125
1179.28759765625
1171.52880859375
1164.12060546875
1156.5146484375
1148.7802734375
1141.3935546875
1134.197265625
1126.8994140625
1119.69580078125
1112.63525390625
1105.57080078125
1098.5537109375
1091.74462890625
1085.02197265625
1078.3046875
1071.580078125
1064.58203125
1057.6513671875
1051.26318359375
1044.7822265625
1037.9716796875
1031.642578125
1025.513671875
1018.9970703125
1012.71337890625
1006.71630859375
1000.45751953125
994.31201171875
988.34814453125
982.1748046875
976.123046875
970.20458984375
964.1083984375
958.07666015625
952.14697265625
946.11572265625
940.14111328125
934.2333984375
928.2939453125
922.50146484375
916.89501953125
911.4375
906.154296875
900.962890625
894.978515625
888.5537109375
882.38720703125
877.12646484375
872.31591796875
866.98291015625
861.33935546875
856.48583984375
853.24951171875
851.837890625
850.6494140625
845.7705078125
836.3037109375
833.8212890625
836.38134765625
830.8466796875
817.25341796875
810.01025390625
809.31982421875
802.55322265625
793.22314453125
790.12109375
786.87109375
779.22412109375
774.37890625
770.70849609375
765.3505859375
760.89013671875
755.00732421875
749.54443359375
746.4560546875
741.28955078125
735.52099609375
731.37060546875
726.681640625
722.3515625
717.923828125
712.71826171875
708.6630859375
704.56103515625
699.6943359375
695.5400390625
691.2197265625
686.45166015625
682.2021484375
677.99755859375
673.67626953125
669.34130859375
664.62060546875
660.318359375
656.8115234375
652.880859375
648.427734375
644.259765625
640.28271484375
636.39306640625
632.43115234375
628.24169921875
624.41796875
621.03125
617.4697265625
613.95263671875
610.017578125
605.890625
601.35986328125
596.9365234375
593.0703125
589.681640625
586.2109375
582.2783203125
578.50634765625
575.5576171875
572.498046875
568.826171875
563.9599609375
559.99365234375
556.615234375
553.6171875
550.65576171875
546.748046875
542.005859375
537.88037109375
535.5263671875
533.44677734375
530.25244140625
526.27978515625
522.4609375
519.63720703125
517.5322265625
514.828125
510.333984375
505.166015625
501.845703125
500.23486328125
498.01904296875
494.0439453125
489.74853515625
486.58544921875
483.8984375
480.51416015625
476.8349609375
473.77587890625
471.1591796875
468.0830078125
464.6240234375
461.46337890625
458.54296875
455.52978515625
452.6953125
450.41552734375
448.1455078125
445.3408203125
442.40283203125
439.962890625
437.0146484375
433.34912109375
430.13525390625
428.478515625
427.18115234375
424.333984375
420.00537109375
416.18701171875
413.9404296875
412.54296875
410.17333984375
407.9365234375
403.42724609375
400.0439453125
396.4287109375
394.5888671875
393.99267578125
391.41015625
389.5029296875
386.244140625
384.91796875
384.59375
381.978515625
378.80419921875
375.8271484375
372.83642578125
370.03857421875
365.56201171875
362.318359375
360.8046875
359.26025390625
356.828125
353.138671875
350.17236328125
348.52197265625
346.64013671875
344.19140625
341.56591796875
339.8388671875
338.82763671875
337.1455078125
335.06884765625
333.15576171875
331.67822265625
330.03466796875
328.14892578125
326.32080078125
325.69091796875
323.1572265625
319.72705078125
313.43115234375
309.3759765625
308.55517578125
308.134765625
305.81689453125
301.5380859375
298.12841796875
295.68896484375
292.7607421875
289.73974609375
287.35107421875
285.56689453125
283.85693359375
281.72705078125
279.3603515625
277.20361328125
275.48681640625
273.7841796875
272.10009765625
270.70068359375
269.51904296875
267.8466796875
265.9658203125
264.07861328125
261.998046875
260.06689453125
258.85546875
258.00341796875
256.34619140625
253.80517578125
251.2685546875
248.310546875
246.23681640625
243.27490234375
241.3544921875
239.22265625
237.0546875
235.0341796875
233.17138671875
231.78466796875
229.5224609375
227.29345703125
224.8583984375
223.546875
221.94140625
220.88623046875
218.302734375
216.52197265625
216.12158203125
216.595703125
216.66357421875
214.5126953125
214.33984375
212.7177734375
213.1123046875
212.3515625
207.87451171875
204.82958984375
204.119140625
205.2822265625
205.9248046875
205.0234375
203.08837890625
200.35595703125
198.798828125
198.80908203125
198.7001953125
197.515625
194.11181640625
189.4775390625
185.689453125
183.36865234375
181.97314453125
180.4833984375
178.60986328125
176.6474609375
174.68701171875
173.10693359375
171.5283203125
169.2109375
166.1455078125
163.3046875
161.61962890625
160.76318359375
159.849609375
158.4140625
156.572265625
154.77490234375
153.16943359375
151.62060546875
149.9365234375
148.2333984375
147.0
146.3720703125
146.00244140625
145.42529296875
144.39208984375
143.34228515625
142.29248046875
141.3583984375
140.0673828125
138.68408203125
137.4189453125
136.28271484375
135.15185546875
133.650390625
132.05859375
130.4111328125
128.94140625
127.65185546875
126.50390625
125.423828125
124.24951171875
123.08935546875
122.03271484375
121.2919921875
121.05126953125
121.16357421875
121.52001953125
121.8291015625
122.33056640625
123.0595703125
124.078125
124.1767578125
122.3046875
117.60791015625
112.38330078125
109.14208984375
108.62744140625
108.67724609375
107.41796875
104.96435546875
103.26025390625
103.099609375
103.7158203125
103.06689453125
100.9453125
97.740234375
95.41064453125
94.8193359375
95.830078125
97.77197265625
100.2001953125
102.98095703125
105.7841796875
107.1474609375
106.173828125
102.04443359375
96.53076171875
91.84130859375
89.74755859375
89.72900390625
89.4326171875
88.3603515625
86.6181640625
85.08544921875
83.34765625
81.3427734375
81.2099609375
88.091796875
87.7734375
78.89013671875
83.72998046875
77.83447265625
77.67138671875
79.61083984375
77.97802734375
77.63818359375
71.51123046875
67.77734375
64.53369140625
64.0107421875
64.52587890625
63.35302734375
62.576171875
60.2138671875
60.015625
58.55517578125
58.4912109375
56.34716796875
55.23388671875
52.66650390625
51.53564453125
49.3984375
48.5078125
47.046875
46.3525390625
44.904296875
43.60986328125
42.173828125
41.3251953125
40.8720703125
40.451171875
39.73681640625
38.67578125
37.61376953125
36.76611328125
35.8427734375
35.0625
34.181640625
33.76611328125
33.56689453125
33.1005859375
31.61328125
29.3486328125
27.01171875
25.814453125
25.796875
26.76708984375
27.59130859375
28.06103515625
27.64697265625
26.90380859375
25.55810546875
24.2822265625
23.12060546875
22.39501953125
21.7587890625
20.86767578125
19.82958984375
19.0048828125
18.67529296875
18.42529296875
18.005859375
17.328125
16.7626953125
16.2119140625
15.826171875
15.21826171875
15.36572265625
15.51806640625
15.9501953125
15.39892578125
13.83447265625
11.85400390625
10.1298828125
8.4267578125
5.943359375
3.0029296875
0.5849609375
-0.31982421875
-0.3486328125
-0.56884765625
-1.92919921875
-3.865234375
-5.0458984375
-4.8515625
-3.486328125
-2.2509765625
-1.267578125
-1.673828125
-2.89111328125
-5.45263671875
-8.19873046875
-9.88037109375
-10.185546875
-9.47265625
-9.19287109375
-9.16357421875
-9.34765625
-7.91650390625
-5.84375
-2.27197265625
-2.4755859375
-3.60888671875
-6.15185546875
-4.837890625
-1.1962890625
0.7802734375
0.75732421875
2.17822265625
4.1484375
4.12744140625
0.7919921875
-2.8212890625
-6.4697265625
-10.08740234375
-12.56982421875
-12.736328125
-12.00244140625
-11.06884765625
-10.361328125
-10.20849609375
-11.10400390625
-12.1611328125
-12.72021484375
-13.8779296875
-15.8173828125
-18.44091796875
-21.08056640625
-22.87890625
-23.19580078125
-21.86767578125
-19.8955078125
-17.03173828125
-14.708984375
-13.61572265625
-15.6396484375
-19.80517578125
-24.8984375
-28.8798828125
-30.998046875
-32.03662109375
-33.21240234375
-34.650390625
-35.20458984375
-34.89306640625
-35.06591796875
-37.146484375
-40.42431640625
-43.2841796875
-44.23046875
-44.2421875
-44.1064453125
-45.00048828125
-45.77490234375
-45.9931640625
-45.578125
-45.8369140625
-47.06591796875
-48.5771484375
-48.9716796875
-48.17529296875
-47.25634765625
-47.40087890625
-48.76904296875
-50.70263671875
-52.45849609375
-53.771484375
-54.662109375
-55.21826171875
-55.24072265625
-54.748046875
-53.7568359375
-52.46630859375
-50.953125
-49.10009765625
-47.45703125
-46.29443359375
-46.9052734375
-48.59814453125
-51.19775390625
-52.83544921875
-53.5791015625
-53.1259765625
-52.56103515625
-51.751953125
-50.90380859375
-49.78466796875
-48.35791015625
-47.1171875
-46.14111328125
-45.35107421875
-43.77587890625
-40.71044921875
-36.7314453125
-34.27099609375
-36.28759765625
-42.74609375
-50.3212890625
-55.20654296875
-57.166015625
-58.169921875
-60.37353515625
-63.46484375
-65.83740234375
-66.6328125
-66.34716796875
-66.14892578125
-66.4619140625
-67.30419921875
-67.94873046875
-68.15673828125
-67.53076171875
-65.89599609375
-63.64111328125
-61.29638671875
-60.1337890625
-60.2822265625
-61.92578125
-64.0537109375
-66.89453125
-69.79052734375
-73.02197265625
-75.64501953125
-77.17822265625
-77.00048828125
-75.462890625
-73.2958984375
-71.4365234375
-69.90869140625
-70.5712890625
-72.44970703125
-77.30859375
-79.7265625
-78.48486328125
-77.5078125
-78.5029296875
-80.77294921875
-81.7080078125
-82.0849609375
-82.056640625
-81.8701171875
-81.7451171875
-83.09716796875
-84.51953125
-85.7919921875
-86.57373046875
-87.40380859375
-88.4404296875
-90.17822265625
-92.49365234375
-94.21826171875
-94.24169921875
-92.80810546875
-91.10546875
-90.025390625
-89.5244140625
-89.29248046875
-89.10302734375
-88.4765625
-87.03515625
-84.94189453125
-82.94140625
-81.07861328125
-79.87353515625
-79.0791015625
-79.30712890625
-79.287109375
-78.78076171875
-77.11279296875
-75.17919921875
-73.318359375
-72.79296875
-74.22265625
-78.1455078125
-84.12939453125
-90.35546875
-95.431640625
-97.890625
-98.0244140625
-96.1416015625
-93.607421875
-90.82861328125
-88.3837890625
-85.32373046875
-82.83154296875
-80.18701171875
-81.0400390625
-83.068359375
-84.470703125
-84.7109375
-84.64697265625
-88.0673828125
-93.43310546875
-98.4755859375
-100.4326171875
-99.89501953125
-98.45849609375
-96.47900390625
-94.79541015625
-94.20263671875
-94.92529296875
-95.44677734375
-95.85009765625
-96.7041015625
-98.7900390625
-100.806640625
-101.873046875
-101.81982421875
-100.7568359375
-98.68115234375
-96.58740234375
-95.56201171875
-97.083984375
-100.4697265625
-105.02490234375
-109.505859375
-112.7431640625
-114.140625
-113.8447265625
-112.7587890625
-111.68017578125
-111.0625
-110.85009765625
-111.03369140625
-111.0712890625
-110.4853515625
-109.14404296875
-107.306640625
-105.7734375
-105.07666015625
-105.4501953125
-106.31884765625
-106.833984375
-106.62451171875
-106.53173828125
-107.44873046875
-109.984375
-113.46875
-116.58984375
-117.916015625
-116.88671875
-114.06298828125
-110.8876953125
-108.91259765625
-108.2744140625
-108.69677734375
-108.4921875
-107.90869140625
-106.703125
-106.6396484375
-107.30322265625
-109.28759765625
-110.4287109375
-111.09912109375
-110.33837890625
-109.400390625
-108.0556640625
-106.8681640625
-105.75537109375
-106.24072265625
-108.904296875
-113.97314453125
-119.80322265625
-124.5224609375
-127.29931640625
-128.12255859375
-127.5673828125
-125.64794921875
-122.15673828125
-117.783203125
-117.13330078125
-120.84228515625
-119.95361328125
-118.2275390625
-121.7275390625
-122.2666015625
-122.759765625
-126.857421875
-127.02880859375
-125.552734375
-125.345703125
-122.166015625
-119.306640625
-118.43017578125
-116.83544921875
-151.30615234375
-141.7421875
-133.86279296875
-157.14453125
-140.00048828125
-148.37060546875
-156.34765625
-144.1123046875
-157.64208984375
-153.87548828125
-152.072265625
-160.34228515625
-154.73779296875
-158.25341796875
-160.90234375
-157.4794921875
-162.00732421875
-161.1220703125
-160.8779296875
-163.65869140625
-162.23095703125
-163.5693359375
-164.5439453125
-163.9609375
-165.35693359375
-165.56005859375
-165.654296875
-166.73486328125
-166.66943359375
-167.27294921875
-167.84423828125
-167.96923828125
-168.62353515625
-168.94775390625
-169.28466796875
-169.81787109375
-170.0859375
-170.5234375
-170.94482421875
-171.24267578125
-171.701171875
-172.03564453125
-172.39990234375
-172.80419921875
-173.1396484375
-173.515625
-173.88720703125
-174.2158203125
-174.59814453125
-174.939453125
-175.2744140625
-175.63916015625
-175.9599609375
-176.29833984375
-176.63037109375
-176.9462890625
-177.2705078125
-177.599609375
-177.9208984375
-178.25634765625
-178.5859375
-178.927734375
-179.2607421875
-179.6142578125
-179.97705078125
-180.349609375
-180.75244140625
-181.16650390625
-181.6103515625
-182.083984375
-182.5869140625
-183.12939453125
-183.70166015625
-184.31689453125
-184.96728515625
-185.6376953125
-186.29052734375
-186.8828125
-187.30029296875
-187.48681640625
-187.6171875
-187.85546875
-188.13671875
-188.4150390625
-188.70361328125
-188.97900390625
-189.2431640625
-189.50634765625
-189.77587890625
-190.05517578125
-190.33740234375
-190.62548828125
-190.9091796875
-191.15576171875
-191.384765625
-191.61865234375
-191.8564453125
-192.10546875
-192.349609375
-192.58056640625
-192.80859375
-193.03759765625
-193.2578125
-193.4775390625
-193.71044921875
-193.93505859375
-194.15771484375
-194.37890625
-194.599609375
-194.81591796875
-195.02734375
-195.24365234375
-195.4609375
-195.673828125
-195.8828125
-196.0888671875
-196.29931640625
-196.50537109375
-196.7109375
-196.92236328125
-197.12744140625
-197.32666015625
-197.525390625
-197.72900390625
-197.93115234375
-198.13427734375
-198.3330078125
-198.5322265625
-198.7294921875
-198.92529296875
-199.11962890625
-199.31982421875
-199.51318359375
-199.7041015625
-199.900390625
-200.09326171875
-200.28271484375
-200.47900390625
-200.66748046875
-200.8564453125
-201.04248046875
-201.22900390625
-201.4150390625
-201.59765625
-201.78564453125
-201.970703125
-202.150390625
-202.33984375
-202.5244140625
-202.71484375
-202.89404296875
-203.07666015625
-203.255859375
-203.43798828125
-203.6162109375
-203.7978515625
-203.97509765625
-204.1533203125
-204.32958984375
-204.5068359375
-204.68408203125
-204.86181640625
-205.033203125
-205.20703125
-205.37939453125
-205.55322265625
-205.72607421875
-205.9013671875
-206.0791015625
-206.2509765625
-206.42333984375
-206.59521484375
-206.7626953125
-206.93505859375
-207.1044921875
-207.2744140625
-207.44140625
-207.60693359375
-207.77685546875
-207.94189453125
-208.11572265625
-208.28173828125
-208.4501953125
-208.615234375
-208.783203125
-208.9482421875
-209.11328125
-209.27587890625
-209.4423828125
-209.60302734375
-209.77099609375
-209.9365234375
-210.0966796875
-210.2587890625
-210.42333984375
-210.58154296875
-210.7412109375
-210.8994140625
-211.0615234375
-211.21875
-211.3779296875
-211.53564453125
-211.68896484375
-211.84814453125
-212.0029296875
-212.16162109375
-212.31494140625
-212.47021484375
-212.62109375
-212.77392578125
-212.9267578125
-213.083984375
-213.23779296875
-213.39208984375
-213.54443359375
-213.7001953125
-213.85498046875
-214.005859375
-214.15625
-214.31103515625
-214.46435546875
-214.61474609375
-214.76416015625
-214.91455078125
-215.0625
-215.20947265625
-215.36083984375
-215.50732421875
-215.65673828125
-215.80517578125
-215.9521484375
-216.09765625
-216.24658203125
-216.3955078125
-216.5419921875
-216.6904296875
-216.83740234375
-216.98095703125
-217.12744140625
-217.27392578125
-217.41943359375
-217.56396484375
-217.70703125
-217.8486328125
-217.990234375
-218.13330078125
-218.27685546875
-218.4228515625
-218.56787109375
-218.70654296875
-218.8486328125
-218.99169921875
-219.130859375
-219.27392578125
-219.40966796875
-219.55078125
-219.68994140625
-219.8330078125
-219.9697265625
-220.11181640625
-220.25
-220.388671875
-220.52490234375
-220.66650390625
-220.8056640625
-220.94287109375
-221.0751953125
-221.212890625
-221.34716796875
-221.4873046875
-221.62646484375
-221.7626953125
-221.89794921875
-222.02783203125
-222.16259765625
-222.2978515625
-222.43701171875
-222.572265625
-222.7080078125
-222.84228515625
-222.9794921875
-223.11279296875
-223.24267578125
-223.376953125
-223.509765625
-223.63916015625
-223.767578125
-223.8994140625
-224.029296875
-224.15673828125
-224.28759765625
-224.4228515625
-224.55078125
-224.68359375
-224.81298828125
-224.943359375
-225.07275390625
-225.20263671875
-225.3310546875
-225.45947265625
-225.58984375
-225.71630859375
-225.84326171875
-225.970703125
-226.1005859375
-226.22900390625
-226.3583984375
-226.48388671875
-226.60595703125
-226.7275390625
-226.85400390625
-226.978515625
-227.1044921875
-227.228515625
-227.35546875
-227.47900390625
-227.60107421875
-227.73291015625
-227.8544921875
-227.9794921875
-228.10400390625
-228.228515625
-228.35400390625
-228.4794921875
-228.6064453125
-228.72998046875
-228.85546875
-228.978515625
-229.10888671875
-229.2314453125
-229.35791015625
-229.482421875
-229.60498046875
-229.7275390625
-229.85400390625
-229.97509765625
-230.09765625
-230.22021484375
-230.341796875
-230.46533203125
-230.58544921875
-230.70703125
-230.83203125
-230.9541015625
-231.072265625
-231.19189453125
-231.3125
-231.43408203125
-231.5576171875
-231.677734375
-231.796875
-231.919921875
-232.04052734375
-232.162109375
-232.27978515625
-232.400390625
-232.52099609375
-232.640625
-232.7607421875
-232.880859375
-233.0
-233.11669921875
-233.2294921875
-233.3447265625
-233.455078125
-233.5546875
-233.64111328125
-233.71240234375
-233.75146484375
-233.744140625
-233.6796875
-233.52294921875
-233.3056640625
-233.04931640625
-232.9599609375
-233.11083984375
-233.6533203125
-234.37353515625
-234.982421875
-235.259765625
-235.2158203125
-235.04736328125
-234.982421875
-235.1533203125
-235.49609375
-235.8525390625
-236.07080078125
-236.13916015625
-236.140625
-236.1845703125
-236.3251953125
-236.53369140625
-236.73681640625
-236.8935546875
-236.99853515625
-237.08837890625
-237.18701171875
-237.310546875
-237.45361328125
-237.59375
-237.7265625
-237.84716796875
-237.96728515625
-238.08642578125
-238.20751953125
-238.32666015625
-238.44482421875
-238.56201171875
-238.69140625
-238.82080078125
-238.94970703125
-239.0732421875
-239.19091796875
-239.306640625
-239.421875
-239.5419921875
-239.67138671875
-239.80322265625
-239.9345703125
-240.06005859375
-240.181640625
-240.306640625
-240.43017578125
-240.55322265625
-240.68603515625
-240.82373046875
-240.970703125
-241.1103515625
-241.2509765625
-241.392578125
-241.5390625
-241.6884765625
-241.8427734375
-242.00390625
-242.17041015625
-242.3388671875
-242.51220703125
-242.69482421875
-242.876953125
-243.068359375
-243.265625
-243.46337890625
-243.67431640625
-243.88525390625
-244.10205078125
-244.32421875
-244.54833984375
-244.77490234375
-245.0078125
-245.24072265625
-245.47900390625
-245.72265625
-245.9658203125
-246.203125
-246.4443359375
-246.6865234375
-246.931640625
-247.1708984375
-247.4072265625
-247.63818359375
-247.8642578125
-248.0869140625
-248.296875
-248.49560546875
-248.67578125
-248.8388671875
-248.96240234375
-249.05126953125
-249.021484375
-248.91064453125
-248.52734375
-248.07373046875
-247.16015625
-246.65087890625
-245.73095703125
-244.8505859375
-242.65576171875
-239.6259765625
-239.41845703125
-243.671875
-248.67578125
-248.91015625
-245.701171875
-244.26953125
-246.123046875
-247.68408203125
-246.1572265625
-243.7109375
-242.9921875
-242.74755859375
-241.22705078125
-239.994140625
-242.287109375
-246.37353515625
-248.09765625
-246.4462890625
-244.13427734375
-242.83056640625
-242.2392578125
-242.21240234375
-242.97705078125
-243.7392578125
-243.9853515625
-244.53271484375
-246.24462890625
-247.82470703125
-247.845703125
-245.49951171875
-243.02392578125
-240.96826171875
-241.20703125
-243.05810546875
-245.73828125
-247.1494140625
-246.7529296875
-245.25927734375
-244.14208984375
-244.3818359375
-245.4111328125
-246.64599609375
-247.14794921875
-246.89697265625
-246.3017578125
-245.7041015625
-245.3427734375
-244.94091796875
-244.4462890625
-243.74267578125
-242.9833984375
-242.2724609375
-241.8662109375
-242.18896484375
-243.15576171875
-244.38916015625
-244.8388671875
-244.35791015625
-243.13525390625
-241.919921875
-241.2294921875
-240.93359375
-240.58642578125
-239.7568359375
-238.80859375
-238.1181640625
-238.11328125
-238.484375
-239.38818359375
-240.51025390625
-242.017578125
-243.2763671875
-243.79931640625
-243.111328125
-241.50830078125
-239.67724609375
-238.37353515625
-237.962890625
-238.52685546875
-239.98291015625
-242.3046875
-245.23828125
-248.1728515625
-250.37451171875
-251.298828125
-251.11083984375
-250.34033203125
-249.84521484375
-249.966796875
-250.7236328125
-251.64794921875
-252.40625
-252.740234375
-252.74951171875
-252.48291015625
-252.185546875
-251.8583984375
-251.62646484375
-251.453125
-251.42822265625
-251.67919921875
-252.32177734375
-253.408203125
-254.703125
-255.8359375
-256.52001953125
-256.67578125
-256.5087890625
-256.2548828125
-256.18408203125
-256.22021484375
-256.3642578125
-256.255859375
-255.91455078125
-255.13623046875
-254.29345703125
-253.27587890625
-252.57421875
-251.86083984375
-251.4892578125
-250.974609375
-250.537109375
-249.98095703125
-249.30419921875
-248.63818359375
-248.04541015625
-248.025390625
-248.4169921875
-249.05419921875
-249.4326171875
-249.56005859375
-249.52099609375
-249.57275390625
-249.93212890625
-250.5927734375
-251.376953125
-251.86767578125
-252.19189453125
-252.43701171875
-252.96337890625
-253.71142578125
-254.60986328125
-255.32080078125
-255.52734375
-255.10205078125
-254.01708984375
-252.80078125
-251.84423828125
-251.57958984375
-251.85009765625
-252.490234375
-253.173828125
-253.849609375
-254.3037109375
-254.53076171875
-254.3955078125
-254.064453125
-253.7529296875
-253.80419921875
-254.43505859375
-255.54296875
-256.7294921875
-257.43017578125
-257.40869140625
-256.72607421875
-256.02001953125
-255.5439453125
-255.77001953125
-256.4609375
-257.4736328125
-258.298828125
-258.67138671875
-258.56396484375
-257.970703125
-257.0869140625
-256.03271484375
-255.216796875
-254.89404296875
-255.1650390625
-255.5986328125
-255.82568359375
-255.68701171875
-255.53466796875
-255.66943359375
-256.171875
-256.73828125
-257.150390625
-257.23779296875
-257.3173828125
-257.52099609375
-257.99609375
-258.30615234375
-258.1416015625
-257.498046875
-256.6787109375
-256.337890625
-256.5048828125
-257.11083984375
-257.220703125
-256.5146484375
-254.6708984375
-252.3291015625
-249.9052734375
-248.28515625
-247.70947265625
-248.1328125
-248.74560546875
-249.25634765625
-249.9794921875
-251.55859375
-253.91748046875
-256.22900390625
-257.6162109375
-257.26611328125
-256.28125
-254.81787109375
-254.97216796875
-255.88330078125
-257.4169921875
-258.1533203125
-257.7021484375
-256.5751953125
-255.556640625
-255.564453125
-256.451171875
-258.400390625
-260.41552734375
-261.9384765625
-263.25146484375
-264.18994140625
-265.384765625
-266.267578125
-267.18896484375
-267.4619140625
-267.486328125
-267.154296875
-266.9345703125
-266.84130859375
-266.98291015625
-267.13330078125
-267.1923828125
-267.015625
-266.62890625
-265.96875
-265.0478515625
-263.8662109375
-262.29345703125
-260.5263671875
-258.259765625
-256.14794921875
-253.8837890625
-252.2236328125
-251.0263671875
-250.80224609375
-251.51318359375
-252.77587890625
-254.14697265625
-255.1923828125
-256.03466796875
-256.642578125
-257.353515625
-257.80419921875
-258.08154296875
-258.22119140625
-258.6328125
-259.6318359375
-261.1162109375
-262.92431640625
-264.345703125
-265.07861328125
-264.75732421875
-263.716796875
-262.39013671875
-261.40966796875
-260.97412109375
-260.8818359375
-260.50390625
-259.4287109375
-257.6435546875
-255.93359375
-255.0810546875
-255.69384765625
-257.32470703125
-259.35546875
-261.00341796875
-262.21826171875
-262.8271484375
-263.27099609375
-263.5087890625
-263.6455078125
-263.4404296875
-263.09326171875
-263.08251953125
-263.541015625
-264.68408203125
-265.890625
-266.98828125
-267.56201171875
-267.63623046875
-267.3662109375
-267.05810546875
-266.90234375
-267.00244140625
-267.33837890625
-267.83251953125
-268.46875
-269.11865234375
-269.7529296875
-270.322265625
-270.740234375
-271.06103515625
-271.16357421875
-271.25341796875
-271.248046875
-271.4208984375
-271.65478515625
-271.95654296875
-272.14697265625
-272.24755859375
-272.36328125
-272.64013671875
-272.99658203125
-273.14990234375
-272.9404296875
-272.37890625
-271.77685546875
-271.21142578125
-270.80859375
-270.15576171875
-269.1904296875
-267.6181640625
-265.81689453125
-263.9921875
-262.6708984375
-261.5712890625
-260.94677734375
-259.78466796875
-259.0703125
-258.0673828125
-257.64404296875
-257.91064453125
-258.83837890625
-260.40576171875
-261.8359375
-262.84912109375
-262.9267578125
-262.2099609375
-260.7451171875
-259.18017578125
-257.951171875
-257.484375
-258.1865234375
-259.6806640625
-261.5078125
-262.685546875
-262.55859375
-261.14599609375
-259.03515625
-257.009765625
-255.67578125
-254.8251953125
-254.666015625
-255.09326171875
-257.20654296875
-260.75732421875
-264.6513671875
-267.4541015625
-268.60107421875
-268.71142578125
-268.7158203125
-269.5732421875
-271.1982421875
-273.2861328125
-274.84375
-275.4853515625
-275.06640625
-274.3251953125
-273.78759765625
-273.7392578125
-273.7470703125
-273.81689453125
-273.681640625
-273.73974609375
-273.912109375
-274.4189453125
-274.96923828125
-275.591796875
-276.3193359375
-277.2216796875
-278.2744140625
-279.19091796875
-279.80908203125
-279.955078125
-279.6728515625
-279.11767578125
-278.5478515625
-278.2138671875
-278.19677734375
-278.5
-278.85791015625
-279.13916015625
-279.17333984375
-279.09228515625
-278.9716796875
-278.8759765625
-278.671875
-278.14990234375
-277.18603515625
-275.77587890625
-274.10302734375
-272.25048828125
-270.42431640625
-268.71435546875
-267.0830078125
-265.49609375
-263.78515625
-262.21826171875
-260.87841796875
-260.20458984375
-260.056640625
-260.44580078125
-261.42333984375
-263.0615234375
-265.1689453125
-267.45703125
-269.17529296875
-270.23486328125
-270.4462890625
-270.0322265625
-269.14599609375
-268.029296875
-267.2880859375
-267.06396484375
-268.046875
-269.7412109375
-271.904296875
-273.650390625
-274.59619140625
-274.7783203125
-274.5615234375
-274.4794921875
-274.677734375
-275.26904296875
-276.01708984375
-276.802734375
-277.279296875
-277.431640625
-277.0146484375
-276.33642578125
-275.32958984375
-274.41259765625
-273.5888671875
-273.00341796875
-272.88916015625
-273.1806640625
-274.18505859375
-275.55810546875
-277.06298828125
-278.25830078125
-279.1953125
-279.9462890625
-280.63037109375
-281.037109375
-280.98974609375
-280.27587890625
-279.13623046875
-277.98876953125
-277.35400390625
-277.6328125
-278.552734375
-280.01025390625
-281.15185546875
-281.9501953125
-281.91796875
-281.41162109375
-280.4951171875
-279.48583984375
-278.44091796875
-277.35400390625
-276.08837890625
-274.6904296875
-273.23876953125
-272.0966796875
-271.36279296875
-271.17333984375
-271.1455078125
-271.03759765625
-270.4404296875
-269.49755859375
-268.3505859375
-267.60009765625
-267.37744140625
-268.04833984375
-269.29833984375
-271.40869140625
-273.91552734375
-276.9365234375
-279.7255859375
-281.78369140625
-282.61865234375
-282.05078125
-280.650390625
-278.9052734375
-277.49560546875
-276.4609375
-275.7646484375
-274.84716796875
-273.5849609375
-271.7509765625
-270.21484375
-268.8466796875
-268.94873046875
-269.8115234375
-271.50439453125
-273.2744140625
-274.765625
-276.01123046875
-277.044921875
-278.23486328125
-279.4853515625
-280.763671875
