7158.9921875
7147.0068359375
7135.6005859375
7124.7412109375
7114.3984375
7104.5341796875
7095.103515625
7086.0732421875
7077.4150390625
7069.10986328125
7061.1259765625
7053.45751953125
7046.08544921875
7039.00341796875
7032.1923828125
7025.64697265625
7019.3486328125
7013.2861328125
7007.45166015625
7001.828125
6996.4013671875
6991.166015625
6986.111328125
6981.224609375
6976.5
6971.9189453125
6967.478515625
6963.173828125
6958.99609375
6954.935546875
6950.99853515625
6947.173828125
6943.453125
6939.8408203125
6936.3271484375
6932.9140625
6929.59765625
6926.3759765625
6923.2421875
6920.20263671875
6917.25341796875
6914.3916015625
6911.607421875
6908.90283203125
6906.2783203125
6903.7265625
6901.2509765625
6898.84375
6896.50390625
6894.23291015625
6892.02392578125
6889.8779296875
6887.7958984375
6885.765625
6883.79150390625
6881.8720703125
6880.00634765625
6878.18896484375
6876.41796875
6874.69189453125
6873.0087890625
6871.36962890625
6869.76806640625
6868.2080078125
6866.68505859375
6865.19775390625
6863.7451171875
6862.328125
6860.94873046875
6859.595703125
6858.2724609375
6856.98046875
6855.7177734375
6854.484375
6853.27490234375
6852.091796875
6850.93310546875
6849.80126953125
6848.68994140625
6847.60400390625
6846.54052734375
6845.498046875
6844.4765625
6843.4775390625
6842.4970703125
6841.533203125
6840.59228515625
6839.6669921875
6838.7607421875
6837.87158203125
6836.9990234375
6836.14453125
6835.3037109375
6834.47998046875
6833.671875
6832.87646484375
6832.0966796875
6831.33203125
6830.58154296875
6829.845703125
6829.1220703125
6828.412109375
6827.7138671875
6827.02783203125
6826.35546875
6825.69580078125
6825.04541015625
6824.408203125
6823.77783203125
6823.15869140625
6822.5537109375
6821.9560546875
6821.3701171875
6820.79248046875
6820.23046875
6819.6708984375
6819.12353515625
6818.5830078125
6818.0498046875
6817.52685546875
6817.01318359375
6816.5068359375
6816.00830078125
6815.517578125
6815.03369140625
6814.55859375
6814.087890625
6813.6279296875
6813.17138671875
6812.7236328125
6812.27978515625
6811.84375
6811.41455078125
6810.99169921875
6810.57421875
6810.16015625
6809.75244140625
6809.35107421875
6808.9541015625
6808.5634765625
6808.177734375
6807.79736328125
6807.42041015625
6807.04833984375
6806.681640625
6806.31787109375
6805.958984375
6805.603515625
6805.255859375
6804.91015625
6804.56884765625
6804.2294921875
6803.8955078125
6803.5654296875
6803.2392578125
6802.916015625
6802.595703125
6802.279296875
6801.96875
6801.658203125
6801.3525390625
6801.04931640625
6800.7490234375
6800.45361328125
6800.15771484375
6799.86767578125
6799.580078125
6799.294921875
6799.0126953125
6798.7314453125
6798.45458984375
6798.1806640625
6797.90576171875
6797.63671875
6797.37109375
6797.10693359375
6796.84521484375
6796.5859375
6796.3310546875
6796.076171875
6795.82666015625
6795.578125
6795.33203125
6795.087890625
6794.8466796875
6794.6064453125
6794.3701171875
6794.1328125
6793.9013671875
6793.671875
6793.44140625
6793.21435546875
6792.9921875
6792.76708984375
6792.5478515625
6792.330078125
6792.11474609375
6791.9033203125
6791.69287109375
6791.4892578125
146594000.0
51395820.0
709738889216.0
53899940.0
33765116.0
30714598.0
44113788928.0
9912986.0
21890198.0
963185024.0
1225761536.0
3123556864.0
3726703.5
1400854.5
3825992.0
38049712.0
355968288.0
838058048.0
1255424128.0
1430419328.0
956083.625
798639.9375
1878353.125
4591339.5
11043229.0
25762694.0
55603156.0
100032456.0
132530664.0
124716392.0
95137648.0
71749760.0
59908444.0
54542652.0
50576148.0
45472088.0
38969324.0
31954600.0
25381302.0
19802670.0
15357793.0
11946077.0
9375978.0
7453452.0
6013690.0
4928750.5
4103995.0
3470176.25
2977690.0
2590447.5
2282525.0
2035082.625
1834074.5
1669206.75
1532723.0
1418764.75
1322896.25
1241618.0
1172199.5
1112579.0
1061042.875
1016299.125
977196.5625
942873.875
912637.625
885858.5
862045.4375
840798.0
821773.75
804673.5
789252.125
775306.3125
762657.1875
751139.875
740616.8125
730977.1875
722139.625
713996.375
706473.3125
699502.9375
693026.0
687002.5625
681359.5625
676081.75
671124.8125
666443.0
662027.0
657850.1875
653874.9375
650095.3125
646493.0625
643051.4375
639740.5
636565.6875
633501.875
630539.9375
627691.9375
624920.25
622228.4375
619605.375
617066.1875
614578.5
612155.4375
609770.875
607453.5625
605160.875
602921.75
600708.375
598543.3125
596404.1875
594293.9375
592220.75
590156.5625
588127.375
586122.25
584132.375
582166.6875
580228.6875
578294.0
576381.9375
574490.8125
572616.375
570757.5625
568903.75
567067.5
565244.4375
563434.3125
561641.8125
559852.6875
558077.5
556341.875
554563.875
552829.3125
551099.25
549381.875
547671.125
545977.6875
544281.8125
542595.75
540920.0625
539256.6875
537598.1875
535956.25
534310.3125
532680.0625
531062.3125
529441.875
527834.125
526234.0625
524646.25
523066.25
521492.40625
519922.03125
518361.71875
516805.53125
515260.40625
513724.90625
512189.65625
510665.8125
509145.65625
507642.5
506167.03125
504679.78125
503192.59375
501706.75
500237.84375
498771.09375
497305.84375
495866.0625
494415.625
492973.28125
491570.25
490154.125
488753.5625
487353.75
485938.15625
484551.84375
483156.8125
481765.9375
480386.5
479014.96875
477647.8125
476292.9375
474942.96875
473591.28125
472248.75
470917.75
469586.5
468263.5
466946.84375
465634.8125
464330.1875
463025.5625
461728.875
460438.65625
459151.5
457877.75
456602.28125
455329.65625
454065.1875
452814.03125
451559.46875
450312.59375
449079.96875
447849.8125
446624.125
445408.9375
444197.34375
442995.28125
441794.40625
440602.0
439411.21875
438226.0625
437050.75
435879.25
434706.1875
433538.53125
432381.40625
431231.3125
430080.375
428941.15625
427799.59375
426668.46875
425545.5625
424426.9375
423309.03125
422190.5625
421086.03125
419986.40625
418887.90625
417784.84375
416701.0625
415617.875
414536.65625
413461.8125
412393.21875
411327.0625
410266.125
409213.125
408160.0625
407114.15625
406066.96875
405027.03125
403994.0
402961.59375
401936.125
400915.34375
399897.875
398880.9375
397876.625
396870.75
395876.28125
394878.3125
393884.5
392894.84375
391934.875
390950.84375
389978.53125
389012.25
388049.34375
387086.46875
386128.28125
385167.8125
384214.28125
383265.3125
382319.15625
381376.6875
380436.71875
379498.34375
378569.34375
377641.71875
376717.1875
375801.34375
374888.46875
373981.75
373075.0625
372169.21875
371271.125
370380.21875
369487.40625
368599.125
367712.65625
366829.40625
365953.625
365075.21875
364204.84375
363334.46875
362475.4375
361613.1875
360758.84375
359904.90625
359052.90625
358205.03125
357363.15625
356523.8125
355683.78125
354853.5
354020.5
353194.25
352370.25
351550.25
350731.65625
349916.6875
349105.875
348297.15625
347494.96875
346693.90625
345895.28125
345102.0625
344304.6875
343519.625
342734.53125
341949.90625
341168.875
340393.0
339616.90625
338847.53125
338077.84375
337309.09375
336548.59375
335788.4375
335029.84375
334276.03125
333524.46875
332775.125
332032.09375
331287.59375
330545.75
329808.5
329076.03125
328343.46875
327614.09375
326892.1875
326166.6875
325444.09375
324729.34375
324014.03125
323301.9375
322594.0625
321886.5625
321185.78125
320481.28125
319783.46875
319090.4375
318398.03125
317709.40625
317022.40625
316338.03125
315653.75
314980.125
314304.96875
313631.34375
312958.09375
312286.59375
311619.3125
310956.03125
310294.3125
309633.625
308973.25
308316.53125
307667.78125
307015.65625
306365.09375
305715.125
305075.15625
304433.21875
303789.28125
303154.3125
302521.25
301885.25
301249.34375
300623.75
299997.6875
299377.09375
298749.84375
298130.25
297514.59375
296897.09375
296285.78125
295673.5
295062.59375
294452.25
293846.96875
293246.9375
292648.03125
292044.375
291448.84375
290854.53125
290265.53125
289678.25
289086.90625
288495.625
287915.5625
287334.625
286751.03125
286175.78125
285595.59375
285024.34375
284454.0625
283881.03125
283312.5625
282747.9375
282183.40625
281621.90625
281065.15625
280506.4375
279949.40625
279395.84375
278844.6875
278292.03125
277743.65625
277194.90625
276651.75
276106.9375
275568.625
275027.90625
274488.0
273951.0625
273417.96875
272884.8125
272354.03125
271825.4375
271301.09375
270776.53125
270257.9375
269736.3125
269215.90625
268691.28125
268174.46875
267661.4375
267149.9375
266637.34375
266127.84375
265622.25
265113.90625
264613.625
264109.59375
263608.8125
263112.65625
262616.46875
262118.734375
261624.40625
261131.15625
260643.609375
260153.703125
259664.5
259179.296875
258696.0
258213.390625
257732.703125
257253.390625
256774.5625
256297.703125
255825.59375
255351.65625
254879.09375
254409.734375
253937.859375
253473.109375
253004.5625
252540.578125
252078.15625
251615.671875
251155.140625
250697.828125
250240.609375
249788.15625
249338.296875
248886.046875
248440.53125
248004.015625
247563.34375
247117.53125
246649.71875
246214.53125
245774.828125
245312.71875
244890.171875
244462.5
244016.859375
243603.5625
243181.6875
242758.375
242315.25
241877.921875
241436.078125
241003.0
240567.15625
240134.46875
239724.71875
239285.296875
238863.109375
238451.734375
238038.796875
237617.96875
237198.53125
236776.359375
236363.46875
235950.84375
235546.6875
235136.328125
234730.40625
234316.453125
233913.3125
233508.234375
233109.0625
232704.34375
232305.53125
231904.90625
231504.5
231106.734375
230711.828125
230316.75
229922.96875
229528.078125
229134.90625
228744.59375
228356.828125
227967.296875
227580.59375
227194.3125
226810.875
226425.65625
226044.34375
225662.375
225282.015625
224904.25
224528.03125
224152.078125
223777.171875
223401.953125
223028.84375
222656.0625
222283.25
221913.921875
221545.359375
221177.890625
220811.8125
220446.3125
220084.09375
219718.453125
219355.421875
218994.6875
218634.875
218277.15625
217918.390625
217563.578125
217222.828125
216858.390625
216518.25
216172.828125
215824.078125
215469.171875
215114.734375
214763.28125
214414.328125
214067.140625
213720.40625
213369.5
213022.84375
212681.875
212337.75
211997.5
211657.890625
211320.65625
210984.65625
210645.1875
210308.953125
209974.25
209643.25
209307.890625
208973.296875
208642.0
208310.203125
207979.890625
207654.046875
207326.3125
207002.171875
206674.125
206351.703125
206026.265625
205704.359375
205383.015625
205064.9375
204748.09375
204428.4375
204112.8125
203798.234375
203481.40625
203163.6875
202847.34375
202532.234375
202218.484375
201909.140625
201600.484375
201290.5625
200975.75
200664.0
200356.984375
200048.984375
199743.921875
199437.671875
199131.6875
198826.578125
198524.171875
198234.390625
197926.15625
197632.0
197334.609375
197034.4375
196732.140625
196430.96875
196132.40625
195838.015625
195545.890625
195249.1875
194963.03125
194662.5625
194377.640625
194090.59375
193802.96875
193509.78125
193217.28125
192929.4375
192642.375
192359.875
192072.515625
191795.140625
191503.71875
191219.984375
190940.40625
190659.34375
190380.671875
190100.875
189820.90625
189542.0
189263.734375
188985.640625
188711.25
188437.484375
188170.609375
187896.734375
187626.828125
187357.078125
187085.125
186814.5
186543.65625
186273.640625
186004.46875
185736.4375
185470.0
185205.3125
184949.390625
184675.59375
184414.96875
184152.0625
183887.40625
183623.6875
183358.796875
183096.515625
182839.15625
182578.890625
182320.4375
182058.125
181799.34375
181541.109375
181286.15625
181030.90625
180777.390625
180524.53125
180276.828125
180025.203125
179770.6875
179516.21875
179252.46875
179001.734375
178754.234375
178507.796875
178258.25
178005.234375
177757.640625
177511.015625
177267.859375
177027.3125
176787.984375
176536.5625
176289.34375
176044.34375
175801.65625
175559.140625
175319.109375
175078.640625
174838.28125
174597.4375
174357.6875
174117.71875
173878.375
173641.421875
173404.765625
173170.46875
172934.546875
172701.0
172465.5
172236.0
172022.265625
171788.015625
171561.375
171334.40625
171104.546875
170873.375
170643.421875
170416.265625
170188.609375
169958.171875
169727.015625
169493.078125
169260.28125
169032.8125
168808.140625
168583.96875
168359.453125
168132.046875
167903.828125
167677.65625
167452.5625
167228.15625
167005.625
166791.71875
166571.515625
166347.796875
166126.921875
165907.265625
165689.890625
165472.25
165257.65625
165039.640625
164826.765625
164611.3125
164397.0625
164181.0
163968.984375
163755.15625
163543.96875
163332.375
163121.4375
162911.484375
162700.46875
162489.8125
162282.0
162066.515625
161860.171875
161655.234375
161448.875
161239.4375
161030.234375
160824.9375
160617.71875
160416.90625
160247.125
160021.15625
159838.25
159648.921875
159445.671875
159227.78125
159008.609375
158795.84375
158596.25
158407.734375
158209.015625
157993.84375
157786.578125
157591.46875
157399.515625
157204.859375
157003.03125
156801.546875
156601.078125
156403.8125
156209.578125
156025.625
155839.078125
155641.90625
155449.90625
155261.359375
155069.484375
154870.53125
154669.515625
154471.671875
154279.171875
154095.265625
153909.234375
153712.828125
153519.46875
153333.75
153151.953125
152967.0
152780.859375
152594.859375
152406.609375
152221.53125
152041.625
151850.515625
151666.3125
151477.546875
151293.015625
151112.546875
150931.328125
150747.578125
150560.46875
150373.875
150193.609375
150012.078125
149834.625
149649.1875
149471.703125
149291.90625
149114.984375
148939.21875
148763.375
148586.6875
148415.171875
148247.1875
148064.015625
147879.59375
147696.765625
147515.078125
147340.703125
147167.203125
146992.65625
146812.828125
146644.453125
146468.46875
146303.859375
146132.609375
145958.890625
145786.03125
145612.328125
145443.1875
145275.53125
145098.40625
144933.546875
144765.59375
144595.953125
144424.5625
144254.15625
144086.828125
143917.5
143752.59375
143584.421875
143417.234375
143250.421875
143095.96875
142931.5
142774.765625
142620.453125
142459.78125
142295.65625
142128.765625
141960.453125
141796.6875
141634.484375
141470.71875
141308.65625
141145.3125
140982.484375
140820.765625
140658.296875
140497.015625
140334.515625
140172.671875
140011.390625
139849.484375
139688.53125
139527.28125
139366.171875
139205.546875
139045.390625
138888.703125
138730.90625
138575.9375
138421.78125
138264.421875
138106.890625
137955.28125
137797.71875
137642.765625
137489.515625
137332.265625
137176.34375
137021.5
136867.71875
136710.890625
136556.03125
136402.03125
136248.875
136097.25
135947.75
135796.890625
135646.796875
135496.453125
135350.03125
135205.109375
135055.0625
134904.15625
134755.46875
134606.609375
134460.4375
134313.5625
134168.625
134063.578125
133921.15625
133874.34375
133813.375
133690.71875
133505.1875
133298.78125
133104.09375
132931.78125
132782.8125
132647.8125
132520.0625
132391.59375
132264.109375
132124.21875
131969.796875
131803.8125
131643.09375
131484.6875
131332.25
131193.640625
131056.8671875
130916.125
130772.703125
130623.46875
130472.6015625
130322.1796875
130174.8671875
130030.5
129890.5703125
129751.6484375
129608.46875
129464.8984375
129326.3828125
129186.5546875
129039.390625
128898.5234375
128762.125
128624.6015625
128488.203125
128354.28125
128221.2734375
128084.3125
127946.7734375
127807.4765625
127672.296875
127540.96875
127417.875
127284.1484375
127155.7734375
127028.3984375
126898.7578125
126765.78125
126630.15625
126492.78125
126357.7421875
126224.734375
126093.65625
125963.2109375
125832.0234375
125701.09375
125569.015625
125440.3359375
125312.4765625
125186.03125
125060.0
124933.2109375
124804.8046875
124674.46875
124543.140625
124412.9765625
124284.9765625
124157.28125
124030.8828125
123904.4375
123779.8046875
123654.046875
123525.125
123395.34375
123266.734375
123139.96875
123016.28125
122888.3046875
122764.7421875
122641.453125
122518.734375
122395.296875
122271.34375
122146.1484375
122021.90625
121897.6796875
121925.4765625
121746.7734375
121740.4765625
121756.15625
121743.21875
121733.140625
121671.953125
121597.46875
121535.328125
121450.6796875
121370.4609375
121275.671875
121161.3671875
121048.9921875
120922.46875
120796.6015625
120677.8515625
120556.421875
120442.953125
120333.03125
120223.7578125
120122.21875
120020.46875
119923.8984375
119830.9765625
119739.078125
119653.1015625
119567.734375
119484.0703125
119401.0390625
119316.984375
119233.375
119147.4453125
119061.8125
118975.6484375
118890.3515625
118803.8359375
118719.421875
118634.0703125
118550.1484375
118467.1171875
118383.59375
118300.46875
118218.4921875
118136.453125
118053.9609375
117971.5859375
117888.9140625
117807.46875
117724.1875
117642.1796875
117560.21875
117478.625
117397.9453125
117316.8828125
117235.234375
117154.3515625
117073.7109375
116992.5625
116911.515625
116830.5859375
116749.34375
116668.921875
116587.8828125
116508.21875
116427.359375
116347.7109375
116266.828125
116187.4140625
116107.140625
116027.4765625
115948.015625
115868.3046875
115789.671875
115709.7421875
115630.296875
115550.4140625
115472.09375
115392.4765625
115313.25
115235.015625
115155.796875
115076.6640625
114997.8203125
114918.859375
114841.1328125
114761.96875
114683.6796875
114605.3203125
114527.7890625
114448.9921875
114370.984375
114293.2109375
114216.3515625
114139.0
114060.0390625
113983.6015625
113906.6171875
113829.203125
113751.21875
113674.7421875
113598.171875
113521.7109375
113445.421875
113368.09375
113292.0703125
113214.5625
113139.703125
113062.4453125
112986.5703125
112910.8203125
112834.3515625
112759.046875
112682.1328125
112606.90625
112530.953125
112455.421875
112379.6328125
112304.453125
112228.53125
112154.171875
112078.2890625
112002.8046875
111928.25
111852.390625
111778.1640625
111703.640625
111628.359375
111553.1015625
111479.109375
111404.6796875
111329.8828125
111256.203125
111182.25
111108.0859375
111033.7578125
110960.1953125
110886.8203125
110812.453125
110739.3828125
110665.15625
110591.890625
110517.8203125
110444.359375
110370.8828125
110297.0703125
110223.8515625
110151.234375
110077.875
110004.90625
109931.8984375
109858.9375
109786.828125
109713.8125
109641.0546875
109568.7421875
109495.1171875
109423.40625
109350.1484375
109278.03125
109205.8203125
109132.8125
109060.34375
108989.2578125
108916.65625
108845.1640625
108772.7734375
108701.515625
108629.3359375
108557.8046875
108487.1171875
108414.453125
108343.203125
108272.5859375
108201.3359375
108129.2890625
108057.9921875
107986.8828125
107915.5625
107845.109375
107773.96875
107703.25
107632.21875
107561.625
107491.0546875
107420.65625
107350.171875
107279.34375
107209.015625
107138.8046875
107068.8828125
106998.40625
106927.828125
106857.296875
106787.4765625
106717.09375
106647.6953125
106577.90625
106508.0234375
106438.5390625
106368.5234375
106299.359375
106229.34375
106160.671875
106090.484375
106021.8671875
105951.78125
105883.453125
105812.703125
105743.8515625
105675.2734375
105605.859375
105536.9375
105467.609375
105399.0703125
105330.515625
105261.53125
105193.1484375
105124.765625
105056.015625
104987.265625
104919.125
104850.7265625
104782.140625
104713.4609375
104645.578125
104577.3046875
104509.4375
104441.8515625
104374.0390625
104305.5703125
104238.171875
104170.1484375
104102.84375
104034.625
103967.4140625
103900.1796875
103832.84375
103765.7578125
103697.8515625
103630.8359375
103563.9921875
103496.640625
103429.765625
103362.9921875
103296.4296875
103229.5546875
103162.8984375
103096.4921875
103030.0546875
102963.4375
102897.625
102830.984375
102764.9375
102698.6796875
102632.359375
102566.46875
102500.25
102434.6015625
102369.2578125
102303.2109375
102237.4453125
102172.484375
102107.078125
102041.453125
101976.078125
101910.828125
101845.8671875
101781.171875
101716.3984375
101651.96875
101587.296875
101522.8515625
101457.4140625
101392.6640625
101327.2109375
101262.0234375
101198.765625
101133.9453125
101070.40625
101005.1953125
100941.3515625
100878.03125
100813.546875
100749.9296875
100685.859375
100622.4140625
100558.40625
100495.125
100430.734375
100367.0078125
100303.3984375
100240.46875
100176.453125
100113.6796875
100050.640625
99987.1953125
99924.3671875
99860.828125
99797.7734375
99735.3359375
99672.5625
99609.15625
99545.71875
99483.46875
99420.8671875
99359.078125
99296.421875
99234.7265625
99171.90625
99110.15625
99048.0546875
98986.09375
98924.9609375
98863.53125
98802.4296875
98739.0859375
98677.3515625
98616.1015625
98553.859375
98491.6484375
98429.5625
98368.2109375
98306.3046875
98244.640625
98183.78125
98122.15625
98060.2265625
97999.4921875
97937.875
97876.234375
97814.8984375
97754.1328125
97692.28125
97632.7421875
97571.09375
97511.453125
97450.2890625
97390.1875
97329.6328125
97269.40625
97209.03125
97148.2109375
97088.2421875
97028.3515625
96968.2890625
96908.6171875
96848.4296875
96789.0234375
96728.4140625
96668.8984375
96609.0625
96549.2734375
96489.5546875
96430.90625
96371.328125
96312.140625
96252.9765625
96193.703125
96135.2890625
96076.828125
96018.3515625
95959.3359375
95901.2265625
95842.4453125
95784.0859375
95725.6640625
95667.859375
95609.453125
95552.65625
95496.796875
95444.59375
95392.9453125
95331.0625
95262.90625
95206.890625
95155.40625
95093.671875
95032.15625
94978.625
94921.2890625
94859.8984375
94804.65625
94748.09375
94688.8203125
94631.90625
94575.359375
94517.1484375
94460.375
94404.3515625
94345.859375
94289.71875
94232.765625
94176.234375
94119.1015625
94063.234375
94005.8671875
93949.765625
93893.25
93836.578125
93780.8359375
93724.21875
93668.5078125
93613.453125
93557.6484375
93502.609375
93447.265625
93392.3984375
93336.9296875
93281.5703125
93225.7578125
93170.4765625
93115.1796875
93060.9375
93006.046875
92951.140625
92896.5390625
92841.34375
92786.4609375
92732.5859375
92678.0703125
92623.6328125
92569.3515625
92514.4375
92460.7265625
92406.765625
92352.109375
92297.8515625
92243.6875
92189.6015625
92135.8515625
92081.34375
92027.5234375
91974.015625
91920.03125
91866.8984375
91813.6953125
91759.6484375
91706.9140625
91654.0
91600.5859375
91547.6484375
91495.046875
91442.6640625
91389.4609375
91335.0546875
91281.8359375
91227.75
91175.171875
91121.6328125
91069.1171875
91016.0546875
90962.765625
90910.65625
90858.0
90805.859375
90753.4765625
90700.6953125
90647.7890625
90595.3828125
90542.953125
90490.7578125
90438.1875
90386.5234375
90334.0546875
90282.5234375
90230.3203125
90177.6875
90125.9453125
90074.328125
90022.796875
89970.4765625
89918.9453125
89868.1796875
89817.0625
89766.2890625
89715.515625
89665.1484375
89614.953125
89564.5859375
89513.890625
89461.78125
89408.9921875
89356.8125
89305.6484375
89254.984375
89204.4765625
89153.0234375
89101.4375
89050.0546875
88998.9140625
88948.59375
88898.5625
88847.859375
88797.328125
88746.21875
88696.6328125
88645.328125
88595.140625
88544.71875
88495.4921875
88446.734375
88399.0234375
88350.3515625
88301.203125
88251.84375
88202.2890625
88153.6171875
88104.53125
88055.8984375
88007.7421875
87957.125
87905.546875
87853.7734375
87803.65625
87754.890625
87705.359375
87653.90625
87602.2734375
87550.1015625
87499.9375
87452.15625
87404.1015625
87355.7734375
87306.625
87256.6328125
87206.890625
87157.4375
87109.0078125
87060.6015625
87012.546875
86964.734375
86917.2578125
86869.015625
86821.4609375
86773.78125
86725.234375
86677.90625
86629.765625
86581.7578125
86532.78125
86481.390625
86430.2578125
86379.1328125
86329.9453125
86281.5703125
86234.5
86188.890625
86142.0625
86093.9140625
86045.3671875
85996.8828125
85948.5546875
85899.6171875
85851.1640625
85803.03125
85754.7890625
85706.3359375
85658.453125
85611.265625
85563.6171875
85516.125
85468.796875
85421.03125
85372.8359375
85324.046875
85275.7578125
85227.171875
85179.4375
85133.1328125
85087.21875
85041.28125
84994.90625
84948.015625
84900.578125
84854.1015625
84808.8828125
84764.703125
84720.5703125
84676.21875
84630.8359375
84583.3515625
84534.4375
84485.5078125
84436.765625
84389.6171875
84343.5234375
84297.9375
84251.9765625
84205.1640625
84158.0
84111.078125
84066.0
84020.421875
83976.84375
83931.8984375
83887.1484375
83841.3203125
83795.859375
83749.0625
83702.53125
83654.8125
83608.0078125
83562.1484375
83517.5078125
83473.125
83428.734375
83381.9296875
83334.0546875
83285.875
83239.265625
83194.09375
83150.3515625
83106.1640625
83061.28125
83015.75
82969.8359375
82925.03125
82880.234375
82834.453125
82787.7109375
82741.1484375
82694.625
82649.21875
82605.0
82558.9375
82513.8203125
82468.765625
82424.75
82380.3828125
82336.8515625
82293.1171875
82248.515625
82204.6328125
82160.7109375
82116.8984375
82073.6953125
82030.703125
81986.8203125
81943.65625
81899.609375
81855.5703125
81811.8125
81768.1640625
81724.7734375
81681.640625
81638.640625
81594.640625
81550.671875
81506.609375
81463.578125
81420.8125
81379.75
81338.828125
81296.96875
81253.59375
81208.875
81163.09375
81117.703125
81072.8046875
81028.8359375
80985.7890625
80942.578125
80898.7578125
80854.4453125
80810.96875
80767.84375
80725.1640625
80683.0859375
80640.8203125
80598.1796875
80555.765625
80512.9140625
80470.3984375
80428.328125
80385.8359375
80344.1015625
80301.9140625
80258.9609375
80216.4375
80173.765625
80130.7578125
80087.9296875
80045.671875
80002.8828125
79961.0546875
79918.75
79877.5390625
79835.4921875
79792.859375
79749.984375
79706.6953125
79663.4921875
79620.6796875
79577.96875
79536.1796875
79494.8125
79454.1953125
79415.1796875
79376.0390625
79337.5390625
79299.421875
79260.21875
79221.25
79181.59375
79141.5859375
79101.0703125
79060.171875
79019.2578125
78977.296875
78935.0390625
78891.0078125
78846.4140625
78800.7109375
78755.84375
78711.015625
78666.8984375
78625.390625
78585.1796875
78545.328125
78505.09375
78464.1484375
78423.2421875
78381.546875
78340.9609375
78300.328125
78260.5859375
78221.0078125
78181.78125
78142.1484375
78102.9453125
78063.3515625
78023.828125
77984.390625
77944.640625
77904.8828125
77864.734375
77823.15625
77781.4140625
77739.796875
77697.84375
77656.015625
77614.8046875
77573.6640625
77532.828125
77492.984375
77454.6328125
77415.9765625
77377.375
77337.6875
77298.4140625
77258.859375
77219.4609375
77180.1484375
77141.328125
77102.2421875
77062.4453125
77022.296875
76981.375
76940.828125
76901.0546875
76861.59375
76823.296875
76784.7109375
76746.5625
76707.3203125
76668.0390625
76628.765625
76589.984375
76551.6796875
76513.7578125
76475.4765625
76437.03125
76398.7421875
76359.765625
76321.0390625
76282.3046875
76242.8359375
76203.609375
76164.3203125
76125.7109375
76087.90625
76050.125
76012.4453125
75974.671875
75936.9296875
75899.703125
75862.9296875
75827.1328125
75790.8046875
75755.421875
75719.5
75682.40625
75645.1328125
75608.5625
75571.96875
75536.0546875
75499.8046875
75463.1875
75426.3828125
75388.4765625
75348.734375
75307.1796875
75264.640625
75220.875
75178.46875
75138.3515625
75100.109375
75062.90625
75026.671875
74989.640625
74951.46875
74913.1640625
74874.46875
74836.265625
74798.7421875
74761.796875
74724.640625
74687.171875
74649.5546875
74611.6171875
74573.9296875
74536.6640625
74500.0703125
74463.6640625
74426.9609375
74390.6953125
74353.6171875
74316.8203125
74279.78125
74242.5234375
74204.765625
74167.921875
74130.40625
74092.984375
74055.328125
74017.8671875
73980.7578125
73944.5234375
73909.28125
73873.4765625
73837.46875
73802.2734375
73766.109375
73730.703125
73694.921875
73659.1875
73623.2578125
73587.6953125
73551.9296875
73516.6328125
73480.984375
73445.3046875
73408.078125
73371.0078125
73333.515625
73297.0546875
73262.796875
73229.2890625
73195.4921875
73161.5078125
73126.6953125
73091.90625
73056.546875
73021.7890625
72986.90625
72952.6328125
72917.8828125
72882.3828125
72845.7578125
72807.6796875
72770.3671875
72734.25
72700.75
72668.828125
72636.890625
72603.2578125
72568.3828125
72531.375
72492.875
72454.7109375
72416.9296875
72380.3515625
72343.984375
72307.6953125
72270.7578125
72234.0390625
72197.234375
72159.9765625
72123.40625
72087.2578125
72051.015625
72015.90625
71981.4453125
71947.46875
71913.4375
71879.3828125
71845.3828125
71811.1875
71775.765625
71739.390625
71703.03125
71667.2578125
71631.78125
71596.4140625
71561.8125
71527.1328125
71492.3671875
71457.8203125
71423.7734375
71390.2890625
71356.78125
71323.1953125
71289.2265625
71255.484375
71221.8828125
71187.0703125
71152.890625
71118.96875
71084.84375
71050.375
71016.8984375
70982.40625
70948.609375
70914.71875
70881.4140625
70847.171875
70813.0859375
70779.0625
70744.265625
70709.7734375
70675.515625
70642.078125
70609.734375
70577.671875
70546.3671875
70514.4921875
70482.2421875
70449.7109375
70416.5
70382.28125
70348.84375
70314.03125
70279.90625
70245.1796875
70210.234375
70174.6796875
70141.1484375
70107.6015625
70075.9765625
70044.5390625
70013.921875
69981.984375
69949.6015625
69918.1484375
69886.171875
69854.6171875
69823.3671875
69790.6015625
69756.8984375
69722.875
69688.609375
69654.765625
69621.96875
69589.8359375
69557.859375
69526.2890625
69494.9296875
69462.1171875
69429.15625
69396.1796875
69363.78125
69332.15625
69300.953125
69267.6484375
69233.0
69197.921875
69164.109375
69132.7578125
69102.1640625
69071.40625
69040.7109375
69007.484375
68974.640625
68941.21875
68907.7421875
68873.5078125
68839.0625
68804.6171875
68771.0234375
68738.796875
68707.4453125
68676.2109375
68644.6015625
68612.0859375
68579.765625
68547.203125
68514.5546875
68482.40625
68451.8359375
