7158.9921875
7147.0068359375
7135.6005859375
7124.7412109375
7114.3984375
7104.5341796875
7095.103515625
7086.0732421875
7077.4150390625
7069.10986328125
7061.1259765625
7053.45751953125
7046.08544921875
7039.00341796875
7032.1923828125
7025.64697265625
7019.3486328125
7013.2861328125
7007.45166015625
7001.828125
6996.4013671875
6991.166015625
6986.111328125
6981.224609375
6976.5
6971.9189453125
6967.478515625
6963.173828125
6958.99609375
6954.935546875
6950.99853515625
6947.173828125
6943.453125
6939.8408203125
6936.3271484375
6932.9140625
6929.59765625
6926.3759765625
6923.2421875
6920.20263671875
6917.25341796875
6914.3916015625
6911.607421875
6908.90283203125
6906.2783203125
6903.7265625
6901.2509765625
6898.84375
6896.50390625
6894.23291015625
6892.02392578125
6889.8779296875
6887.7958984375
6885.765625
6883.79150390625
6881.8720703125
6880.00634765625
6878.18896484375
6876.41796875
6874.69189453125
6873.0087890625
6871.36962890625
6869.76806640625
6868.2080078125
6866.68505859375
6865.19775390625
6863.7451171875
6862.328125
6860.94873046875
6859.595703125
6858.2724609375
6856.98046875
6855.7177734375
6854.484375
6853.27490234375
6852.091796875
6850.93310546875
6849.80126953125
6848.68994140625
6847.60400390625
6846.54052734375
6845.498046875
6844.4765625
6843.4775390625
6842.4970703125
6841.533203125
6840.59228515625
6839.6669921875
6838.7607421875
6837.87158203125
6836.9990234375
6836.14453125
6835.3037109375
6834.47998046875
6833.671875
6832.87646484375
6832.0966796875
6831.33203125
6830.58154296875
6829.845703125
6829.1220703125
6828.412109375
6827.7138671875
6827.02783203125
6826.35546875
6825.69580078125
6825.04541015625
6824.408203125
6823.77783203125
6823.15869140625
6822.5537109375
6821.9560546875
6821.3701171875
6820.79248046875
6820.23046875
6819.6708984375
6819.12353515625
6818.5830078125
6818.0498046875
6817.52685546875
6817.01318359375
6816.5068359375
6816.00830078125
6815.517578125
6815.03369140625
6814.55859375
6814.087890625
6813.6279296875
6813.17138671875
6812.7236328125
6812.27978515625
6811.84375
6811.41455078125
6810.99169921875
6810.57421875
6810.16015625
6809.75244140625
6809.35107421875
6808.9541015625
6808.5634765625
6808.177734375
6807.79736328125
6807.42041015625
6807.04833984375
6806.681640625
6806.31787109375
6805.958984375
6805.603515625
6805.255859375
6804.91015625
6804.56884765625
6804.2294921875
6803.8955078125
6803.5654296875
6803.2392578125
6802.916015625
6802.595703125
6802.279296875
6801.96875
6801.658203125
6801.3525390625
6801.04931640625
6800.7490234375
6800.45361328125
6800.15771484375
6799.86767578125
6799.580078125
6799.294921875
6799.0126953125
6798.7314453125
6798.45458984375
6798.1806640625
6797.90576171875
6797.63671875
6797.37109375
6797.10693359375
6796.84521484375
6796.5859375
6796.3310546875
6796.076171875
6795.82666015625
6795.578125
6795.33203125
6795.087890625
6794.8466796875
6794.6064453125
6794.3701171875
6794.1328125
6793.9013671875
6793.671875
6793.44140625
6793.21435546875
6792.9921875
6792.76708984375
6792.5478515625
6792.330078125
6792.11474609375
6791.9033203125
6791.69287109375
6791.4892578125
15846368.0
113261.1484375
62385.40234375
55823.5
56577.03515625
54654.796875
50152.421875
47611.00390625
48343.24609375
47934.8515625
45707.234375
43890.16796875
42426.94140625
41301.984375
40321.70703125
39315.1171875
38234.2265625
37166.7109375
36213.109375
35266.96875
34190.7109375
33019.3671875
31950.296875
31091.1484375
30415.533203125
29818.978515625
29197.748046875
28520.91796875
27834.01953125
27199.5234375
26641.7890625
26154.75
25708.005859375
25265.275390625
24797.826171875
24313.54296875
23837.451171875
23382.037109375
22940.466796875
22505.826171875
22079.97265625
21665.65625
21261.865234375
20867.26171875
20486.73828125
20124.9296875
19779.900390625
19449.5234375
19133.44140625
18827.97265625
18532.623046875
18249.97265625
17977.79296875
17712.517578125
17453.005859375
17202.568359375
16963.205078125
16732.38671875
16509.3125
16296.376953125
16094.017578125
15898.8671875
15707.7197265625
15521.1005859375
15342.138671875
15171.537109375
15007.4248046875
14848.0625
14692.767578125
14541.857421875
14395.3623046875
14252.5556640625
14113.1865234375
13977.564453125
13846.1171875
13719.140625
13596.6865234375
13478.4150390625
13364.013671875
13253.29296875
13145.888671875
13041.349609375
12939.271484375
12839.51953125
12742.220703125
12647.2734375
12554.568359375
12464.0908203125
12375.939453125
12290.083984375
12206.375
12124.6640625
12044.826171875
11966.8427734375
11890.66796875
11816.32421875
11743.7353515625
11672.822265625
11603.4375
11535.47265625
11468.88671875
11403.6005859375
11339.6005859375
11276.853515625
11215.3037109375
11154.90625
11095.669921875
11037.7373046875
10981.00390625
10924.900390625
10869.3388671875
10815.751953125
10763.576171875
10711.669921875
10661.201171875
10612.0498046875
10563.232421875
10515.76171875
10469.46875
10422.9580078125
10376.736328125
10331.0087890625
10286.728515625
10243.404296875
10199.16796875
10155.7666015625
10113.7578125
10071.6171875
10029.669921875
9988.5390625
9947.89453125
9907.58203125
9867.3994140625
9827.73046875
9788.6875
9749.8193359375
9711.26953125
9673.330078125
9635.919921875
9598.84375
9562.1064453125
9525.99609375
9490.3671875
9455.0107421875
9420.0546875
9385.48828125
9351.2734375
9317.3583984375
9283.6904296875
9250.28125
9217.1572265625
9184.3134765625
9151.677734375
9119.265625
9087.1474609375
9055.326171875
9023.73828125
8992.3828125
8961.2880859375
8930.45703125
8899.86328125
8869.5390625
8839.513671875
8809.76171875
8780.408203125
8751.533203125
8723.7021484375
8694.240234375
8664.51171875
8635.6337890625
8608.0390625
8580.5771484375
8551.9794921875
8523.974609375
8497.15234375
8470.2685546875
8443.0439453125
8415.998046875
8389.9609375
8364.373046875
8338.4375
8312.5146484375
8287.203125
8262.4140625
8237.716796875
8212.802734375
8188.087890625
8163.8525390625
8139.8095703125
8115.61865234375
8091.30126953125
8067.29931640625
8043.69287109375
8020.3232421875
7997.04296875
7973.88037109375
7950.88720703125
7928.0166015625
7905.25439453125
7882.68212890625
7860.318359375
7838.1884765625
7816.21728515625
7794.55419921875
7772.9755859375
7752.037109375
7730.24365234375
7708.68798828125
7686.1640625
7664.5546875
7643.92578125
7623.4755859375
7603.8642578125
7580.89404296875
7559.279296875
7539.732421875
7518.84814453125
7498.4677734375
7476.14697265625
7456.52587890625
7438.16455078125
7415.23388671875
7395.228515625
7376.78173828125
7355.00146484375
7335.15966796875
7316.619140625
7295.95556640625
7276.61669921875
7258.04296875
7238.20703125
7218.75244140625
7199.55517578125
7179.4599609375
7159.0234375
7139.09228515625
7120.076171875
7101.08740234375
7081.96533203125
7063.08447265625
7043.921875
7024.8828125
7006.56494140625
6988.431640625
6970.2392578125
6952.4169921875
6934.7578125
6917.07666015625
6899.455078125
6881.8056640625
6864.23486328125
6846.92724609375
6829.76708984375
6812.71630859375
6795.64453125
6778.478515625
6761.6494140625
6745.24365234375
6728.79052734375
6711.9833984375
6695.1826171875
6678.8642578125
6662.884765625
6646.81005859375
6630.55908203125
6614.404296875
6598.32421875
6582.22802734375
6566.26904296875
6550.5771484375
6534.912109375
6519.08447265625
6503.3828125
6487.98828125
6472.6787109375
6457.37646484375
6442.2939453125
6427.615234375
6413.353515625
6399.5810546875
6386.580078125
6373.32080078125
6358.41650390625
6340.88916015625
6323.763671875
6309.57470703125
6297.1201171875
6283.306640625
6267.14990234375
6251.22265625
6237.330078125
6224.1826171875
6209.8408203125
6194.55224609375
6180.10400390625
6166.7412109375
6153.2412109375
6139.1396484375
6125.34375
6112.7158203125
6102.017578125
6087.5830078125
6073.0927734375
6058.630859375
6044.6298828125
6031.52685546875
6018.421875
6004.7119140625
5990.865234375
5978.298828125
5966.0224609375
5952.24755859375
5938.18115234375
5925.3125
5912.896484375
5899.8779296875
5886.56494140625
5873.48974609375
5860.7021484375
5848.3798828125
5835.94287109375
5822.8740234375
5810.24072265625
5798.1904296875
5785.98291015625
5773.59619140625
5761.19677734375
5749.0498046875
5737.4765625
5726.125
5713.609375
5700.38525390625
5688.537109375
5677.44970703125
5665.24951171875
5652.97265625
5641.9716796875
5630.828125
5619.30859375
5608.64208984375
5597.859375
5585.779296875
5573.4755859375
5561.31787109375
5549.439453125
5538.7822265625
5528.79248046875
5518.40869140625
5508.2783203125
5499.8232421875
5493.67236328125
5487.79736328125
5473.45654296875
5451.58935546875
5437.626953125
5433.42822265625
5423.59130859375
5406.80810546875
5396.890625
5390.12841796875
5376.29443359375
5363.3525390625
5355.48095703125
5345.1943359375
5332.03955078125
5322.66357421875
5313.6513671875
5301.09814453125
5289.0224609375
5278.1337890625
5265.84326171875
5254.13427734375
5244.84619140625
5234.8095703125
5222.7392578125
5211.51953125
5201.3583984375
5191.77734375
5181.6728515625
5171.67236328125
5160.12109375
5148.58056640625
5137.8701171875
5127.5146484375
5117.0478515625
5106.724609375
5096.9970703125
5086.3818359375
5075.4462890625
5064.35693359375
5053.86767578125
5043.7431640625
5033.53076171875
5023.4580078125
5013.07470703125
5003.05419921875
4992.64453125
4981.78271484375
4970.63232421875
4959.673828125
4949.8115234375
4940.0234375
4930.45068359375
4920.75
4911.52392578125
4903.20556640625
4894.841796875
4885.46728515625
4874.041015625
4862.6181640625
4852.7197265625
4844.20654296875
4835.56494140625
4824.66259765625
4813.0283203125
4802.44287109375
4793.96337890625
4785.67236328125
4775.6376953125
4764.73583984375
4754.6455078125
4746.59423828125
4738.9501953125
4729.876953125
4720.92236328125
4710.85693359375
4701.3642578125
4691.1904296875
4681.96875
4674.578125
4667.3095703125
4659.70654296875
4650.0205078125
4639.1533203125
4627.8046875
4617.46826171875
4609.333984375
4600.869140625
4591.42724609375
4581.73876953125
4572.8349609375
4564.75439453125
4555.40185546875
4545.88134765625
4537.5185546875
4529.29345703125
4519.6318359375
4508.50146484375
4498.53173828125
4489.97802734375
4480.845703125
4470.46337890625
4459.87353515625
4450.8671875
4443.28955078125
4439.828125
4462.36767578125
4442.1845703125
4423.595703125
4419.5419921875
4401.5908203125
4390.8310546875
4391.486328125
4375.330078125
4366.00048828125
4361.1123046875
4349.56884765625
4344.4951171875
4339.49951171875
4325.908203125
4325.30810546875
4312.36669921875
4303.736328125
4299.5185546875
4291.33349609375
4284.69091796875
4275.32958984375
4266.083984375
4256.3408203125
4246.08203125
4237.1162109375
4229.83447265625
4223.90380859375
4216.9462890625
4206.6591796875
4199.3115234375
4192.02734375
4183.25537109375
4173.53173828125
4166.91748046875
4156.82275390625
4150.54638671875
4144.8369140625
4136.27978515625
4128.1220703125
4120.78662109375
4112.9072265625
4106.00341796875
4099.83056640625
4093.03369140625
4086.4140625
4079.88818359375
4074.07861328125
4068.7236328125
4063.62109375
4058.65087890625
4053.4365234375
4047.6171875
4041.38623046875
4033.96630859375
4026.0791015625
4019.1044921875
4012.427734375
4005.435546875
3998.1767578125
3990.51220703125
3982.81787109375
3975.56640625
3968.7783203125
3962.92431640625
3957.76171875
3951.84130859375
3944.21240234375
3935.3525390625
3927.17138671875
3920.7080078125
3915.712890625
3911.37744140625
3906.9482421875
3902.17236328125
3896.65185546875
3890.4736328125
3883.4951171875
3875.7041015625
3867.5341796875
3859.77001953125
3852.9716796875
3846.6708984375
3840.3203125
3833.5224609375
3826.5205078125
3819.673828125
3813.37939453125
3807.53564453125
3801.60009765625
3794.96044921875
3787.84033203125
3780.8095703125
3774.58984375
3768.7578125
3762.89404296875
3756.5966796875
3750.2958984375
3744.1572265625
3738.17822265625
3732.1962890625
3726.3427734375
3720.74560546875
3715.35009765625
3710.044921875
3705.13232421875
3701.1796875
3697.7958984375
3694.71728515625
3688.5029296875
3680.93359375
3672.0263671875
3664.837890625
3659.7626953125
3655.59228515625
3650.9033203125
3645.1767578125
3639.1201171875
3633.96728515625
3629.39794921875
3624.810546875
3620.25390625
3616.1630859375
3612.32958984375
3607.146484375
3600.39111328125
3593.6748046875
3588.04931640625
3584.072265625
3578.56884765625
3571.505859375
3562.365234375
3554.07080078125
3548.353515625
3544.62939453125
3541.4599609375
3536.24462890625
3529.41748046875
3521.55126953125
3514.2783203125
3507.76904296875
3502.013671875
3496.7529296875
3491.7998046875
3487.04931640625
3482.4208984375
3477.65576171875
3472.62744140625
3467.22900390625
3461.3857421875
3455.185546875
3449.005859375
3443.42919921875
3438.6953125
3434.6240234375
3430.5625
3425.88623046875
3419.93798828125
3413.14599609375
3407.0439453125
3402.3310546875
3398.3857421875
3393.806640625
3388.1728515625
3381.88232421875
3375.96875
3370.796875
3365.9462890625
3361.02392578125
3356.095703125
3352.34033203125
3350.1953125
3349.64697265625
3348.0517578125
3344.52490234375
3337.361328125
3329.15234375
3320.787109375
3313.67138671875
3307.53076171875
3302.8310546875
3299.42138671875
3296.8330078125
3293.82763671875
3290.0166015625
3285.2060546875
3280.2236328125
3274.59912109375
3268.79541015625
3262.4833984375
3256.87255859375
3251.6826171875
3247.3154296875
3242.74462890625
3237.29052734375
3230.54541015625
3223.2705078125
3216.8173828125
3211.6357421875
3207.07763671875
3201.5625
3195.17626953125
3188.17236328125
3182.55419921875
3178.40283203125
3174.9599609375
3170.921875
3166.22119140625
3161.69677734375
3157.4462890625
3153.5732421875
3148.2080078125
3142.40185546875
3137.076171875
3133.552734375
3131.40087890625
3129.033203125
3125.04296875
3119.47216796875
3113.3525390625
3107.896484375
3103.23828125
3098.9208984375
3094.35302734375
3088.48046875
3081.85498046875
3075.15625
3069.509765625
3065.07421875
3061.703125
3058.876953125
3055.8955078125
3052.61474609375
3048.7138671875
3044.3076171875
3039.6083984375
3035.5595703125
3033.23095703125
3032.61865234375
3033.19775390625
3033.53271484375
3032.29541015625
3029.38623046875
3023.51025390625
3016.51513671875
3006.92333984375
2997.8818359375
2989.79833984375
2985.0322265625
2982.14013671875
2979.2958984375
2974.5439453125
2967.80859375
2960.8857421875
2955.17578125
2950.505859375
2946.48779296875
2942.30078125
2938.32177734375
2933.701171875
2928.84521484375
2924.109375
2920.75927734375
2919.29052734375
2918.99755859375
2918.03955078125
2914.37890625
2907.98388671875
2900.9873046875
2895.79736328125
2892.1513671875
2888.48291015625
2884.017578125
2879.11328125
2874.220703125
2869.15380859375
2864.4228515625
2859.73974609375
2856.4697265625
2852.76025390625
2848.77880859375
2843.9287109375
2839.46630859375
2836.3662109375
2835.21826171875
2834.7939453125
2833.26318359375
2829.44384765625
2824.01953125
2818.33935546875
2813.39111328125
2809.380859375
2805.3662109375
2801.83740234375
2797.5869140625
2793.2392578125
2787.85205078125
2782.46728515625
2777.6162109375
2774.2841796875
2772.212890625
2770.146484375
2767.7412109375
2764.2763671875
2760.79248046875
2756.546875
2751.62939453125
2745.095703125
2738.455078125
2733.03271484375
2729.455078125
2726.6494140625
2723.1953125
2718.35498046875
2712.40771484375
2706.830078125
2702.43896484375
2699.22998046875
2696.0185546875
2692.0966796875
2687.47412109375
2682.9384765625
2679.322265625
2676.15576171875
2673.07177734375
2669.28955078125
2665.5
2662.10986328125
2660.31689453125
2659.33984375
2659.70849609375
2659.41162109375
2659.06396484375
2656.40380859375
2652.1455078125
2645.103515625
2637.48193359375
2630.29248046875
2625.89111328125
2623.77392578125
2623.0693359375
2621.9130859375
2619.0703125
2614.61328125
2609.3291015625
2604.40869140625
2600.3974609375
2597.9189453125
2596.65966796875
2596.54736328125
2596.0341796875
2595.11865234375
2593.7919921875
2593.67724609375
2594.1865234375
2592.70263671875
2585.0205078125
2572.50390625
2561.28466796875
2555.4736328125
2555.11572265625
2555.01416015625
2552.3427734375
2545.5712890625
2539.84814453125
2537.87744140625
2538.6455078125
2538.35693359375
2534.50927734375
2527.7939453125
2520.5625
2515.13916015625
2511.3671875
2508.2001953125
2504.72900390625
2501.4365234375
2498.49951171875
2496.220703125
2493.03564453125
2488.8564453125
2482.8642578125
2476.77783203125
2471.263671875
2467.54541015625
2464.45556640625
2461.2763671875
2456.94677734375
2451.88671875
2447.10205078125
2443.5751953125
2441.21875
2438.8359375
2435.861328125
2432.498046875
2430.0390625
2428.3603515625
2426.90869140625
2424.060546875
2420.6494140625
2416.76416015625
2413.78662109375
2410.93212890625
2408.4443359375
2406.56884765625
2405.81396484375
2406.0107421875
2406.57568359375
2407.20556640625
2406.65576171875
2405.68896484375
2403.103515625
2400.31689453125
2396.724609375
2393.10546875
2388.20703125
2383.81982421875
2378.8232421875
2374.6611328125
2370.15625
2365.26318359375
2359.078125
2352.86669921875
2347.1875
2342.85498046875
2339.736328125
2337.01708984375
2334.51318359375
2331.74365234375
2329.0966796875
2326.025390625
2322.44580078125
2317.73876953125
2312.27197265625
2306.39794921875
2300.85400390625
2296.068359375
2292.11474609375
2289.05224609375
2286.6220703125
2284.51513671875
2282.09423828125
2279.04443359375
2274.58056640625
2269.98291015625
2264.40087890625
2260.16552734375
2257.2607421875
2255.5478515625
2253.666015625
2251.30908203125
2248.37109375
2245.80126953125
2244.4697265625
2244.43310546875
2244.52490234375
2244.82080078125
2243.1220703125
2240.86328125
2237.30029296875
2234.15234375
2231.05126953125
2228.64501953125
2225.99169921875
2223.7783203125
2221.15673828125
2219.228515625
2216.87744140625
2215.46240234375
2213.30126953125
2211.25341796875
2207.5654296875
2203.7724609375
2199.5625
2196.48388671875
2194.09912109375
2191.96435546875
2189.39306640625
2185.66796875
2181.9453125
2178.2607421875
2175.73291015625
2173.6376953125
2171.94580078125
2169.92919921875
2167.45849609375
2164.8876953125
2162.20068359375
2159.75537109375
2156.7548828125
2153.6982421875
2149.94091796875
2145.9072265625
2140.552734375
2135.037109375
2130.0458984375
2126.47216796875
2124.37646484375
2121.796875
2117.5576171875
2111.35400390625
2105.2607421875
2101.11962890625
2099.0625
2097.5009765625
2095.2490234375
2092.9365234375
2091.0791015625
2089.369140625
2086.4521484375
2082.126953125
2077.44921875
2073.599609375
2071.20556640625
2070.02392578125
2069.69580078125
2069.4912109375
2068.712890625
2067.96875
2067.8291015625
2068.82666015625
2069.55908203125
2069.484375
2068.041015625
2066.34716796875
2063.80712890625
2060.884765625
2057.3662109375
2054.29541015625
2052.45703125
2051.16943359375
2049.978515625
2046.958984375
2042.212890625
2036.3974609375
2031.443359375
2027.9130859375
2025.8466796875
2024.48583984375
2023.451171875
2022.06884765625
2019.6015625
2015.43017578125
2010.6142578125
2006.37548828125
2003.93310546875
2002.41162109375
1967.5078125
1974.48828125
1982.3505859375
1956.20458984375
1973.07421875
1962.76220703125
1953.443359375
1964.4873046875
1949.51025390625
1951.72265625
1952.72998046875
1942.37255859375
1947.18408203125
1942.0908203125
1937.9638671875
1940.158203125
1934.15380859375
1933.49267578125
1932.52685546875
1928.19140625
1928.1103515625
1925.5390625
1922.95068359375
1922.181640625
1919.41064453125
1917.71142578125
1916.22802734375
1913.82568359375
1912.328125
1910.49169921875
1908.47509765625
1906.8955078125
1904.99365234375
1903.1748046875
1901.48583984375
1899.6533203125
1897.91162109375
1896.1640625
1894.3984375
1892.65478515625
1890.9111328125
1889.1796875
1887.43701171875
1885.716796875
1883.99365234375
1882.2587890625
1880.56494140625
1878.833984375
1877.11328125
1875.423828125
1873.69091796875
1871.99267578125
1870.30126953125
1868.57177734375
1866.88671875
1865.189453125
1863.47314453125
1861.79296875
1860.095703125
1858.392578125
1856.7119140625
1855.01416015625
1853.32177734375
1851.63525390625
1849.93115234375
1848.2412109375
1846.5517578125
1844.8515625
1843.1552734375
1841.46337890625
1839.76220703125
1838.06787109375
1836.3701171875
1834.6640625
1832.96435546875
1831.25390625
1829.5478515625
1827.84521484375
1826.14013671875
1824.43212890625
1822.73193359375
1821.03125
1819.33154296875
1817.63916015625
1815.94482421875
1814.248046875
1812.5693359375
1810.88916015625
1809.2138671875
1807.54150390625
1805.87451171875
1804.208984375
1802.55126953125
1800.89404296875
1799.24169921875
1797.59228515625
1795.9423828125
1794.29736328125
1792.6533203125
1791.01171875
1789.376953125
1787.74072265625
1786.10302734375
1784.46728515625
1782.8369140625
1781.2041015625
1779.57373046875
1777.9482421875
1776.322265625
1774.70166015625
1773.0732421875
1771.45263671875
1769.83544921875
1768.21435546875
1766.5986328125
1764.98046875
1763.36865234375
1761.75927734375
1760.1484375
1758.5400390625
1756.93408203125
1755.3349609375
1753.7333984375
1752.13623046875
1750.53857421875
1748.943359375
1747.353515625
1745.7626953125
1744.17919921875
1742.59619140625
1741.02001953125
1739.4462890625
1737.8837890625
1736.31689453125
1734.7490234375
1733.16943359375
1731.5859375
1729.98779296875
1728.3916015625
1726.80615234375
1725.23046875
1723.6748046875
1722.11962890625
1720.5703125
1719.01318359375
1717.44873046875
1715.88330078125
1714.322265625
1712.76708984375
1711.2197265625
1709.67626953125
1708.1318359375
1706.5869140625
1705.04541015625
1703.501953125
1701.95458984375
1700.41650390625
1698.88134765625
1697.34814453125
1695.8134765625
1694.28271484375
1692.7529296875
1691.22412109375
1689.69140625
1688.166015625
1686.642578125
1685.11767578125
1683.60009765625
1682.08349609375
1680.56591796875
1679.05126953125
1677.54150390625
1676.02734375
1674.517578125
1673.01025390625
1671.50341796875
1669.99951171875
1668.49072265625
1666.98779296875
1665.48779296875
1663.986328125
1662.4833984375
1660.98681640625
1659.49365234375
1657.99853515625
1656.50537109375
1655.017578125
1653.5263671875
1652.03662109375
1650.55224609375
1649.072265625
1647.59033203125
1646.109375
1644.63623046875
1643.1552734375
1641.6767578125
1640.20703125
1638.7333984375
1637.26220703125
1635.7900390625
1634.3193359375
1632.85107421875
1631.38671875
1629.92431640625
1628.462890625
1627.001953125
1625.54248046875
1624.08544921875
1622.63330078125
1621.1787109375
1619.7294921875
1618.28125
1616.83154296875
1615.38427734375
1613.9365234375
1612.494140625
1611.052734375
1609.60888671875
1608.16796875
1606.73046875
1605.29248046875
1603.86083984375
1602.42431640625
1600.9970703125
1599.5712890625
1598.1416015625
1596.71826171875
1595.29345703125
1593.869140625
1592.44873046875
1591.029296875
1589.6123046875
1588.19580078125
1586.7841796875
1585.36767578125
1583.9580078125
1582.5498046875
1581.138671875
1579.7314453125
1578.32763671875
1576.92236328125
1575.521484375
1574.119140625
1572.71826171875
1571.3212890625
1569.92138671875
1568.5263671875
1567.13427734375
1565.7392578125
1564.3564453125
1562.9716796875
1561.5869140625
1560.20556640625
1558.82666015625
1557.453125
1556.07666015625
1554.71240234375
1553.345703125
1551.982421875
1550.61181640625
1549.2392578125
1547.8427734375
1546.44384765625
1545.03857421875
1543.65283203125
1542.27685546875
1540.91796875
1539.560546875
1538.2021484375
1536.8369140625
1535.46630859375
1534.0869140625
1532.72216796875
1531.36474609375
1530.015625
1528.67626953125
1527.34033203125
1526.01513671875
1524.7041015625
1523.42578125
1522.173828125
1520.9541015625
1519.697265625
1518.34033203125
1516.8310546875
1515.26171875
1513.791015625
1512.48828125
1511.27587890625
1510.00732421875
1508.60986328125
1507.14453125
1505.7421875
1504.447265625
1503.18359375
1501.86083984375
1500.46630859375
1499.0732421875
1497.7431640625
1496.462890625
1495.158203125
1493.806640625
1492.43896484375
1491.09619140625
1489.79248046875
1488.4873046875
1487.15234375
1485.8037109375
1484.46337890625
1483.1455078125
1481.83544921875
1480.505859375
1479.169921875
1477.84130859375
1476.5146484375
1475.20068359375
1473.8798828125
1472.55029296875
1471.2041015625
1469.880859375
1468.56396484375
1467.240234375
1465.912109375
1464.57763671875
1463.2451171875
1461.91650390625
1460.5927734375
1459.263671875
1457.93115234375
1456.59765625
1455.263671875
1453.92724609375
1452.59375
1451.2607421875
1449.92138671875
1448.58251953125
1447.24365234375
1445.900390625
1444.5595703125
1443.2177734375
1441.875
1440.52734375
1439.17578125
1437.8232421875
1436.47216796875
1435.11376953125
1433.76025390625
1432.39697265625
1431.0380859375
1429.6708984375
1428.306640625
1426.935546875
1425.5634765625
1424.1875
1422.810546875
1421.42724609375
1420.0458984375
1418.65771484375
1417.26220703125
1415.86328125
1414.4609375
1413.05224609375
1411.6435546875
1410.228515625
1408.80712890625
1407.38330078125
1405.9462890625
1404.515625
1403.07421875
1401.6279296875
1400.177734375
1398.7275390625
1397.2705078125
1395.810546875
1394.349609375
1392.88037109375
1391.41064453125
1389.93408203125
1388.4609375
1386.98681640625
1385.50927734375
1384.03662109375
1382.5625
1381.0927734375
1379.62451171875
1378.158203125
1376.69921875
1375.24658203125
1373.80224609375
1372.37353515625
1370.95947265625
1369.5625
1368.177734375
1366.7978515625
1365.4052734375
1363.98974609375
1362.5546875
1361.12255859375
1359.71923828125
1358.36181640625
1357.0390625
1355.72265625
1354.40185546875
1353.0703125
1351.7421875
1350.4287109375
1349.1357421875
1347.86181640625
1346.5947265625
1345.33203125
1344.06787109375
1342.81201171875
1341.56494140625
1340.32763671875
1339.10107421875
1337.87646484375
1336.658203125
1335.443359375
1334.22705078125
1333.0263671875
1331.8271484375
1330.634765625
1329.44921875
1328.27392578125
1327.10009765625
1325.939453125
1324.80029296875
1323.6884765625
1322.6123046875
1321.58740234375
1320.626953125
1319.732421875
1318.82421875
1317.83056640625
1316.599609375
1315.1943359375
1313.70751953125
1312.3046875
1311.02099609375
1309.86572265625
1308.84765625
1307.95947265625
1307.23388671875
1306.66064453125
1306.30029296875
1306.076171875
1306.0048828125
1305.85888671875
1305.03955078125
1302.99072265625
1299.90869140625
1297.228515625
1295.8828125
1295.40673828125
1294.79541015625
1293.541015625
1292.0498046875
1290.82421875
1289.72119140625
1288.50390625
1287.0869140625
1285.794921875
1284.72265625
1283.7080078125
1282.576171875
1281.28515625
1280.05712890625
1278.962890625
1277.9833984375
1277.03955078125
1276.0654296875
1275.1162109375
1274.18115234375
1273.384765625
1272.705078125
1272.10546875
1271.421875
1270.64208984375
1269.85693359375
1269.15576171875
1268.4404296875
1267.4755859375
1266.173828125
1264.708984375
1263.5185546875
1262.9052734375
1262.91845703125
1263.22900390625
1263.3896484375
1262.9345703125
1261.953125
1260.53173828125
1259.10498046875
1257.49951171875
1255.849609375
1254.06787109375
1252.2119140625
1250.4853515625
1249.23046875
1248.5703125
1248.10546875
1247.673828125
1246.9375
1246.46240234375
1245.9599609375
1246.1494140625
1246.12451171875
1246.2333984375
1246.12060546875
1245.8154296875
1245.1298828125
1244.296875
1243.36474609375
1243.83642578125
1245.2568359375
1247.64794921875
1247.97607421875
1246.89794921875
1242.92431640625
1238.822265625
1234.552734375
1231.8291015625
1230.09912109375
1229.13134765625
1228.38330078125
1227.578125
1226.47509765625
1224.986328125
1223.1923828125
1221.34619140625
1219.95703125
1219.041015625
1218.90576171875
1219.46240234375
1220.7578125
1222.345703125
1224.30419921875
1225.43310546875
1226.14404296875
1224.89501953125
1223.2275390625
1221.47509765625
1220.99853515625
1221.5380859375
1222.6484375
1223.509765625
1223.78759765625
1223.79296875
1223.44384765625
1222.79541015625
1221.46240234375
1219.93701171875
1218.86083984375
1218.78515625
1219.654296875
1220.36669921875
1220.03515625
1218.03271484375
1214.47216796875
1210.25634765625
1206.130859375
1202.9677734375
1200.89990234375
1199.3974609375
1197.7216796875
1195.67578125
1193.28173828125
1190.92529296875
1188.755859375
1187.0556640625
1185.82958984375
1184.990234375
1184.197265625
1183.14794921875
1181.97412109375
1180.693359375
1179.54736328125
1178.3193359375
1177.17626953125
1175.81689453125
1174.4697265625
1172.9365234375
1171.55908203125
1170.1982421875
1168.951171875
1167.55615234375
1166.12939453125
1164.60595703125
1163.1015625
1161.52734375
1160.08056640625
1158.8544921875
1158.18505859375
1157.9609375
1158.255859375
1158.87158203125
1159.89404296875
1161.22412109375
1162.87255859375
1164.48876953125
1165.7021484375
1165.91650390625
1165.11181640625
1163.58056640625
1162.0595703125
1160.7236328125
1159.6357421875
1158.42041015625
1157.1015625
1155.63916015625
1154.509765625
1153.759765625
1153.5927734375
1153.86572265625
1154.5263671875
1154.8720703125
1154.18310546875
1152.2333984375
1150.02734375
1148.21142578125
1146.31640625
1144.5849609375
1142.93310546875
1142.22998046875
1141.865234375
1141.36962890625
1140.57958984375
1139.66064453125
1138.798828125
1137.849609375
1136.7890625
1135.41064453125
1134.14794921875
1133.2890625
1133.322265625
1133.43310546875
1133.05078125
1131.44970703125
1129.22021484375
1126.71875
1124.4443359375
1122.33642578125
1120.4580078125
1118.49267578125
1116.544921875
1114.7578125
1113.66357421875
1113.298828125
1113.5263671875
1113.865234375
1114.25390625
1114.63427734375
1115.3251953125
1116.51611328125
1118.09912109375
1119.49853515625
1119.75830078125
1118.20458984375
1115.0791015625
1111.5
1108.65673828125
1106.927734375
1106.01123046875
1104.99560546875
1103.78564453125
1102.4619140625
1101.47021484375
1100.59326171875
1099.68798828125
1098.5908203125
1097.88134765625
1097.8828125
1098.62255859375
1099.29541015625
1099.080078125
1097.87890625
1096.1533203125
1094.83935546875
1093.8291015625
1092.90771484375
1091.32373046875
1089.46875
1087.80859375
1087.158203125
1087.26904296875
1087.74658203125
1087.970703125
1087.80029296875
1087.35009765625
1086.35498046875
1084.94384765625
1083.01416015625
1081.47216796875
1080.7587890625
1081.21826171875
1082.1298828125
1082.88671875
1082.8525390625
1082.04931640625
1080.58203125
1078.70068359375
1076.6171875
1074.94775390625
1073.96484375
1074.18115234375
1075.14111328125
1076.72509765625
1077.87841796875
1078.34765625
1077.3720703125
1075.42822265625
1072.25048828125
1068.64111328125
1064.32763671875
1060.2763671875
1056.53515625
1053.826171875
1052.63818359375
1052.8779296875
1053.50830078125
1053.22998046875
1051.6337890625
1049.3984375
1047.970703125
1047.79150390625
1048.54638671875
1049.087890625
1049.3701171875
1049.15673828125
1049.36328125
1049.58154296875
1050.314453125
1050.9541015625
1051.357421875
1051.06640625
1049.60205078125
1047.36328125
1044.60205078125
1042.353515625
1040.4765625
1039.3115234375
1038.54296875
1038.29541015625
1038.43212890625
1038.69140625
1038.89990234375
1038.8837890625
1038.8310546875
1038.69970703125
1038.568359375
1038.4111328125
1038.11376953125
1038.02783203125
1037.8994140625
1038.1201171875
1038.330078125
1038.86767578125
1039.4248046875
1040.09423828125
1040.07470703125
1039.5859375
1037.57958984375
1034.76611328125
1030.5478515625
1026.38427734375
1022.79541015625
1020.76318359375
1020.2099609375
1020.55126953125
1020.81201171875
1020.2060546875
1018.80078125
1016.61279296875
1014.51123046875
1012.74072265625
1011.49462890625
1010.4306640625
1009.08935546875
1007.21826171875
1004.83984375
1002.5048828125
1000.75048828125
1000.0302734375
1000.1474609375
1000.82177734375
1001.4267578125
1001.73046875
1001.73681640625
1001.5732421875
1001.5751953125
1001.63623046875
1001.9208984375
1002.07958984375
1002.259765625
1002.1474609375
1001.9375
1001.37548828125
1000.7314453125
999.81689453125
998.99755859375
998.1259765625
997.47314453125
996.71337890625
995.97900390625
995.03662109375
993.91845703125
992.46240234375
990.5029296875
988.087890625
985.421875
982.98486328125
981.07568359375
979.8203125
978.9912109375
978.341796875
977.63720703125
976.7919921875
975.8408203125
974.81103515625
973.91357421875
973.29345703125
973.23388671875
973.65283203125
974.4755859375
975.21728515625
975.74072265625
975.72216796875
975.1748046875
974.10546875
972.5146484375
970.666015625
968.98681640625
967.845703125
967.845703125
968.86181640625
970.9521484375
973.4169921875
976.138671875
978.3349609375
980.16748046875
980.99609375
981.1396484375
980.2294921875
978.60693359375
976.47119140625
973.81494140625
971.19873046875
968.70751953125
966.92138671875
966.12109375
966.20166015625
966.8310546875
967.14453125
966.599609375
964.90576171875
962.185546875
959.68505859375
957.77392578125
957.28564453125
957.685546875
958.576171875
959.09814453125
958.927734375
957.90771484375
956.357421875
954.59765625
952.91845703125
951.35400390625
949.9521484375
948.60205078125
947.38818359375
946.1513671875
945.0986328125
943.95849609375
942.8984375
941.54248046875
940.0263671875
938.15576171875
936.32275390625
934.72509765625
933.71630859375
933.2236328125
933.08837890625
932.91259765625
932.45556640625
931.63671875
930.67822265625
930.01513671875
929.93212890625
930.5771484375
931.57763671875
932.515625
932.87353515625
932.5302734375
931.5927734375
930.47802734375
929.51806640625
929.05517578125
929.16162109375
929.74658203125
930.43896484375
930.3134765625
929.36328125
928.13916015625
927.92529296875
928.52685546875
928.6328125
927.2353515625
924.7802734375
922.2783203125
920.41796875
918.6689453125
916.828125
915.0263671875
913.7177734375
912.9306640625
912.5810546875
912.4736328125
912.8359375
913.2060546875
913.462890625
912.8720703125
911.912109375
910.8095703125
910.2607421875
910.7099609375
911.875
913.78759765625
915.69873046875
917.57666015625
918.72265625
919.1142578125
917.7841796875
915.07666015625
911.24267578125
907.9521484375
905.939453125
905.7919921875
906.576171875
907.45361328125
907.224609375
905.78662109375
903.41845703125
900.8583984375
898.63427734375
896.87646484375
895.41552734375
894.15234375
893.0673828125
892.474609375
892.29736328125
892.78564453125
893.2138671875
894.08447265625
894.18359375
894.5849609375
893.9228515625
893.50927734375
892.51318359375
891.5810546875
889.89794921875
887.953125
885.74951171875
884.13330078125
883.44140625
883.54248046875
883.88427734375
883.69580078125
882.80810546875
881.1083984375
879.29052734375
877.67529296875
876.849609375
876.462890625
876.50048828125
876.00244140625
874.97314453125
873.27392578125
871.60205078125
870.5888671875
870.30224609375
870.533203125
870.52294921875
870.0439453125
869.0478515625
868.0078125
866.98193359375
866.0107421875
864.97314453125
863.8779296875
862.83544921875
862.0126953125
861.39892578125
860.96337890625
860.66357421875
860.6123046875
860.8837890625
861.619140625
862.69482421875
