7658.3896484375
7644.521484375
7632.0849609375
7620.9765625
7611.009765625
7601.99609375
7593.76171875
7586.1611328125
7579.09375
7572.46044921875
7566.166015625
7560.14501953125
7554.35302734375
7548.7548828125
7543.330078125
7538.06982421875
7532.9755859375
7528.04248046875
7523.28369140625
7518.70068359375
7514.3017578125
7510.0869140625
7506.0595703125
7502.212890625
7498.541015625
7495.03125
7491.6689453125
7488.4404296875
7485.3251953125
7482.3154296875
7479.4013671875
7476.57421875
7473.8359375
7471.1875
7468.6259765625
7466.1513671875
7463.763671875
7461.4609375
7459.240234375
7457.09716796875
7455.02734375
7453.02392578125
7451.08837890625
7449.21240234375
7447.396484375
7445.6337890625
7443.9267578125
7442.2705078125
7440.6640625
7439.107421875
7437.59521484375
7436.126953125
7434.7021484375
7433.3173828125
7431.974609375
7430.66796875
7429.3974609375
7428.1611328125
7426.9580078125
7425.7880859375
7424.64599609375
7423.53125
7422.44677734375
7421.39208984375
7420.3603515625
7419.3564453125
7418.37451171875
7417.41796875
7416.482421875
7415.564453125
7414.6728515625
7413.7998046875
7412.947265625
7412.111328125
7411.2958984375
7410.4970703125
7409.716796875
7408.95263671875
7408.205078125
7407.470703125
7406.7529296875
7406.0498046875
7405.36083984375
7404.68505859375
7404.021484375
7403.37060546875
7402.732421875
7402.10595703125
7401.4912109375
7400.888671875
7400.296875
7399.7158203125
7399.14501953125
7398.5849609375
7398.03125
7397.48974609375
7396.9560546875
7396.431640625
7395.9150390625
7395.408203125
7394.90966796875
7394.41845703125
7393.9365234375
7393.4599609375
7392.9921875
7392.5322265625
7392.0771484375
7391.6298828125
7391.18994140625
7390.7568359375
7390.3291015625
7389.9072265625
7389.490234375
7389.0810546875
7388.67626953125
7388.27734375
7387.8837890625
7387.4970703125
7387.1162109375
7386.7373046875
7386.36474609375
7385.9970703125
7385.63623046875
7385.2763671875
7384.9208984375
7384.57275390625
7384.2275390625
7383.8876953125
7383.54931640625
7383.21875
7382.8876953125
7382.56201171875
7382.2412109375
7381.923828125
7381.60791015625
7381.296875
7380.9912109375
7380.68701171875
7380.38671875
7380.0888671875
7379.7939453125
7379.50341796875
7379.2158203125
7378.927734375
7378.6474609375
7378.369140625
7378.0927734375
7377.81884765625
7377.54931640625
7377.2822265625
7377.01611328125
7376.75390625
7376.494140625
7376.2353515625
7375.9794921875
7375.7265625
7375.4755859375
7375.228515625
7374.984375
7374.7392578125
7374.5
7374.26171875
7374.0244140625
7373.79150390625
7373.5576171875
7373.3271484375
7373.099609375
7372.87255859375
7372.6484375
7372.4248046875
7372.203125
7371.9853515625
7371.7666015625
7371.5517578125
7371.33740234375
7371.125
7370.9150390625
7370.7060546875
7370.49853515625
7370.2939453125
7370.08984375
7369.8876953125
7369.6865234375
7369.4853515625
7369.2880859375
7369.091796875
7368.89794921875
7368.705078125
7368.5126953125
7368.322265625
7368.1337890625
7367.94482421875
7367.7587890625
7367.57421875
7367.3896484375
7367.208984375
7367.0283203125
7366.84814453125
7366.67041015625
7366.4931640625
17727972.0
605885.1875
89327.8203125
85850.5546875
303428.3125
172372.703125
82675.234375
67749.0859375
63485.8671875
62755.015625
61820.56640625
61613.18359375
61097.73828125
60496.55859375
59858.8984375
58920.8984375
57615.3515625
56089.87890625
54487.1640625
52857.4375
51224.7890625
49635.9140625
48008.10546875
46497.4609375
45133.42578125
43828.0703125
42549.6328125
41308.0703125
40133.65625
39044.171875
38053.90234375
37132.16015625
36234.0859375
35354.02734375
34512.19921875
33710.0703125
32943.09375
32208.658203125
31540.720703125
30873.966796875
30243.46484375
29646.37890625
29078.76953125
28535.9296875
28014.990234375
27511.10546875
27042.69921875
26566.94140625
26128.6953125
25709.9296875
25304.05859375
24907.71484375
24521.365234375
24149.515625
23793.126953125
23451.03515625
23116.30859375
22834.56640625
22520.189453125
22230.052734375
21952.955078125
21685.80859375
21427.154296875
21177.595703125
20937.232421875
20705.49609375
20481.65234375
20264.59375
20054.140625
19850.6953125
19653.779296875
19462.525390625
19276.365234375
19095.04296875
18918.52734375
18746.4921875
18578.537109375
18414.51171875
18254.15625
18097.482421875
17944.609375
17795.25390625
17649.16015625
17506.33203125
17366.96875
17230.955078125
17097.9609375
16967.830078125
16840.306640625
16715.033203125
16591.974609375
16471.279296875
16353.4189453125
16252.720703125
16145.033203125
16039.875
15935.1015625
15829.603515625
15723.673828125
15618.36328125
15514.626953125
15412.6181640625
15311.8759765625
15211.728515625
15111.693359375
15011.59765625
14911.6064453125
14812.2861328125
14714.525390625
14618.98046875
14525.9921875
14435.701171875
14348.0068359375
14262.708984375
14179.544921875
14098.232421875
14018.4736328125
13939.9755859375
13862.55078125
13786.099609375
13710.630859375
13636.2109375
13562.958984375
13490.91015625
13420.1240234375
13350.5537109375
13282.130859375
13214.732421875
13148.2431640625
13082.5166015625
13017.4873046875
12953.0712890625
12889.2421875
12826.0546875
12763.52734375
12701.697265625
12640.6298828125
12580.3349609375
12520.8076171875
12462.05859375
12404.017578125
12346.6474609375
12289.90625
12233.767578125
12178.1826171875
12123.1328125
12068.6494140625
12014.7265625
11961.388671875
11908.7080078125
11856.8203125
11805.9541015625
11756.134765625
11706.478515625
11655.4267578125
11606.3076171875
11561.525390625
11509.876953125
11467.0927734375
11420.1181640625
11376.3603515625
11331.1474609375
11286.09375
11241.568359375
11197.609375
11154.25
11111.400390625
11068.890625
11026.37109375
10983.5224609375
10940.5703125
10898.650390625
10858.62890625
10816.7890625
10798.85546875
10744.78515625
10715.71875
10686.638671875
10656.9775390625
10626.134765625
10593.587890625
10559.234375
10523.333984375
10486.271484375
10448.2509765625
10409.4453125
10370.1826171875
10330.708984375
10291.2109375
10251.8642578125
10212.82421875
10174.25390625
10136.232421875
10098.8974609375
10062.3349609375
10026.7158203125
9992.4677734375
9960.2587890625
9925.3017578125
9908.40625
9866.275390625
9833.330078125
9803.052734375
9773.4599609375
9743.9521484375
9714.296875
9684.423828125
9654.359375
9624.166015625
9593.869140625
9563.484375
9533.068359375
9502.6298828125
9472.2177734375
9441.8544921875
9411.509765625
9381.0732421875
9350.62890625
9321.6240234375
9296.39453125
9289.4716796875
9244.765625
9218.162109375
9194.0078125
9170.1337890625
9145.939453125
9121.150390625
9095.66796875
9069.47265625
9042.6533203125
9015.3037109375
8987.5625
8959.513671875
8931.302734375
8903.02734375
8874.7724609375
8846.6220703125
8818.6787109375
8790.978515625
8763.3916015625
8735.34765625
8707.013671875
8696.244140625
8660.046875
8638.7841796875
8616.576171875
8594.2880859375
8571.740234375
8548.5107421875
8524.80859375
8500.833984375
8476.50390625
8451.7763671875
8426.76953125
8401.669921875
8376.458984375
8351.1962890625
8326.22265625
8301.505859375
8276.7724609375
8252.078125
8227.51171875
8202.98828125
8178.3212890625
8153.71875
8130.23828125
8110.9619140625
8083.84765625
8071.98193359375
8059.0712890625
8049.646484375
8041.66015625
8033.78125
8025.09375
8014.93359375
8002.73095703125
7988.0546875
7970.8427734375
7951.359375
7930.0830078125
7907.5048828125
7884.048828125
7860.17529296875
7836.185546875
7812.10498046875
7787.9873046875
7764.1171875
7740.6826171875
7717.564453125
7694.6728515625
7672.21240234375
7650.32421875
7628.86181640625
7607.732421875
7587.06640625
7566.9033203125
7547.115234375
7527.6015625
7508.427734375
7489.5986328125
7471.02978515625
7452.79541015625
7434.9296875
7417.34130859375
7399.953125
7382.8251953125
7365.99462890625
7349.3447265625
7333.13671875
7317.869140625
7303.43359375
7288.42333984375
7270.279296875
7249.93505859375
7231.7412109375
7217.26318359375
7202.951171875
7185.625
7167.623046875
7152.21875
7138.7587890625
7122.62548828125
7105.8984375
7089.63232421875
7075.28564453125
7060.5234375
7044.6298828125
7030.38525390625
7015.06591796875
7000.2939453125
6984.14111328125
6969.837890625
6957.39306640625
6941.41650390625
6926.23193359375
6912.4111328125
6899.3203125
6886.087890625
6871.20751953125
6857.83740234375
6845.50732421875
6830.837890625
6814.9658203125
6800.353515625
6788.05029296875
6775.84326171875
6761.5029296875
6747.326171875
6734.5546875
6721.83349609375
6708.2431640625
6694.52294921875
6682.029296875
6670.16748046875
6657.939453125
6645.525390625
6632.7138671875
6619.1669921875
6605.478515625
6592.7578125
6581.044921875
6569.1181640625
6556.337890625
6543.3251953125
6530.896484375
6519.11474609375
6507.46923828125
6495.49853515625
6483.1806640625
6471.037109375
6459.625
6448.7607421875
6437.6796875
6425.9189453125
6413.80859375
6402.1240234375
6390.5419921875
6378.76025390625
6367.52783203125
6357.55615234375
6347.9208984375
6336.2822265625
6322.5859375
6309.162109375
6297.958984375
6287.9140625
6277.14111328125
6265.501953125
6253.75732421875
6242.61474609375
6231.7490234375
6220.966796875
6210.0888671875
6198.849609375
6187.5087890625
6176.41552734375
6165.70849609375
6155.1328125
6144.396484375
6133.61181640625
6122.9140625
6112.26416015625
6101.720703125
6091.384765625
6081.265625
6071.08544921875
6060.859375
6050.8037109375
6041.0390625
6031.369140625
6021.5771484375
6011.693359375
6001.5888671875
5991.2998046875
5980.5830078125
5969.693359375
5958.8203125
5948.1806640625
5937.9521484375
5928.3515625
5918.38134765625
5907.9130859375
5897.1884765625
5887.29345703125
5877.84814453125
5867.822265625
5857.08447265625
5846.45751953125
5836.4140625
5826.53466796875
5816.46435546875
5806.5068359375
5796.763671875
5786.9794921875
5776.98046875
5766.8505859375
5756.943359375
5747.2705078125
5738.6474609375
5729.12451171875
5720.37939453125
5708.900390625
5698.1748046875
5688.7509765625
5680.3916015625
5674.4892578125
5663.00341796875
5652.2509765625
5642.2392578125
5634.18798828125
5628.66259765625
5615.47998046875
5604.62646484375
5595.11962890625
5585.02978515625
5576.056640625
5568.03369140625
5560.64599609375
5552.23681640625
5542.044921875
5533.77880859375
5527.7099609375
5523.20849609375
5518.4404296875
5509.47265625
5494.36181640625
5486.33349609375
5478.04736328125
5463.36181640625
5457.61962890625
5453.15087890625
5443.0576171875
5436.67431640625
5426.86376953125
5416.85595703125
5411.1689453125
5401.501953125
5392.3125
5383.4482421875
5374.3935546875
5368.1591796875
5359.45068359375
5349.55419921875
5339.64404296875
5329.998046875
5323.486328125
5316.23876953125
5307.87646484375
5299.0283203125
5289.0107421875
5280.775390625
5273.1728515625
5265.55810546875
5258.146484375
5249.75
5241.6982421875
5234.3310546875
5227.64501953125
5222.2255859375
5216.421875
5210.49755859375
5202.24072265625
5192.91357421875
5184.01953125
5175.64892578125
5167.58251953125
5158.642578125
5149.78515625
5142.06103515625
5135.251953125
5128.64404296875
5121.4267578125
5114.2236328125
5107.6689453125
5101.6640625
5095.787109375
5089.29638671875
5081.419921875
5072.1123046875
5063.1181640625
5055.97607421875
5050.0791015625
5043.38623046875
5034.9072265625
5025.78857421875
5017.99609375
5011.52392578125
5004.76171875
4996.7763671875
4988.52880859375
4981.32373046875
4975.0146484375
4968.4375
4960.951171875
4953.2578125
4946.1259765625
4939.48486328125
4932.7216796875
4925.61572265625
4918.58251953125
4911.99951171875
4905.6357421875
4899.1318359375
4892.2333984375
4885.2939453125
4878.30029296875
4871.4228515625
4864.306640625
4857.2958984375
4850.34326171875
4843.78662109375
4837.23828125
4830.53466796875
4823.4345703125
4816.3935546875
4809.505859375
4803.32421875
4796.671875
4790.0
4782.72705078125
4775.41943359375
4768.3828125
4761.6591796875
4755.28125
4748.9404296875
4742.8779296875
4736.6201171875
4730.6005859375
4724.54833984375
4718.6240234375
4712.97607421875
4707.5576171875
4702.015625
4694.98779296875
4686.1650390625
4675.68408203125
4666.05712890625
4658.44921875
4653.1552734375
4648.435546875
4642.998046875
4636.181640625
4629.01123046875
4622.87158203125
4618.052734375
4613.1005859375
4606.244140625
4596.96484375
4587.5615234375
4580.6044921875
4576.42919921875
4573.5673828125
4570.10498046875
4565.5771484375
4561.0361328125
4556.55322265625
4551.59765625
4543.8271484375
4535.0166015625
4526.7421875
4520.8203125
4516.4384765625
4511.517578125
4505.478515625
4498.3046875
4491.84765625
4485.810546875
4479.798828125
4473.13525390625
4466.49169921875
4460.7841796875
4456.2470703125
4454.41796875
4458.541015625
4465.98095703125
4461.798828125
4430.57568359375
4431.8828125
4434.56396484375
4414.126953125
4419.8544921875
4410.89013671875
4401.619140625
4402.912109375
4390.361328125
4390.78662109375
4383.67822265625
4377.6259765625
4373.4267578125
4362.533203125
4358.98779296875
4350.455078125
4347.5986328125
4342.89404296875
4337.6025390625
4333.24755859375
4324.6904296875
4319.8984375
4312.94921875
4310.5947265625
4308.169921875
4307.01953125
4303.62890625
4295.60791015625
4285.099609375
4274.0400390625
4268.5185546875
4265.779296875
4264.2626953125
4259.541015625
4252.1806640625
4243.78076171875
4236.68017578125
4231.6962890625
4227.25634765625
4222.689453125
4217.416015625
4212.6083984375
4208.2158203125
4203.98583984375
4198.76708984375
4192.740234375
4186.8603515625
4182.07861328125
4177.9296875
4173.908203125
4169.01171875
4164.029296875
4158.34521484375
4153.345703125
4148.326171875
4144.0517578125
4140.23046875
4136.6728515625
4132.86083984375
4128.45703125
4123.67431640625
4119.14453125
4115.63330078125
4112.9443359375
4110.77490234375
4107.9423828125
4104.521484375
4100.05859375
4095.9892578125
4092.4873046875
4089.189453125
4084.154296875
4075.8203125
4066.0244140625
4058.82421875
4056.54931640625
4056.46630859375
4055.00146484375
4050.5205078125
4045.5478515625
4042.44482421875
4040.6435546875
4037.04248046875
4031.009765625
4024.02734375
4018.3984375
4013.44189453125
4008.52880859375
4003.5078125
3999.90283203125
3997.1845703125
3994.208984375
3989.63916015625
3984.2470703125
3978.46044921875
3972.6083984375
3966.7392578125
3961.41796875
3957.5009765625
3954.35498046875
3951.66455078125
3948.16748046875
3944.71875
3940.9501953125
3938.00537109375
3934.9814453125
3931.27392578125
3926.6083984375
3919.91455078125
3912.75
3905.55859375
3900.7275390625
3898.2734375
3896.73046875
3893.68212890625
3888.26220703125
3881.41455078125
3875.349609375
3871.01171875
3868.4736328125
3866.0224609375
3863.57666015625
3860.2880859375
3857.2890625
3853.83154296875
3850.4794921875
3845.822265625
3840.8017578125
3835.89306640625
3832.001953125
3829.66796875
3828.01904296875
3826.189453125
3822.78662109375
3817.556640625
3811.03369140625
3804.09130859375
3798.177734375
3793.21875
3789.568359375
3785.994140625
3782.4345703125
3778.14208984375
3773.7978515625
3769.35986328125
3765.193359375
3761.1953125
3757.78857421875
3754.9921875
3752.86328125
3750.6220703125
3748.0830078125
3744.67041015625
3741.1533203125
3737.6640625
3734.443359375
3731.0126953125
3726.4404296875
3721.00830078125
3714.79248046875
3709.736328125
3705.8759765625
3702.90380859375
3699.767578125
3695.8173828125
3691.47705078125
3687.82275390625
3685.92138671875
3685.2470703125
3684.7919921875
3682.583984375
3678.22265625
3672.05615234375
3666.52099609375
3661.8994140625
3659.4345703125
3656.4658203125
3653.68896484375
3649.27734375
3644.9873046875
3640.5302734375
3636.7890625
3633.23828125
3630.46337890625
3628.4619140625
3626.771484375
3625.2685546875
3623.3046875
3621.3876953125
3618.7060546875
3615.22607421875
3610.21142578125
3605.3994140625
3601.42236328125
3599.35546875
3597.74609375
3596.0380859375
3592.736328125
3588.51025390625
3583.5888671875
3579.14892578125
3575.87646484375
3574.0126953125
3572.46142578125
3570.35986328125
3567.490234375
3564.84716796875
3563.6337890625
3564.14794921875
3564.1474609375
3560.978515625
3552.306640625
3541.8037109375
3533.75048828125
3530.537109375
3529.09033203125
3526.5009765625
3521.37646484375
3515.9970703125
3512.1826171875
3509.876953125
3507.11328125
3503.2451171875
3499.44921875
3497.2666015625
3496.70849609375
3496.49267578125
3495.736328125
3494.34912109375
3491.71044921875
3487.8720703125
3481.72412109375
3474.8876953125
3468.2861328125
3463.11767578125
3459.267578125
3456.1220703125
3452.98388671875
3449.34521484375
3445.89453125
3442.32958984375
3439.48046875
3437.28955078125
3435.0830078125
3432.93896484375
3430.0712890625
3427.4814453125
3424.37255859375
3421.71435546875
3418.52880859375
3414.5419921875
3408.76611328125
3402.2373046875
3396.58544921875
3392.61962890625
3390.642578125
3388.873046875
3386.68017578125
3382.98681640625
3378.8955078125
3374.744140625
3371.3544921875
3368.14990234375
3365.2177734375
3362.34228515625
3360.21630859375
3358.66259765625
3357.7119140625
3356.42041015625
3354.91015625
3352.9501953125
3351.32958984375
3350.2099609375
3349.24267578125
3348.0458984375
3346.025390625
3343.4189453125
3340.88720703125
3338.81689453125
3337.1748046875
3335.2646484375
3332.95654296875
3330.9951171875
3328.98388671875
3327.55615234375
3325.9521484375
3323.5517578125
3322.0791015625
3318.47705078125
3315.08935546875
3310.28173828125
3307.619140625
3306.0927734375
3305.88134765625
3302.98388671875
3295.16796875
3284.388671875
3274.96337890625
3271.1845703125
3271.26513671875
3270.98388671875
3265.67138671875
3257.166015625
3249.9892578125
3247.33837890625
3247.94140625
3248.42626953125
3247.3251953125
3244.6318359375
3242.46728515625
3240.24462890625
3237.8115234375
3233.61767578125
3228.61181640625
3223.78076171875
3220.10791015625
3218.4033203125
3218.48974609375
3221.2275390625
3224.802734375
3228.8466796875
3228.08203125
3221.59033203125
3209.583984375
3199.50927734375
3196.33837890625
3197.20703125
3197.90087890625
3194.70361328125
3190.0966796875
3186.66357421875
3186.85693359375
3188.2685546875
3187.2294921875
3183.49658203125
3177.451171875
3174.36962890625
3175.05712890625
3175.3076171875
3173.23388671875
3166.74462890625
3158.8076171875
3152.66796875
3149.5859375
3147.193359375
3142.501953125
3137.7880859375
3134.32861328125
3131.85546875
3129.71435546875
3126.2783203125
3122.93701171875
3119.9853515625
3117.46484375
3114.564453125
3111.43017578125
3108.9541015625
3108.0
3108.67041015625
3110.92333984375
3112.74755859375
3113.58837890625
3111.7431640625
3108.4638671875
3103.75537109375
3099.26708984375
3095.17041015625
3092.09326171875
3089.6923828125
3087.5078125
3084.85205078125
3081.5244140625
3077.26318359375
3072.72412109375
3068.505859375
3065.20947265625
3062.8388671875
3060.740234375
3058.44091796875
3055.732421875
3053.11376953125
3050.66748046875
3048.3212890625
3045.5361328125
3043.0361328125
3023.029296875
3025.8447265625
3029.4501953125
3014.79296875
3022.3037109375
3016.8251953125
3010.599609375
3015.29248046875
3007.55078125
3006.71142578125
3007.07470703125
3001.00537109375
3001.759765625
2999.39599609375
2995.7041015625
2995.9736328125
2992.72265625
2990.64013671875
2989.93994140625
2986.80908203125
2985.47314453125
2983.998046875
2981.326171875
2980.18359375
2978.25146484375
2976.0498046875
2974.8271484375
2972.693359375
2970.8662109375
2969.42529296875
2967.28173828125
2965.67041015625
2963.9931640625
2961.9560546875
2960.39453125
2958.53857421875
2956.63671875
2954.98681640625
2953.05078125
2951.2109375
2949.42822265625
2947.4560546875
2945.62255859375
2943.73046875
2941.79248046875
2939.9521484375
2938.0576171875
2936.21240234375
2934.4365234375
2932.6494140625
2930.93798828125
2929.26123046875
2927.5927734375
2925.9599609375
2924.32861328125
2922.68359375
2921.0458984375
2919.3857421875
2917.71435546875
2916.03955078125
2914.34375
2912.65185546875
2910.9697265625
2909.2802734375
2907.60546875
2905.92724609375
2904.255859375
2902.59619140625
2900.9375
2899.2841796875
2897.634765625
2895.99462890625
2894.34423828125
2892.7060546875
2891.07080078125
2889.42626953125
2887.78515625
2886.1474609375
2884.50439453125
2882.86083984375
2881.21875
2879.57666015625
2877.93994140625
2876.30419921875
2874.6728515625
2873.04345703125
2871.4130859375
2869.78271484375
2868.15234375
2866.5244140625
2864.8984375
2863.27734375
2861.6533203125
2860.02685546875
2858.40185546875
2856.77783203125
2855.1572265625
2853.54345703125
2851.92529296875
2850.31005859375
2848.697265625
2847.08447265625
2845.46484375
2843.8505859375
2842.2392578125
2840.62646484375
2839.0185546875
2837.4111328125
2835.8037109375
2834.1943359375
2832.59130859375
2830.98388671875
2829.37890625
2827.77783203125
2826.181640625
2824.58203125
2822.986328125
2821.3935546875
2819.7958984375
2818.20458984375
2816.60546875
2815.009765625
2813.4228515625
2811.8271484375
2810.23681640625
2808.64599609375
2807.0546875
2805.4638671875
2803.876953125
2802.2919921875
2800.70263671875
2799.11865234375
2797.53857421875
2795.94873046875
2794.36865234375
2792.78515625
2791.201171875
2789.6162109375
2788.04150390625
2786.4580078125
2784.88330078125
2783.30908203125
2781.73193359375
2780.15380859375
2778.5771484375
2777.001953125
2775.4296875
2773.8564453125
2772.28564453125
2770.71044921875
2769.14208984375
2767.5703125
2765.99853515625
2764.43115234375
2762.85986328125
2761.287109375
2759.72509765625
2758.1572265625
2756.58642578125
2755.021484375
2753.4599609375
2751.892578125
2750.33203125
2748.76904296875
2747.20703125
2745.64501953125
2744.0771484375
2742.51513671875
2740.9560546875
2739.39208984375
2737.8310546875
2736.2734375
2734.71337890625
2733.154296875
2731.5888671875
2730.033203125
2728.4716796875
2726.90966796875
2725.34814453125
2723.7880859375
2722.2353515625
2720.67578125
2719.11669921875
2717.5625
2716.0087890625
2714.45361328125
2712.904296875
2711.34619140625
2709.79248046875
2708.23828125
2706.68798828125
2705.13623046875
2703.5849609375
2702.0322265625
2700.4775390625
2698.9267578125
2697.38037109375
2695.8330078125
2694.28369140625
2692.73583984375
2691.1875
2689.6396484375
2688.0908203125
2686.544921875
2684.99853515625
2683.45703125
2681.9130859375
2680.36572265625
2678.826171875
2677.28076171875
2675.73583984375
2674.189453125
2672.650390625
2671.1064453125
2669.564453125
2668.02490234375
2666.48876953125
2664.95849609375
2663.41845703125
2661.87939453125
2660.341796875
2658.81005859375
2657.2744140625
2655.748046875
2654.2197265625
2652.68896484375
2651.162109375
2649.63623046875
2648.109375
2646.5849609375
2645.0673828125
2643.5458984375
2642.02734375
2640.51171875
2638.99755859375
2637.484375
2635.97119140625
2634.4599609375
2632.951171875
2631.4404296875
2629.9365234375
2628.43359375
2626.9306640625
2625.4306640625
2623.92529296875
2622.42626953125
2620.9287109375
2619.43212890625
2617.93994140625
2616.4423828125
2614.9462890625
2613.45751953125
2611.966796875
2610.478515625
2608.98974609375
2607.5048828125
2606.0185546875
2604.5380859375
2603.0517578125
2601.57177734375
2600.091796875
2598.62109375
2597.14306640625
2595.6708984375
2594.19677734375
2592.7265625
2591.251953125
2589.78173828125
2588.3095703125
2586.837890625
2585.36767578125
2583.8994140625
2582.43408203125
2580.9697265625
2579.5068359375
2578.04638671875
2576.5859375
2575.125
2573.66748046875
2572.2099609375
2570.7568359375
2569.30517578125
2567.8505859375
2566.404296875
2564.9521484375
2563.4970703125
2562.0498046875
2560.60205078125
2559.1572265625
2557.70654296875
2556.259765625
2554.8203125
2553.380859375
2551.939453125
2550.5
2549.05908203125
2547.6181640625
2546.18212890625
2544.74462890625
2543.31005859375
2541.875
2540.4404296875
2539.0107421875
2537.5771484375
2536.14501953125
2534.72216796875
2533.2939453125
2531.86572265625
2530.4462890625
2529.0224609375
2527.59423828125
2526.16748046875
2524.74658203125
2523.32275390625
2521.90283203125
2520.4853515625
2519.0634765625
2517.64794921875
2516.23193359375
2514.81689453125
2513.40234375
2511.99267578125
2510.58056640625
2509.16796875
2507.759765625
2506.34765625
2504.9375
2503.52978515625
2502.12109375
2500.716796875
2499.3134765625
2497.912109375
2496.51171875
2495.10498046875
2493.7021484375
2492.30078125
2490.9033203125
2489.505859375
2488.1103515625
2486.7080078125
2485.30859375
2483.91357421875
2482.5244140625
2481.126953125
2479.73291015625
2478.3427734375
2476.95654296875
2475.57080078125
2474.193359375
2472.8232421875
2471.4697265625
2470.13818359375
2468.84619140625
2467.6083984375
2466.48828125
2465.4775390625
2464.708984375
2463.9609375
2463.33203125
2461.9296875
2459.962890625
2457.2294921875
2454.9453125
2453.63134765625
2452.9609375
2452.197265625
2450.630859375
2448.5927734375
2446.63525390625
2445.2919921875
2444.35546875
2443.22119140625
2441.6669921875
2439.875
2438.3251953125
2437.1162109375
2435.96875
2434.62109375
2433.04345703125
2431.49658203125
2430.134765625
2428.8935546875
2427.60546875
2426.17333984375
2424.6962890625
2423.2978515625
2421.98828125
2420.71337890625
2419.3876953125
2418.06494140625
2416.82763671875
2415.794921875
2415.1240234375
2414.9111328125
2415.37060546875
2415.51806640625
2414.3955078125
2409.919921875
2406.2509765625
2405.91259765625
2406.26220703125
2404.47314453125
2401.07421875
2399.48291015625
2399.3369140625
2397.978515625
2395.59033203125
2393.9765625
2393.2705078125
2391.89208984375
2389.91845703125
2388.6591796875
2387.7275390625
2386.04736328125
2384.29638671875
2383.1904296875
2382.02392578125
2380.3525390625
2378.83349609375
2377.75341796875
2376.49169921875
2374.92333984375
2373.5810546875
2372.47412109375
2371.169921875
2369.79736328125
2368.64453125
2367.66015625
2366.53662109375
2365.61181640625
2364.64794921875
2363.8876953125
2362.50146484375
2361.16796875
2359.306640625
2357.44873046875
2355.525390625
2353.90478515625
2352.58349609375
2351.4306640625
2350.38427734375
2349.349609375
2348.302734375
2347.0166015625
2345.65869140625
2344.197265625
2342.77001953125
2341.3701171875
2340.03662109375
2338.80029296875
2337.59716796875
2336.40771484375
2335.15673828125
2333.90478515625
2332.57373046875
2331.21337890625
2329.77783203125
2328.3291015625
2326.85888671875
2325.41162109375
2323.978515625
2322.603515625
2321.2998046875
2320.05029296875
2318.84814453125
2317.66455078125
2316.4658203125
2315.2470703125
2314.0107421875
2312.7607421875
2311.5126953125
2310.29248046875
2309.1103515625
2307.97509765625
2306.8671875
2305.744140625
2304.55322265625
2303.22119140625
2301.76611328125
2300.2724609375
2298.8388671875
2297.556640625
2296.42138671875
2295.36279296875
2294.30029296875
2293.2060546875
2292.0810546875
2290.9619140625
2289.8828125
2288.818359375
2287.744140625
2286.55810546875
2285.2685546875
2283.8486328125
2282.44775390625
2281.1484375
2280.15185546875
2279.41015625
2279.06298828125
2278.814453125
2278.80615234375
2278.50439453125
2278.0439453125
2277.11669921875
2276.232421875
2275.400390625
2274.42333984375
2272.6943359375
2270.248046875
2267.41015625
2265.4091796875
2264.392578125
2264.30224609375
2264.1533203125
2263.41259765625
2262.07470703125
2260.486328125
2259.037109375
2257.67138671875
2256.1650390625
2254.435546875
2252.5859375
2251.0166015625
2249.9169921875
2249.56884765625
2249.66650390625
2250.4169921875
2251.01611328125
2251.8154296875
2252.41943359375
2253.67578125
2255.701171875
2258.669921875
2261.35107421875
2262.81591796875
2261.02880859375
2256.5966796875
2251.60791015625
2248.029296875
2246.28125
2245.34765625
2243.41015625
2240.4384765625
2237.2255859375
2235.33154296875
2234.849609375
2234.978515625
2234.1474609375
2232.46337890625
2230.3876953125
2228.9248046875
2228.1884765625
2226.76220703125
2224.33740234375
2220.8740234375
2218.22314453125
2216.92431640625
2217.013671875
2217.166015625
2216.46875
2214.69921875
2212.35791015625
2210.443359375
2209.34814453125
2208.9892578125
2208.48583984375
2207.51611328125
2206.00537109375
2204.6005859375
2203.431640625
2202.671875
2201.9365234375
2201.1357421875
2200.06396484375
2198.53564453125
2196.5224609375
2194.1513671875
2191.96240234375
2190.0185546875
2188.48486328125
2186.86181640625
2185.13134765625
2182.8818359375
2180.47265625
2177.8408203125
2175.41796875
2173.3232421875
2171.90673828125
2170.76220703125
2169.71875
2168.216796875
2166.7880859375
2165.48828125
2164.87451171875
2164.37451171875
2163.84130859375
2162.91259765625
2161.91064453125
2160.94970703125
2160.220703125
2159.40234375
2158.49755859375
2157.31298828125
2156.17138671875
2155.03466796875
2154.1796875
2153.40966796875
2152.86083984375
2152.26513671875
2151.771484375
2151.0732421875
2150.369140625
2149.39013671875
2148.40234375
2147.25244140625
2146.22021484375
2145.1142578125
2144.15576171875
2143.1455078125
2142.25390625
2141.3203125
2140.4326171875
2139.4599609375
2138.4619140625
2137.40673828125
2136.46630859375
2135.5390625
2134.748046875
2133.73583984375
2132.6357421875
2131.34912109375
2130.22314453125
2129.45068359375
2128.8017578125
2128.17822265625
2126.7099609375
2124.7763671875
2122.62939453125
2121.4833984375
2121.8154296875
2124.150390625
2127.09033203125
2130.05126953125
2127.77099609375
2122.55517578125
2117.23876953125
2116.89453125
2118.208984375
2116.89111328125
2113.7119140625
2111.826171875
2110.2705078125
2107.06005859375
2102.2431640625
2099.41259765625
2098.7041015625
2098.06201171875
2097.185546875
2096.373046875
2095.9140625
2095.4736328125
2095.42626953125
2095.83154296875
2095.8798828125
2095.7578125
2095.2880859375
2094.82666015625
2093.70751953125
2092.669921875
2091.64501953125
2090.78662109375
2090.46044921875
2090.6796875
2090.75830078125
2089.91015625
2088.5556640625
2087.62646484375
2087.490234375
2087.537109375
2087.0966796875
2085.79638671875
2083.2314453125
2080.5
2077.72265625
2075.37109375
2072.5341796875
2069.443359375
2066.17333984375
2063.38330078125
2061.41015625
2060.3720703125
2059.6923828125
2058.89892578125
2057.6953125
2056.42919921875
2055.02001953125
2054.11328125
2052.94287109375
2052.11376953125
2051.1298828125
2050.5009765625
2050.19775390625
2050.36474609375
2050.55908203125
2050.87109375
2050.7197265625
2050.43701171875
2049.400390625
2048.134765625
2046.1796875
2044.04345703125
2041.76708984375
2039.7177734375
2037.9228515625
2036.41357421875
2035.12744140625
2033.912109375
2033.14599609375
2032.4755859375
2032.39794921875
2032.201171875
2032.2275390625
2031.50390625
2030.63623046875
2029.19873046875
2028.2880859375
2027.560546875
2027.3662109375
2026.95263671875
2026.416015625
2025.4736328125
2024.24951171875
2022.5498046875
2020.59033203125
2018.63037109375
2017.30859375
2016.70361328125
2016.78564453125
2016.87109375
2016.67236328125
2015.89892578125
2015.0283203125
2014.42626953125
2014.470703125
2014.9462890625
2015.60888671875
2016.0390625
2016.27734375
2016.07275390625
2015.6181640625
2014.51025390625
2013.07763671875
2011.13916015625
2009.30224609375
2007.65771484375
2006.380859375
2005.1259765625
2003.294921875
2000.642578125
1997.33837890625
1994.31494140625
1992.111328125
1990.87646484375
1990.19775390625
1989.6865234375
1989.1142578125
1988.53466796875
1988.109375
1987.9912109375
1987.73486328125
1987.142578125
1985.54638671875
1983.35498046875
1980.97119140625
1978.9423828125
1977.6572265625
1976.77685546875
1976.22509765625
1975.54833984375
1974.8271484375
1973.84130859375
1972.779296875
1971.611328125
1970.5849609375
1969.6005859375
1968.8408203125
1967.875
1967.01025390625
1965.8525390625
1964.79052734375
1963.732421875
1962.8896484375
1962.3896484375
1962.22998046875
1962.4853515625
1962.91162109375
1963.83056640625
1964.5810546875
1965.96533203125
1966.2255859375
1966.57470703125
1964.7060546875
1962.32177734375
1958.572265625
1955.28173828125
1952.56787109375
1951.24267578125
1950.4267578125
1949.89111328125
1948.693359375
1947.1669921875
1945.47412109375
1944.515625
1944.4404296875
1945.23779296875
1946.21875
1946.88330078125
1946.78857421875
1945.916015625
1944.474609375
1942.8095703125
1941.47900390625
1940.30810546875
1939.6474609375
1938.4833984375
1937.18115234375
1934.828125
1932.32958984375
1929.55419921875
1927.41796875
1925.7421875
1924.71875
1924.068359375
1923.67333984375
1923.32470703125
1922.8232421875
1922.212890625
1921.4033203125
1920.77197265625
1920.275390625
1920.177734375
1920.4130859375
1921.21728515625
1922.61865234375
1924.5830078125
1926.63623046875
1928.10693359375
1928.42236328125
1927.6240234375
1926.06982421875
1924.26953125
1922.0859375
1918.822265625
1915.10546875
1911.46728515625
1909.029296875
1907.45556640625
1905.873046875
1904.30859375
1903.04931640625
1902.95263671875
1903.06689453125
1902.64599609375
1900.9306640625
1898.8369140625
1896.98828125
1895.89990234375
1894.9208984375
1894.07275390625
1893.30078125
1893.04052734375
1892.75830078125
1892.42529296875
1891.22119140625
1889.95947265625
1887.7294921875
1885.3740234375
1882.21728515625
1879.380859375
1877.302734375
1876.36181640625
1876.1474609375
1876.0595703125
1875.54443359375
1874.720703125
1873.8544921875
1873.45751953125
1873.89990234375
1875.04052734375
1876.8759765625
1878.4296875
1879.72607421875
1880.18359375
1879.9912109375
1879.875
1879.6611328125
1879.46826171875
1878.27587890625
1876.0380859375
1872.93359375
1869.79052734375
1867.28369140625
1865.67822265625
1864.5712890625
1863.3935546875
1861.38037109375
1858.884765625
1855.9443359375
1853.70751953125
1852.109375
1851.5341796875
1851.33251953125
1851.2021484375
1850.7265625
1849.8818359375
1848.771484375
1847.423828125
1846.0478515625
1844.52197265625
1843.18115234375
1841.95654296875
1841.17724609375
1840.62890625
1840.345703125
1839.861328125
1839.14599609375
1837.9765625
1836.71826171875
1835.4326171875
1834.53076171875
1833.953125
1833.880859375
1833.95556640625
1834.060546875
1833.458984375
1832.0107421875
1829.48828125
1826.71875
1824.2744140625
1822.7529296875
1821.85693359375
1821.24658203125
1820.31103515625
1819.0146484375
1817.3720703125
1815.85791015625
1814.47021484375
1813.51123046875
1812.6259765625
1812.240234375
1811.90869140625
1812.3056640625
1812.77099609375
1813.9052734375
1814.759765625
1815.68701171875
1815.82666015625
1815.4267578125
1814.09765625
1812.27001953125
1810.24609375
1808.708984375
1807.70556640625
1807.27001953125
1806.47998046875
1805.2783203125
1803.14697265625
1801.1640625
1799.38330078125
1798.46337890625
1797.67138671875
1796.8837890625
1795.421875
1793.48486328125
1791.37158203125
1789.669921875
1788.76416015625
1788.4609375
1788.3798828125
1787.99462890625
1787.3955078125
1786.7490234375
1786.72998046875
1787.28466796875
1788.46435546875
1789.541015625
1790.3994140625
1790.57421875
1790.193359375
1789.20849609375
1788.03125
1787.6005859375
1787.24658203125
1786.158203125
1781.3828125
1778.13037109375
1777.62255859375
1774.59619140625
1768.87353515625
