7658.3896484375
7644.521484375
7632.0849609375
7620.9765625
7611.009765625
7601.99609375
7593.76171875
7586.1611328125
7579.09375
7572.46044921875
7566.166015625
7560.14501953125
7554.35302734375
7548.7548828125
7543.330078125
7538.06982421875
7532.9755859375
7528.04248046875
7523.28369140625
7518.70068359375
7514.3017578125
7510.0869140625
7506.0595703125
7502.212890625
7498.541015625
7495.03125
7491.6689453125
7488.4404296875
7485.3251953125
7482.3154296875
7479.4013671875
7476.57421875
7473.8359375
7471.1875
7468.6259765625
7466.1513671875
7463.763671875
7461.4609375
7459.240234375
7457.09716796875
7455.02734375
7453.02392578125
7451.08837890625
7449.21240234375
7447.396484375
7445.6337890625
7443.9267578125
7442.2705078125
7440.6640625
7439.107421875
7437.59521484375
7436.126953125
7434.7021484375
7433.3173828125
7431.974609375
7430.66796875
7429.3974609375
7428.1611328125
7426.9580078125
7425.7880859375
7424.64599609375
7423.53125
7422.44677734375
7421.39208984375
7420.3603515625
7419.3564453125
7418.37451171875
7417.41796875
7416.482421875
7415.564453125
7414.6728515625
7413.7998046875
7412.947265625
7412.111328125
7411.2958984375
7410.4970703125
7409.716796875
7408.95263671875
7408.205078125
7407.470703125
7406.7529296875
7406.0498046875
7405.36083984375
7404.68505859375
7404.021484375
7403.37060546875
7402.732421875
7402.10595703125
7401.4912109375
7400.888671875
7400.296875
7399.7158203125
7399.14501953125
7398.5849609375
7398.03125
7397.48974609375
7396.9560546875
7396.431640625
7395.9150390625
7395.408203125
7394.90966796875
7394.41845703125
7393.9365234375
7393.4599609375
7392.9921875
7392.5322265625
7392.0771484375
7391.6298828125
7391.18994140625
7390.7568359375
7390.3291015625
7389.9072265625
7389.490234375
7389.0810546875
7388.67626953125
7388.27734375
7387.8837890625
7387.4970703125
7387.1162109375
7386.7373046875
7386.36474609375
7385.9970703125
7385.63623046875
7385.2763671875
7384.9208984375
7384.57275390625
7384.2275390625
7383.8876953125
7383.54931640625
7383.21875
7382.8876953125
7382.56201171875
7382.2412109375
7381.923828125
7381.60791015625
7381.296875
7380.9912109375
7380.68701171875
7380.38671875
7380.0888671875
7379.7939453125
7379.50341796875
7379.2158203125
7378.927734375
7378.6474609375
7378.369140625
7378.0927734375
7377.81884765625
7377.54931640625
7377.2822265625
7377.01611328125
7376.75390625
7376.494140625
7376.2353515625
7375.9794921875
7375.7265625
7375.4755859375
7375.228515625
7374.984375
7374.7392578125
7374.5
7374.26171875
7374.0244140625
7373.79150390625
7373.5576171875
7373.3271484375
7373.099609375
7372.87255859375
7372.6484375
7372.4248046875
7372.203125
7371.9853515625
7371.7666015625
7371.5517578125
7371.33740234375
7371.125
7370.9150390625
7370.7060546875
7370.49853515625
7370.2939453125
7370.08984375
7369.8876953125
7369.6865234375
7369.4853515625
7369.2880859375
7369.091796875
7368.89794921875
7368.705078125
7368.5126953125
7368.322265625
7368.1337890625
7367.94482421875
7367.7587890625
7367.57421875
7367.3896484375
7367.208984375
7367.0283203125
7366.84814453125
7366.67041015625
7366.4931640625
39626040.0
39627190272.0
64069160.0
144503.140625
298874.96875
69754.796875
989261.4375
33703056.0
135281888.0
45956704.0
69511096.0
1410941.5
502519.5
379472.40625
355536.75
357372.5
283257.125
175913.171875
108382.1171875
77221.0703125
62973.6640625
55892.36328125
52265.953125
50475.94921875
49686.8671875
49448.6015625
49498.58203125
49672.47265625
49881.34765625
50110.296875
50342.9296875
50541.0859375
50693.91015625
50815.96875
50909.96484375
50962.23828125
50978.23046875
50974.87890625
50960.8046875
50932.8046875
50894.34765625
50849.6015625
50794.265625
50724.6640625
50650.92578125
50578.62890625
50500.0234375
50413.06640625
50322.80078125
50233.28125
50141.54296875
50041.9453125
49933.76171875
49822.19921875
49710.17578125
49598.30859375
49485.6171875
49372.5
49258.109375
49144.09375
49029.53515625
48913.0
48794.6171875
48675.8203125
48556.5703125
48436.359375
48316.95703125
48198.9140625
48082.421875
47967.78515625
47855.421875
47745.40625
47637.07421875
47530.69921875
47425.34765625
47320.2578125
47215.640625
47111.08203125
47007.8828125
46906.70703125
46806.25
46707.6796875
46610.69921875
46514.671875
46419.94140625
46326.125
46232.66015625
46139.96875
46049.046875
45959.0
45869.859375
45782.40234375
45696.08984375
45611.05078125
45526.76171875
45442.70703125
45359.4921875
45277.3203125
45195.87890625
45115.54296875
45037.0390625
44959.0625
44881.796875
44805.484375
44729.96875
44654.61328125
44580.078125
44505.59765625
44431.76171875
44357.73828125
44283.35546875
44208.69140625
44133.03125
44058.29296875
43984.4921875
43912.578125
43842.00390625
43773.5390625
43705.69140625
43639.82421875
43574.0078125
43509.421875
43445.6328125
43382.08203125
43319.390625
43257.5625
43198.0078125
43138.71484375
43079.421875
43020.32421875
42961.1640625
42902.48828125
42844.92578125
42787.27734375
42731.2578125
42675.828125
42621.91015625
42570.87890625
42519.67578125
42463.05078125
42404.0546875
42354.77734375
42302.3515625
42245.69140625
42197.015625
42144.4453125
42091.1875
42042.8984375
41990.49609375
41940.20703125
41892.0234375
41840.4765625
41793.48828125
41744.19921875
41695.23828125
41648.98046875
41600.44921875
41553.3984375
41506.8359375
41459.421875
41414.09765625
41367.2734375
41321.33203125
41276.171875
41230.22265625
41185.44921875
41140.765625
41095.4765625
41050.83203125
41006.80078125
40962.7734375
40918.6640625
40874.734375
40831.328125
40788.65625
40745.49609375
40702.91015625
40659.99609375
40617.50390625
40574.984375
40533.328125
40491.0390625
40449.28125
40407.16796875
40365.55859375
40324.4140625
40282.65234375
40241.2109375
40200.5078125
40159.5859375
40118.5390625
40077.875
40036.8515625
39996.18359375
39955.84765625
39915.6953125
39875.13671875
39834.765625
39794.7109375
39754.8203125
39714.875
39675.39453125
39635.31640625
39595.75390625
39555.99609375
39516.85546875
39477.30859375
39438.08203125
39399.0546875
39359.671875
39320.578125
39281.7578125
39242.82421875
39204.078125
39165.6875
39127.3515625
39088.66015625
39050.796875
39012.75390625
38974.94921875
38937.78125
38899.99609375
38862.671875
38825.54296875
38787.36328125
38749.71484375
38712.8984375
38675.90625
38638.0078125
38601.54296875
38565.23046875
38527.9765625
38490.57421875
38454.14453125
38417.51171875
38380.8828125
38344.28125
38307.4140625
38270.91796875
38234.96875
38199.0859375
38163.296875
38125.96484375
38088.52734375
38051.71875
38015.8984375
37980.21484375
37942.4453125
37905.734375
37869.6875
37832.703125
37795.7734375
37758.3828125
37722.48828125
37686.015625
37650.0078125
37614.0390625
37578.48828125
37539.01171875
37498.3671875
37461.35546875
37426.43359375
37387.0546875
37347.45703125
37310.4296875
37274.19921875
37234.14453125
37196.16796875
37159.88671875
37122.49609375
37083.80859375
37046.43359375
37008.76953125
36969.3515625
36931.0078125
36894.15234375
36856.42578125
36819.2421875
36782.734375
36745.2734375
36707.2890625
36670.53125
36634.234375
36598.12109375
36562.52734375
36527.08203125
36491.18359375
36455.32421875
36420.125
36385.45703125
36350.71484375
36316.640625
36282.80859375
36248.76171875
36215.5078125
36182.6640625
36149.2265625
36115.984375
36082.6640625
36049.82421875
36015.03515625
35979.97265625
35946.75390625
35913.921875
35880.453125
35847.11328125
35813.015625
35779.2421875
35747.03515625
35714.09765625
35680.58203125
35647.67578125
35615.0
35582.1796875
35549.328125
35516.7890625
35484.359375
35452.328125
35420.90625
35388.70703125
35358.3125
35327.6875
35296.44140625
35260.07421875
35223.91015625
35192.3125
35163.69140625
35131.5625
35097.28515625
35065.7109375
35035.63671875
35003.875
34971.40234375
34940.265625
34909.2265625
34877.4140625
34846.12890625
34815.13671875
34783.109375
34751.46484375
34720.390625
34688.90625
34657.88671875
34627.484375
34596.7734375
34565.234375
34534.6640625
34503.98828125
34473.515625
34442.703125
34412.43359375
34381.75
34351.08203125
34320.78125
34290.3515625
34259.65625
34229.484375
34199.45703125
34169.28515625
34139.109375
34108.8984375
34079.0703125
34048.78125
34018.98046875
33988.7109375
33958.69921875
33928.6015625
33898.90625
33869.2890625
33839.1796875
33809.91015625
33780.3828125
33750.94921875
33721.31640625
33691.734375
33661.6015625
33632.3515625
33603.3203125
33574.234375
33545.203125
33516.08203125
33486.88671875
33458.75390625
33430.5078125
33402.83984375
33375.9921875
33348.3359375
33317.94921875
33286.8203125
33256.87890625
33228.54296875
33200.26171875
33170.33203125
33139.45703125
33110.51171875
33082.76171875
33055.421875
33028.328125
33013.76953125
32972.46875
32978.07421875
33055.453125
32994.703125
33000.828125
32951.82421875
32904.99609375
32863.49609375
32832.2734375
32808.30078125
32761.5234375
32734.30859375
32702.826171875
32665.77734375
32636.3203125
32600.02734375
32558.984375
32522.31640625
32496.1875
32467.78125
32435.71875
32408.447265625
32376.015625
32350.953125
32322.203125
32296.951171875
32263.169921875
32236.009765625
32208.46484375
32178.802734375
32152.04296875
32124.986328125
32098.939453125
32070.615234375
32045.126953125
32017.208984375
31989.17578125
31961.6875
31935.705078125
31909.494140625
31882.490234375
31856.09765625
31829.248046875
31803.08203125
31777.79296875
31752.037109375
31725.828125
31699.978515625
31674.724609375
31649.310546875
31623.7734375
31597.75
31571.48046875
31544.935546875
31518.92578125
31493.390625
31468.140625
31442.953125
31417.9765625
31392.484375
31366.63671875
31340.58203125
31314.74609375
31289.56640625
31264.75
31239.919921875
31214.197265625
31188.40625
31162.95703125
31138.37109375
31114.197265625
31089.6875
31064.919921875
31039.71484375
31014.853515625
30989.541015625
30964.78515625
30940.609375
30916.34375
30892.021484375
30866.9375
30842.138671875
30818.279296875
30795.89453125
30773.978515625
30751.365234375
30726.767578125
30699.05859375
30671.2890625
30645.94921875
30623.216796875
30600.8828125
30577.22265625
30551.294921875
30526.07421875
30501.7109375
30478.890625
30455.345703125
30430.759765625
30406.00390625
30382.3515625
30359.486328125
30335.6796875
30311.427734375
30286.96484375
30263.41015625
30239.662109375
30216.037109375
30192.79296875
30170.12109375
30147.2734375
30123.265625
30098.41796875
30072.482421875
30046.552734375
30020.158203125
29993.173828125
29965.30078125
29937.96484375
29912.515625
29889.28515625
29867.59375
29845.25390625
29819.3984375
29791.705078125
29765.97265625
29744.58984375
29725.017578125
29703.09765625
29678.537109375
29654.251953125
29631.4296875
29608.990234375
29587.13671875
29565.068359375
29541.982421875
29518.125
29495.134765625
29472.859375
29450.33203125
29426.1015625
29401.59375
29378.2734375
29356.720703125
29335.349609375
29313.48828125
29289.474609375
29264.564453125
29240.453125
29218.578125
29197.380859375
29175.150390625
29152.171875
29129.234375
29107.01171875
29085.34765625
29062.767578125
29039.85546875
29017.55859375
28996.310546875
28974.796875
28952.5390625
28929.052734375
28905.830078125
28883.123046875
28861.69140625
28840.88671875
28819.76171875
28798.6171875
28776.81640625
28754.232421875
28730.91796875
28708.021484375
28685.890625
28664.111328125
28642.55859375
28620.66796875
28598.216796875
28576.22265625
28554.46875
28533.4453125
28512.21875
28490.8828125
28469.12890625
28447.263671875
28425.12109375
28403.32421875
28381.658203125
28360.453125
28340.314453125
28322.818359375
28312.98828125
28299.34765625
28267.455078125
28241.578125
28229.16015625
28200.4296875
28181.708984375
28158.17578125
28135.927734375
28117.263671875
28095.1484375
28079.513671875
28056.93359375
28041.392578125
28015.583984375
27991.388671875
27965.017578125
27940.58984375
27921.724609375
27899.41796875
27878.59375
27851.458984375
27828.630859375
27804.7265625
27782.91796875
27761.400390625
27739.341796875
27718.1640625
27695.404296875
27674.029296875
27652.947265625
27634.302734375
27615.13671875
27594.71875
27572.4375
27547.3828125
27523.00390625
27500.34375
27481.53125
27461.81640625
27440.92578125
27418.416015625
27396.24609375
27375.7421875
27355.08203125
27333.6953125
27311.634765625
27291.251953125
27271.3828125
27252.00390625
27231.578125
27211.021484375
27191.1875
27172.154296875
27154.466796875
27137.01953125
27119.1640625
27100.02734375
27078.87890625
27057.806640625
27038.279296875
27021.66796875
27004.796875
26985.734375
26963.068359375
26939.998046875
26918.626953125
26899.30078125
26880.32421875
26859.525390625
26837.931640625
26816.107421875
26796.03515625
26776.4375
26757.265625
26738.529296875
26720.658203125
26702.65625
26684.001953125
26664.64453125
26645.470703125
26626.77734375
26607.6796875
26587.373046875
26565.5234375
26544.33203125
26525.322265625
26508.34765625
26491.4453125
26473.4453125
26453.46484375
26432.59375
26411.92578125
26393.2890625
26376.1015625
26359.2421875
26342.125
26325.34765625
26308.39453125
26291.7890625
26273.734375
26255.80078125
26235.81640625
26216.275390625
26197.923828125
26180.52734375
26164.10546875
26147.3359375
26129.609375
26109.85546875
26089.029296875
26068.68359375
26048.62890625
26029.78125
26011.337890625
25993.22265625
25975.0078125
25957.146484375
25939.298828125
25920.90234375
25902.76953125
25885.10546875
25868.23046875
25851.462890625
25834.78125
25818.224609375
25802.25390625
25785.158203125
25767.00390625
25747.640625
25727.64453125
25707.65234375
25688.232421875
25670.2421875
25654.029296875
25638.5
25622.6328125
25605.896484375
25588.37109375
25570.75
25553.275390625
25536.296875
25519.03125
25501.619140625
25482.892578125
25463.85546875
25445.49609375
25427.765625
25410.4140625
25392.68359375
25375.03125
25357.58203125
25341.140625
25324.67578125
25308.25
25291.0625
25274.515625
25258.92578125
25244.171875
25229.01953125
25212.46484375
25194.67578125
25177.921875
25163.4140625
25149.8125
25135.880859375
25120.953125
25104.685546875
25089.03515625
25074.166015625
25059.19921875
25042.05078125
25022.45703125
25001.50390625
24981.41796875
24962.93359375
24944.73046875
24926.7265625
24909.53125
24892.41015625
24875.384765625
24857.578125
24839.46875
24821.048828125
24803.12890625
24786.6171875
24770.75
24755.185546875
24738.578125
24721.90625
24704.7265625
24688.470703125
24672.47265625
24656.681640625
24641.0
24625.388671875
24609.978515625
24595.24609375
24581.03515625
24565.62109375
24548.447265625
24529.94921875
24512.671875
24497.671875
24484.1484375
24471.0625
24456.181640625
24440.609375
24424.5390625
24409.255859375
24393.634765625
24377.43359375
24360.15234375
24343.05078125
24326.95703125
24312.640625
24298.99609375
24284.96875
24269.578125
24252.458984375
24235.1171875
24218.61328125
24203.46484375
24190.47265625
24178.16796875
24166.314453125
24151.916015625
24136.16015625
24118.552734375
24101.5390625
24086.193359375
24072.02734375
24057.7109375
24041.3671875
24022.85546875
24002.818359375
23983.728515625
23966.318359375
23951.296875
23937.97265625
23923.86328125
23908.853515625
23892.1640625
23876.00390625
23860.068359375
23844.453125
23829.09375
23814.611328125
23800.681640625
23786.46875
23771.712890625
23756.08984375
23739.84375
23724.0546875
23709.419921875
23695.68359375
23682.42578125
23668.806640625
23654.5078125
23639.13671875
23623.111328125
23607.65625
23592.52734375
23578.2265625
23563.373046875
23548.439453125
23533.29296875
23519.220703125
23505.41015625
23491.8515625
23476.423828125
23460.330078125
23445.140625
23431.927734375
23419.828125
23407.306640625
23393.794921875
23379.21875
23364.859375
23350.935546875
23336.55859375
23321.619140625
23307.05859375
23293.37109375
23280.6640625
23268.66796875
23257.19921875
23245.1171875
23232.634765625
23218.509765625
23203.1171875
23186.41015625
23169.7578125
23154.083984375
23140.396484375
23127.611328125
23114.3828125
23100.3046875
23085.376953125
23071.619140625
23058.53515625
23045.29296875
23030.529296875
23014.53515625
22998.7890625
22984.744140625
22971.966796875
22959.7421875
22946.72265625
22932.1328125
22915.73828125
22897.86328125
22879.59375
22861.57421875
22844.974609375
22830.138671875
22816.318359375
22802.857421875
22788.5546875
22773.20703125
22757.3984375
22742.75
22728.5625
22715.21875
22701.49609375
22687.8359375
22673.78125
22659.94140625
22646.67578125
22633.673828125
22620.265625
22606.265625
22591.05859375
22575.189453125
22559.8046875
22545.609375
22532.5078125
22520.56640625
22508.37890625
22496.3125
22483.95703125
22471.103515625
22457.70703125
22444.109375
22430.13671875
22416.3984375
22403.486328125
22391.521484375
22380.146484375
22369.07421875
22357.359375
22344.265625
22329.287109375
22313.103515625
22297.359375
22283.837890625
22272.69140625
22263.005859375
22252.361328125
22240.64453125
22227.125
22213.27734375
22199.138671875
22185.39453125
22170.86328125
22156.20703125
22140.572265625
22125.32421875
22109.556640625
22094.828125
22080.830078125
22068.4453125
22055.6640625
22043.109375
22028.73828125
22014.791015625
22001.57421875
21989.7421875
21977.361328125
21964.58984375
21951.0390625
21938.736328125
21926.8203125
21915.90625
21904.203125
21892.986328125
21880.6484375
21868.0703125
21854.1640625
21840.94140625
21827.87890625
21816.19921875
21804.201171875
21792.31640625
21778.97265625
21764.916015625
21750.546875
21737.703125
21725.25
21713.80859375
21701.03125
21687.62109375
21672.6875
21658.748046875
21644.8359375
21631.9453125
21618.078125
21604.115234375
21589.4296875
21576.05859375
21563.00390625
21533.93359375
21530.513671875
21526.99609375
21504.25
21505.775390625
21491.96875
21479.65234375
21476.40625
21461.41796875
21455.712890625
21445.890625
21435.38671875
21430.876953125
21417.64453125
21410.5390625
21401.09765625
21389.8515625
21383.408203125
21373.099609375
21363.5859375
21354.671875
21343.84375
21336.203125
21326.107421875
21317.40234375
21308.685546875
21299.25
21291.33203125
21282.62109375
21272.955078125
21265.125
21255.666015625
21246.50390625
21238.498046875
21229.423828125
21220.25
21211.875
21202.39453125
21193.74609375
21185.166015625
21176.197265625
21167.369140625
21158.833984375
21149.81640625
21141.10546875
21132.5703125
21123.677734375
21115.0703125
21106.416015625
21097.697265625
21088.966796875
21080.375
21071.515625
21062.85546875
21054.21875
21045.599609375
21036.947265625
21028.275390625
21019.71484375
21010.998046875
21002.400390625
20993.724609375
20985.2421875
20976.61328125
20968.111328125
20959.51953125
20951.154296875
20942.54296875
20934.041015625
20925.57421875
20917.03515625
20908.595703125
20900.142578125
20891.64453125
20883.1875
20874.740234375
20866.22265625
20857.884765625
20849.337890625
20840.91796875
20832.52734375
20823.95703125
20815.6484375
20807.2890625
20798.994140625
20790.599609375
20782.14453125
20773.85546875
20765.4453125
20757.056640625
20748.8203125
20740.427734375
20732.0859375
20723.740234375
20715.4375
20707.140625
20698.77734375
20690.435546875
20682.21875
20673.853515625
20665.5390625
20657.314453125
20649.064453125
20640.828125
20632.5390625
20624.1796875
20616.01953125
20607.75390625
20599.53125
20591.21484375
20583.0546875
20574.736328125
20566.591796875
20558.451171875
20550.078125
20541.94921875
20533.6640625
20525.5
20517.27734375
20509.146484375
20500.9375
20492.833984375
20484.619140625
20476.5234375
20468.21484375
20460.033203125
20451.880859375
20443.669921875
20435.515625
20427.3671875
20419.236328125
20411.181640625
20403.0234375
20394.90234375
20386.74609375
20378.49609375
20370.4375
20362.169921875
20354.1796875
20346.05078125
20337.8828125
20329.712890625
20321.640625
20313.5
20305.435546875
20297.2578125
20289.251953125
20281.09765625
20273.0078125
20264.912109375
20256.65625
20248.708984375
20240.529296875
20232.552734375
20224.50390625
20216.359375
20208.244140625
20200.099609375
20192.0
20183.9453125
20175.826171875
20167.7890625
20159.703125
20151.62109375
20143.599609375
20135.52734375
20127.576171875
20119.466796875
20111.5390625
20103.380859375
20095.57421875
20087.556640625
20079.53125
20071.55859375
20063.6015625
20055.740234375
20047.810546875
20039.89453125
20032.1015625
20024.099609375
20016.208984375
20008.333984375
20000.453125
19992.6171875
19984.66796875
19976.96484375
19968.98828125
19961.32421875
19953.48046875
19945.58984375
19937.755859375
19929.9609375
19922.080078125
19914.3046875
19906.58203125
19898.6640625
19890.96875
19883.068359375
19875.3515625
19867.537109375
19859.78125
19852.109375
19844.375
19836.541015625
19828.89453125
19821.09375
19813.2890625
19805.580078125
19797.74609375
19790.078125
19782.265625
19774.607421875
19766.857421875
19759.1640625
19751.4296875
19743.767578125
19735.9296875
19728.267578125
19720.43359375
19712.8125
19705.03125
19697.294921875
19689.548828125
19681.8828125
19674.189453125
19666.3984375
19658.8203125
19650.953125
19643.255859375
19635.49609375
19627.80859375
19620.037109375
19612.271484375
19604.42578125
19596.626953125
19588.83984375
19580.98828125
19573.189453125
19565.3046875
19557.51171875
19549.5390625
19541.66796875
19533.83203125
19525.8203125
19517.83984375
19509.751953125
19501.8203125
19493.751953125
19485.65625
19477.49609375
19469.275390625
19461.056640625
19452.7734375
19444.375
19436.00390625
19427.658203125
19419.19921875
19410.8125
19402.66015625
19394.90625
19388.4375
19384.43359375
19382.912109375
19377.30859375
19359.1015625
19344.982421875
19343.15234375
19333.75390625
19321.185546875
19315.671875
19305.40234375
19295.8125
19290.46484375
19278.83984375
19270.140625
19265.1328125
19253.701171875
19245.37109375
19239.09375
19228.94140625
19221.1328125
19213.076171875
19204.5390625
19197.2890625
19188.08203125
19180.23828125
19173.140625
19164.091796875
19156.345703125
19148.6484375
19140.416015625
19132.9296875
19124.68359375
19116.77734375
19109.421875
19101.19921875
19093.576171875
19086.013671875
19078.373046875
19070.8203125
19063.173828125
19055.6875
19048.40625
19040.78515625
19033.314453125
19025.875
19018.44140625
19011.0078125
19003.505859375
18996.076171875
18988.76171875
18981.228515625
18973.87109375
18966.4296875
18959.0546875
18951.677734375
18944.380859375
18936.9765625
18929.654296875
18922.369140625
18915.072265625
18907.765625
18900.384765625
18893.14453125
18885.775390625
18878.3984375
18871.18359375
18863.859375
18856.60546875
18849.33984375
18842.03125
18834.8828125
18827.615234375
18820.359375
18813.115234375
18805.8359375
18798.693359375
18791.359375
18784.130859375
18776.90625
18769.7734375
18762.58203125
18755.33203125
18748.06640625
18740.896484375
18733.734375
18726.490234375
18719.4375
18712.1640625
18705.0234375
18697.828125
18690.65625
18683.48828125
18676.30859375
18669.25
18662.0625
18654.93359375
18647.72265625
18640.671875
18633.53515625
18626.431640625
18619.2265625
18612.126953125
18605.07421875
18597.9609375
18590.8203125
18583.7578125
18576.7109375
18569.609375
18562.46484375
18555.4375
18548.40234375
18541.33984375
18534.39453125
18527.412109375
18520.345703125
18513.3515625
18506.416015625
18499.4140625
18492.43359375
18485.48828125
18478.453125
18471.51953125
18464.529296875
18457.60546875
18450.70703125
18443.71484375
18436.861328125
18429.9453125
18423.146484375
18416.333984375
18409.662109375
18403.08984375
18396.53515625
18389.783203125
18382.6640625
18375.234375
18367.91015625
18360.830078125
18354.2578125
18347.759765625
18341.15234375
18334.189453125
18326.86328125
18319.841796875
18312.99609375
18305.99609375
18299.04296875
18292.201171875
18285.353515625
18278.54296875
18271.7578125
18265.001953125
18258.283203125
18251.5
18245.001953125
18238.55859375
18232.341796875
18226.2109375
18220.052734375
18213.7734375
18207.17578125
18200.05859375
18192.296875
18184.177734375
18176.46875
18169.328125
18162.72265625
18156.62109375
18150.51171875
18144.04296875
18137.05859375
18129.720703125
18122.3125
18115.12109375
18108.21484375
18101.66015625
18095.1796875
18088.693359375
18082.029296875
18075.189453125
18068.435546875
18061.763671875
18055.44921875
18049.341796875
18043.419921875
18037.3515625
18030.876953125
18024.03515625
18016.982421875
18009.78515625
18003.080078125
17996.396484375
17989.83203125
17983.056640625
17975.888671875
17968.3984375
17961.169921875
17954.171875
17947.763671875
17941.21484375
17934.52734375
17927.392578125
17920.28125
17913.376953125
17906.96484375
17900.509765625
17893.95703125
17887.0625
17879.97265625
17873.265625
17866.7109375
17860.33984375
17853.912109375
17847.3359375
17840.55078125
17834.119140625
17827.41015625
17820.970703125
17814.271484375
17807.69921875
17801.0859375
17794.83984375
17788.509765625
17782.369140625
17776.310546875
17770.203125
17763.80859375
17757.46875
17750.5234375
17743.498046875
17736.42578125
17729.763671875
17723.6484375
17717.83984375
17711.7734375
17705.01171875
17697.6640625
17690.310546875
17683.314453125
17676.79296875
17670.810546875
17664.541015625
17658.0546875
17651.400390625
17644.931640625
17638.896484375
17633.517578125
17628.091796875
17622.9453125
17616.845703125
17610.62890625
17603.66796875
17596.90234375
17590.4296875
17584.61328125
17578.896484375
17572.99609375
17565.923828125
17557.541015625
17549.365234375
17542.7734375
17537.892578125
17532.892578125
17526.60546875
17519.673828125
17513.7578125
17509.068359375
17504.765625
17500.078125
17495.7265625
17492.142578125
17489.1953125
17485.302734375
17480.57421875
17475.09765625
17468.52734375
17460.94140625
17452.701171875
17446.16015625
17441.541015625
17437.14453125
17430.87109375
17422.109375
17412.8359375
17405.087890625
17399.3828125
17393.89453125
17387.0078125
17378.359375
17370.400390625
17364.34765625
17359.919921875
17354.958984375
17347.90234375
17339.41796875
17331.6484375
17325.658203125
17320.5
17314.685546875
17307.30859375
17298.828125
17290.201171875
17281.927734375
17274.34375
17267.716796875
17261.6875
17255.513671875
17248.30078125
17240.53125
17232.97265625
17226.63671875
17221.203125
17216.158203125
17210.607421875
17204.33984375
17197.583984375
17190.9375
17184.400390625
17177.779296875
17170.748046875
17163.7265625
17157.89453125
17153.419921875
17153.14453125
17149.8828125
17146.73828125
17135.185546875
17126.1875
17120.916015625
17114.10546875
17113.8515625
17100.5859375
17093.13671875
17087.111328125
17080.90234375
17080.296875
17078.763671875
17062.98828125
17057.474609375
17055.240234375
17055.79296875
17056.3359375
17049.228515625
17034.09765625
17026.29296875
17019.59765625
17006.974609375
17004.689453125
17001.82421875
16988.1328125
16983.201171875
16978.69921875
16968.640625
16962.15625
16954.42578125
16946.056640625
16938.4921875
16931.3515625
16924.68359375
16918.775390625
16913.48046875
16908.923828125
16902.83984375
16896.708984375
16890.41796875
16883.236328125
16875.8671875
16868.17578125
16860.79296875
16854.185546875
16848.8359375
16844.255859375
16838.4609375
16832.015625
16825.48828125
16818.234375
16811.58203125
16805.1015625
16799.06640625
16793.03515625
16786.30078125
16779.373046875
16772.75
16766.521484375
16760.92578125
16755.71484375
16749.9765625
16743.5859375
16736.224609375
16728.62890625
16721.056640625
16714.298828125
16708.091796875
16702.23828125
16696.13671875
16689.95703125
16683.97265625
16679.04296875
16674.83203125
16671.537109375
16667.96875
16663.8984375
16658.7578125
16653.171875
16647.4375
16642.07421875
16636.61328125
16630.890625
16624.380859375
16617.798828125
16611.28515625
16604.93359375
16598.625
16592.408203125
16586.333984375
16580.68359375
16575.11328125
16569.6015625
16563.826171875
16557.81640625
16551.27734375
16544.599609375
16537.43359375
16530.46484375
16523.3203125
16516.60546875
16510.263671875
16504.408203125
16498.787109375
16493.12109375
16487.29296875
16480.98828125
16474.328125
16467.19140625
16460.15625
16453.48046875
16447.623046875
16442.2109375
16436.875
16431.2578125
16425.1328125
16418.6171875
16412.01171875
16405.67578125
16399.7890625
16394.751953125
16390.26953125
16386.09375
16381.87109375
16377.2021484375
16372.154296875
16366.765625
16361.47265625
16356.78515625
16352.583984375
16348.642578125
16344.08203125
16338.2587890625
16331.404296875
16324.140625
16317.03125
16310.3486328125
16303.2431640625
16295.71875
16287.8955078125
16280.3203125
16273.494140625
16267.478515625
16261.67578125
16255.677734375
16249.322265625
16242.927734375
16236.8671875
16231.3095703125
16225.9794921875
16220.626953125
16214.833984375
16208.4130859375
16201.630859375
16194.6796875
16187.90234375
16181.513671875
16175.654296875
16170.078125
16164.556640625
16158.9853515625
16153.2431640625
16147.19140625
16141.26171875
16135.4873046875
16130.3515625
16125.6015625
16121.173828125
16116.6708984375
16111.8076171875
16106.4453125
16100.7470703125
16094.7958984375
16088.921875
16083.2021484375
16077.875
16072.9296875
16068.13671875
16063.22265625
16058.271484375
16053.0419921875
16047.392578125
16041.2880859375
16034.609375
16027.775390625
16020.697265625
16013.966796875
16007.552734375
16001.7138671875
15996.3955078125
15991.712890625
15988.125
15985.5234375
15983.5244140625
15981.306640625
15977.8896484375
15972.740234375
15965.87109375
15958.1328125
15950.2890625
15943.302734375
15937.0791015625
15931.5078125
15926.11328125
15920.7294921875
15914.89453125
15908.7509765625
15902.0166015625
15894.7666015625
15887.62109375
15880.8466796875
15874.369140625
15868.681640625
15863.16796875
15857.58984375
15851.4921875
15844.833984375
15838.166015625
15832.0341796875
15826.47265625
15821.708984375
15816.76953125
15811.669921875
15805.92578125
15799.7763671875
15792.744140625
15785.642578125
15778.01171875
15771.21875
15765.125
15760.072265625
15755.6025390625
15751.4716796875
15747.2099609375
15742.5185546875
15737.5
15731.990234375
15726.1318359375
15720.1357421875
15714.216796875
15708.5546875
15703.0888671875
15697.880859375
15692.8681640625
15688.1923828125
15683.705078125
15679.1015625
15673.9228515625
15667.9140625
15661.0908203125
15654.0224609375
15647.1005859375
15640.697265625
15635.30078125
15630.427734375
15625.830078125
15620.5634765625
15614.7900390625
15608.25
15601.953125
15595.94921875
15590.76171875
15585.791015625
15581.11328125
15575.880859375
15570.4375
15564.2021484375
15557.91796875
15551.146484375
15544.490234375
15537.947265625
15531.4599609375
15525.36328125
15519.6298828125
15514.279296875
15509.1875
15504.232421875
15499.357421875
15494.173828125
15488.8359375
15483.517578125
15478.470703125
15473.5888671875
15468.74609375
15463.6650390625
15458.31640625
15452.90625
15447.4794921875
15442.296875
15437.275390625
15431.791015625
15425.46484375
15418.373046875
15411.154296875
15404.412109375
15398.708984375
15393.892578125
15389.5703125
15385.0390625
15380.2421875
15375.06640625
15370.1015625
15365.626953125
15362.0234375
15359.2197265625
15357.283203125
15356.2705078125
15356.2783203125
15357.1494140625
15356.884765625
15354.0390625
15346.046875
15334.736328125
15323.9755859375
15316.5517578125
15312.6669921875
15308.52734375
15302.0810546875
15292.326171875
15281.91796875
15273.03125
15266.6318359375
15261.6318359375
15256.1728515625
15249.970703125
15243.521484375
15238.314453125
15234.3193359375
15230.9169921875
15226.451171875
15220.40625
15213.369140625
15206.423828125
15200.4384765625
15195.5849609375
15190.625
15185.568359375
15179.345703125
15172.9755859375
15166.1630859375
15159.517578125
15152.7978515625
15146.037109375
15139.5185546875
15133.6552734375
15128.166015625
15123.064453125
15118.06640625
15113.279296875
15108.64453125
15104.18359375
15099.623046875
15094.884765625
15089.6875
15084.2099609375
15078.5634765625
15072.9970703125
15067.58984375
15062.369140625
15057.3857421875
15052.78515625
15048.2509765625
15043.607421875
15038.16796875
15032.294921875
15025.908203125
15020.390625
15015.384765625
15011.025390625
15006.3671875
15001.095703125
14995.1650390625
14988.857421875
14982.4833984375
14976.2294921875
14970.453125
14965.275390625
14960.6591796875
14956.71484375
14953.0625
14949.8466796875
14946.38671875
14943.10546875
14938.9912109375
14934.90234375
14930.21484375
14925.734375
14920.919921875
14915.5693359375
14909.431640625
14903.1572265625
14897.5546875
14892.822265625
14889.26171875
14885.67578125
14882.3515625
14877.708984375
14872.6689453125
14866.615234375
14860.0
14852.486328125
14844.4365234375
14836.2431640625
14828.2861328125
14820.65234375
14813.4267578125
14806.5
14800.232421875
14794.7060546875
14789.8505859375
14785.2587890625
14780.2880859375
14774.66015625
