7658.3896484375
7644.521484375
7632.0849609375
7620.9765625
7611.009765625
7601.99609375
7593.76171875
7586.1611328125
7579.09375
7572.46044921875
7566.166015625
7560.14501953125
7554.35302734375
7548.7548828125
7543.330078125
7538.06982421875
7532.9755859375
7528.04248046875
7523.28369140625
7518.70068359375
7514.3017578125
7510.0869140625
7506.0595703125
7502.212890625
7498.541015625
7495.03125
7491.6689453125
7488.4404296875
7485.3251953125
7482.3154296875
7479.4013671875
7476.57421875
7473.8359375
7471.1875
7468.6259765625
7466.1513671875
7463.763671875
7461.4609375
7459.240234375
7457.09716796875
7455.02734375
7453.02392578125
7451.08837890625
7449.21240234375
7447.396484375
7445.6337890625
7443.9267578125
7442.2705078125
7440.6640625
7439.107421875
7437.59521484375
7436.126953125
7434.7021484375
7433.3173828125
7431.974609375
7430.66796875
7429.3974609375
7428.1611328125
7426.9580078125
7425.7880859375
7424.64599609375
7423.53125
7422.44677734375
7421.39208984375
7420.3603515625
7419.3564453125
7418.37451171875
7417.41796875
7416.482421875
7415.564453125
7414.6728515625
7413.7998046875
7412.947265625
7412.111328125
7411.2958984375
7410.4970703125
7409.716796875
7408.95263671875
7408.205078125
7407.470703125
7406.7529296875
7406.0498046875
7405.36083984375
7404.68505859375
7404.021484375
7403.37060546875
7402.732421875
7402.10595703125
7401.4912109375
7400.888671875
7400.296875
7399.7158203125
7399.14501953125
7398.5849609375
7398.03125
7397.48974609375
7396.9560546875
7396.431640625
7395.9150390625
7395.408203125
7394.90966796875
7394.41845703125
7393.9365234375
7393.4599609375
7392.9921875
7392.5322265625
7392.0771484375
7391.6298828125
7391.18994140625
7390.7568359375
7390.3291015625
7389.9072265625
7389.490234375
7389.0810546875
7388.67626953125
7388.27734375
7387.8837890625
7387.4970703125
7387.1162109375
7386.7373046875
7386.36474609375
7385.9970703125
7385.63623046875
7385.2763671875
7384.9208984375
7384.57275390625
7384.2275390625
7383.8876953125
7383.54931640625
7383.21875
7382.8876953125
7382.56201171875
7382.2412109375
7381.923828125
7381.60791015625
7381.296875
7380.9912109375
7380.68701171875
7380.38671875
7380.0888671875
7379.7939453125
7379.50341796875
7379.2158203125
7378.927734375
7378.6474609375
7378.369140625
7378.0927734375
7377.81884765625
7377.54931640625
7377.2822265625
7377.01611328125
7376.75390625
7376.494140625
7376.2353515625
7375.9794921875
7375.7265625
7375.4755859375
7375.228515625
7374.984375
7374.7392578125
7374.5
7374.26171875
7374.0244140625
7373.79150390625
7373.5576171875
7373.3271484375
7373.099609375
7372.87255859375
7372.6484375
7372.4248046875
7372.203125
7371.9853515625
7371.7666015625
7371.5517578125
7371.33740234375
7371.125
7370.9150390625
7370.7060546875
7370.49853515625
7370.2939453125
7370.08984375
7369.8876953125
7369.6865234375
7369.4853515625
7369.2880859375
7369.091796875
7368.89794921875
7368.705078125
7368.5126953125
7368.322265625
7368.1337890625
7367.94482421875
7367.7587890625
7367.57421875
7367.3896484375
7367.208984375
7367.0283203125
7366.84814453125
7366.67041015625
7366.4931640625
93344480.0
92671.671875
842487.6875
1594799.25
556003.625
78931.5
55312.69921875
50809.52734375
49239.25390625
48164.9921875
46588.17578125
44784.81640625
43266.3125
42187.02734375
41176.734375
40073.75390625
38856.8125
37665.375
36640.30078125
35797.7109375
35057.66015625
34373.30859375
33751.984375
33154.796875
32501.25390625
31703.08203125
30766.189453125
29720.08984375
28606.12890625
27485.5859375
26395.97265625
25340.177734375
24312.59375
23328.5625
22413.08203125
21576.58984375
20820.4921875
20136.240234375
19508.044921875
18920.078125
18368.28515625
17857.966796875
17392.2734375
16967.759765625
16577.658203125
16216.279296875
15879.0625
15562.3740234375
15263.990234375
14983.0576171875
14716.439453125
14461.103515625
14215.935546875
13982.62109375
13761.9521484375
13552.3623046875
13351.517578125
13157.564453125
12971.7705078125
12793.818359375
12621.919921875
12456.9189453125
12298.3251953125
12144.875
11995.87109375
11851.9716796875
11714.365234375
11582.8056640625
11455.927734375
11333.0576171875
11214.875
11100.7919921875
10990.201171875
10883.470703125
10780.71875
10681.3759765625
10585.8798828125
10494.2890625
10405.8193359375
10320.02734375
10236.736328125
10155.8125
10077.3701171875
10001.095703125
9926.533203125
9853.814453125
9783.17578125
9714.427734375
9647.357421875
9581.916015625
9518.06640625
9455.69921875
9394.603515625
9334.6181640625
9275.740234375
9217.888671875
9160.962890625
9104.8935546875
9049.6767578125
8995.33984375
8941.96484375
8889.673828125
8838.48046875
8788.40625
8739.361328125
8691.333984375
8644.26171875
8598.0419921875
8552.66015625
8508.076171875
8464.2705078125
8421.228515625
8378.9423828125
8337.34375
8296.3486328125
8255.908203125
8215.958984375
8176.45849609375
8137.375
8098.6708984375
8060.3447265625
8022.40283203125
7984.87744140625
7947.7646484375
7911.1142578125
7874.97802734375
7839.455078125
7804.65771484375
7770.7001953125
7737.64697265625
7705.419921875
7673.888671875
7643.05419921875
7613.04345703125
7583.6787109375
7554.68798828125
7526.08154296875
7497.9794921875
7470.33203125
7442.9677734375
7415.90380859375
7389.2822265625
7363.0634765625
7337.1484375
7311.5908203125
7286.46484375
7261.67431640625
7237.1806640625
7213.0302734375
7189.2109375
7165.671875
7142.39111328125
7119.38720703125
7096.66455078125
7074.17236328125
7051.9287109375
7029.9453125
7008.2080078125
6986.7236328125
6965.46923828125
6944.44140625
6923.6728515625
6903.111328125
6882.74951171875
6862.5693359375
6842.58935546875
6822.7841796875
6803.1533203125
6783.68603515625
6764.373046875
6745.23046875
6726.24658203125
6707.435546875
6688.8056640625
6670.33984375
6652.06103515625
6633.97265625
6616.056640625
6598.3623046875
6580.86474609375
6563.57568359375
6546.423828125
6529.31982421875
6512.3408203125
6495.62890625
6479.16357421875
6462.7451171875
6446.37890625
6430.2734375
6414.404296875
6398.62060546875
6382.89453125
6367.3095703125
6351.765625
6336.19189453125
6320.93408203125
6306.03173828125
6291.087890625
6276.130859375
6261.568359375
6247.22509765625
6232.7421875
6218.4150390625
6204.4462890625
6190.484375
6176.46875
6162.75
6149.18798828125
6135.58740234375
6122.1220703125
6108.83447265625
6095.60595703125
6082.4619140625
6069.45703125
6056.5322265625
6043.71630859375
6031.0400390625
6018.45751953125
6006.0009765625
5993.71337890625
5981.4892578125
5969.36279296875
5957.443359375
5945.71337890625
5933.79248046875
5921.9091796875
5909.80078125
5897.7001953125
5885.7529296875
5874.18896484375
5862.9111328125
5851.41845703125
5839.837890625
5828.4921875
5817.3544921875
5806.4267578125
5795.64599609375
5785.4765625
5774.48095703125
5763.85693359375
5751.8876953125
5740.7978515625
5730.62890625
5720.2314453125
5709.771484375
5698.58154296875
5688.1533203125
5678.39453125
5668.10791015625
5657.654296875
5647.162109375
5637.27734375
5627.5751953125
5617.337890625
5607.23974609375
5597.42431640625
5587.6630859375
5577.841796875
5567.876953125
5558.15673828125
5548.59375
5538.9970703125
5529.37744140625
5519.75390625
5510.27392578125
5500.86474609375
5491.4423828125
5482.05810546875
5472.71337890625
5463.431640625
5454.21484375
5445.041015625
5435.88671875
5426.732421875
5417.638671875
5408.6240234375
5399.64697265625
5390.70166015625
5381.8056640625
5373.0546875
5364.4384765625
5355.724609375
5346.63818359375
5337.4775390625
5328.7060546875
5320.1953125
5311.59521484375
5303.00830078125
5294.375
5285.3271484375
5275.80859375
5266.685546875
5258.3017578125
5250.119140625
5241.556640625
5232.4873046875
5223.33349609375
5214.5380859375
5206.12939453125
5197.6435546875
5188.8583984375
5180.1923828125
5172.03125
5164.302734375
5156.31787109375
5147.61083984375
5137.53125
5127.59716796875
5118.974609375
5111.16552734375
5102.814453125
5093.451171875
5084.44189453125
5076.4248046875
5068.4296875
5059.642578125
5050.59521484375
5042.25
5034.27490234375
5025.87890625
5017.2509765625
5008.9306640625
5000.83984375
4992.587890625
4984.18896484375
4975.8662109375
4967.51025390625
4959.005859375
4950.61865234375
4942.541015625
4934.5732421875
4926.4189453125
4918.244140625
4910.287109375
4902.4404296875
4894.5009765625
4886.7587890625
4879.80615234375
4873.07275390625
4864.5361328125
4856.373046875
4849.94970703125
4842.72998046875
4834.6103515625
4827.701171875
4818.7099609375
4811.2197265625
4804.72509765625
4797.68359375
4790.9033203125
4782.626953125
4776.4619140625
4770.70947265625
4765.09765625
4760.0498046875
4753.27880859375
4744.99560546875
4735.8642578125
4728.8271484375
4723.865234375
4718.08984375
4710.4716796875
4701.13671875
4693.25390625
4687.06787109375
4680.7001953125
4673.67578125
4666.93603515625
4660.84130859375
4655.4501953125
4647.34765625
4639.1298828125
4630.53955078125
4622.5576171875
4614.98486328125
4606.7099609375
4597.05810546875
4583.837890625
4568.80126953125
4553.2724609375
4537.8388671875
4523.9228515625
4512.63232421875
4503.75390625
4494.794921875
4484.37890625
4475.484375
4468.9013671875
4462.44921875
4454.4892578125
4445.8818359375
4438.759765625
4433.09716796875
4427.56103515625
4421.0859375
4414.12939453125
4406.43017578125
4399.07275390625
4392.3291015625
4386.029296875
4379.626953125
4372.4384765625
4364.94140625
4358.03076171875
4352.04296875
4346.279296875
4339.8740234375
4333.38720703125
4327.4384765625
4321.724609375
4315.73779296875
4309.8046875
4304.3388671875
4299.0732421875
4293.58544921875
4288.2451171875
4282.966796875
4277.6767578125
4271.912109375
4265.69140625
4259.02978515625
4252.6787109375
4247.05029296875
4241.74755859375
4236.05859375
4229.86669921875
4223.7900390625
4218.30029296875
4213.28515625
4208.2001953125
4202.802734375
4197.119140625
4191.5205078125
4186.04833984375
4180.76806640625
4175.4013671875
4170.1953125
4164.97265625
4159.82421875
4154.54541015625
4149.3017578125
4144.21826171875
4139.35888671875
4134.5693359375
4129.70654296875
4124.80224609375
4119.9736328125
4115.1728515625
4110.232421875
4105.0986328125
4099.83056640625
4094.65576171875
4089.634765625
4084.8076171875
4079.89453125
4074.9501953125
4069.9677734375
4065.1552734375
4060.4638671875
4055.85693359375
4051.2060546875
4046.525390625
4041.92529296875
4037.4404296875
4033.0244140625
4028.470703125
4023.74072265625
4019.041015625
4014.595703125
4010.3251953125
4005.845703125
4001.1220703125
3996.4130859375
3991.93408203125
3987.587890625
3983.216796875
3978.95654296875
3974.8974609375
3971.30126953125
3967.83642578125
3964.9873046875
3962.13525390625
3959.716796875
3956.689453125
3951.9658203125
3944.7353515625
3936.7060546875
3931.2880859375
3929.1162109375
3927.6689453125
3923.7314453125
3917.6787109375
3912.1455078125
3908.6611328125
3905.69189453125
3901.17431640625
3895.458984375
3890.25048828125
3886.44775390625
3882.5615234375
3877.81494140625
3872.62548828125
3868.2119140625
3864.4775390625
3860.61962890625
3856.22314453125
3851.8486328125
3847.95654296875
3844.3466796875
3840.650390625
3836.76123046875
3832.869140625
3828.931640625
3825.259765625
3822.0400390625
3819.125
3816.3916015625
3813.5810546875
3810.3515625
3805.61572265625
3800.693359375
3796.6328125
3793.5361328125
3790.09228515625
3785.2919921875
3780.591796875
3776.693359375
3773.56005859375
3769.62158203125
3764.7841796875
3759.74609375
3755.1787109375
3751.15576171875
3747.2578125
3743.69921875
3740.36669921875
3736.98095703125
3733.40966796875
3730.1328125
3727.794921875
3725.8369140625
3722.92138671875
3718.15478515625
3712.66796875
3708.296875
3705.64404296875
3703.4580078125
3699.63525390625
3694.24267578125
3688.375
3684.10205078125
3680.78662109375
3677.86572265625
3673.88232421875
3669.39697265625
3665.02197265625
3661.0537109375
3658.42236328125
3657.181640625
3656.04150390625
3652.06689453125
3644.1484375
3636.2900390625
3631.59912109375
3629.19921875
3625.95263671875
3620.00537109375
3613.4990234375
3609.67431640625
3606.97314453125
3602.22412109375
3596.7705078125
3593.669921875
3590.89599609375
3586.2802734375
3581.54345703125
3578.0576171875
3575.005859375
3571.44140625
3567.4599609375
3564.17041015625
3562.0546875
3559.9306640625
3557.19970703125
3554.4482421875
3551.59326171875
3548.08203125
3544.27392578125
3541.15185546875
3538.80810546875
3536.0869140625
3531.8515625
3527.22509765625
3523.5888671875
3523.05029296875
3519.9482421875
3515.20654296875
3508.2939453125
3502.662109375
3499.4775390625
3497.97265625
3496.77734375
3494.3583984375
3491.1142578125
3488.041015625
3484.04345703125
3480.54931640625
3475.19873046875
3470.3408203125
3466.95068359375
3465.654296875
3464.490234375
3461.556640625
3456.7939453125
3452.095703125
3447.36865234375
3442.7353515625
3437.81787109375
3433.5576171875
3430.1279296875
3426.6884765625
3422.9091796875
3418.861328125
3415.00634765625
3411.2119140625
3407.66748046875
3404.3837890625
3401.1572265625
3397.5615234375
3393.61962890625
3389.4609375
3385.50634765625
3382.05078125
3379.33447265625
3376.9638671875
3374.86376953125
3371.95361328125
3367.91015625
3361.6484375
3354.72998046875
3348.92724609375
3345.1728515625
3342.71875
3340.158203125
3336.81298828125
3332.935546875
3329.2568359375
3325.80322265625
3322.44580078125
3319.44580078125
3315.91943359375
3311.14404296875
3306.59228515625
3303.5546875
3300.7939453125
3296.52099609375
3292.79345703125
3289.9169921875
3286.2783203125
3281.17529296875
3276.00537109375
3271.45751953125
3267.43701171875
3264.2587890625
3261.876953125
3259.6884765625
3257.060546875
3253.97509765625
3250.080078125
3245.87255859375
3241.568359375
3237.7265625
3234.30615234375
3231.32373046875
3228.30859375
3224.6259765625
3220.53125
3216.52392578125
3213.1328125
3210.04443359375
3207.24609375
3204.51904296875
3201.92236328125
3199.5419921875
3197.80419921875
3196.5244140625
3195.54931640625
3193.85009765625
3191.306640625
3187.2392578125
3182.103515625
3176.2568359375
3170.875
3166.84130859375
3163.94873046875
3161.54052734375
3158.76123046875
3155.88525390625
3153.38916015625
3151.7333984375
3150.578125
3149.72900390625
3148.13037109375
3146.73974609375
3144.4033203125
3142.140625
3137.7119140625
3132.74609375
3127.66015625
3123.92431640625
3120.77294921875
3119.40283203125
3120.50537109375
3122.07421875
3123.556640625
3120.4833984375
3109.83154296875
3100.66357421875
3099.6962890625
3097.880859375
3090.81689453125
3086.57470703125
3086.330078125
3082.9833984375
3079.24267578125
3075.36328125
3071.92431640625
3068.0302734375
3064.5283203125
3062.9111328125
3060.96435546875
3058.0078125
3054.1220703125
3050.81689453125
3047.560546875
3044.3935546875
3042.9228515625
3042.341796875
3040.95556640625
3040.1298828125
3038.759765625
3034.35888671875
3028.703125
3024.06640625
3021.06494140625
3019.267578125
3017.7451171875
3014.693359375
3010.130859375
3006.00341796875
3004.0986328125
3003.89453125
3002.98974609375
3001.1416015625
2998.90869140625
2996.7470703125
2994.42822265625
2990.966796875
2986.4091796875
2981.82861328125
2978.9658203125
2978.421875
2978.99072265625
2978.6708984375
2976.09033203125
2972.34912109375
2969.1005859375
2967.40283203125
2965.919921875
2963.50244140625
2959.6328125
2955.43896484375
2951.98388671875
2949.609375
2947.71728515625
2945.6630859375
2943.4443359375
2941.61962890625
2940.75927734375
2940.7890625
2941.13818359375
2941.27734375
2940.98876953125
2940.216796875
2938.87353515625
2936.427734375
2932.51904296875
2927.521484375
2922.26953125
2917.75927734375
2913.93115234375
2911.05224609375
2908.73583984375
2907.236328125
2905.5595703125
2903.46484375
2900.97509765625
2898.4423828125
2897.61083984375
2897.22265625
2897.6865234375
2894.84033203125
2889.8779296875
2883.25146484375
2878.03125
2875.45703125
2874.50048828125
2873.53515625
2871.31103515625
2868.32177734375
2866.13037109375
2863.69140625
2860.92236328125
2855.98681640625
2851.7275390625
2849.21923828125
2849.0546875
2849.25244140625
2848.61474609375
2846.52197265625
2843.6201171875
2840.7744140625
2838.82275390625
2837.8662109375
2837.4287109375
2836.46533203125
2834.03515625
2830.0673828125
2825.986328125
2823.5703125
2822.83203125
2822.693359375
2821.95849609375
2820.77001953125
2819.52099609375
2818.6748046875
2816.94677734375
2813.6298828125
2809.0625
2805.5009765625
2804.435546875
2806.06787109375
2808.423828125
2809.07421875
2806.193359375
2800.10400390625
2793.01953125
2788.044921875
2786.8193359375
2788.2529296875
2789.92041015625
2788.94677734375
2785.2431640625
2780.23681640625
2776.69140625
2774.87158203125
2774.0576171875
2771.7529296875
2768.5751953125
2764.08642578125
2760.740234375
2757.60888671875
2755.333984375
2752.9365234375
2750.728515625
2748.8623046875
2747.75
2747.0849609375
2746.5859375
2745.44140625
2744.171875
2742.55419921875
2741.1005859375
2739.21337890625
2736.50927734375
2733.5732421875
2730.7958984375
2729.380859375
2728.13720703125
2726.48974609375
2723.26220703125
2719.431640625
2716.25634765625
2714.8505859375
2714.580078125
2714.35009765625
2712.77099609375
2709.6513671875
2706.671875
2705.1162109375
2706.0732421875
2706.59716796875
2706.33544921875
2702.373046875
2697.841796875
2693.78173828125
2692.0791015625
2691.24609375
2690.14892578125
2688.015625
2685.33154296875
2683.1943359375
2681.875
2681.4580078125
2681.6875
2682.18896484375
2682.501953125
2681.701171875
2679.775390625
2676.794921875
2674.060546875
2672.17138671875
2671.70654296875
2671.828125
2671.3564453125
2669.65869140625
2666.8720703125
2663.88916015625
2660.681640625
2658.08349609375
2655.39697265625
2653.51904296875
2651.26220703125
2648.931640625
2645.37060546875
2641.8349609375
2638.818359375
2637.49755859375
2637.53076171875
2637.3876953125
2636.97900390625
2635.39599609375
2632.64013671875
2628.04248046875
2625.009765625
2624.1474609375
2625.22265625
2624.52392578125
2622.0751953125
2619.09326171875
2616.94384765625
2614.9248046875
2612.26171875
2609.62255859375
2607.67626953125
2606.8203125
2607.05810546875
2608.2919921875
2609.49658203125
2609.5244140625
2607.900390625
2605.5986328125
2603.05859375
2600.38525390625
2596.8984375
2593.33642578125
2589.7880859375
2587.1962890625
2585.044921875
2583.86181640625
2582.72216796875
2582.05859375
2581.41455078125
2581.4697265625
2582.60986328125
2584.5849609375
2586.5732421875
2586.90869140625
2584.57080078125
2579.1796875
2572.34228515625
2566.5869140625
2563.62109375
2563.04833984375
2563.046875
2562.2568359375
2560.6689453125
2559.58984375
2559.97802734375
2561.60498046875
2562.921875
2562.55810546875
2560.24755859375
2556.5029296875
2553.17041015625
2550.92236328125
2550.08447265625
2548.98974609375
2545.83447265625
2540.43603515625
2534.71240234375
2531.2978515625
2530.8720703125
2532.279296875
2533.3759765625
2533.01416015625
2531.40869140625
2529.921875
2529.4716796875
2529.9775390625
2530.42919921875
2501.2763671875
2507.1796875
2514.376953125
2492.78759765625
2507.0341796875
2498.74072265625
2491.521484375
2500.53759765625
2488.650390625
2490.833984375
2491.4033203125
2483.72119140625
2487.58984375
2483.50146484375
2480.8603515625
2482.32568359375
2477.91748046875
2477.72802734375
2476.7412109375
2473.8486328125
2473.7763671875
2471.796875
2470.1826171875
2469.4501953125
2467.5576171875
2466.427734375
2465.22021484375
2463.68603515625
2462.56640625
2461.24853515625
2459.93798828125
2458.7392578125
2457.48291015625
2456.24609375
2455.02099609375
2453.84326171875
2452.6083984375
2451.423828125
2450.27197265625
2449.04931640625
2447.912109375
2446.763671875
2445.57763671875
2444.4775390625
2443.318359375
2442.17529296875
2441.08837890625
2439.9365234375
2438.82666015625
2437.73291015625
2436.6005859375
2435.51611328125
2434.4140625
2433.30419921875
2432.22705078125
2431.13525390625
2430.04296875
2428.96728515625
2427.87744140625
2426.80029296875
2425.7197265625
2424.63525390625
2423.56103515625
2422.478515625
2421.40234375
2420.3291015625
2419.25244140625
2418.17822265625
2417.10009765625
2416.0234375
2414.9482421875
2413.8759765625
2412.79541015625
2411.72119140625
2410.6435546875
2409.572265625
2408.50048828125
2407.4248046875
2406.35302734375
2405.28271484375
2404.208984375
2403.1376953125
2402.06787109375
2400.9990234375
2399.9208984375
2398.8505859375
2397.7783203125
2396.70947265625
2395.640625
2394.56884765625
2393.4990234375
2392.4296875
2391.35693359375
2390.28515625
2389.21826171875
2388.1494140625
2387.07177734375
2386.0078125
2384.9384765625
2383.861328125
2382.79150390625
2381.72314453125
2380.654296875
2379.58544921875
2378.51904296875
2377.44970703125
2376.37939453125
2375.31298828125
2374.2451171875
2373.1767578125
2372.107421875
2371.04052734375
2369.9736328125
2368.90380859375
2367.8349609375
2366.7666015625
2365.69775390625
2364.63232421875
2363.5693359375
2362.50390625
2361.44384765625
2360.38037109375
2359.31689453125
2358.255859375
2357.19189453125
2356.130859375
2355.068359375
2354.0068359375
2352.9482421875
2351.8935546875
2350.8369140625
2349.7763671875
2348.724609375
2347.67236328125
2346.623046875
2345.5693359375
2344.51953125
2343.47509765625
2342.42578125
2341.3779296875
2340.33203125
2339.28662109375
2338.240234375
2337.1962890625
2336.1513671875
2335.10791015625
2334.0693359375
2333.0224609375
2331.97802734375
2330.93212890625
2329.88330078125
2328.83837890625
2327.79541015625
2326.74609375
2325.7001953125
2324.6513671875
2323.6015625
2322.55126953125
2321.5
2320.4541015625
2319.40283203125
2318.34912109375
2317.2958984375
2316.23876953125
2315.185546875
2314.12939453125
2313.07666015625
2312.0166015625
2310.95849609375
2309.90185546875
2308.841796875
2307.77880859375
2306.716796875
2305.65673828125
2304.5927734375
2303.52783203125
2302.4638671875
2301.39404296875
2300.3388671875
2299.279296875
2298.21923828125
2297.15966796875
2296.103515625
2295.044921875
2293.98291015625
2292.92626953125
2291.859375
2290.794921875
2289.73486328125
2288.67333984375
2287.60693359375
2286.5439453125
2285.47412109375
2284.4052734375
2283.34033203125
2282.27490234375
2281.23779296875
2280.224609375
2279.27490234375
2278.34326171875
2277.3388671875
2276.20703125
2275.095703125
2274.2294921875
2273.4306640625
2272.26171875
2270.6484375
2269.3837890625
2268.6240234375
2267.63916015625
2266.25439453125
2265.03369140625
2264.1181640625
2263.04638671875
2261.7646484375
2260.6494140625
2259.654296875
2258.49072265625
2257.267578125
2256.18701171875
2255.095703125
2253.88427734375
2252.6845703125
2251.564453125
2250.4091796875
2249.1748046875
2247.97216796875
2246.82763671875
2245.6640625
2244.48388671875
2243.3564453125
2242.28955078125
2241.23779296875
2240.193359375
2239.18408203125
2238.21337890625
2237.25
2236.2685546875
2235.28173828125
2234.302734375
2233.32421875
2232.341796875
2231.359375
2230.38818359375
2229.43505859375
2228.50146484375
2227.576171875
2226.67333984375
2225.8046875
2224.9794921875
2224.21044921875
2223.48095703125
2222.6865234375
2221.6552734375
2220.4169921875
2219.28173828125
2218.4462890625
2217.7294921875
2216.84375
2215.755859375
2214.73291015625
2213.91455078125
2213.1259765625
2212.18896484375
2211.1796875
2210.2763671875
2209.470703125
2208.603515625
2207.64501953125
2206.71826171875
2205.876953125
2205.03466796875
2204.12451171875
2203.20703125
2202.3505859375
2201.5087890625
2200.6298828125
2199.736328125
2198.86767578125
2198.0302734375
2197.1708984375
2196.28662109375
2195.419921875
2194.568359375
2193.7216796875
2192.8583984375
2192.00390625
2191.15673828125
2190.31787109375
2189.46533203125
2188.6103515625
2187.77099609375
2186.9384765625
2186.1025390625
2185.27490234375
2184.46435546875
2183.666015625
2182.8828125
2182.0908203125
2181.29296875
2180.45849609375
2179.57763671875
2178.66357421875
2177.7607421875
2176.90478515625
2176.103515625
2175.31982421875
2174.52099609375
2173.6865234375
2172.82421875
2171.9716796875
2171.14794921875
2170.3515625
2169.55908203125
2168.7529296875
2167.931640625
2167.10009765625
2166.28955078125
2165.49462890625
2164.7138671875
2163.92529296875
2163.13134765625
2162.3115234375
2161.4931640625
2160.6708984375
2159.8564453125
2159.052734375
2158.25341796875
2157.4609375
2156.6669921875
2155.87255859375
2155.0712890625
2154.27392578125
2153.4755859375
2152.68212890625
2151.892578125
2151.103515625
2150.31884765625
2149.5322265625
2148.74169921875
2147.9560546875
2147.1689453125
2146.3818359375
2145.6005859375
2144.82275390625
2144.04248046875
2143.26025390625
2142.47509765625
2141.69677734375
2140.91796875
2140.14501953125
2139.37109375
2138.59423828125
2137.82080078125
2137.04638671875
2136.2744140625
2135.498046875
2134.72900390625
2133.95849609375
2133.1826171875
2132.41650390625
2131.64794921875
2130.8818359375
2130.11767578125
2129.3515625
2128.5859375
2127.82958984375
2127.078125
2126.33642578125
2125.6005859375
2124.876953125
2124.16259765625
2123.443359375
2122.71630859375
2121.962890625
2121.18212890625
2120.36962890625
2119.5361328125
2118.701171875
2117.89208984375
2117.10693359375
2116.3544921875
2115.6142578125
2114.8525390625
2114.076171875
2113.2666015625
2112.44677734375
2111.6376953125
2110.84033203125
2110.05078125
2109.24853515625
2108.427734375
2107.5791015625
2106.7099609375
2105.83154296875
2104.9423828125
2104.04052734375
2103.109375
2102.1376953125
2101.1162109375
2100.046875
2098.9189453125
2097.74462890625
2096.5107421875
2095.2138671875
2093.859375
2092.4619140625
2091.02587890625
2089.57763671875
2088.1455078125
2086.74267578125
2085.384765625
2084.08349609375
2082.81640625
2081.5849609375
2080.3876953125
2079.19873046875
2078.01708984375
2076.84228515625
2075.66162109375
2074.47607421875
2073.27685546875
2072.06982421875
2070.8681640625
2069.6767578125
2068.50439453125
2067.3505859375
2066.2314453125
2065.14111328125
2064.0595703125
2062.9970703125
2061.93994140625
2060.89111328125
2059.8564453125
2058.833984375
2057.84130859375
2056.85791015625
2055.900390625
2054.97119140625
2054.0732421875
2053.2197265625
2052.42041015625
2051.7109375
2051.15673828125
2050.76416015625
2050.587890625
2050.25048828125
2049.54833984375
2047.9638671875
2046.169921875
2044.8603515625
2044.17626953125
2043.69921875
2042.884765625
2041.7978515625
2040.79443359375
2040.10986328125
2039.5830078125
2038.822265625
2037.771484375
2036.669921875
2035.814453125
2035.24853515625
2034.7724609375
2034.240234375
2033.67431640625
2033.1455078125
2032.71337890625
2032.24951171875
2031.8369140625
2031.173828125
2030.48974609375
2029.82421875
2029.689453125
2030.13720703125
2031.13330078125
2031.32421875
2030.01708984375
2026.673828125
2023.1494140625
2021.2568359375
2021.37255859375
2022.23876953125
2022.1591796875
2020.6318359375
2018.40966796875
2016.91650390625
2016.625
2016.83935546875
2016.5751953125
2015.43408203125
2014.0263671875
2013.1298828125
2012.9208984375
2012.8779296875
2012.3662109375
2011.29345703125
2009.99755859375
2008.8662109375
2007.9072265625
2007.1181640625
2006.3134765625
2005.57275390625
2004.79345703125
2003.9853515625
2003.11083984375
2002.23583984375
2001.46826171875
2000.80615234375
2000.25
1999.71923828125
1999.35498046875
1999.27294921875
1999.54248046875
2000.03125
2000.49951171875
2000.6923828125
2000.35546875
1999.6171875
1998.94970703125
1999.0
1999.7685546875
2001.1318359375
2002.625
2004.64599609375
2006.7705078125
2008.826171875
2009.79052734375
2008.68212890625
2005.673828125
2003.35498046875
2003.02197265625
2003.8271484375
2001.8427734375
1998.67529296875
1994.7861328125
1993.0849609375
1992.48486328125
1992.0537109375
1990.8564453125
1989.6484375
1988.86083984375
1988.10693359375
1987.10986328125
1986.56689453125
1986.630859375
1986.95947265625
1986.689453125
1986.037109375
1984.90673828125
1983.5625
1982.04541015625
1980.3037109375
1978.39306640625
1976.31787109375
1974.68017578125
1973.56982421875
1973.0068359375
1972.77001953125
1972.7314453125
1972.5693359375
1972.42333984375
1972.4150390625
1972.79833984375
1973.25390625
1973.28173828125
1971.935546875
1969.35888671875
1966.638671875
1965.19482421875
1965.0068359375
1964.7890625
1963.41162109375
1960.78662109375
1958.05908203125
1956.21923828125
1955.5263671875
1955.20751953125
1954.66796875
1953.7158203125
1952.72314453125
1951.8994140625
1951.130859375
1950.56201171875
1949.63037109375
1948.546875
1947.0771484375
1945.7666015625
1944.81982421875
1944.375
1944.15966796875
1944.08740234375
1943.95751953125
1943.87353515625
1943.951171875
1944.4609375
1945.2294921875
1946.06884765625
1946.60107421875
1946.787109375
1946.7421875
1946.57275390625
1946.55615234375
1946.6181640625
1947.1171875
1947.86767578125
1948.654296875
1948.81982421875
1948.19775390625
1946.50732421875
1944.49169921875
1942.55615234375
1941.5400390625
1940.974609375
1940.49072265625
1939.37890625
1937.75927734375
1936.00537109375
1934.728515625
1933.9423828125
1933.37548828125
1932.4921875
1931.22607421875
1929.76025390625
1928.61962890625
1927.93896484375
1927.57568359375
1927.00146484375
1925.962890625
1924.40576171875
1922.73583984375
1921.13525390625
1919.84716796875
1918.65771484375
1917.529296875
1916.3291015625
1915.18994140625
1914.23291015625
1913.53955078125
1913.11328125
1912.81591796875
1912.623046875
1912.498046875
1912.52197265625
1912.6591796875
1912.890625
1912.94091796875
1912.68359375
1911.93603515625
1910.9814453125
1910.09375
1909.6591796875
1909.3701171875
1908.912109375
1907.7685546875
1905.81005859375
1903.34619140625
1900.88818359375
1899.07373046875
1898.08203125
1897.853515625
1897.9609375
1898.02490234375
1897.701171875
1896.92919921875
1895.8330078125
1894.828125
1894.21484375
1894.4501953125
1894.9501953125
1895.740234375
1896.1103515625
1896.20849609375
1896.13330078125
1895.4912109375
1894.3212890625
1892.8779296875
1891.45068359375
1889.51904296875
1887.72216796875
1886.96044921875
1887.4736328125
1887.9033203125
1888.095703125
1887.82080078125
1887.71826171875
1887.638671875
1888.404296875
1888.8115234375
1888.40673828125
1887.638671875
1886.8935546875
1885.80712890625
1884.5205078125
1883.49609375
1882.69287109375
1881.27294921875
1879.6474609375
1877.9248046875
1876.3271484375
1874.34130859375
1872.7685546875
1871.55419921875
1870.70166015625
1870.03369140625
1869.90087890625
1869.89111328125
1870.1298828125
1870.1650390625
1870.3212890625
1869.33203125
1867.6259765625
1865.4228515625
1863.560546875
1862.42431640625
1861.7099609375
1860.83056640625
1859.21875
1857.1796875
1855.40966796875
1854.5166015625
1854.15576171875
1853.6796875
1852.72412109375
1851.6611328125
1851.119140625
1851.34619140625
1852.0
1852.42724609375
1852.25341796875
1851.2265625
1849.44677734375
1847.1171875
1844.8818359375
1843.41943359375
1843.2314453125
1844.15185546875
1845.85205078125
1847.44580078125
1848.50537109375
1848.31396484375
1846.9619140625
1844.56982421875
1842.27294921875
1841.12890625
1841.876953125
1843.95703125
1846.58984375
1848.5009765625
1850.025390625
1851.30859375
1853.53125
1856.32763671875
1858.67431640625
1859.37841796875
1858.1494140625
1855.94091796875
1853.029296875
1850.240234375
1847.09033203125
1844.0615234375
1841.15576171875
1839.34375
1838.451171875
1838.1630859375
1837.4990234375
1836.2880859375
1834.76611328125
1833.56103515625
1833.048828125
1832.998046875
1833.142578125
1832.7109375
1831.7060546875
1830.0673828125
1828.45947265625
1827.13916015625
1826.35302734375
1825.8984375
1825.66796875
1825.32666015625
1824.76123046875
1823.68603515625
1822.35498046875
1820.673828125
1819.28369140625
1817.8642578125
1816.72314453125
1815.4384765625
1814.095703125
1812.70703125
1811.7744140625
1811.466796875
1811.89599609375
1812.1748046875
1811.6708984375
1809.5654296875
1806.7392578125
1804.43701171875
1803.7763671875
1804.486328125
1805.6865234375
1806.61767578125
1806.4462890625
1803.505859375
1799.04150390625
1797.7138671875
1798.8642578125
1797.4716796875
1796.46484375
1796.97119140625
1795.76904296875
1794.8349609375
1795.2666015625
1794.37255859375
1793.4169921875
1793.5751953125
1792.38330078125
1791.85107421875
1792.0849609375
1791.611328125
1791.552734375
1792.12109375
1792.01953125
1792.45654296875
1793.3388671875
1793.7060546875
1794.59814453125
1795.0029296875
1794.63916015625
1793.6826171875
1792.10986328125
1789.93701171875
1788.6298828125
1787.91162109375
1788.1201171875
1788.87841796875
1789.48974609375
1789.88037109375
1789.9814453125
1789.62060546875
1789.0458984375
1788.68896484375
1788.458984375
1788.56494140625
1788.23974609375
1787.04736328125
1784.7216796875
1781.7978515625
1778.8662109375
1776.87841796875
1775.75341796875
1775.3486328125
1775.0087890625
1774.39208984375
1773.44140625
1772.54541015625
1771.8642578125
1771.4765625
1771.14306640625
1770.51123046875
1769.6669921875
1768.55810546875
1767.615234375
1766.9658203125
1766.61865234375
1766.27734375
1765.5791015625
1764.47216796875
1763.04296875
1761.56298828125
1760.09326171875
1758.68505859375
1757.41259765625
1756.42138671875
1755.884765625
1755.83447265625
1756.201171875
1756.75927734375
1757.3408203125
1757.6201171875
1757.4931640625
1756.7509765625
1755.70263671875
1754.39697265625
1753.1923828125
1751.92333984375
1750.767578125
1749.6923828125
1748.9423828125
1748.5556640625
1748.64111328125
1748.84716796875
1748.9619140625
1748.49658203125
1747.6708984375
1746.345703125
1745.3232421875
1744.31201171875
1743.8447265625
1743.40771484375
1743.20751953125
1742.91064453125
1742.7197265625
1742.50732421875
1742.50927734375
1742.69775390625
1743.2841796875
1744.2314453125
1745.4892578125
1746.90576171875
1748.2880859375
1749.73583984375
1751.30126953125
1753.2490234375
1755.40478515625
1757.48876953125
1758.71728515625
1758.4677734375
1756.048828125
1751.73388671875
1746.1943359375
1740.79248046875
1736.52880859375
1733.94775390625
1732.80615234375
1732.662109375
1732.9130859375
1732.8671875
1732.1904296875
1730.87890625
1729.439453125
1728.42431640625
1728.26318359375
1728.54345703125
1728.2216796875
1726.2412109375
1722.7705078125
1719.36669921875
1717.56787109375
1717.69775390625
1718.69189453125
1719.185546875
1718.43115234375
1716.9287109375
1715.76953125
1715.59765625
1716.0908203125
1716.4912109375
1716.3720703125
1716.091796875
1716.19482421875
1717.0576171875
1718.1064453125
1718.84521484375
1718.75390625
1718.42626953125
1718.2119140625
1718.80224609375
1719.5546875
1720.35791015625
1720.36572265625
1719.6748046875
1718.1826171875
1716.1142578125
1713.7197265625
1711.36962890625
1709.39013671875
1708.17626953125
1707.8330078125
1708.22021484375
1709.0078125
1709.33203125
1708.736328125
1707.35009765625
1706.40283203125
1706.9326171875
1708.21630859375
1709.1064453125
1708.56103515625
1706.97265625
1704.90625
1702.79833984375
1700.44287109375
1698.03955078125
1695.79052734375
1694.2822265625
1693.33642578125
1692.9716796875
1692.79345703125
1692.8076171875
1692.5986328125
1692.24365234375
1691.7236328125
1691.55517578125
1691.90966796875
1692.71484375
1693.35986328125
1693.03759765625
