7658.3896484375
7644.521484375
7632.0849609375
7620.9765625
7611.009765625
7601.99609375
7593.76171875
7586.1611328125
7579.09375
7572.46044921875
7566.166015625
7560.14501953125
7554.35302734375
7548.7548828125
7543.330078125
7538.06982421875
7532.9755859375
7528.04248046875
7523.28369140625
7518.70068359375
7514.3017578125
7510.0869140625
7506.0595703125
7502.212890625
7498.541015625
7495.03125
7491.6689453125
7488.4404296875
7485.3251953125
7482.3154296875
7479.4013671875
7476.57421875
7473.8359375
7471.1875
7468.6259765625
7466.1513671875
7463.763671875
7461.4609375
7459.240234375
7457.09716796875
7455.02734375
7453.02392578125
7451.08837890625
7449.21240234375
7447.396484375
7445.6337890625
7443.9267578125
7442.2705078125
7440.6640625
7439.107421875
7437.59521484375
7436.126953125
7434.7021484375
7433.3173828125
7431.974609375
7430.66796875
7429.3974609375
7428.1611328125
7426.9580078125
7425.7880859375
7424.64599609375
7423.53125
7422.44677734375
7421.39208984375
7420.3603515625
7419.3564453125
7418.37451171875
7417.41796875
7416.482421875
7415.564453125
7414.6728515625
7413.7998046875
7412.947265625
7412.111328125
7411.2958984375
7410.4970703125
7409.716796875
7408.95263671875
7408.205078125
7407.470703125
7406.7529296875
7406.0498046875
7405.36083984375
7404.68505859375
7404.021484375
7403.37060546875
7402.732421875
7402.10595703125
7401.4912109375
7400.888671875
7400.296875
7399.7158203125
7399.14501953125
7398.5849609375
7398.03125
7397.48974609375
7396.9560546875
7396.431640625
7395.9150390625
7395.408203125
7394.90966796875
7394.41845703125
7393.9365234375
7393.4599609375
7392.9921875
7392.5322265625
7392.0771484375
7391.6298828125
7391.18994140625
7390.7568359375
7390.3291015625
7389.9072265625
7389.490234375
7389.0810546875
7388.67626953125
7388.27734375
7387.8837890625
7387.4970703125
7387.1162109375
7386.7373046875
7386.36474609375
7385.9970703125
7385.63623046875
7385.2763671875
7384.9208984375
7384.57275390625
7384.2275390625
7383.8876953125
7383.54931640625
7383.21875
7382.8876953125
7382.56201171875
7382.2412109375
7381.923828125
7381.60791015625
7381.296875
7380.9912109375
7380.68701171875
7380.38671875
7380.0888671875
7379.7939453125
7379.50341796875
7379.2158203125
7378.927734375
7378.6474609375
7378.369140625
7378.0927734375
7377.81884765625
7377.54931640625
7377.2822265625
7377.01611328125
7376.75390625
7376.494140625
7376.2353515625
7375.9794921875
7375.7265625
7375.4755859375
7375.228515625
7374.984375
7374.7392578125
7374.5
7374.26171875
7374.0244140625
7373.79150390625
7373.5576171875
7373.3271484375
7373.099609375
7372.87255859375
7372.6484375
7372.4248046875
7372.203125
7371.9853515625
7371.7666015625
7371.5517578125
7371.33740234375
7371.125
7370.9150390625
7370.7060546875
7370.49853515625
7370.2939453125
7370.08984375
7369.8876953125
7369.6865234375
7369.4853515625
7369.2880859375
7369.091796875
7368.89794921875
7368.705078125
7368.5126953125
7368.322265625
7368.1337890625
7367.94482421875
7367.7587890625
7367.57421875
7367.3896484375
7367.208984375
7367.0283203125
7366.84814453125
7366.67041015625
7366.4931640625
101610672.0
105008.1484375
9437450.0
73789.3046875
274567.8125
66853.546875
51972.24609375
60899.54296875
125019.2109375
161556.40625
79613.4375
56176.14453125
53447.5078125
53400.23828125
52826.80859375
50611.72265625
47258.4765625
44053.640625
41665.87109375
40024.22265625
38813.9453125
37769.97265625
36767.44140625
35791.95703125
34850.5390625
33930.84375
33022.5234375
32140.2109375
31313.19140625
30548.759765625
29824.1953125
29125.26171875
28454.001953125
27821.06640625
27233.23046875
26677.859375
26138.880859375
25611.556640625
25102.11328125
24615.09765625
24151.70703125
23709.90234375
23284.07421875
22872.638671875
22480.037109375
22111.01171875
21765.1015625
21436.13671875
21118.43359375
20812.05078125
20520.271484375
20241.02734375
19968.74609375
19703.513671875
19449.1328125
19204.3828125
18964.529296875
18728.591796875
18500.70703125
18283.845703125
18076.970703125
17875.431640625
17676.880859375
17484.447265625
17299.26953125
17121.96484375
16951.833984375
16787.755859375
16629.1953125
16476.091796875
16328.0908203125
16184.580078125
16044.8271484375
15909.2392578125
15778.2900390625
15651.279296875
15527.8896484375
15408.095703125
15291.5849609375
15178.2099609375
15067.990234375
14960.892578125
14856.869140625
14755.75390625
14657.439453125
14561.7587890625
14468.595703125
14377.93359375
14289.6083984375
14203.5322265625
14119.63671875
14037.7431640625
13957.7763671875
13879.7490234375
13803.4833984375
13728.80859375
13655.8212890625
13584.4873046875
13514.55078125
13446.0888671875
13379.1328125
13313.55859375
13249.3466796875
13186.42578125
13124.771484375
13064.326171875
13005.015625
12946.775390625
12889.55078125
12833.3671875
12778.1767578125
12723.900390625
12670.521484375
12617.9677734375
12566.2841796875
12515.458984375
12465.38671875
12416.1279296875
12367.736328125
12320.1865234375
12273.4169921875
12227.3828125
12182.0390625
12137.37109375
12093.4453125
12050.212890625
12007.525390625
11965.365234375
11923.7421875
11882.6689453125
11842.134765625
11802.21484375
11762.951171875
11724.3671875
11686.439453125
11649.119140625
11612.416015625
11576.328125
11540.748046875
11505.578125
11470.8037109375
11436.486328125
11402.505859375
11368.80859375
11335.494140625
11302.515625
11269.822265625
11237.4697265625
11205.439453125
11173.7216796875
11142.28515625
11111.1728515625
11080.369140625
11049.841796875
11019.59765625
10989.6171875
10959.8974609375
10930.3984375
10901.150390625
10872.111328125
10843.30078125
10814.68359375
10786.2724609375
10758.076171875
10730.11328125
10702.36328125
10674.775390625
10647.3046875
10620.076171875
10593.1513671875
10566.4287109375
10539.830078125
10513.4482421875
10487.3212890625
10461.376953125
10435.564453125
10409.94140625
10384.5390625
10359.2646484375
10334.130859375
10309.1728515625
10284.4033203125
10259.775390625
10235.3486328125
10211.1787109375
10187.1806640625
10163.26171875
10139.2265625
10115.2109375
10091.5458984375
10068.306640625
10045.2255859375
10022.06640625
9999.029296875
9976.2392578125
9953.3984375
9930.4052734375
9907.5361328125
9885.056640625
9862.693359375
9840.0556640625
9817.1640625
9794.2138671875
9770.982421875
9746.8173828125
9721.0244140625
9692.673828125
9660.822265625
9626.4189453125
9594.5146484375
9569.609375
9548.6396484375
9528.6240234375
9510.83203125
9492.0830078125
9470.154296875
9448.357421875
9427.234375
9404.59765625
9382.2333984375
9362.26953125
9342.568359375
9321.0390625
9299.0517578125
9279.111328125
9260.611328125
9241.908203125
9222.9306640625
9204.041015625
9185.1552734375
9165.9208984375
9146.34765625
9126.9384765625
9108.076171875
9089.71875
9071.798828125
9054.1767578125
9036.48046875
9018.71875
9001.40625
8984.5771484375
8967.1826171875
8948.8349609375
8931.31640625
8914.91796875
8897.833984375
8880.31640625
8863.89453125
8847.6015625
8830.771484375
8814.609375
8798.787109375
8782.552734375
8766.828125
8751.4765625
8735.4853515625
8719.37890625
8703.46875
8687.619140625
8672.4169921875
8657.576171875
8642.162109375
8626.4140625
8611.0439453125
8596.1171875
8581.326171875
8566.431640625
8551.2744140625
8536.341796875
8521.4619140625
8506.1806640625
8490.9423828125
8476.197265625
8461.716796875
8447.21484375
8432.666015625
8418.0517578125
8403.4755859375
8389.189453125
8375.0517578125
8360.6669921875
8345.990234375
8331.451171875
8317.330078125
8303.419921875
8289.4072265625
8275.232421875
8260.916015625
8246.435546875
8232.154296875
8218.384765625
8204.826171875
8190.947265625
8176.8984375
8163.2529296875
8149.880859375
8136.28564453125
8122.533203125
8109.05810546875
8095.8564453125
8082.681640625
8069.5830078125
8056.73681640625
8044.01611328125
8031.16845703125
8018.1005859375
8004.9541015625
7992.03857421875
7979.4501953125
7967.04345703125
7954.533203125
7941.8818359375
7929.3251953125
7917.02490234375
7904.8828125
7892.6494140625
7880.376953125
7868.2578125
7856.390625
7844.6630859375
7833.03125
7821.40966796875
7809.6083984375
7797.69970703125
7786.2626953125
7774.92236328125
7762.79541015625
7750.3291015625
7738.82177734375
7727.7890625
7715.98193359375
7703.9951171875
7692.9013671875
7682.04052734375
7670.54736328125
7659.08251953125
7648.0634765625
7636.95068359375
7625.8232421875
7615.15625
7604.37939453125
7592.875
7581.13818359375
7569.44384765625
7557.84375
7546.64404296875
7535.8173828125
7524.5
7512.19189453125
7499.3125
7485.9462890625
7471.52294921875
7455.5947265625
7438.0673828125
7419.38818359375
7401.02490234375
7384.77734375
7371.36328125
7360.31103515625
7350.69921875
7341.7314453125
7332.9736328125
7324.20703125
7321.228515625
7303.623046875
7286.4189453125
7272.9736328125
7260.3857421875
7252.89599609375
7239.9501953125
7226.38525390625
7217.76171875
7210.55517578125
7204.6708984375
7186.6220703125
7183.85107421875
7191.40283203125
7162.06103515625
7161.740234375
7139.064453125
7134.4853515625
7119.1318359375
7109.74609375
7097.5126953125
7086.716796875
7073.31982421875
7065.3505859375
7055.42138671875
7047.16259765625
7040.0673828125
7029.2861328125
7020.8623046875
7009.2529296875
6999.9755859375
6989.80029296875
6981.08837890625
6970.8916015625
6962.28369140625
6955.236328125
6945.3564453125
6936.046875
6925.8037109375
6918.619140625
6911.583984375
6902.609375
6892.9775390625
6885.064453125
6876.8271484375
6867.865234375
6860.26171875
6851.5693359375
6843.1044921875
6835.97607421875
6828.40380859375
6820.16943359375
6812.2353515625
6804.2919921875
6796.544921875
6789.373046875
6781.14404296875
6773.4853515625
6767.0400390625
6760.19775390625
6752.955078125
6746.5009765625
6739.44189453125
6732.0205078125
6725.12841796875
6717.4521484375
6709.80859375
6703.447265625
6697.06591796875
6690.244140625
6683.96484375
6677.0341796875
6669.85546875
6663.9130859375
6657.7685546875
6651.55712890625
6646.1103515625
6639.962890625
6632.93896484375
6626.59765625
6619.66162109375
6612.5361328125
6606.74560546875
6600.5283203125
6593.71484375
6587.8330078125
6581.689453125
6575.55078125
6570.859375
6565.51123046875
6559.09130859375
6553.265625
6546.2763671875
6538.06005859375
6531.681640625
6525.9560546875
6520.869140625
6518.015625
6513.6103515625
6505.51953125
6497.08837890625
6489.76171875
6484.9765625
6483.19189453125
6478.2392578125
6469.673828125
6463.79931640625
6458.57958984375
6452.0712890625
6447.6318359375
6442.01611328125
6435.818359375
6432.68017578125
6425.640625
6416.4755859375
6413.205078125
6407.43798828125
6398.564453125
6393.9599609375
6387.2734375
6380.09326171875
6376.591796875
6369.958984375
6363.7099609375
6361.470703125
6353.6005859375
6346.5185546875
6341.30908203125
6333.18505859375
6327.724609375
6323.6142578125
6317.81298828125
6311.9267578125
6307.0458984375
6300.6982421875
6295.162109375
6290.59326171875
6284.74609375
6280.37255859375
6275.62060546875
6269.6005859375
6263.4951171875
6256.44921875
6250.30859375
6245.8427734375
6241.2978515625
6236.3896484375
6230.96630859375
6225.64208984375
6221.583984375
6217.947265625
6213.810546875
6208.408203125
6202.5234375
6196.4140625
6190.873046875
6185.58349609375
6180.31787109375
6175.265625
6170.0849609375
6164.9150390625
6160.0791015625
6155.7294921875
6152.1416015625
6149.0126953125
6145.6650390625
6141.009765625
6134.6259765625
6126.783203125
6119.0537109375
6113.0322265625
6109.1611328125
6106.60791015625
6103.83740234375
6099.580078125
6093.8642578125
6087.5712890625
6081.7626953125
6076.6494140625
6071.0341796875
6064.330078125
6057.19482421875
6051.150390625
6046.6025390625
6042.7880859375
6038.591796875
6033.37109375
6027.7744140625
6022.7841796875
6019.0224609375
6015.921875
6012.330078125
6007.42138671875
6001.5458984375
5995.6787109375
5990.4306640625
5985.68310546875
5981.06298828125
5976.5263671875
5971.978515625
5967.3173828125
5962.1201171875
5956.71044921875
5951.556640625
5946.88818359375
5942.29345703125
5937.072265625
5931.29150390625
5925.587890625
5920.6416015625
5916.1123046875
5911.306640625
5906.1416015625
5901.23291015625
5897.033203125
5893.09619140625
5888.71923828125
5883.8427734375
5878.7734375
5873.810546875
5868.478515625
5863.17578125
5858.083984375
5853.83935546875
5849.75
5845.18310546875
5839.796875
5833.9697265625
5828.52490234375
5823.99560546875
5821.033203125
5819.33984375
5818.521484375
5811.814453125
5799.7919921875
5789.849609375
5788.8681640625
5788.77001953125
5780.9541015625
5773.01171875
5770.16455078125
5766.515625
5759.1533203125
5753.912109375
5753.33544921875
5750.9814453125
5743.6357421875
5737.06884765625
5733.6904296875
5727.96337890625
5719.48388671875
5714.36376953125
5710.7333984375
5704.5810546875
5698.45166015625
5694.27685546875
5689.2001953125
5683.72607421875
5679.1875
5674.6357421875
5669.78173828125
5664.5478515625
5659.63134765625
5656.25439453125
5653.1435546875
5649.541015625
5645.7734375
5641.01611328125
5635.1142578125
5630.08056640625
5626.35107421875
5623.197265625
5619.634765625
5615.2216796875
5610.9462890625
5607.25048828125
5603.3369140625
5599.0517578125
5594.29736328125
5589.875
5586.2314453125
5583.349609375
5580.42333984375
5577.3271484375
5574.509765625
5572.68359375
5571.2080078125
5568.2998046875
5562.7177734375
5555.0234375
5547.013671875
5540.51806640625
5536.2548828125
5532.6708984375
5528.3525390625
5522.9921875
5517.21044921875
5511.375
5505.197265625
5499.265625
5494.021484375
5490.00341796875
5486.0458984375
5481.6240234375
5476.10888671875
5470.61181640625
5465.35595703125
5460.89013671875
5456.14794921875
5450.615234375
5444.51171875
5438.87451171875
5434.39453125
5430.884765625
5427.505859375
5423.8193359375
5419.7392578125
5415.814453125
5411.89794921875
5408.11279296875
5403.76416015625
5399.0400390625
5393.8662109375
5389.10400390625
5385.2841796875
5382.5625
5380.345703125
5377.78515625
5374.12109375
5369.3994140625
5364.474609375
5360.171875
5356.78369140625
5353.70703125
5350.501953125
5346.4990234375
5341.6005859375
5335.306640625
5328.3388671875
5321.8193359375
5317.0986328125
5314.03759765625
5311.70166015625
5308.564453125
5303.87109375
5298.00341796875
5292.2412109375
5287.3984375
5283.74951171875
5280.6787109375
5277.73828125
5274.4892578125
5270.76953125
5266.3818359375
5261.4052734375
5256.5537109375
5252.66455078125
5250.51220703125
5249.9111328125
5250.0263671875
5248.9365234375
5244.8935546875
5237.02734375
5227.390625
5218.86962890625
5213.39990234375
5210.138671875
5207.345703125
5203.54736328125
5198.642578125
5193.619140625
5189.23876953125
5185.18115234375
5180.4716796875
5174.7744140625
5168.546875
5163.04638671875
5158.6259765625
5155.302734375
5151.9658203125
5148.1474609375
5143.4150390625
5137.89697265625
5131.3857421875
5124.099609375
5116.583984375
5110.0224609375
5105.080078125
5101.7607421875
5099.02587890625
5095.74072265625
5092.40625
5088.5390625
5086.8193359375
5086.56689453125
5087.22607421875
5085.1904296875
5072.2451171875
5056.462890625
5053.3310546875
5055.7001953125
5050.619140625
5043.4150390625
5038.390625
5029.7919921875
5023.55126953125
5023.0791015625
5020.90234375
5014.494140625
5006.8017578125
4998.4130859375
4992.56640625
4990.6474609375
4989.1875
4984.11767578125
4976.44970703125
4969.162109375
4963.6884765625
4960.8271484375
4958.73828125
4954.44482421875
4948.7705078125
4942.62939453125
4936.54296875
4931.8330078125
4928.125
4924.78271484375
4921.7587890625
4918.50244140625
4915.05029296875
4911.1591796875
4907.7578125
4905.0439453125
4903.0087890625
4901.63525390625
4899.75830078125
4896.4921875
4891.5673828125
4886.052734375
4880.970703125
4877.2607421875
4873.60888671875
4868.61083984375
4862.03076171875
4855.240234375
4849.82080078125
4846.16015625
4843.3740234375
4840.07177734375
4835.78466796875
4830.9677734375
4826.85546875
4824.103515625
4822.46484375
4820.7568359375
4818.5615234375
4815.86279296875
4813.59326171875
4811.8056640625
4809.7880859375
4806.29736328125
4800.8388671875
4794.7373046875
4789.9560546875
4787.40771484375
4786.3369140625
4784.93701171875
4782.02734375
4777.66748046875
4773.40673828125
4770.41259765625
4768.33642578125
4766.08984375
4762.2109375
4757.15771484375
4751.33251953125
4746.6484375
4742.9326171875
4740.3701171875
4737.5712890625
4734.25341796875
4729.640625
4724.2470703125
4718.5615234375
4714.1923828125
4711.9326171875
4711.48291015625
4711.64697265625
4710.525390625
4707.40478515625
4701.9970703125
4695.60791015625
4689.22802734375
4683.20361328125
4678.21142578125
4673.99853515625
4670.41748046875
4666.2763671875
4661.37890625
4656.619140625
4652.66943359375
4649.4619140625
4645.6669921875
4641.26611328125
4636.623046875
4633.3828125
4630.89453125
4628.45458984375
4624.548828125
4619.8505859375
4615.0439453125
4611.15478515625
4607.5791015625
4604.12939453125
4600.330078125
4596.896484375
4594.0400390625
4592.13232421875
4590.931640625
4590.12353515625
4589.1943359375
4587.189453125
4583.61328125
4578.140625
4573.5546875
4570.6591796875
4570.193359375
4568.66552734375
4565.77783203125
4560.533203125
4553.341796875
4545.6767578125
4540.28271484375
4538.361328125
4537.66552734375
4535.61572265625
4531.607421875
4527.51416015625
4524.064453125
4521.73291015625
4519.4912109375
4517.1484375
4513.36083984375
4509.4423828125
4504.970703125
4501.5498046875
4498.2900390625
4496.07177734375
4494.0302734375
4492.2109375
4489.966796875
4487.5869140625
4484.9658203125
4482.2119140625
4479.37744140625
4476.20068359375
4472.3212890625
4467.67724609375
4463.365234375
4459.91748046875
4456.419921875
4451.533203125
4444.97314453125
4437.7392578125
4431.7509765625
4428.314453125
4427.32080078125
4426.4130859375
4424.08984375
4418.7119140625
4412.70703125
4407.05029296875
4403.234375
4399.763671875
4397.51953125
4395.5029296875
4393.615234375
4389.9453125
4385.205078125
4380.1328125
4376.8486328125
4374.35546875
4372.57568359375
4369.650390625
4366.4794921875
4361.87158203125
4356.55078125
4350.07421875
4343.8974609375
4338.48681640625
4334.60986328125
4331.86474609375
4329.78955078125
4327.60009765625
4324.65380859375
4320.94140625
4315.89599609375
4311.2724609375
4305.55712890625
4302.7265625
4301.95556640625
4303.4453125
4303.974609375
4302.873046875
4300.673828125
4299.3056640625
4296.9814453125
4293.1357421875
4283.8798828125
4276.40869140625
4272.232421875
4270.59033203125
4268.6005859375
4266.63916015625
4265.306640625
4263.8818359375
4261.24072265625
4257.16357421875
4252.017578125
4246.38671875
4241.2978515625
4237.43701171875
4235.9326171875
4235.8466796875
4236.35791015625
4233.64697265625
4228.07177734375
4219.1650390625
4210.50634765625
4203.15771484375
4198.5712890625
4195.2900390625
4191.91943359375
4187.31396484375
4182.64453125
4179.4296875
4178.37939453125
4179.052734375
4157.55029296875
4158.5380859375
4163.7880859375
4146.62890625
4154.6962890625
4148.5048828125
4141.26708984375
4146.3701171875
4137.07177734375
4136.68505859375
4136.07421875
4129.37109375
4130.44775390625
4126.54736328125
4123.23828125
4122.83056640625
4118.63671875
4116.9853515625
4115.041015625
4111.76611328125
4110.271484375
4107.71337890625
4105.16796875
4103.416015625
4100.8076171875
4098.5947265625
4096.63037109375
4094.099609375
4092.048828125
4089.9541015625
4087.50830078125
4085.55224609375
4083.3408203125
4081.0224609375
4079.08349609375
4076.7978515625
4074.61328125
4072.6220703125
4070.3154296875
4068.23291015625
4066.166015625
4063.90576171875
4061.86328125
4059.7373046875
4057.55078125
4055.4951171875
4053.3544921875
4051.20556640625
4049.138671875
4047.013671875
4044.888671875
4042.8017578125
4040.6884765625
4038.57666015625
4036.48681640625
4034.3916015625
4032.298828125
4030.2109375
4028.123046875
4026.0341796875
4023.94580078125
4021.86083984375
4019.791015625
4017.7138671875
4015.63427734375
4013.56640625
4011.48974609375
4009.4189453125
4007.3603515625
4005.29296875
4003.23095703125
4001.17578125
3999.1181640625
3997.068359375
3995.0166015625
3992.9697265625
3990.931640625
3988.8798828125
3986.83056640625
3984.78857421875
3982.75830078125
3980.72216796875
3978.681640625
3976.6484375
3974.6220703125
3972.58544921875
3970.5595703125
3968.53076171875
3966.51513671875
3964.4931640625
3962.466796875
3960.45166015625
3958.4296875
3956.41748046875
3954.40478515625
3952.38671875
3950.375
3948.365234375
3946.34912109375
3944.341796875
3942.3349609375
3940.3388671875
3938.3349609375
3936.3310546875
3934.326171875
3932.33251953125
3930.33544921875
3928.3408203125
3926.3466796875
3924.35400390625
3922.35888671875
3920.37060546875
3918.37890625
3916.3994140625
3914.408203125
3912.4267578125
3910.44140625
3908.4580078125
3906.47802734375
3904.4990234375
3902.5234375
3900.546875
3898.57177734375
3896.59619140625
3894.62548828125
3892.65625
3890.6806640625
3888.70849609375
3886.7431640625
3884.7724609375
3882.8056640625
3880.84375
3878.87646484375
3876.91748046875
3874.9541015625
3872.98828125
3871.0283203125
3869.0751953125
3867.1162109375
3865.166015625
3863.2041015625
3861.2578125
3859.2998046875
3857.35205078125
3855.400390625
3853.458984375
3851.5087890625
3849.5625
3847.61767578125
3845.67431640625
3843.72900390625
3841.78515625
3839.84228515625
3837.91259765625
3835.97021484375
3834.03662109375
3832.10302734375
3830.1630859375
3828.2294921875
3826.291015625
3824.36328125
3822.4287109375
3820.501953125
3818.57763671875
3816.65380859375
3814.734375
3812.8017578125
3810.88232421875
3808.9609375
3807.04150390625
3805.1171875
3803.20263671875
3801.283203125
3799.35986328125
3797.4453125
3795.5263671875
3793.61181640625
3791.70068359375
3789.7919921875
3787.88037109375
3785.97265625
3784.068359375
3782.1513671875
3780.25
3778.345703125
3776.44140625
3774.533203125
3772.6328125
3770.72412109375
3768.82568359375
3766.92236328125
3765.02734375
3763.12744140625
3761.22900390625
3759.330078125
3757.4404296875
3755.55810546875
3753.6875
3751.8349609375
3750.009765625
3748.2412109375
3746.564453125
3745.013671875
3743.6474609375
3742.392578125
3741.0419921875
3739.13916015625
3736.4580078125
3733.4091796875
3730.9326171875
3729.375
3728.12158203125
3726.37890625
3723.94482421875
3721.52392578125
3719.66015625
3718.14892578125
3716.3916015625
3714.181640625
3711.98388671875
3710.13232421875
3708.443359375
3706.560546875
3704.43505859375
3702.3837890625
3700.53564453125
3698.72021484375
3696.75634765625
3694.69873046875
3692.7255859375
3690.85546875
3688.953125
3686.96240234375
3684.9609375
3683.021484375
3681.11328125
3679.1767578125
3677.201171875
3675.22509765625
3673.28173828125
3671.3408203125
3669.373046875
3667.39111328125
3665.41259765625
3663.45703125
3661.5
3659.5234375
3657.54638671875
3655.57763671875
3653.615234375
3651.65576171875
3649.69482421875
3647.7255859375
3645.7783203125
3643.82958984375
3641.87890625
3639.93212890625
3637.986328125
3636.04248046875
3634.1103515625
3632.173828125
3630.236328125
3628.30419921875
3626.37548828125
3624.4521484375
3622.53564453125
3620.6142578125
3618.689453125
3616.77001953125
3614.8623046875
3612.95703125
3611.0546875
3609.1494140625
3607.2470703125
3605.35107421875
3603.4599609375
3601.56591796875
3599.67724609375
3597.7919921875
3595.9140625
3594.04345703125
3592.181640625
3590.33984375
3588.50439453125
3586.7451171875
3584.9609375
3583.40380859375
3581.60546875
3580.20703125
3578.01416015625
3576.06884765625
3573.7607421875
3571.73486328125
3569.95263671875
3568.3212890625
3566.8935546875
3565.05078125
3563.4423828125
3561.12890625
3559.0107421875
3557.09716796875
3555.40087890625
3553.85986328125
3552.05908203125
3550.337890625
3548.2109375
3546.224609375
3544.3388671875
3542.5771484375
3540.884765625
3539.0693359375
3537.27001953125
3535.333984375
3533.4482421875
3531.60400390625
3529.794921875
3528.005859375
3526.1875
3524.37451171875
3522.5146484375
3520.69287109375
3518.8916015625
3517.10986328125
3515.3623046875
3513.68505859375
3512.134765625
3510.7734375
3509.51904296875
3508.15869140625
3506.0546875
3503.29248046875
3500.6474609375
3498.908203125
3497.71044921875
3496.0673828125
3493.740234375
3491.453125
3489.8115234375
3488.3564453125
3486.41845703125
3484.21240234375
3482.34130859375
3480.77978515625
3479.02685546875
3476.9775390625
3475.072265625
3473.4140625
3471.6875
3469.75439453125
3467.85498046875
3466.14013671875
3464.423828125
3462.56298828125
3460.71337890625
3458.98486328125
3457.3056640625
3455.55615234375
3453.84619140625
3452.2978515625
3450.91455078125
3449.583984375
3448.322265625
3446.74609375
3444.75
3442.185546875
3439.748046875
3437.89404296875
3436.47119140625
3435.01416015625
3433.18115234375
3431.18359375
3429.2802734375
3427.546875
3425.8564453125
3424.08349609375
3422.27392578125
3420.50830078125
3418.8095703125
3417.10888671875
3415.3408203125
3413.541015625
3411.78125
3410.1376953125
3408.54248046875
3406.9443359375
3405.28076171875
3403.76904296875
3402.291015625
3401.13232421875
3399.7900390625
3398.67919921875
3397.2626953125
3395.7841796875
3393.8330078125
3391.35546875
3388.5771484375
3385.9892578125
3383.99755859375
3382.5595703125
3381.30810546875
3379.83740234375
3378.00830078125
3375.9658203125
3374.0771484375
3372.32177734375
3370.75048828125
3368.96484375
3367.1015625
3365.11083984375
3363.26171875
3361.56640625
3359.96435546875
3358.31982421875
3356.5615234375
3354.7822265625
3353.0244140625
3351.36865234375
3349.7275390625
3348.0908203125
3346.36669921875
3344.654296875
3342.90625
3341.20849609375
3339.51025390625
3337.82958984375
3336.1337890625
3334.44921875
3332.80029296875
3331.1669921875
3329.56494140625
3327.95849609375
3326.37158203125
3324.8125
3323.27587890625
3321.81884765625
3320.34033203125
3319.001953125
3317.50244140625
3316.16064453125
3314.552734375
3313.1650390625
3311.79150390625
3310.8408203125
3310.1259765625
3309.38525390625
3307.92333984375
3305.85693359375
3303.99951171875
3302.58935546875
3301.14453125
3298.7734375
3295.90478515625
3293.2529296875
3291.509765625
3290.177734375
3288.7646484375
3287.080078125
3285.39794921875
3283.7041015625
3281.7890625
3279.74365234375
3277.978515625
3276.654296875
3275.4638671875
3274.07080078125
3272.478515625
3270.9404296875
3269.30859375
3267.69189453125
3266.01708984375
3264.5234375
3263.09423828125
3261.671875
3260.18359375
3258.60302734375
3256.94873046875
3255.2548828125
3253.677734375
3252.1943359375
3250.86669921875
3249.5419921875
3248.333984375
3247.01953125
3245.7255859375
3244.09716796875
3242.3076171875
3240.11328125
3237.83642578125
3235.58203125
3233.654296875
3232.06494140625
3230.73681640625
3229.53955078125
3228.31103515625
3226.98681640625
3225.41162109375
3223.65869140625
3221.72705078125
3219.86669921875
3218.1640625
3216.74951171875
3215.4794921875
3214.33447265625
3213.0654296875
3211.81396484375
3210.3828125
3209.154296875
3207.828125
3206.8779296875
3205.85546875
3205.18701171875
3204.4755859375
3204.08251953125
3203.73486328125
3203.40869140625
3202.630859375
3201.0068359375
3198.494140625
3195.5947265625
3193.05859375
3191.2783203125
3190.0283203125
3188.98681640625
3187.73388671875
3186.36328125
3184.9375
3183.89990234375
3183.158203125
3182.5556640625
3181.5869140625
3179.94873046875
3177.7275390625
3175.2880859375
3173.14794921875
3171.83447265625
3171.75146484375
3172.9326171875
3174.8408203125
3176.7724609375
3177.67431640625
3177.18212890625
3175.4091796875
3173.2685546875
3171.54296875
3170.40576171875
3169.4013671875
3168.05712890625
3166.1396484375
3164.2255859375
3162.92333984375
3162.70068359375
3162.53955078125
3161.359375
3158.4033203125
3154.3232421875
3150.5791015625
3148.33935546875
3147.6044921875
3147.38037109375
3146.47998046875
3144.16748046875
3140.87060546875
3137.29052734375
3134.6044921875
3132.72607421875
3131.42138671875
3129.75732421875
3127.64111328125
3125.150390625
3123.3671875
3122.201171875
3121.85009765625
3121.0771484375
3119.4013671875
3116.56103515625
3113.42724609375
3110.86962890625
3109.06298828125
3107.54248046875
3105.62060546875
3103.33056640625
3100.88525390625
3098.57421875
3096.24560546875
3093.87890625
3091.32763671875
3088.7109375
3086.044921875
3083.58056640625
3081.3369140625
3079.3203125
3077.5615234375
3075.87451171875
3074.513671875
3072.966796875
3071.67822265625
3069.97314453125
3068.3232421875
3066.3544921875
3064.4921875
3062.64306640625
3060.9599609375
3059.2822265625
3057.59521484375
3055.8623046875
3054.1591796875
3052.55322265625
3051.18798828125
3050.185546875
3049.65478515625
3049.48486328125
3049.5419921875
3049.4931640625
3049.2958984375
3048.5703125
3047.50537109375
3045.701171875
3043.90625
3041.87109375
3040.5537109375
3039.1064453125
3038.123046875
3036.90673828125
3035.87255859375
3034.92578125
3034.0302734375
3033.01708984375
3031.5087890625
3029.39208984375
3026.64501953125
3023.837890625
3021.2451171875
3019.5712890625
3018.689453125
3018.86572265625
3019.54931640625
3020.54541015625
3021.04638671875
3020.73974609375
3019.13427734375
3016.6201171875
3013.69580078125
3010.9892578125
3008.8310546875
3006.93310546875
3005.02880859375
3002.97705078125
3001.1025390625
2999.958984375
2999.4423828125
2999.29736328125
2998.6728515625
2997.52099609375
2995.876953125
2994.32568359375
2992.9404296875
2991.4931640625
2989.56494140625
2987.21875
2984.728515625
2982.8203125
2981.40478515625
2980.25341796875
2978.62255859375
2976.3798828125
2973.7685546875
2971.3740234375
2969.705078125
2968.6220703125
2967.97265625
2967.01513671875
2965.6171875
2963.5673828125
2961.36962890625
2959.1904296875
2957.5146484375
2956.001953125
2954.84521484375
2953.3623046875
2951.9833984375
2950.328125
2949.0537109375
2947.9453125
2947.29345703125
2946.7509765625
2946.38916015625
2946.12158203125
2946.0625
2946.13720703125
2945.95166015625
2945.068359375
2942.9541015625
2939.80908203125
2936.25
2933.388671875
2931.87548828125
2931.87646484375
2932.765625
2933.76171875
2933.9443359375
2933.10791015625
2931.36083984375
2929.5830078125
2928.23828125
2927.79345703125
2927.96630859375
2928.2646484375
2928.14794921875
2927.09130859375
2925.26611328125
2922.80322265625
2920.3701171875
2918.3193359375
2917.27294921875
2917.2294921875
2917.89208984375
2918.02685546875
2916.53662109375
2912.75048828125
2907.38671875
2901.9404296875
2898.087890625
2896.53955078125
2896.92822265625
2898.189453125
2899.01806640625
2898.68408203125
2897.072265625
2894.767578125
2892.57373046875
2890.8125
2889.603515625
2888.4501953125
2887.1474609375
2885.4326171875
2883.544921875
2881.73583984375
2880.3427734375
2879.248046875
2878.3173828125
2877.109375
2875.484375
2873.5703125
2871.404296875
2869.654296875
2868.166015625
2867.09375
2865.89111328125
2864.3447265625
2862.5126953125
2860.771484375
2859.2763671875
2858.06982421875
2856.89453125
2855.8662109375
2854.78271484375
2854.12939453125
2853.4716796875
2853.08251953125
2852.171875
2850.7431640625
2848.5380859375
2845.865234375
2843.2099609375
2840.83349609375
2839.09423828125
2837.82177734375
2836.97900390625
2836.21875
2835.45703125
2834.45361328125
2833.279296875
2831.87646484375
2830.28857421875
2828.45556640625
2826.376953125
2824.11279296875
2821.95751953125
2820.09033203125
2818.89111328125
2818.33203125
2818.41748046875
2818.6435546875
2818.701171875
2818.06640625
2816.787109375
2814.99462890625
2813.01318359375
2810.99462890625
2808.96923828125
2807.19091796875
2805.953125
2805.6025390625
2805.98681640625
2806.86669921875
2807.65966796875
2808.21875
2808.27734375
2808.0498046875
2807.48291015625
2806.8291015625
2806.04345703125
2805.49365234375
2805.0703125
2805.056640625
2804.90185546875
2804.64794921875
2803.1220703125
2800.5810546875
2796.16015625
2791.51318359375
2786.97021484375
2784.1044921875
2782.349609375
2781.263671875
2779.8076171875
2777.69873046875
2775.21630859375
2772.9326171875
2771.35498046875
2770.42919921875
2769.91845703125
2769.47998046875
2769.0126953125
2768.5927734375
2768.25830078125
2767.97705078125
2767.5341796875
2766.94091796875
2766.345703125
2765.94091796875
2765.70166015625
2765.20849609375
2764.205078125
2762.728515625
2761.1591796875
2759.9501953125
2759.40625
2759.03466796875
2758.345703125
2756.04736328125
2752.4677734375
2748.1796875
2744.91357421875
2743.248046875
2742.9853515625
2742.9638671875
2741.955078125
2739.67333984375
2736.642578125
2734.07861328125
2732.611328125
2732.3173828125
2732.41455078125
2732.443359375
2732.12109375
2732.0224609375
2732.416015625
2733.26318359375
2733.96044921875
2733.48779296875
2731.3759765625
2727.322265625
2722.63427734375
2718.923828125
2717.56591796875
2717.9677734375
2718.9423828125
2718.55322265625
2716.7802734375
2713.7998046875
2711.2841796875
2709.708984375
2709.50732421875
2709.87109375
2710.19140625
2709.9140625
2708.7646484375
2706.9931640625
2704.5732421875
2701.9267578125
2699.0478515625
2696.359375
2693.9111328125
2691.7431640625
2689.650390625
2687.48046875
2685.12255859375
2682.85693359375
2680.7783203125
2679.2412109375
2678.12939453125
2677.33349609375
2676.396484375
2675.10986328125
2673.4580078125
2671.59423828125
2670.02587890625
2668.9326171875
2668.82666015625
2669.58544921875
2671.2060546875
2672.0107421875
2671.55322265625
2669.90478515625
2668.0673828125
2667.0576171875
2667.923828125
2668.681640625
2668.07275390625
2666.3974609375
2665.81787109375
2660.5830078125
2654.36328125
2650.4130859375
2650.1279296875
2650.357421875
2648.669921875
2647.0263671875
2646.5400390625
2647.265625
2646.83056640625
2643.47705078125
2639.2197265625
2636.74755859375
2635.3154296875
2633.7392578125
2632.21044921875
2631.26611328125
2630.32763671875
2628.85791015625
2627.1025390625
2625.23779296875
2623.26611328125
2621.09619140625
2618.9306640625
2616.8564453125
2615.21533203125
2613.650390625
2611.97119140625
2609.84228515625
2608.353515625
2607.68798828125
2607.6064453125
2607.08642578125
2606.18505859375
2605.0244140625
2603.923828125
2602.34375
2600.189453125
2597.6337890625
2595.2607421875
2593.3271484375
2591.771484375
2590.4443359375
2588.9951171875
2587.56640625
2586.390625
2585.80419921875
2585.4228515625
2585.056640625
2584.49365234375
2584.125
2583.87255859375
2583.640625
2583.1640625
2582.5908203125
2582.056640625
2581.6806640625
2581.2138671875
2580.29833984375
2578.83984375
2577.150390625
2575.74755859375
2574.7314453125
2573.474609375
2571.142578125
2567.64697265625
2563.771484375
2560.62939453125
2558.7578125
2557.95263671875
2557.7275390625
2557.59228515625
2557.5732421875
2557.67529296875
2558.0224609375
2558.45263671875
2558.88818359375
2559.076171875
2559.0771484375
2558.53515625
2557.626953125
2555.93408203125
2553.8740234375
2551.1416015625
2548.35302734375
2545.5224609375
2543.2275390625
