7772.12255859375
7761.484375
7751.28173828125
7741.5009765625
7732.11962890625
7723.1142578125
7714.4287109375
7706.0234375
7697.87158203125
7689.943359375
7682.22998046875
7674.71240234375
7667.390625
7660.25634765625
7653.3056640625
7646.537109375
7639.951171875
7633.5341796875
7627.2939453125
7621.21923828125
7615.3115234375
7609.56005859375
7603.9619140625
7598.513671875
7593.21484375
7588.05029296875
7583.021484375
7578.126953125
7573.36083984375
7568.71875
7564.20361328125
7559.8095703125
7555.53125
7551.373046875
7547.326171875
7543.3857421875
7539.552734375
7535.8232421875
7532.1943359375
7528.6611328125
7525.2197265625
7521.8701171875
7518.6064453125
7515.4267578125
7512.3291015625
7509.3095703125
7506.3671875
7503.5009765625
7500.70361328125
7497.97705078125
7495.31640625
7492.7236328125
7490.1904296875
7487.7216796875
7485.3095703125
7482.9560546875
7480.658203125
7478.4140625
7476.22265625
7474.08251953125
7471.99267578125
7469.94921875
7467.95361328125
7466.0048828125
7464.1005859375
7462.23583984375
7460.41357421875
7458.63232421875
7456.89013671875
7455.1875
7453.52099609375
7451.89111328125
7450.29638671875
7448.73583984375
7447.2080078125
7445.7109375
7444.2470703125
7442.81640625
7441.4111328125
7440.0390625
7438.6953125
7437.3798828125
7436.0947265625
7434.83251953125
7433.595703125
7432.38525390625
7431.2001953125
7430.0419921875
7428.90185546875
7427.78515625
7426.689453125
7425.61962890625
7424.5712890625
7423.54345703125
7422.5361328125
7421.54931640625
7420.58154296875
7419.6318359375
7418.70166015625
7417.7890625
7416.8955078125
7416.0166015625
7415.158203125
7414.3154296875
7413.4892578125
7412.68017578125
7411.8857421875
7411.1064453125
7410.341796875
7409.59326171875
7408.8583984375
7408.1376953125
7407.4296875
7406.7353515625
7406.05859375
7405.3916015625
7404.736328125
7404.09375
7403.46435546875
7402.84716796875
7402.23974609375
7401.646484375
7401.0625
7400.49072265625
7399.9306640625
7399.380859375
7398.83837890625
7398.30859375
7397.78759765625
7397.27734375
7396.77734375
7396.28369140625
7395.798828125
7395.322265625
7394.8564453125
7394.3994140625
7393.95361328125
7393.51416015625
7393.0810546875
7392.65478515625
7392.2431640625
7391.83154296875
7391.42919921875
7391.03271484375
7390.642578125
7390.2607421875
7389.88720703125
7389.517578125
7389.15576171875
7388.7978515625
7388.447265625
7388.10107421875
7387.7587890625
7387.42578125
7387.09814453125
7386.775390625
7386.45849609375
7386.1474609375
7385.83984375
7385.53759765625
7385.2392578125
7384.9462890625
7384.6591796875
7384.3740234375
7384.095703125
7383.8203125
7383.55078125
7383.283203125
7383.01904296875
7382.759765625
7382.5048828125
7382.255859375
7382.0087890625
7381.76318359375
7381.5224609375
7381.28466796875
7381.05126953125
7380.822265625
7380.59423828125
7380.37158203125
7380.15087890625
7379.93359375
7379.72021484375
7379.5087890625
7379.2998046875
7379.095703125
7378.892578125
7378.6923828125
7378.4951171875
7378.30078125
7378.111328125
7377.921875
7377.7333984375
7377.55029296875
7377.3671875
7377.1865234375
7377.00732421875
7376.8330078125
7376.662109375
7376.49072265625
1114217088.0
87150.9609375
46651.6328125
958287.875
50538.9609375
52184.65234375
49385.92578125
47045.62890625
45627.5234375
45413.0625
45052.0703125
44271.6796875
43101.1171875
41967.109375
41031.7578125
40068.6484375
38970.76953125
37871.078125
37001.0234375
36370.4453125
35780.09765625
35105.30859375
34355.90625
33616.06640625
32939.58203125
32322.322265625
31744.162109375
31182.654296875
30618.677734375
30053.39453125
29496.521484375
28949.83203125
28413.560546875
27894.3046875
27403.892578125
26948.068359375
26515.31640625
26085.41796875
25655.10546875
25234.99609375
24835.654296875
24463.453125
24118.318359375
23792.1171875
23476.58984375
23170.58984375
22873.58984375
22581.80859375
22300.337890625
22039.83203125
21799.001953125
21569.224609375
21347.248046875
21132.166015625
20923.666015625
20720.955078125
20523.068359375
20330.908203125
20146.861328125
19971.404296875
19801.978515625
19637.0859375
19476.529296875
19321.177734375
19172.08984375
19028.921875
18889.751953125
18753.509765625
18620.966796875
18492.451171875
18367.328125
18245.78125
18128.25
18014.46875
17903.890625
17796.021484375
17690.64453125
17587.779296875
17487.537109375
17389.87109375
17294.828125
17202.37109375
17112.3671875
17024.9765625
16940.2734375
16857.78515625
16777.173828125
16698.34375
16621.4296875
16546.765625
16474.830078125
16405.71875
16338.921875
16273.8046875
16210.140625
16147.8466796875
16086.7421875
16026.806640625
15968.0078125
15910.2861328125
15853.4951171875
15797.5029296875
15742.28125
15687.890625
15634.498046875
15582.13671875
15530.791015625
15480.2900390625
15430.5654296875
15381.6787109375
15333.6875
15286.52734375
15240.142578125
15194.509765625
15149.6455078125
15105.517578125
15062.0849609375
15019.380859375
14977.37109375
14936.04296875
14895.3232421875
14855.2373046875
14815.7861328125
14776.923828125
14738.6962890625
14701.1181640625
14664.11328125
14627.685546875
14591.7685546875
14556.3876953125
14521.53515625
14487.16796875
14453.33984375
14419.9970703125
14387.1484375
14354.734375
14322.791015625
14291.291015625
14260.232421875
14229.58984375
14199.3525390625
14169.51171875
14140.0693359375
14111.01171875
14082.3388671875
14054.0576171875
14026.1533203125
13998.6103515625
13971.43359375
13944.552734375
13917.958984375
13891.5556640625
13865.1533203125
13838.4384765625
13810.82421875
13781.955078125
13759.98828125
13736.0771484375
13709.3505859375
13686.3759765625
13660.33984375
13640.400390625
13613.0615234375
13596.923828125
13581.744140625
13567.666015625
13542.232421875
13518.908203125
13492.2783203125
13464.1728515625
13450.1923828125
13431.546875
13410.5615234375
13387.8984375
13367.009765625
13341.990234375
13324.1923828125
13304.873046875
13283.6455078125
13262.46484375
13245.98046875
13224.7412109375
13203.97265625
13186.6884765625
13167.6083984375
13148.126953125
13130.208984375
13111.318359375
13093.23828125
13074.525390625
13057.201171875
13039.181640625
13020.91796875
13003.7109375
12986.6259765625
12968.6083984375
12951.4833984375
12934.6875
12918.15234375
12900.75390625
12884.32421875
12868.259765625
12851.5087890625
12835.2529296875
12819.4814453125
12803.349609375
12787.541015625
12771.8388671875
12756.271484375
12740.7568359375
12725.3408203125
12710.16015625
12695.0146484375
12680.03515625
12665.154296875
12650.353515625
12635.701171875
12621.1328125
12606.599609375
12592.2001953125
12577.8681640625
12563.583984375
12549.34375
12535.2412109375
12521.1953125
12507.23046875
12493.392578125
12479.669921875
12466.115234375
12452.76171875
12439.642578125
12426.484375
12412.8984375
12399.2802734375
12386.25390625
12373.453125
12360.2216796875
12346.9287109375
12334.15234375
12321.419921875
12308.4541015625
12295.8095703125
12283.5498046875
12271.193359375
12258.671875
12246.0859375
12233.279296875
12220.69921875
12208.966796875
12197.6689453125
12185.7666015625
12172.904296875
12159.826171875
12147.564453125
12136.1220703125
12124.5546875
12112.30078125
12100.0927734375
12088.66015625
12077.486328125
12065.8876953125
12054.20703125
12042.8828125
12031.74609375
12020.0400390625
12008.09375
11996.431640625
11985.2265625
11974.21484375
11963.1494140625
11951.9892578125
11940.8076171875
11929.81640625
11919.18359375
11908.736328125
11898.048828125
11886.9033203125
11875.703125
11864.8359375
11854.23828125
11843.658203125
11833.01953125
11822.541015625
11812.140625
11801.5166015625
11790.6591796875
11779.939453125
11769.607421875
11759.39453125
11748.9736328125
11738.412109375
11727.98828125
11717.7568359375
11707.46484375
11697.08203125
11686.771484375
11676.529296875
11666.244140625
11655.908203125
11645.6220703125
11635.40625
11625.123046875
11614.634765625
11603.9384765625
11593.1513671875
11582.435546875
11571.8037109375
11561.19140625
11550.615234375
11540.171875
11529.83203125
11519.6220703125
11509.55078125
11499.58984375
11489.5654296875
11479.111328125
11468.3642578125
11457.837890625
11447.7763671875
11437.806640625
11427.6552734375
11417.50390625
11407.490234375
11397.30859375
11386.978515625
11377.041015625
11367.654296875
11358.37890625
11348.84375
11339.03515625
11329.173828125
11319.529296875
11310.2490234375
11301.146484375
11291.9228515625
11282.7177734375
11274.1015625
11266.2666015625
11258.51171875
11249.83203125
11239.2587890625
11227.6708984375
11216.94140625
11208.0703125
11200.0654296875
11191.34375
11181.453125
11171.3505859375
11161.923828125
11152.7734375
11143.1328125
11133.1650390625
11123.501953125
11114.48046875
11105.876953125
11097.5771484375
11089.6474609375
11081.2265625
11071.03125
11059.15625
11048.44140625
11039.8388671875
11031.234375
11020.9453125
11010.173828125
11001.2080078125
10993.515625
10984.7314453125
10974.4462890625
10964.6650390625
10956.341796875
10948.1494140625
10938.8916015625
10929.5244140625
10921.1708984375
10913.2607421875
10904.390625
10894.4453125
10884.587890625
10875.916015625
10868.4462890625
10862.01171875
10854.134765625
10842.546875
10829.3818359375
10821.09765625
10813.9375
10802.3916015625
10791.978515625
10784.3427734375
10773.703125
10762.8984375
10754.681640625
10744.572265625
10732.65625
10722.4013671875
10711.859375
10701.2138671875
10691.9677734375
10681.4580078125
10669.9775390625
10659.8671875
10650.1669921875
10640.53515625
10631.7685546875
10623.1640625
10614.8056640625
10607.484375
10600.150390625
10592.388671875
10585.2041015625
10578.53515625
10570.5859375
10559.8759765625
10547.814453125
10538.478515625
10533.11328125
10527.8974609375
10519.6484375
10510.3984375
10502.939453125
10496.115234375
10488.302734375
10480.150390625
10472.646484375
10464.423828125
10454.73828125
10445.0263671875
10436.8876953125
10430.140625
10423.17578125
10415.287109375
10407.0078125
10398.6787109375
10390.45703125
10382.7578125
10375.5
10367.931640625
10359.958984375
10352.3779296875
10345.37890625
10338.4609375
10331.49609375
10324.76171875
10317.9873046875
10310.51953125
10302.1572265625
10293.67578125
10285.8779296875
10278.875
10272.236328125
10265.35546875
10257.9150390625
10249.96875
10241.900390625
10234.4521484375
10227.888671875
10221.923828125
10215.87890625
10209.03125
10201.0029296875
10192.0048828125
10183.419921875
10176.314453125
10170.0498046875
10163.0595703125
10154.6962890625
10146.1669921875
10138.7822265625
10132.2216796875
10125.033203125
10116.583984375
10107.8349609375
10099.892578125
10092.7080078125
10085.513671875
10078.224609375
10071.5576171875
10066.021484375
10061.052734375
10056.21484375
10050.353515625
10044.359375
10036.890625
10029.2978515625
10020.3525390625
10010.52734375
10000.939453125
9993.2333984375
9987.841796875
9982.2939453125
9975.7978515625
9967.251953125
9958.1923828125
9950.078125
9942.8427734375
9936.5205078125
9928.677734375
9920.5185546875
9912.7451171875
9905.5830078125
9898.931640625
9891.65234375
9884.431640625
9877.306640625
9870.7998046875
9865.388671875
9861.30859375
9857.580078125
9852.1591796875
9842.5751953125
9833.427734375
9828.62890625
9824.626953125
9816.0234375
9804.3046875
9796.669921875
9793.2001953125
9788.30078125
9780.0830078125
9771.2021484375
9763.13671875
9755.841796875
9749.5673828125
9743.818359375
9737.095703125
9730.2294921875
9724.9765625
9720.09765625
9713.2119140625
9704.779296875
9696.513671875
9688.9716796875
9682.111328125
9676.25390625
9670.9345703125
9664.8544921875
9657.826171875
9650.767578125
9644.267578125
9638.123046875
9632.16015625
9626.1328125
9619.4443359375
9611.9033203125
9604.234375
9597.224609375
9590.9599609375
9585.060546875
9578.96875
9572.7294921875
9565.634765625
9558.634765625
9551.072265625
9544.4716796875
9538.162109375
9532.1630859375
9526.025390625
9519.4990234375
9512.9765625
9506.474609375
9500.400390625
9494.3671875
9489.009765625
9483.4716796875
9478.419921875
9472.294921875
9465.4921875
9457.640625
9450.18359375
9443.5048828125
9437.3505859375
9430.8974609375
9423.7734375
9416.7763671875
9410.388671875
9405.396484375
9400.529296875
9395.314453125
9388.7138671875
9381.2451171875
9373.740234375
9367.04296875
9361.1669921875
9355.56640625
9349.4970703125
9342.7626953125
9335.6953125
9328.98046875
9323.00390625
9317.501953125
9311.95703125
9306.048828125
9300.0048828125
9294.0576171875
9288.08203125
9281.89453125
9275.4892578125
9269.099609375
9262.646484375
9255.970703125
9248.9375
9241.84765625
9235.1708984375
9229.2734375
9224.08984375
9219.31640625
9214.400390625
9209.298828125
9204.0947265625
9199.7109375
9195.427734375
9191.22265625
9184.3447265625
9175.3203125
9164.767578125
9155.4013671875
9147.66796875
9140.857421875
9133.8662109375
9126.29296875
9118.521484375
9111.2998046875
9104.7421875
9098.4404296875
9091.779296875
9085.072265625
9078.271484375
9071.775390625
9064.9833984375
9057.8984375
9050.994140625
9044.32421875
9037.794921875
9031.232421875
9024.603515625
9018.263671875
9012.603515625
9007.005859375
9001.828125
8996.35546875
8990.83203125
8985.2734375
8978.9921875
8972.53125
8965.6708984375
8959.1513671875
8952.623046875
8946.4130859375
8939.8896484375
8933.5283203125
8926.8720703125
8920.046875
8913.2470703125
8906.72265625
8900.796875
8895.1533203125
8889.58203125
8883.615234375
8877.41015625
8870.9384765625
8864.693359375
8858.61328125
8852.935546875
8847.4033203125
8841.94921875
8836.328125
8830.474609375
8824.55859375
8818.6591796875
8813.39453125
8808.27734375
8804.4189453125
8800.294921875
8797.1357421875
8793.5380859375
8788.630859375
8781.9453125
8774.0751953125
8767.349609375
8762.41015625
8757.59765625
8751.5732421875
8743.3359375
8735.1484375
8728.63671875
8723.91796875
8721.4794921875
8716.857421875
8712.4609375
8706.234375
8700.1865234375
8693.62890625
8686.234375
8677.2724609375
8667.962890625
8660.798828125
8657.509765625
8654.67578125
8649.8037109375
8640.306640625
8632.005859375
8625.794921875
8621.529296875
8616.3525390625
8610.4736328125
8604.37890625
8598.880859375
8593.2626953125
8587.234375
8580.2890625
8573.0087890625
8564.4970703125
8556.98046875
8550.4560546875
8545.0234375
8539.134765625
8532.251953125
8524.3232421875
8516.671875
8510.16015625
8504.8408203125
8499.9453125
8494.64453125
8487.91015625
8480.64453125
8473.3056640625
8466.78515625
8460.912109375
8455.583984375
8450.140625
8444.8046875
8439.5009765625
8434.830078125
8430.5
8427.08984375
8423.04296875
8419.265625
8414.251953125
8409.787109375
8404.8544921875
8400.1259765625
8393.8466796875
8386.26953125
8377.193359375
8368.61328125
8361.28515625
8356.6650390625
8353.4189453125
8350.7216796875
8346.4609375
8340.958984375
8334.244140625
8328.35546875
8322.875
8318.00390625
8312.6630859375
8307.212890625
8302.541015625
8298.130859375
8293.36328125
8286.4736328125
8277.7119140625
8268.7001953125
8261.27734375
8256.09765625
8251.732421875
8247.3828125
8241.7275390625
8236.0087890625
8230.580078125
8226.5009765625
8223.142578125
8220.2890625
8216.6611328125
8212.298828125
8206.4599609375
8199.8046875
8192.53515625
8185.7578125
8179.80859375
8175.14013671875
8170.9921875
8166.89111328125
8161.6875
8155.41796875
8147.9228515625
8140.13134765625
8132.32177734375
8125.408203125
8118.9443359375
8112.8662109375
8106.931640625
8101.31787109375
8095.7822265625
8090.13720703125
8084.15380859375
8078.1962890625
8072.60498046875
8067.43359375
8062.12158203125
8055.921875
8048.73046875
8041.18310546875
8034.2041015625
8028.37548828125
8023.20166015625
8018.3193359375
8012.8583984375
8007.388671875
8001.763671875
7996.85546875
7991.93359375
7987.53125
7982.861328125
7978.79248046875
7974.54150390625
7970.4853515625
7965.5888671875
7960.4814453125
7955.12939453125
7949.98828125
7944.24462890625
7938.0625
7931.42724609375
7926.0986328125
7921.42626953125
7918.525390625
7914.6650390625
7910.89306640625
7905.77197265625
7901.0498046875
7896.80322265625
7893.5576171875
7890.8740234375
7888.28515625
7885.1640625
7881.25048828125
7876.6513671875
7872.17333984375
7867.1689453125
7862.19775390625
7856.85693359375
7852.2333984375
7847.8740234375
7843.732421875
7839.21337890625
7833.580078125
7826.294921875
7817.8251953125
7808.76708984375
7799.900390625
7791.3076171875
7783.97509765625
7778.32763671875
7774.45166015625
7770.76953125
7766.33642578125
7760.515625
7754.3974609375
7748.1845703125
7742.578125
7737.3056640625
7732.71875
7727.998046875
7722.98974609375
7717.916015625
7713.16943359375
7708.875
7704.61181640625
7699.5517578125
7693.94677734375
7686.74462890625
7679.49267578125
7671.89892578125
7665.84765625
7660.80322265625
7656.68896484375
7652.4541015625
7647.7958984375
7642.73876953125
7638.03515625
7634.30859375
7631.56640625
7629.27783203125
7624.30517578125
7617.2041015625
7610.673828125
7606.00537109375
7600.9580078125
7594.8408203125
7588.169921875
7580.41748046875
7573.81884765625
7569.44921875
7565.84423828125
7562.16015625
7560.26171875
7559.01953125
7557.2841796875
7554.06591796875
7549.912109375
7544.00390625
7538.24169921875
7533.6552734375
7529.29443359375
7523.48828125
7516.83154296875
7508.77734375
7500.40478515625
7493.11376953125
7487.92724609375
7483.9501953125
7480.162109375
7475.73095703125
7470.41845703125
7464.2119140625
7458.2470703125
7452.2998046875
7447.3876953125
7443.2626953125
7440.6298828125
7437.86376953125
7434.66015625
7429.21630859375
7422.021484375
7412.953125
7404.416015625
7397.0009765625
7392.001953125
7388.353515625
7385.52392578125
7382.3857421875
7377.5654296875
7372.7080078125
7366.5771484375
7360.9677734375
7355.03759765625
7349.01904296875
7343.6455078125
7339.0693359375
7335.6572265625
7331.669921875
7326.89599609375
7320.5029296875
7313.29638671875
7306.43212890625
7300.77978515625
7296.7744140625
7293.60009765625
7290.6357421875
7287.4130859375
7284.17724609375
7281.58544921875
7279.49462890625
7277.5458984375
7274.23828125
7269.048828125
7262.677734375
7258.19287109375
7257.3896484375
7258.05419921875
7256.87548828125
7251.35986328125
7243.2861328125
7235.58056640625
7230.166015625
7226.69873046875
7223.91650390625
7221.37744140625
7218.60498046875
7215.3212890625
7211.6083984375
7208.44775390625
7206.2998046875
7204.962890625
7203.88037109375
7203.33740234375
7203.93310546875
7205.412109375
7205.0693359375
7200.40234375
7189.38037109375
7175.1845703125
7161.86572265625
7153.29296875
7148.85009765625
7146.37255859375
7142.70947265625
7137.02392578125
7129.669921875
7122.71630859375
7117.14453125
7112.93212890625
7109.123046875
7105.16455078125
7101.576171875
7099.2412109375
7098.1796875
7097.2890625
7094.6513671875
7059.291015625
7065.9375
7070.5966796875
7045.3857421875
7060.54736328125
7047.50830078125
7040.015625
7047.109375
7031.9326171875
7034.3056640625
7031.171875
7022.51953125
7024.7841796875
7017.673828125
7014.697265625
7013.1435546875
7007.28125
7005.763671875
7001.90771484375
6998.255859375
6995.810546875
6991.90771484375
6989.1396484375
6985.826171875
6982.658203125
6979.673828125
6976.302734375
6973.4931640625
6970.1669921875
6967.1357421875
6964.20361328125
6960.8525390625
6958.05078125
6954.88623046875
6951.73388671875
6948.908203125
6945.640625
6942.689453125
6939.7109375
6936.52392578125
6933.6220703125
6930.521484375
6927.4462890625
6924.4873046875
6921.359375
6918.3486328125
6915.3271484375
6912.22412109375
6909.22607421875
6906.1533203125
6903.0888671875
6900.052734375
6896.98388671875
6893.95361328125
6890.900390625
6887.84228515625
6884.8212890625
6881.76318359375
6878.71875
6875.677734375
6872.6025390625
6869.55078125
6866.48095703125
6863.4033203125
6860.330078125
6857.234375
6854.1474609375
6851.0625
6847.95703125
6844.87060546875
6841.78515625
6838.70361328125
6835.6416015625
6832.583984375
6829.5341796875
6826.50439453125
6823.4736328125
6820.4599609375
6817.45166015625
6814.443359375
6811.43994140625
6808.43603515625
6805.4375
6802.43994140625
6799.4404296875
6796.4462890625
6793.44482421875
6790.4423828125
6787.44140625
6784.44677734375
6781.453125
6778.4609375
6775.47265625
6772.486328125
6769.5185546875
6766.529296875
6763.55078125
6760.56787109375
6757.6015625
6754.63330078125
6751.67626953125
6748.72705078125
6745.7724609375
6742.83447265625
6739.8916015625
6736.9658203125
6734.037109375
6731.115234375
6728.203125
6725.29736328125
6722.4072265625
6719.5361328125
6716.734375
6714.134765625
6712.017578125
6710.4580078125
6708.46875
6704.27099609375
6699.662109375
6697.0
6695.32861328125
6692.34765625
6688.2060546875
6685.27294921875
6683.35546875
6680.3681640625
6676.6201171875
6673.86083984375
6671.66650390625
6668.6103515625
6665.2001953125
6662.548828125
6660.109375
6657.0859375
6653.9521484375
6651.27197265625
6648.705078125
6645.8076171875
6642.80078125
6640.1005859375
6637.529296875
6634.69970703125
6631.7890625
6629.09912109375
6626.494140625
6623.72900390625
6620.8935546875
6618.177734375
6615.5361328125
6612.81884765625
6610.02734375
6607.294921875
6604.62109375
6601.9365234375
6599.1884765625
6596.451171875
6593.7666015625
6591.08447265625
6588.36669921875
6585.6357421875
6582.95263671875
6580.28125
6577.57177734375
6574.859375
6572.1845703125
6569.50830078125
6566.833984375
6564.1435546875
6561.4619140625
6558.79736328125
6556.1298828125
6553.447265625
6550.77734375
6548.12158203125
6545.462890625
6542.8037109375
6540.1455078125
6537.4951171875
6534.84130859375
6532.1904296875
6529.54248046875
6526.89697265625
6524.2607421875
6521.609375
6518.9677734375
6516.3388671875
6513.70703125
6511.072265625
6508.4404296875
6505.7919921875
6503.1494140625
6500.49560546875
6497.837890625
6495.1669921875
6492.4873046875
6489.78759765625
6487.06201171875
6484.31982421875
6481.5478515625
6478.751953125
6475.9169921875
6473.06298828125
6470.1767578125
6467.29443359375
6464.41015625
6461.564453125
6458.7666015625
6456.02880859375
6453.38623046875
6450.8212890625
6448.328125
6445.87939453125
6443.4453125
6441.0126953125
6438.5703125
6436.09765625
6433.6201171875
6431.154296875
6428.7021484375
6426.232421875
6423.689453125
6421.0703125
6418.46630859375
6415.9453125
6413.509765625
6411.0986328125
6408.63671875
6406.09814453125
6403.5283203125
6400.978515625
6398.49560546875
6396.04345703125
6393.5634765625
6391.0869140625
6388.6591796875
6386.2646484375
6383.818359375
6381.32275390625
6378.837890625
6376.39111328125
6373.9580078125
6371.52197265625
6369.0869140625
6366.68505859375
6364.283203125
6361.8759765625
6359.46484375
6357.044921875
6354.64453125
6352.2587890625
6349.8984375
6347.55908203125
6345.234375
6342.94287109375
6340.6552734375
6338.3623046875
6336.009765625
6333.58984375
6331.076171875
6328.5419921875
6326.037109375
6323.623046875
6321.30810546875
6319.03271484375
6316.74853515625
6314.421875
6312.03125
6309.62060546875
6307.21484375
6304.8662109375
6302.5556640625
6300.263671875
6297.966796875
6295.646484375
6293.302734375
6290.94921875
6288.6201171875
6286.3076171875
6284.0185546875
6281.740234375
6279.44482421875
6277.14599609375
6274.845703125
6272.548828125
6270.25390625
6267.98046875
6265.71484375
6263.45068359375
6261.189453125
6258.92431640625
6256.66162109375
6254.40380859375
6252.14892578125
6249.9013671875
6247.658203125
6245.4150390625
6243.1884765625
6240.94677734375
6238.72216796875
6236.4892578125
6234.27294921875
6232.052734375
6229.8349609375
6227.623046875
6225.419921875
6223.22314453125
6221.02734375
6218.83984375
6216.65869140625
6214.4765625
6212.29833984375
6210.12255859375
6207.9580078125
6205.7919921875
6203.63720703125
6201.4775390625
6199.33837890625
6197.18603515625
6195.0576171875
6192.93017578125
6190.80859375
6188.7099609375
6186.640625
6184.587890625
6182.5634765625
6180.568359375
6178.56640625
6176.50244140625
6174.3447265625
6172.08740234375
6169.81640625
6167.6181640625
6165.548828125
6163.5537109375
6161.5673828125
6159.52783203125
6157.416015625
6155.27392578125
6153.16796875
6151.12744140625
6149.130859375
6147.12841796875
6145.111328125
6143.0615234375
6141.00439453125
6138.9736328125
6136.9638671875
6134.96923828125
6132.99072265625
6131.001953125
6129.001953125
6127.0107421875
6125.0185546875
6123.0478515625
6121.083984375
6119.130859375
6117.17333984375
6115.22216796875
6113.27392578125
6111.3203125
6109.38623046875
6107.47119140625
6105.55078125
6103.63623046875
6101.72802734375
6099.8232421875
6097.92626953125
6096.03515625
6094.1591796875
6092.29296875
6090.443359375
6088.61572265625
6086.8076171875
6085.048828125
6083.326171875
6081.65771484375
6080.0146484375
6078.388671875
6076.6796875
6074.82666015625
6072.794921875
6070.66015625
6068.53662109375
6066.54150390625
6064.712890625
6063.041015625
6061.45947265625
6059.8916015625
6058.359375
6056.79443359375
6055.52734375
6054.1328125
6053.22412109375
6051.1279296875
6048.85107421875
6045.662109375
6043.0078125
6041.15673828125
6039.82177734375
6038.53515625
6036.30859375
6033.68115234375
6031.0537109375
6029.037109375
6027.41943359375
6025.57421875
6023.4013671875
6020.958984375
6018.841796875
6017.166015625
6015.6484375
6014.07275390625
6012.88671875
6013.30419921875
6013.6357421875
6008.30126953125
6006.6826171875
6006.40283203125
6002.89892578125
6001.79296875
6000.0146484375
5998.3291015625
5996.52783203125
5994.53564453125
5993.00537109375
5991.15234375
5989.361328125
5987.9248046875
5985.951171875
5984.23828125
5982.765625
5980.896484375
5979.47265625
5977.765625
5976.17578125
5974.7138671875
5973.232421875
5972.09765625
5970.70703125
5968.931640625
5966.99658203125
5965.56298828125
5964.21044921875
5962.53173828125
5961.0625
5959.69921875
5958.12548828125
5956.5673828125
5955.2001953125
5953.7568359375
5952.19287109375
5950.78466796875
5949.38134765625
5947.9130859375
5946.5625
5945.193359375
5943.85888671875
5942.77392578125
5941.955078125
5941.9638671875
5942.330078125
5945.08447265625
5942.49951171875
5939.0390625
5935.966796875
5936.13037109375
5936.5146484375
5933.51220703125
5930.4677734375
5929.4716796875
5928.232421875
5925.12158203125
5924.478515625
5924.08203125
5921.9775390625
5919.9951171875
5919.49462890625
5917.86376953125
5916.26953125
5915.30029296875
5913.74658203125
5911.513671875
5910.0234375
5908.8818359375
5907.21142578125
5906.2265625
5905.40234375
5904.15087890625
5903.1494140625
5902.67626953125
5902.095703125
5901.5419921875
5900.939453125
5899.77099609375
5898.21484375
5896.7890625
5895.720703125
5894.6640625
5894.2109375
5893.5458984375
5892.9140625
5891.8798828125
5890.763671875
5889.06201171875
5887.138671875
5885.0830078125
5883.3359375
5882.15283203125
5881.818359375
5881.7431640625
5881.5556640625
5880.6005859375
5879.20458984375
5877.8544921875
5877.3115234375
5877.3759765625
5877.435546875
5876.576171875
5874.5595703125
5871.66943359375
5868.787109375
5866.59765625
5865.49267578125
5865.2666015625
5865.63818359375
5866.3857421875
5867.244140625
5868.1455078125
5868.69677734375
5868.98828125
5868.62353515625
5868.302734375
5867.92431640625
5868.35693359375
5868.748046875
5868.8193359375
5867.078125
5864.09130859375
5860.744140625
5859.19482421875
5859.37109375
5860.31494140625
5860.5244140625
5859.4755859375
5858.04541015625
5857.080078125
5856.80224609375
5856.13330078125
5854.068359375
5850.283203125
5845.65869140625
5841.6591796875
5839.0322265625
5837.91552734375
5837.3203125
5836.88671875
5836.2939453125
5836.08935546875
5836.2822265625
5836.619140625
5836.01611328125
5833.4873046875
5829.77734375
5827.45947265625
5827.55859375
5828.84375
5828.8232421875
5826.9619140625
5824.244140625
5822.787109375
5822.27685546875
5821.73046875
5819.92041015625
5817.84619140625
5816.0771484375
5814.8291015625
5812.9189453125
5810.13916015625
5807.232421875
5805.39599609375
5804.8232421875
5804.8701171875
5804.564453125
5803.8212890625
5802.6435546875
5801.39599609375
5799.78955078125
5798.255859375
5796.7412109375
5795.92578125
5795.17919921875
5794.49609375
5793.23193359375
5791.7734375
5790.0966796875
5788.6064453125
5787.12255859375
5785.7529296875
5784.3955078125
5783.2607421875
5782.3837890625
5781.89111328125
5781.5751953125
5781.44921875
5781.2216796875
5781.01953125
5780.478515625
5779.9228515625
5779.146484375
5778.7197265625
5778.458984375
5778.44140625
5777.90771484375
5776.509765625
5774.1005859375
5771.57177734375
5769.66943359375
5769.169921875
5769.564453125
5771.025390625
5771.703125
5772.6328125
5771.26953125
5769.9931640625
5769.09228515625
5768.49072265625
5767.177734375
5764.359375
5761.54931640625
5759.650390625
5758.94384765625
5758.607421875
5758.6083984375
5758.873046875
5758.79248046875
5757.712890625
5756.134765625
5755.1181640625
5755.00341796875
5755.6572265625
5756.4521484375
5757.0361328125
5756.533203125
5754.533203125
5751.34423828125
5747.75927734375
5744.58056640625
5742.36669921875
5741.1357421875
5740.58154296875
5739.8955078125
5738.7392578125
5737.0146484375
5735.41015625
5734.0009765625
5733.416015625
5733.09912109375
5733.4931640625
5733.7421875
5733.89599609375
5733.3447265625
5732.1025390625
5730.1787109375
5727.8251953125
5725.53759765625
5723.58056640625
5722.17578125
5721.0751953125
5720.0859375
5718.88330078125
5717.40625
5715.6357421875
5713.74462890625
5711.92919921875
5710.2880859375
5708.97021484375
5707.810546875
5706.9208984375
5705.9736328125
5705.310546875
5704.404296875
5703.7626953125
5702.64013671875
5701.53564453125
5700.0830078125
5698.7802734375
5697.7685546875
5697.3681640625
5697.5986328125
5698.2109375
5698.9619140625
5699.17529296875
5698.78466796875
5697.6005859375
5696.21240234375
5695.10009765625
5694.72265625
5695.111328125
5695.853515625
5696.5185546875
5696.49755859375
5695.734375
5694.2197265625
5692.46240234375
5690.814453125
5689.5849609375
5688.916015625
5688.65673828125
5688.6279296875
5688.419921875
5687.64501953125
5686.24853515625
5683.8515625
5681.4794921875
5678.4189453125
5676.30224609375
5674.68896484375
5674.1396484375
5674.3310546875
5674.6103515625
5674.763671875
5674.08740234375
5672.7158203125
5670.4345703125
5667.783203125
5664.953125
5662.857421875
5661.6640625
5661.41748046875
5661.505859375
5661.275390625
5660.39404296875
5659.1064453125
5657.83837890625
5657.150390625
5656.98583984375
5657.130859375
5656.99951171875
5656.4892578125
5655.44384765625
5654.240234375
5652.8916015625
5651.8466796875
5650.96044921875
5650.4794921875
5650.1259765625
5650.0625
5650.13671875
5650.3544921875
5650.5810546875
5650.4970703125
5649.98583984375
5648.67529296875
5646.75634765625
5644.38427734375
5642.0673828125
5640.08984375
5638.5888671875
5637.595703125
5636.9130859375
5636.4609375
5635.69921875
5634.28125
5631.9052734375
5629.08251953125
5626.43505859375
5624.951171875
5624.79443359375
5626.0361328125
5627.90478515625
5630.1962890625
5632.095703125
5633.830078125
5634.240234375
5633.80126953125
5630.9619140625
5627.435546875
5622.662109375
5619.0830078125
5616.39111328125
5615.0908203125
5614.05615234375
5612.98291015625
5611.65234375
5610.73046875
5610.51953125
5611.091796875
5611.46240234375
5611.205078125
5609.81591796875
5607.63671875
5604.794921875
5601.7138671875
5598.7783203125
5596.4482421875
5594.8662109375
5594.0849609375
5593.58642578125
5593.0791015625
5592.13232421875
5590.849609375
5589.35791015625
5587.9716796875
5586.76123046875
5585.70703125
5584.60546875
5583.44775390625
5582.2109375
5581.234375
5580.67919921875
5580.8115234375
5581.40380859375
5582.228515625
5582.64306640625
5582.3974609375
5581.18212890625
5579.25341796875
5576.84326171875
5574.56005859375
5572.7509765625
5571.7802734375
5571.23046875
5570.8798828125
5569.9619140625
5568.69873046875
5567.03125
5565.84326171875
5565.1220703125
5565.17724609375
5565.41015625
5565.8134765625
5565.9306640625
5565.98095703125
5565.6298828125
5565.1025390625
5564.0751953125
5562.97607421875
5561.7587890625
5560.88525390625
5560.087890625
5559.28125
5557.84033203125
5555.6572265625
5552.662109375
5549.595703125
5546.98046875
5545.5634765625
5545.130859375
5545.67919921875
5546.22412109375
5546.8662109375
5546.4580078125
5545.81201171875
5544.3876953125
5543.169921875
5542.27294921875
5541.97412109375
5542.15966796875
5542.51220703125
5542.837890625
5542.9033203125
5542.98974609375
5543.38232421875
5544.3583984375
5545.73046875
5546.890625
5547.4921875
5546.93701171875
5545.9052734375
5544.0810546875
5542.375
5540.5078125
5539.0
5537.44140625
5535.8515625
5533.775390625
5531.1826171875
5528.0322265625
5524.60595703125
5521.166015625
5518.15771484375
5515.6181640625
5513.85595703125
5512.39453125
5511.3076171875
5510.03515625
5508.7177734375
5507.3359375
5506.1396484375
5505.1806640625
5504.29150390625
5503.12744140625
5501.599609375
5499.654296875
5497.87890625
5496.25390625
5495.28125
5494.3720703125
5493.8544921875
5493.0205078125
5492.3564453125
5491.45263671875
5490.7216796875
5489.892578125
5489.17578125
5488.3310546875
5487.634765625
5487.00048828125
5486.85302734375
5487.0546875
5487.603515625
5487.9716796875
5487.9287109375
5487.2998046875
5486.59033203125
5485.8017578125
5485.171875
5483.88916015625
5482.31884765625
5479.865234375
5477.95703125
5476.35595703125
5476.16748046875
5476.45751953125
5476.92578125
5476.60400390625
5475.451171875
5473.8154296875
5472.64697265625
5472.4814453125
5473.5380859375
5475.19921875
5476.95654296875
5477.6943359375
5477.3017578125
5474.86962890625
5471.482421875
5467.05810546875
5463.54443359375
5460.8662109375
5460.033203125
5460.23046875
5461.08544921875
5461.70166015625
5461.7001953125
5461.14990234375
5460.1318359375
5458.8486328125
5457.1923828125
5455.13720703125
5452.873046875
5450.28125
5447.8837890625
5445.20849609375
5443.1875
5441.62890625
5440.904296875
5440.2763671875
5439.09375
5437.462890625
5435.2939453125
5433.744140625
5433.02294921875
5433.47265625
5434.0126953125
5434.1728515625
5433.42333984375
5432.4208984375
5432.98291015625
5430.703125
5426.65185546875
5423.802734375
5425.435546875
5425.58935546875
5422.5810546875
5422.0703125
5419.833984375
5417.6435546875
5417.15478515625
5414.5537109375
5412.2509765625
5412.10888671875
5410.0546875
5408.9521484375
5408.8330078125
5408.13330078125
5408.11669921875
5408.0087890625
5406.763671875
5406.73779296875
5405.87255859375
5405.0966796875
5404.7001953125
5403.90087890625
5402.47509765625
5401.74365234375
5400.3828125
5399.39111328125
5398.62890625
