7772.12255859375
7761.484375
7751.28173828125
7741.5009765625
7732.11962890625
7723.1142578125
7714.4287109375
7706.0234375
7697.87158203125
7689.943359375
7682.22998046875
7674.71240234375
7667.390625
7660.25634765625
7653.3056640625
7646.537109375
7639.951171875
7633.5341796875
7627.2939453125
7621.21923828125
7615.3115234375
7609.56005859375
7603.9619140625
7598.513671875
7593.21484375
7588.05029296875
7583.021484375
7578.126953125
7573.36083984375
7568.71875
7564.20361328125
7559.8095703125
7555.53125
7551.373046875
7547.326171875
7543.3857421875
7539.552734375
7535.8232421875
7532.1943359375
7528.6611328125
7525.2197265625
7521.8701171875
7518.6064453125
7515.4267578125
7512.3291015625
7509.3095703125
7506.3671875
7503.5009765625
7500.70361328125
7497.97705078125
7495.31640625
7492.7236328125
7490.1904296875
7487.7216796875
7485.3095703125
7482.9560546875
7480.658203125
7478.4140625
7476.22265625
7474.08251953125
7471.99267578125
7469.94921875
7467.95361328125
7466.0048828125
7464.1005859375
7462.23583984375
7460.41357421875
7458.63232421875
7456.89013671875
7455.1875
7453.52099609375
7451.89111328125
7450.29638671875
7448.73583984375
7447.2080078125
7445.7109375
7444.2470703125
7442.81640625
7441.4111328125
7440.0390625
7438.6953125
7437.3798828125
7436.0947265625
7434.83251953125
7433.595703125
7432.38525390625
7431.2001953125
7430.0419921875
7428.90185546875
7427.78515625
7426.689453125
7425.61962890625
7424.5712890625
7423.54345703125
7422.5361328125
7421.54931640625
7420.58154296875
7419.6318359375
7418.70166015625
7417.7890625
7416.8955078125
7416.0166015625
7415.158203125
7414.3154296875
7413.4892578125
7412.68017578125
7411.8857421875
7411.1064453125
7410.341796875
7409.59326171875
7408.8583984375
7408.1376953125
7407.4296875
7406.7353515625
7406.05859375
7405.3916015625
7404.736328125
7404.09375
7403.46435546875
7402.84716796875
7402.23974609375
7401.646484375
7401.0625
7400.49072265625
7399.9306640625
7399.380859375
7398.83837890625
7398.30859375
7397.78759765625
7397.27734375
7396.77734375
7396.28369140625
7395.798828125
7395.322265625
7394.8564453125
7394.3994140625
7393.95361328125
7393.51416015625
7393.0810546875
7392.65478515625
7392.2431640625
7391.83154296875
7391.42919921875
7391.03271484375
7390.642578125
7390.2607421875
7389.88720703125
7389.517578125
7389.15576171875
7388.7978515625
7388.447265625
7388.10107421875
7387.7587890625
7387.42578125
7387.09814453125
7386.775390625
7386.45849609375
7386.1474609375
7385.83984375
7385.53759765625
7385.2392578125
7384.9462890625
7384.6591796875
7384.3740234375
7384.095703125
7383.8203125
7383.55078125
7383.283203125
7383.01904296875
7382.759765625
7382.5048828125
7382.255859375
7382.0087890625
7381.76318359375
7381.5224609375
7381.28466796875
7381.05126953125
7380.822265625
7380.59423828125
7380.37158203125
7380.15087890625
7379.93359375
7379.72021484375
7379.5087890625
7379.2998046875
7379.095703125
7378.892578125
7378.6923828125
7378.4951171875
7378.30078125
7378.111328125
7377.921875
7377.7333984375
7377.55029296875
7377.3671875
7377.1865234375
7377.00732421875
7376.8330078125
7376.662109375
7376.49072265625
639800576.0
37076116.0
85683.2421875
79957.328125
597923.0
1481097.75
1905702.375
197906.078125
90131.0703125
82630.15625
76652.9765625
70154.28125
65813.640625
63484.33203125
62180.43359375
61099.75
59890.8046875
58683.8203125
57652.69140625
56788.69140625
55873.51953125
54778.11328125
53497.875
52128.328125
50773.80859375
49490.078125
48279.73828125
47132.80078125
46057.4921875
45079.05859375
44210.91796875
43421.7109375
42639.859375
41787.296875
40854.20703125
39910.5234375
39030.11328125
38239.89453125
37522.76953125
36856.8828125
36221.4140625
35599.6171875
34989.28515625
34396.73046875
33822.125
33266.17578125
32732.416015625
32218.595703125
31714.0234375
31215.72265625
30728.28125
30258.96875
29809.662109375
29379.53515625
28968.001953125
28572.802734375
28191.005859375
27818.232421875
27454.43359375
27101.869140625
26761.71484375
26433.767578125
26115.361328125
25805.455078125
25504.548828125
25213.201171875
24930.9140625
24657.1640625
24391.537109375
24133.48828125
23882.943359375
23639.455078125
23402.99609375
23173.556640625
22951.04296875
22734.880859375
22524.603515625
22320.06640625
22121.537109375
21929.0390625
21741.640625
21558.361328125
21380.1484375
21207.2421875
21039.052734375
20875.25
20715.771484375
20560.458984375
20409.349609375
20262.46484375
20119.6875
19980.857421875
19845.767578125
19714.22265625
19586.076171875
19461.232421875
19339.60546875
19221.130859375
19105.607421875
18992.828125
18882.705078125
18775.025390625
18669.646484375
18566.458984375
18465.263671875
18365.9609375
18268.3359375
18172.3515625
18077.87109375
17984.869140625
17893.39453125
17803.42578125
17714.98046875
17628.18359375
17543.083984375
17459.75
17378.248046875
17298.560546875
17220.63671875
17144.439453125
17069.794921875
16996.55859375
16924.62109375
16853.80859375
16784.021484375
16715.169921875
16647.24609375
16580.20703125
16514.072265625
16448.80078125
16384.474609375
16321.0576171875
16258.603515625
16197.080078125
16136.4560546875
16076.7529296875
16017.8955078125
15959.8173828125
15902.521484375
15845.912109375
15789.96484375
15734.65234375
15679.921875
15625.71875
15572.1201171875
15519.0078125
15466.3955078125
15414.30859375
15362.818359375
15312.0234375
15262.19140625
15213.4638671875
15165.728515625
15118.751953125
15072.37109375
15026.51171875
14981.13671875
14936.234375
14891.8505859375
14847.96875
14804.654296875
14761.9267578125
14719.736328125
14678.14453125
14636.9814453125
14596.2841796875
14556.029296875
14516.1826171875
14476.7919921875
14437.8330078125
14399.28125
14361.111328125
14323.3212890625
14285.8798828125
14248.765625
14211.9453125
14175.40625
14139.1640625
14103.1591796875
14067.4453125
14032.0087890625
13996.794921875
13961.5869140625
13926.25390625
13891.205078125
13856.6083984375
13821.97265625
13787.2109375
13752.783203125
13718.6875
13684.6953125
13650.83984375
13616.7529296875
13582.896484375
13550.48828125
13518.482421875
13484.009765625
13449.90625
13418.35546875
13387.171875
13355.203125
13323.66015625
13293.6669921875
13264.240234375
13234.1513671875
13204.826171875
13176.6162109375
13147.669921875
13118.5146484375
13090.5498046875
13062.62109375
13034.396484375
13006.912109375
12979.755859375
12952.5654296875
12925.8828125
12899.7919921875
12873.720703125
12847.5546875
12821.5859375
12796.01953125
12770.6220703125
12745.2646484375
12720.1640625
12695.236328125
12670.681640625
12646.8515625
12623.7373046875
12599.966796875
12577.759765625
12550.52734375
12524.6298828125
12500.95703125
12479.51953125
12461.447265625
12431.7001953125
12407.1533203125
12386.79296875
12361.384765625
12337.3671875
12317.1328125
12294.4404296875
12271.5087890625
12247.791015625
12227.5732421875
12205.869140625
12181.630859375
12161.455078125
12142.5673828125
12116.06640625
12098.4794921875
12078.8173828125
12051.509765625
12036.8056640625
12015.2890625
11991.099609375
11972.755859375
11945.7783203125
11928.240234375
11903.169921875
11886.248046875
11868.1123046875
11842.9072265625
11824.654296875
11799.9228515625
11782.251953125
11758.240234375
11741.4140625
11721.390625
11699.6494140625
11678.7744140625
11657.9814453125
11636.9375
11615.443359375
11597.228515625
11574.626953125
11555.49609375
11533.9228515625
11515.3408203125
11494.517578125
11475.24609375
11456.111328125
11436.103515625
11417.591796875
11397.923828125
11380.3046875
11360.974609375
11343.1455078125
11324.8134765625
11307.04296875
11289.1640625
11271.33203125
11253.953125
11235.552734375
11218.2021484375
11200.673828125
11183.28515625
11165.5400390625
11148.302734375
11131.69921875
11114.6669921875
11097.5400390625
11079.94140625
11063.0556640625
11046.59375
11029.849609375
11012.734375
10995.4248046875
10978.5390625
10961.8046875
10945.224609375
10928.6328125
10912.03125
10895.3701171875
10878.5771484375
10862.009765625
10845.537109375
10829.1796875
10812.8515625
10796.8203125
10781.033203125
10764.43359375
10746.2421875
10727.6572265625
10710.3671875
10694.357421875
10676.921875
10658.4638671875
10638.974609375
10622.2607421875
10600.578125
10578.365234375
10558.544921875
10541.2802734375
10525.541015625
10502.7373046875
10480.486328125
10462.6025390625
10444.7607421875
10426.556640625
10404.0
10387.7109375
10373.87890625
10350.013671875
10332.953125
10320.8876953125
10297.505859375
10281.53515625
10270.916015625
10247.998046875
10234.0869140625
10224.119140625
10200.87890625
10192.9453125
10183.3466796875
10160.99609375
10155.1171875
10134.5888671875
10123.095703125
10113.9892578125
10096.89453125
10083.7900390625
10066.712890625
10053.1259765625
10043.796875
10027.2763671875
10018.451171875
10003.6201171875
9989.841796875
9979.53125
9965.8779296875
9957.3193359375
9942.330078125
9928.5087890625
9915.4287109375
9903.94140625
9892.8623046875
9878.4208984375
9865.7294921875
9855.103515625
9843.740234375
9832.078125
9819.3203125
9807.2177734375
9796.771484375
9784.2158203125
9771.44140625
9758.8994140625
9746.958984375
9736.423828125
9725.5537109375
9714.7705078125
9702.81640625
9689.681640625
9677.708984375
9666.828125
9656.4033203125
9645.822265625
9634.9189453125
9624.287109375
9613.3603515625
9602.27734375
9591.9697265625
9582.0400390625
9571.884765625
9561.517578125
9551.328125
9541.8798828125
9532.9375
9524.1748046875
9514.8720703125
9504.39453125
9493.6708984375
9485.013671875
9476.9931640625
9468.822265625
9457.6015625
9445.484375
9434.2900390625
9424.390625
9415.46484375
9405.8544921875
9395.6875
9385.3505859375
9375.572265625
9366.119140625
9356.5869140625
9346.990234375
9337.517578125
9328.1953125
9318.7822265625
9309.6181640625
9300.5126953125
9291.380859375
9281.890625
9272.482421875
9263.080078125
9253.66015625
9244.162109375
9234.9375
9226.01953125
9217.28125
9208.64453125
9199.962890625
9191.23828125
9182.298828125
9173.3857421875
9164.4599609375
9155.6669921875
9146.939453125
9138.16015625
9129.46484375
9120.91796875
9112.46484375
9103.9833984375
9095.3798828125
9086.798828125
9078.47265625
9070.3232421875
9062.234375
9054.076171875
9046.3544921875
9039.4443359375
9032.9609375
9025.841796875
9016.732421875
9006.8798828125
8998.0390625
8991.44140625
8985.2451171875
8977.357421875
8967.5009765625
8958.123046875
8951.3212890625
8945.8935546875
8939.4033203125
8931.1201171875
8922.4765625
8914.21875
8905.744140625
8896.5703125
8887.7158203125
8880.3447265625
8874.3828125
8868.8408203125
8862.47265625
8855.130859375
8847.248046875
8839.642578125
8831.8779296875
8823.0966796875
8812.818359375
8802.9970703125
8795.2578125
8789.11328125
8782.28125
8773.6943359375
8764.5537109375
8756.6796875
8750.1181640625
8743.314453125
8735.404296875
8727.0888671875
8719.4296875
8712.3447265625
8705.142578125
8697.5458984375
8690.09375
8682.978515625
8675.845703125
8668.2529296875
8660.552734375
8653.3369140625
8646.650390625
8639.9931640625
8632.91015625
8625.6162109375
8618.55859375
8611.87109375
8605.390625
8598.80859375
8592.1689453125
8585.611328125
8579.2275390625
8573.0693359375
8567.044921875
8560.7890625
8553.728515625
8545.78515625
8537.509765625
8529.953125
8523.376953125
8517.2177734375
8510.587890625
8502.8916015625
8494.59765625
8486.650390625
8479.6962890625
8473.59765625
8467.626953125
8461.28125
8454.30859375
8447.04296875
8440.017578125
8433.271484375
8426.9326171875
8420.359375
8413.81640625
8406.8203125
8399.826171875
8392.8818359375
8386.416015625
8380.52734375
8374.98046875
8369.240234375
8363.056640625
8355.697265625
8347.8046875
8339.9609375
8333.1083984375
8327.7236328125
8323.3828125
8319.740234375
8314.5654296875
8306.900390625
8296.4169921875
8286.1015625
8278.5244140625
8273.5712890625
8269.3583984375
8263.7265625
8256.0849609375
8247.3828125
8239.443359375
8233.181640625
8227.5068359375
8220.8408203125
8212.75
8204.6435546875
8197.91796875
8192.2119140625
8186.43212890625
8179.8271484375
8172.8271484375
8166.0244140625
8159.75390625
8153.8896484375
8148.45361328125
8143.177734375
8137.90625
8132.00390625
8126.029296875
8119.908203125
8114.5205078125
8109.017578125
8102.91015625
8095.7802734375
8088.392578125
8081.5966796875
8074.89453125
8067.76953125
8060.14306640625
8053.318359375
8047.662109375
8042.751953125
8036.99609375
8030.78466796875
8024.3720703125
8018.07080078125
8011.3603515625
8004.912109375
7999.02734375
7993.6259765625
7989.06640625
7984.5087890625
7981.171875
7974.5615234375
7967.36328125
7958.8828125
7952.173828125
7948.29736328125
7946.37353515625
7945.38916015625
7941.09619140625
7934.1513671875
7922.1484375
7911.61083984375
7903.73974609375
7898.26171875
7893.1806640625
7887.41015625
7882.97998046875
7876.9072265625
7871.5556640625
7865.98876953125
7859.462890625
7854.8212890625
7849.09765625
7843.50341796875
7834.32763671875
7826.3251953125
7821.26025390625
7815.25390625
7810.7958984375
7803.3447265625
7799.111328125
7797.1064453125
7788.91796875
7783.6806640625
7781.37109375
7776.669921875
7770.5712890625
7765.25927734375
7762.10888671875
7757.74658203125
7749.1748046875
7742.6669921875
7737.75244140625
7729.36474609375
7723.873046875
7721.9716796875
7714.9794921875
7708.8984375
7703.54638671875
7697.3330078125
7692.41943359375
7689.4140625
7687.86962890625
7684.6689453125
7680.02978515625
7674.28515625
7668.7451171875
7663.146484375
7658.65380859375
7653.869140625
7647.1416015625
7640.5390625
7635.677734375
7631.70361328125
7627.41552734375
7621.75439453125
7616.806640625
7612.9453125
7609.06884765625
7603.369140625
7596.578125
7591.35546875
7587.759765625
7583.9345703125
7578.3408203125
7571.76025390625
7566.00048828125
7561.486328125
7557.484375
7552.6611328125
7546.85400390625
7540.9814453125
7535.7265625
7531.470703125
7527.169921875
7522.544921875
7517.51416015625
7513.0146484375
7509.01904296875
7505.21240234375
7501.3642578125
7497.5107421875
7493.7294921875
7489.98046875
7486.78125
7483.513671875
7480.7998046875
7477.1630859375
7473.3212890625
7467.8701171875
7461.705078125
7455.8486328125
7451.4619140625
7448.9697265625
7448.1591796875
7447.158203125
7444.486328125
7438.9287109375
7431.5478515625
7424.248046875
7419.333984375
7417.0830078125
7416.65771484375
7415.6337890625
7412.20703125
7405.2685546875
7396.7275390625
7388.958984375
7384.0234375
7381.6181640625
7380.251953125
7377.9228515625
7374.0205078125
7369.2294921875
7364.703125
7361.06103515625
7358.052734375
7354.76513671875
7350.6630859375
7345.451171875
7339.6435546875
7333.71484375
7328.2587890625
7323.12646484375
7318.349609375
7313.8505859375
7310.435546875
7307.8564453125
7304.990234375
7300.7314453125
7295.6181640625
7290.5888671875
7286.1923828125
7281.7265625
7276.73486328125
7271.4990234375
7266.72802734375
7262.56005859375
7259.0859375
7255.7802734375
7252.69677734375
7249.4755859375
7246.2724609375
7243.06982421875
7239.91943359375
7236.16552734375
7231.48681640625
7226.068359375
7220.7626953125
7216.0849609375
7212.1435546875
7208.46435546875
7204.78515625
7201.0341796875
7197.8486328125
7195.68896484375
7194.70703125
7194.005859375
7192.54345703125
7189.46240234375
7185.10400390625
7180.8056640625
7177.5595703125
7176.0703125
7174.583984375
7172.466796875
7167.67333984375
7161.685546875
7154.7958984375
7149.45947265625
7145.955078125
7144.1201171875
7142.2802734375
7138.7001953125
7132.6279296875
7125.4423828125
7119.85546875
7116.6416015625
7115.0908203125
7113.140625
7109.50634765625
7105.13427734375
7100.67724609375
7097.22021484375
7094.0224609375
7090.7158203125
7087.49609375
7084.0888671875
7080.7587890625
7077.6123046875
7073.7060546875
7070.4541015625
7067.12841796875
7065.0029296875
7063.46826171875
7061.98828125
7060.67822265625
7059.69677734375
7059.1474609375
7059.240234375
7058.2412109375
7056.419921875
7052.85546875
7047.3544921875
7039.962890625
7032.70361328125
7028.1435546875
7027.5830078125
7027.9560546875
7024.9892578125
7016.7666015625
7006.4580078125
6999.0693359375
6995.7001953125
6994.6689453125
6991.6689453125
6986.19921875
6978.8251953125
6973.8203125
6970.7626953125
6968.845703125
6965.1259765625
6958.88916015625
6952.05419921875
6946.2880859375
6942.728515625
6939.4736328125
6935.4228515625
6930.189453125
6924.92333984375
6920.4111328125
6916.453125
6912.55224609375
6908.9208984375
6906.0712890625
6905.01318359375
6903.5595703125
6904.0751953125
6897.5654296875
6890.8076171875
6884.85791015625
6880.8466796875
6878.03125
6875.638671875
6873.7119140625
6870.91064453125
6867.8115234375
6866.1044921875
6864.80859375
6864.990234375
6864.44189453125
6864.3642578125
6863.76171875
6863.0380859375
6861.84716796875
6859.3173828125
6854.85009765625
6848.26025390625
6841.03515625
6834.052734375
6828.7275390625
6824.6806640625
6821.43359375
6818.4013671875
6815.29052734375
6811.7060546875
6807.46044921875
6802.982421875
6799.33642578125
6796.9814453125
6795.1591796875
6792.94189453125
6789.73779296875
6786.3037109375
6783.3984375
6781.390625
6780.1396484375
6779.64306640625
6780.107421875
6781.97314453125
6784.380859375
6786.00390625
6784.43115234375
6778.580078125
6770.06640625
6760.5732421875
6755.31005859375
6751.9658203125
6751.21435546875
6751.18896484375
6748.05859375
6742.7001953125
6735.55078125
6729.166015625
6724.41552734375
6721.646484375
6720.7607421875
6721.54638671875
6721.06591796875
6720.005859375
6715.806640625
6710.8974609375
6705.212890625
6698.421875
6691.87060546875
6686.2490234375
6684.5908203125
6683.18359375
6683.205078125
6682.421875
6680.10791015625
6677.6357421875
6675.193359375
6674.91796875
6673.6484375
6673.009765625
6670.28271484375
6667.775390625
6662.5888671875
6657.638671875
6651.83203125
6645.95556640625
6641.75390625
6640.1591796875
6639.77734375
6641.23046875
6639.86328125
6637.439453125
6633.23486328125
6628.8037109375
6625.68798828125
6622.9267578125
6619.91455078125
6615.3603515625
6609.55419921875
6603.35400390625
6599.30908203125
6596.60986328125
6594.759765625
6592.068359375
6588.4482421875
6584.712890625
6581.7001953125
6579.5224609375
6577.20263671875
6574.4443359375
6571.2470703125
6568.45458984375
6566.3369140625
6564.8134765625
6563.3603515625
6562.21142578125
6561.3525390625
6561.0517578125
6560.88134765625
6560.76953125
6561.03466796875
6561.93994140625
6563.423828125
6564.80517578125
6563.81103515625
6559.45703125
6551.45654296875
6542.59423828125
6535.55810546875
6531.30078125
6529.416015625
6527.3935546875
6524.578125
6520.93603515625
6517.5615234375
6514.20849609375
6510.0830078125
6504.70751953125
6498.9208984375
6493.8056640625
6475.69580078125
6479.5830078125
6479.9560546875
6468.0126953125
6475.0283203125
6467.267578125
6464.3408203125
6466.48046875
6458.80029296875
6459.94140625
6457.2216796875
6453.224609375
6453.53466796875
6449.58447265625
6448.015625
6446.40576171875
6443.4609375
6442.12548828125
6439.8134765625
6437.7705078125
6435.921875
6433.8515625
6431.9228515625
6429.89892578125
6428.08837890625
6425.99609375
6424.15478515625
6422.291015625
6420.205078125
6418.4990234375
6416.482421875
6414.56640625
6412.80908203125
6410.75048828125
6408.982421875
6407.09326171875
6405.13037109375
6403.3671875
6401.4287109375
6399.5673828125
6397.7412109375
6395.8125
6393.98828125
6392.119140625
6390.2392578125
6388.404296875
6386.5302734375
6384.66650390625
6382.8046875
6380.9443359375
6379.09033203125
6377.22900390625
6375.3701171875
6373.51318359375
6371.66064453125
6369.7998046875
6367.9365234375
6366.07177734375
6364.2177734375
6362.3515625
6360.4892578125
6358.623046875
6356.75732421875
6354.89453125
6353.0234375
6351.16015625
6349.28515625
6347.41064453125
6345.53955078125
6343.662109375
6341.7822265625
6339.9111328125
6338.0263671875
6336.1455078125
6334.2529296875
6332.36865234375
6330.4814453125
6328.591796875
6326.7099609375
6324.82373046875
6322.9208984375
6321.0322265625
6319.13623046875
6317.25439453125
6315.36474609375
6313.47802734375
6311.5947265625
6309.7021484375
6307.81884765625
6305.94091796875
6304.0615234375
6302.18701171875
6300.326171875
6298.4580078125
6296.599609375
6294.73291015625
6292.87451171875
6291.013671875
6289.1630859375
6287.314453125
6285.4765625
6283.63720703125
6281.79541015625
6279.958984375
6278.130859375
6276.306640625
6274.47900390625
6272.6552734375
6270.833984375
6269.01904296875
6267.203125
6265.3857421875
6263.56787109375
6261.75
6259.9443359375
6258.1337890625
6256.33447265625
6254.53515625
6252.7353515625
6250.931640625
6249.1318359375
6247.34619140625
6245.54541015625
6243.7451171875
6241.966796875
6240.17236328125
6238.38623046875
6236.60205078125
6234.81640625
6233.0263671875
6231.25439453125
6229.4775390625
6227.69921875
6225.91796875
6224.150390625
6222.36865234375
6220.603515625
6218.8251953125
6217.0634765625
6215.28076171875
6213.51953125
6211.76123046875
6209.9892578125
6208.22705078125
6206.47265625
6204.701171875
6202.943359375
6201.1962890625
6199.44482421875
6197.685546875
6195.9345703125
6194.177734375
6192.4248046875
6190.673828125
6188.9208984375
6187.173828125
6185.4287109375
6183.67578125
6181.9384765625
6180.1875
6178.44775390625
6176.708984375
6174.97021484375
6173.2294921875
6171.48779296875
6169.7529296875
6168.015625
6166.2744140625
6164.546875
6162.80810546875
6161.07421875
6159.34423828125
6157.6171875
6155.88232421875
6154.1630859375
6152.44140625
6150.7138671875
6148.98828125
6147.27099609375
6145.544921875
6143.822265625
6142.1044921875
6140.3857421875
6138.67138671875
6136.94677734375
6135.23486328125
6133.52490234375
6131.8037109375
6130.10107421875
6128.3837890625
6126.67431640625
6124.96484375
6123.25439453125
6121.541015625
6119.83984375
6118.1279296875
6116.42724609375
6114.7265625
6113.021484375
6111.3173828125
6109.61474609375
6107.90673828125
6106.21484375
6104.517578125
6102.82177734375
6101.1240234375
6099.4208984375
6097.7265625
6096.0302734375
6094.33837890625
6092.65234375
6090.95703125
6089.2646484375
6087.58203125
6085.88720703125
6084.1962890625
6082.5087890625
6080.8232421875
6079.13525390625
6077.45263671875
6075.767578125
6074.08349609375
6072.3994140625
6070.7236328125
6069.0390625
6067.36328125
6065.6748046875
6063.99267578125
6062.3173828125
6060.6357421875
6058.9580078125
6057.2763671875
6055.6025390625
6053.92626953125
6052.2490234375
6050.5849609375
6048.9091796875
6047.2412109375
6045.5703125
6043.90576171875
6042.23486328125
6040.56298828125
6038.90380859375
6037.24462890625
6035.58349609375
6033.9130859375
6032.255859375
6030.595703125
6028.94921875
6027.2919921875
6025.642578125
6023.9853515625
6022.3359375
6020.6884765625
6019.04052734375
6017.392578125
6015.74853515625
6014.10546875
6012.4619140625
6010.822265625
6009.18994140625
6007.5556640625
6005.9130859375
6004.2841796875
6002.64599609375
6001.017578125
5999.38671875
5997.7626953125
5996.1328125
5994.50048828125
5992.8701171875
5991.2451171875
5989.62109375
5987.990234375
5986.36083984375
5984.73828125
5983.1171875
5981.490234375
5979.8671875
5978.2392578125
5976.62109375
5974.9990234375
5973.37255859375
5971.7548828125
5970.12646484375
5968.50390625
5966.880859375
5965.2529296875
5963.6259765625
5961.99462890625
5960.36328125
5958.7421875
5957.107421875
5955.47607421875
5953.8388671875
5952.205078125
5950.556640625
5948.91845703125
5947.259765625
5945.5986328125
5943.9501953125
5942.2900390625
5940.6220703125
5938.9482421875
5937.27490234375
5935.5908203125
5933.90673828125
5932.21142578125
5930.52587890625
5928.8310546875
5927.1396484375
5925.455078125
5923.77490234375
5922.10009765625
5920.42578125
5918.77978515625
5917.1279296875
5915.509765625
5913.89404296875
5912.2861328125
5910.6826171875
5909.08837890625
5907.5
5905.90869140625
5904.3212890625
5902.73095703125
5901.13671875
5899.546875
5897.96826171875
5896.39453125
5894.81982421875
5893.2529296875
5891.68603515625
5890.123046875
5888.5625
5887.009765625
5885.4541015625
5883.9072265625
5882.36279296875
5880.80517578125
5879.26220703125
5877.7138671875
5876.17138671875
5874.64501953125
5873.0986328125
5871.5556640625
5870.02197265625
5868.48876953125
5866.95654296875
5865.431640625
5863.92578125
5862.4423828125
5860.98828125
5859.578125
5858.2119140625
5856.85498046875
5855.37353515625
5853.6748046875
5851.814453125
5850.06396484375
5848.5859375
5847.2373046875
5845.76953125
5844.095703125
5842.37548828125
5840.8115234375
5839.376953125
5837.8798828125
5836.23095703125
5834.5546875
5832.990234375
5831.4833984375
5829.9140625
5828.2568359375
5826.60498046875
5825.02880859375
5823.455078125
5821.826171875
5820.15625
5818.505859375
5816.888671875
5815.2509765625
5813.556640625
5811.80615234375
5810.0283203125
5808.19775390625
5806.23583984375
5804.1630859375
5801.97802734375
5799.7578125
5797.72119140625
5796.205078125
5798.3876953125
5803.42431640625
5796.0517578125
5794.763671875
5794.197265625
5787.83740234375
5789.4345703125
5785.83349609375
5785.07275390625
5781.552734375
5780.4423828125
5779.3046875
5776.005859375
5775.541015625
5772.90283203125
5772.27880859375
5769.212890625
5769.0830078125
5766.2548828125
5765.4580078125
5763.1611328125
5762.27490234375
5759.86328125
5758.943359375
5756.87939453125
5755.55224609375
5753.76220703125
5752.427734375
5750.6298828125
5749.1787109375
5747.60302734375
5745.9736328125
5744.44482421875
5742.84130859375
5741.2705078125
5739.62255859375
5738.12109375
5736.43896484375
5734.92138671875
5733.3017578125
5731.77099609375
5730.16015625
5728.6767578125
5727.09375
5725.59716796875
5724.0537109375
5722.541015625
5721.015625
5719.5048828125
5717.9697265625
5716.44287109375
5714.916015625
5713.37890625
5711.837890625
5710.306640625
5708.7626953125
5707.2216796875
5705.68896484375
5704.142578125
5702.595703125
5701.052734375
5699.51513671875
5697.9697265625
5696.42333984375
5694.8876953125
5693.3466796875
5691.8251953125
5690.31005859375
5688.83203125
5687.39013671875
5685.99560546875
5684.55908203125
5683.078125
5681.3212890625
5679.38720703125
5677.30322265625
5675.349609375
5673.5908203125
5671.94189453125
5670.2373046875
5668.357421875
5666.3603515625
5664.3369140625
5662.39892578125
5660.52880859375
5658.71435546875
5656.89501953125
5655.08056640625
5653.34716796875
5651.7099609375
5650.16455078125
5648.66552734375
5647.18603515625
5645.705078125
5644.26171875
5642.8955078125
5641.63671875
5640.4755859375
5639.296875
5638.00537109375
5636.3701171875
5634.43017578125
5632.388671875
5630.5361328125
5629.0595703125
5627.859375
5626.7138671875
5625.35546875
5623.82470703125
5622.302734375
5621.15185546875
5620.34375
5620.10498046875
5619.81396484375
5620.23046875
5619.9228515625
5620.037109375
5618.16796875
5615.84619140625
5613.1318359375
5611.06689453125
5610.03369140625
5608.9912109375
5608.06005859375
5606.201171875
5604.64404296875
5603.4091796875
5602.865234375
5602.626953125
5602.32275390625
5602.06396484375
5602.0205078125
5602.5859375
5603.681640625
5605.15771484375
5606.6259765625
5607.2041015625
5606.47265625
5604.16015625
5601.78564453125
5599.85888671875
5598.4072265625
5596.013671875
5593.2998046875
5590.45263671875
5588.63134765625
5587.1640625
5585.5048828125
5582.974609375
5579.630859375
5576.6728515625
5574.970703125
5574.37890625
5573.8828125
5572.515625
5570.3759765625
5568.1748046875
5566.5341796875
5565.396484375
5564.22021484375
5562.73486328125
5561.12109375
5559.85546875
5559.10302734375
5558.6533203125
5558.259765625
5557.82958984375
5557.57763671875
5557.47412109375
5557.642578125
5557.8662109375
5558.3759765625
5558.78564453125
5559.09375
5558.5703125
5557.33154296875
5555.19091796875
5551.76708984375
5547.9091796875
5543.654296875
5540.544921875
5537.982421875
5535.939453125
5533.7158203125
5531.1767578125
5528.998046875
5527.59375
5526.8505859375
5525.90625
5524.5078125
5522.267578125
5520.21875
5518.09521484375
5516.322265625
5514.39404296875
5512.51220703125
5510.744140625
5509.22216796875
5507.912109375
5506.626953125
5505.443359375
5504.2060546875
5503.11328125
5501.9775390625
5500.87890625
5499.86083984375
5499.0712890625
5498.54833984375
5498.099609375
5497.54150390625
5496.8330078125
5496.0087890625
5495.47998046875
5494.7900390625
5494.4169921875
5493.40185546875
5492.40185546875
5490.9111328125
5489.48291015625
5487.9619140625
5486.541015625
5485.16259765625
5483.9052734375
5482.81298828125
5481.85205078125
5481.08447265625
5480.3662109375
5479.76904296875
5479.091796875
5478.43994140625
5477.80859375
5477.4248046875
5477.2578125
5477.2626953125
5477.14111328125
5476.939453125
5476.658203125
5476.81396484375
5476.95166015625
5476.8603515625
5474.78125
5470.93408203125
5465.3505859375
5460.0361328125
5456.2939453125
5454.69677734375
5454.65771484375
5455.02685546875
5454.8095703125
5453.62744140625
5451.85009765625
5450.15576171875
5448.88720703125
5448.0712890625
5447.140625
5445.7509765625
5443.7607421875
5441.7265625
5440.22900390625
5439.40673828125
5439.05517578125
5438.52490234375
5437.7509765625
5436.56884765625
5435.61328125
5434.5224609375
5433.32373046875
5431.4248046875
5429.20751953125
5426.99755859375
5425.515625
5424.6669921875
5424.41357421875
5424.072265625
5423.70263671875
5423.0927734375
5422.548828125
5421.978515625
5421.4052734375
5420.56640625
5419.44140625
5418.0478515625
5416.712890625
5415.7431640625
5415.1259765625
5414.650390625
5413.689453125
5411.982421875
5409.2275390625
5406.0751953125
5403.02734375
5400.7373046875
5399.1728515625
5398.2109375
5397.53662109375
5397.0712890625
5396.79638671875
5396.72607421875
5396.7490234375
5396.6845703125
5396.55859375
5396.34521484375
5396.626953125
5397.1552734375
5398.3125
5398.7294921875
5398.42822265625
5396.2294921875
5392.93115234375
5389.080078125
5385.5380859375
5382.87060546875
5380.9833984375
5379.77197265625
5378.8193359375
5377.8974609375
5376.6650390625
5375.33544921875
5374.04345703125
5373.17138671875
5372.7001953125
5372.6748046875
5372.67919921875
5372.81787109375
5372.904296875
5373.0947265625
5372.9990234375
5372.140625
5369.8515625
5366.0869140625
5361.5751953125
5357.50146484375
5354.576171875
5352.826171875
5351.68701171875
5350.5888671875
5349.26123046875
5347.830078125
5346.458984375
5345.10400390625
5343.71728515625
5342.38134765625
5341.318359375
5340.8984375
5341.021484375
5341.796875
5342.36328125
5342.751953125
5342.3603515625
5341.44580078125
5340.51025390625
5339.3828125
5338.6318359375
5337.5927734375
5336.43115234375
5335.1640625
5334.15234375
5333.6875
5333.587890625
5333.63232421875
5333.39453125
5332.9814453125
5332.39453125
5331.53125
5330.03369140625
5327.671875
5324.8193359375
5322.05322265625
5320.01513671875
5318.59912109375
5317.4228515625
5315.9111328125
5313.5185546875
5310.45556640625
5307.1826171875
5304.623046875
5303.2724609375
5303.06396484375
5303.34423828125
5303.2314453125
5302.201171875
5300.28564453125
5298.11572265625
5296.3291015625
5295.43359375
5295.2158203125
5295.6494140625
5296.0361328125
5296.7373046875
5296.83984375
5297.1474609375
5296.4482421875
5295.16015625
5292.4443359375
5288.70849609375
5284.7529296875
5281.8671875
5280.7138671875
5281.19091796875
5282.27587890625
5283.189453125
5283.208984375
5282.7548828125
5282.435546875
5283.04296875
5284.791015625
5286.56689453125
5286.908203125
5283.65576171875
5277.5380859375
5270.98046875
5266.421875
5264.4482421875
5264.36865234375
5264.7119140625
5264.333984375
5262.6484375
5260.70751953125
5260.07080078125
5261.0966796875
5262.62939453125
5263.2978515625
5263.0205078125
5261.970703125
5260.7060546875
5258.927734375
5257.2939453125
5255.48193359375
5253.3671875
5250.4384765625
5247.259765625
5244.6650390625
5243.0009765625
5241.96728515625
5241.04443359375
5240.11328125
5238.95166015625
5237.7470703125
5236.63671875
5236.09033203125
5236.0263671875
5236.26220703125
5236.2939453125
5235.66455078125
5234.3076171875
5232.0302734375
5229.9130859375
5228.0751953125
5227.5263671875
5227.609375
5227.9423828125
5227.61767578125
5226.2685546875
5224.00439453125
5221.27734375
5218.44970703125
5215.77099609375
5213.4130859375
5211.625
5210.6328125
5210.42724609375
5210.7109375
5210.98095703125
5210.833984375
5210.00634765625
5208.68505859375
5207.2060546875
5205.98291015625
5205.25390625
5204.9833984375
5205.0283203125
5204.8798828125
5204.32373046875
5202.9970703125
5201.07421875
5198.7978515625
5196.5517578125
5194.9833984375
5193.96826171875
5193.85986328125
5193.71923828125
5193.60595703125
5192.4833984375
5190.57275390625
5187.6416015625
5184.4599609375
5181.5380859375
5179.28466796875
5177.76220703125
5176.64892578125
5175.7451171875
5174.78466796875
5173.77685546875
5172.72802734375
5171.8310546875
5171.298828125
5171.00537109375
5171.2578125
5171.345703125
5171.5615234375
5170.90478515625
5169.9775390625
5168.56591796875
5167.62353515625
5167.23828125
5167.4853515625
5167.7861328125
5167.6572265625
5166.71875
5165.1279296875
5163.0341796875
5161.2939453125
5159.64697265625
5158.86328125
5157.75
5156.857421875
5155.3046875
5153.7724609375
5152.3505859375
5151.65087890625
5151.62255859375
5152.32763671875
5153.12109375
5153.7158203125
5153.61865234375
5152.67431640625
5150.88671875
5148.33984375
5145.41259765625
5142.3828125
5139.708984375
5137.4130859375
5135.6552734375
5134.12451171875
5132.73046875
5131.275390625
5129.70703125
5128.31298828125
5127.02978515625
5126.19921875
5125.4375
5124.80126953125
5123.9345703125
5122.994140625
5122.056640625
5121.40185546875
5121.1435546875
5121.24462890625
5121.3466796875
5121.1220703125
5120.1630859375
5118.7646484375
5117.3271484375
5116.4912109375
5115.3408203125
5113.7783203125
5112.421875
5110.93212890625
5109.00390625
5108.7734375
5110.04296875
5109.80126953125
5107.9912109375
5106.38818359375
5104.798828125
5102.75244140625
5100.97265625
5099.31298828125
5097.74072265625
5096.974609375
5096.8408203125
5096.400390625
5095.958984375
5096.130859375
5096.6689453125
5097.5478515625
5098.1708984375
5097.9296875
5096.57470703125
5094.3427734375
5091.00439453125
5087.5107421875
5084.572265625
5082.6845703125
5081.54296875
5080.966796875
5080.4169921875
5079.6484375
5078.4443359375
5076.64697265625
5074.53564453125
5072.4423828125
5070.79296875
5069.69921875
5069.37890625
5069.53515625
5070.28076171875
5071.2666015625
5072.6318359375
5073.556640625
5074.1201171875
5073.685546875
5072.6884765625
5071.1015625
5069.2412109375
5066.87255859375
5064.0888671875
