7772.12255859375
7761.484375
7751.28173828125
7741.5009765625
7732.11962890625
7723.1142578125
7714.4287109375
7706.0234375
7697.87158203125
7689.943359375
7682.22998046875
7674.71240234375
7667.390625
7660.25634765625
7653.3056640625
7646.537109375
7639.951171875
7633.5341796875
7627.2939453125
7621.21923828125
7615.3115234375
7609.56005859375
7603.9619140625
7598.513671875
7593.21484375
7588.05029296875
7583.021484375
7578.126953125
7573.36083984375
7568.71875
7564.20361328125
7559.8095703125
7555.53125
7551.373046875
7547.326171875
7543.3857421875
7539.552734375
7535.8232421875
7532.1943359375
7528.6611328125
7525.2197265625
7521.8701171875
7518.6064453125
7515.4267578125
7512.3291015625
7509.3095703125
7506.3671875
7503.5009765625
7500.70361328125
7497.97705078125
7495.31640625
7492.7236328125
7490.1904296875
7487.7216796875
7485.3095703125
7482.9560546875
7480.658203125
7478.4140625
7476.22265625
7474.08251953125
7471.99267578125
7469.94921875
7467.95361328125
7466.0048828125
7464.1005859375
7462.23583984375
7460.41357421875
7458.63232421875
7456.89013671875
7455.1875
7453.52099609375
7451.89111328125
7450.29638671875
7448.73583984375
7447.2080078125
7445.7109375
7444.2470703125
7442.81640625
7441.4111328125
7440.0390625
7438.6953125
7437.3798828125
7436.0947265625
7434.83251953125
7433.595703125
7432.38525390625
7431.2001953125
7430.0419921875
7428.90185546875
7427.78515625
7426.689453125
7425.61962890625
7424.5712890625
7423.54345703125
7422.5361328125
7421.54931640625
7420.58154296875
7419.6318359375
7418.70166015625
7417.7890625
7416.8955078125
7416.0166015625
7415.158203125
7414.3154296875
7413.4892578125
7412.68017578125
7411.8857421875
7411.1064453125
7410.341796875
7409.59326171875
7408.8583984375
7408.1376953125
7407.4296875
7406.7353515625
7406.05859375
7405.3916015625
7404.736328125
7404.09375
7403.46435546875
7402.84716796875
7402.23974609375
7401.646484375
7401.0625
7400.49072265625
7399.9306640625
7399.380859375
7398.83837890625
7398.30859375
7397.78759765625
7397.27734375
7396.77734375
7396.28369140625
7395.798828125
7395.322265625
7394.8564453125
7394.3994140625
7393.95361328125
7393.51416015625
7393.0810546875
7392.65478515625
7392.2431640625
7391.83154296875
7391.42919921875
7391.03271484375
7390.642578125
7390.2607421875
7389.88720703125
7389.517578125
7389.15576171875
7388.7978515625
7388.447265625
7388.10107421875
7387.7587890625
7387.42578125
7387.09814453125
7386.775390625
7386.45849609375
7386.1474609375
7385.83984375
7385.53759765625
7385.2392578125
7384.9462890625
7384.6591796875
7384.3740234375
7384.095703125
7383.8203125
7383.55078125
7383.283203125
7383.01904296875
7382.759765625
7382.5048828125
7382.255859375
7382.0087890625
7381.76318359375
7381.5224609375
7381.28466796875
7381.05126953125
7380.822265625
7380.59423828125
7380.37158203125
7380.15087890625
7379.93359375
7379.72021484375
7379.5087890625
7379.2998046875
7379.095703125
7378.892578125
7378.6923828125
7378.4951171875
7378.30078125
7378.111328125
7377.921875
7377.7333984375
7377.55029296875
7377.3671875
7377.1865234375
7377.00732421875
7376.8330078125
7376.662109375
7376.49072265625
490690.0625
2712558.25
144613.28125
427531.0625
50002.9921875
48354.23828125
47602.3515625
49865.05078125
49451.44921875
45530.52734375
42539.75390625
40285.63671875
38537.49609375
37221.765625
36014.47265625
34648.3046875
33212.609375
31901.259765625
30757.5
29674.62890625
28571.029296875
27504.30859375
26527.869140625
25618.5
24724.859375
23846.68359375
23029.70703125
22298.994140625
21639.3515625
21018.939453125
20410.33203125
19816.068359375
19244.50390625
18697.197265625
18163.513671875
17642.66796875
17140.970703125
16665.26171875
16219.60546875
15801.5732421875
15407.734375
15029.7548828125
14663.400390625
14303.9296875
13952.85546875
13617.85546875
13302.25390625
13002.216796875
12712.923828125
12435.021484375
12172.12109375
11925.025390625
11689.85546875
11464.818359375
11249.8408203125
11043.8544921875
10844.6328125
10650.623046875
10462.166015625
10281.28125
10108.4296875
9942.4765625
9782.4541015625
9628.966796875
9482.533203125
9341.869140625
9205.9501953125
9074.4892578125
8947.44921875
8824.94140625
8707.224609375
8594.150390625
8485.734375
8381.1298828125
8279.205078125
8179.8671875
8083.30712890625
7989.017578125
7896.69482421875
7806.3662109375
7718.123046875
7632.0439453125
7548.06787109375
7465.92724609375
7385.68310546875
7307.5126953125
7231.412109375
7157.19384765625
7084.56591796875
7013.61865234375
6944.56201171875
6877.4697265625
6812.11376953125
6748.283203125
6685.9501953125
6625.07373046875
6565.5810546875
6507.4169921875
6450.55810546875
6395.14111328125
6341.1875
6289.02294921875
6237.1005859375
6185.48681640625
6134.0654296875
6085.4765625
6038.86474609375
5990.8125
5943.35693359375
5898.09765625
5854.1591796875
5810.35498046875
5766.330078125
5724.849609375
5684.4521484375
5642.0537109375
5602.7900390625
5565.001953125
5524.4228515625
5486.8505859375
5451.97607421875
5412.396484375
5376.89208984375
5343.7958984375
5303.771484375
5272.46875
5237.9951171875
5201.154296875
5171.4794921875
5134.3037109375
5104.2451171875
5070.1083984375
5037.89453125
5007.6435546875
4975.21875
4946.755859375
4916.45361328125
4886.451171875
4857.7470703125
4827.2373046875
4799.85302734375
4770.296875
4743.70556640625
4716.064453125
4687.84765625
4660.9599609375
4632.37890625
4605.998046875
4578.998046875
4553.494140625
4528.705078125
4503.41015625
4479.373046875
4454.4443359375
4430.53466796875
4407.03857421875
4383.3349609375
4361.103515625
4338.052734375
4316.0859375
4293.7880859375
4271.8134765625
4250.60546875
4229.1748046875
4208.2216796875
4187.5517578125
4167.1669921875
4147.19580078125
4127.0693359375
4107.55126953125
4088.29150390625
4068.96484375
4050.2080078125
4031.533203125
4013.12060546875
3994.9482421875
3976.9794921875
3959.2861328125
3941.7626953125
3924.4248046875
3907.37841796875
3890.4228515625
3873.69287109375
3857.18408203125
3840.78466796875
3824.60986328125
3808.580078125
3792.6962890625
3777.00146484375
3761.44873046875
3746.03955078125
3730.82666015625
3715.7470703125
3700.8525390625
3686.06201171875
3671.16259765625
3656.19384765625
3641.42529296875
3626.88134765625
3612.3232421875
3597.59375
3582.78759765625
3568.00341796875
3553.13916015625
3538.00244140625
3522.5205078125
3506.7783203125
3490.98486328125
3475.88623046875
3461.9580078125
3447.6123046875
3434.32177734375
3421.55615234375
3411.21484375
3406.31787109375
3392.5224609375
3370.3798828125
3364.453125
3350.77880859375
3333.59130859375
3327.14697265625
3310.5927734375
3301.125
3288.2890625
3275.361328125
3267.35107421875
3251.59912109375
3241.455078125
3228.46044921875
3217.78173828125
3206.259765625
3194.09619140625
3183.51806640625
3170.888671875
3161.2998046875
3148.783203125
3138.2060546875
3127.07470703125
3116.0087890625
3105.203125
3093.94873046875
3083.75732421875
3072.3681640625
3062.3388671875
3051.67578125
3041.38037109375
3031.54736328125
3021.47216796875
3011.962890625
3002.14404296875
2992.93212890625
2983.67138671875
2974.478515625
2965.54150390625
2955.80078125
2945.548828125
2935.05859375
2925.1142578125
2916.02587890625
2906.86083984375
2897.4384765625
2887.7802734375
2878.53857421875
2870.076171875
2861.67431640625
2853.02783203125
2844.15869140625
2835.37109375
2827.00439453125
2818.7646484375
2810.4794921875
2802.18310546875
2793.91162109375
2785.8671875
2778.02294921875
2770.22607421875
2762.4541015625
2754.67724609375
2746.8359375
2739.07373046875
2731.498046875
2724.0263671875
2716.5126953125
2708.9599609375
2701.60205078125
2694.4345703125
2687.208984375
2679.88720703125
2672.62109375
2665.46826171875
2658.39111328125
2651.36376953125
2644.39892578125
2637.45166015625
2630.55029296875
2623.7607421875
2617.0810546875
2610.4482421875
2603.8515625
2597.35400390625
2590.96044921875
2584.62841796875
2578.34619140625
2572.10986328125
2565.8740234375
2559.65380859375
2553.46630859375
2547.3681640625
2541.3564453125
2535.4150390625
2529.5615234375
2523.93115234375
2518.71728515625
2513.61376953125
2507.64892578125
2500.79296875
2494.11083984375
2488.662109375
2483.548828125
2477.68701171875
2471.2685546875
2465.34814453125
2460.08154296875
2454.6943359375
2448.880859375
2443.19091796875
2437.89501953125
2432.5478515625
2426.9072265625
2421.38623046875
2416.26171875
2411.14404296875
2405.625
2399.958984375
2394.72802734375
2390.05859375
2385.4912109375
2380.693359375
2375.42333984375
2369.853515625
2364.05859375
2358.2861328125
2352.7744140625
2347.52294921875
2342.43994140625
2337.4580078125
2332.486328125
2327.71435546875
2323.01953125
2319.80615234375
2315.42919921875
2311.736328125
2305.90771484375
2300.6396484375
2296.36181640625
2292.16796875
2293.74169921875
2283.24072265625
2279.17431640625
2279.22900390625
2269.0888671875
2261.10009765625
2257.81494140625
2253.64208984375
2246.9130859375
2242.2138671875
2239.4267578125
2234.73388671875
2229.75927734375
2225.830078125
2220.7431640625
2214.8974609375
2212.4169921875
2210.0732421875
2202.27685546875
2195.90576171875
2192.572265625
2188.31103515625
2184.8857421875
2180.947265625
2175.248046875
2170.77783203125
2167.9345703125
2165.18115234375
2161.4716796875
2157.50634765625
2153.23828125
2148.0693359375
2142.7900390625
2139.05322265625
2136.8349609375
2134.83203125
2132.16845703125
2127.69775390625
2122.14892578125
2115.89501953125
2111.34130859375
2108.51318359375
2105.22802734375
2100.55126953125
2095.7099609375
2092.28515625
2089.33984375
2085.2666015625
2080.880859375
2077.5185546875
2074.451171875
2070.35791015625
2065.8564453125
2062.35693359375
2059.470703125
2055.935546875
2051.98876953125
2048.66015625
2045.9208984375
2043.03125
2039.8818359375
2036.81884765625
2033.740234375
2030.2685546875
2026.654296875
2023.0625
2019.37646484375
2015.369140625
2011.740234375
2008.765625
2006.09375
2002.576171875
1998.3466796875
1993.83642578125
1990.447265625
1987.79248046875
1985.03076171875
1981.61474609375
1978.197265625
1974.7373046875
1971.57275390625
1968.51611328125
1965.65771484375
1963.5244140625
1961.0537109375
1957.92724609375
1953.48681640625
1948.798828125
1944.99365234375
1942.34912109375
1940.046875
1937.05859375
1933.50146484375
1929.73876953125
1927.39453125
1925.4580078125
1924.0927734375
1922.63330078125
1921.060546875
1918.576171875
1913.94384765625
1907.40771484375
1901.09716796875
1898.26513671875
1897.06396484375
1894.93310546875
1890.87890625
1886.69482421875
1884.25048828125
1881.69970703125
1879.23779296875
1874.80126953125
1871.44091796875
1869.2763671875
1867.21044921875
1865.138671875
1863.19091796875
1863.0419921875
1860.61181640625
1857.00830078125
1851.33056640625
1846.57421875
1844.68359375
1844.5673828125
1845.30078125
1840.86279296875
1833.62646484375
1826.90771484375
1824.3857421875
1826.94970703125
1824.46484375
1816.9150390625
1813.375
1817.0419921875
1845.3056640625
1828.53857421875
1829.9462890625
1812.92041015625
1813.1025390625
1809.33154296875
1801.37158203125
1792.99169921875
1791.05517578125
1784.1005859375
1786.787109375
1780.82568359375
1780.62353515625
1774.484375
1769.71142578125
1765.54638671875
1762.00927734375
1756.93017578125
1755.0791015625
1749.75341796875
1746.93701171875
1742.67236328125
1740.60595703125
1738.0927734375
1735.58837890625
1734.21337890625
1732.0205078125
1732.53955078125
1734.8662109375
1732.7509765625
1723.11962890625
1718.96533203125
1719.46923828125
1714.35498046875
1707.0654296875
1706.982421875
1703.94775390625
1699.85791015625
1698.3349609375
1692.60791015625
1687.3095703125
1686.73193359375
1683.68701171875
1681.9091796875
1680.3310546875
1675.41650390625
1672.47265625
1670.01025390625
1667.59912109375
1666.37939453125
1663.2060546875
1658.599609375
1654.27294921875
1649.23388671875
1645.84423828125
1643.4111328125
1640.6044921875
1638.3916015625
1636.18017578125
1633.96923828125
1632.8701171875
1631.9267578125
1631.4697265625
1631.0322265625
1629.1875
1626.4169921875
1624.072265625
1623.2919921875
1624.78369140625
1626.10791015625
1624.712890625
1621.0615234375
1617.80615234375
1616.1474609375
1611.71728515625
1604.0361328125
1596.44775390625
1593.05419921875
1592.10205078125
1589.83251953125
1585.0537109375
1580.787109375
1578.865234375
1577.42578125
1574.2568359375
1570.3603515625
1567.73046875
1566.392578125
1564.89990234375
1562.55615234375
1560.12939453125
1557.7587890625
1555.6865234375
1554.1201171875
1553.109375
1552.29931640625
1550.47216796875
1547.51220703125
1544.1845703125
1540.984375
1538.43359375
1536.2529296875
1534.6943359375
1533.12646484375
1531.7705078125
1529.56005859375
1527.04736328125
1524.32373046875
1521.21728515625
1518.06689453125
1514.87890625
1512.0302734375
1510.02978515625
1508.78759765625
1507.76123046875
1505.6728515625
1501.5830078125
1496.310546875
1491.6025390625
1489.33935546875
1488.1455078125
1486.572265625
1483.73046875
1479.62109375
1476.451171875
1473.986328125
1471.8623046875
1468.962890625
1466.52197265625
1464.22509765625
1463.0556640625
1460.6318359375
1457.33251953125
1452.9287109375
1449.087890625
1445.94775390625
1443.392578125
1440.89013671875
1438.373046875
1436.251953125
1434.62744140625
1433.4443359375
1432.16162109375
1430.94189453125
1429.22314453125
1427.52685546875
1426.73779296875
1426.5439453125
1428.279296875
1428.2841796875
1427.755859375
1421.40625
1414.8310546875
1411.2529296875
1410.17919921875
1409.55029296875
1405.5283203125
1400.99169921875
1399.1435546875
1400.83203125
1406.8310546875
1409.78466796875
1402.62255859375
1389.34765625
1385.64892578125
1392.197265625
1398.0078125
1400.7197265625
1387.9814453125
1387.87939453125
1387.3974609375
1378.61572265625
1375.5732421875
1380.34765625
1378.01318359375
1374.896484375
1378.23876953125
1379.85986328125
1378.75830078125
1375.8037109375
1371.09033203125
1365.9560546875
1358.57080078125
1352.16015625
1348.53125
1345.5224609375
1343.5322265625
1343.36376953125
1342.0673828125
1339.587890625
1338.18701171875
1338.07470703125
1335.85986328125
1331.46630859375
1327.52880859375
1323.43017578125
1321.037109375
1320.123046875
1318.5556640625
1315.7998046875
1313.40625
1310.9970703125
1309.36865234375
1308.09619140625
1307.1083984375
1306.29296875
1305.69775390625
1304.67919921875
1302.751953125
1299.83056640625
1296.40478515625
1293.296875
1291.20849609375
1290.07568359375
1289.29638671875
1288.7646484375
1287.8623046875
1287.03662109375
1285.7373046875
1284.8564453125
1284.169921875
1283.3935546875
1283.0771484375
1282.13330078125
1280.77294921875
1277.93505859375
1274.76025390625
1271.44677734375
1269.1298828125
1267.2333984375
1265.91259765625
1264.36083984375
1263.14013671875
1261.27734375
1260.55517578125
1259.26123046875
1258.82763671875
1258.10498046875
1257.67578125
1257.232421875
1257.20849609375
1257.37353515625
1257.7109375
1257.7578125
1257.189453125
1255.90673828125
1252.95556640625
1249.529296875
1246.681640625
1245.04150390625
1245.68359375
1244.60498046875
1243.26708984375
1238.67138671875
1234.962890625
1233.14306640625
1232.69970703125
1232.17919921875
1229.7255859375
1226.74462890625
1224.1748046875
1223.712890625
1226.18310546875
1228.453125
1230.74755859375
1230.85107421875
1230.2265625
1227.56640625
1224.638671875
1220.9599609375
1219.56591796875
1220.84423828125
1225.11669921875
1229.17041015625
1231.013671875
1231.07861328125
1229.98388671875
1229.85009765625
1228.31787109375
1226.4306640625
1221.36474609375
1213.267578125
1204.4189453125
1198.22265625
1196.20458984375
1196.421875
1196.1494140625
1194.90185546875
1192.20263671875
1189.48974609375
1187.37060546875
1186.89208984375
1188.08544921875
1187.37939453125
1184.93212890625
1180.88037109375
1178.43701171875
1177.71875
1176.1611328125
1172.771484375
1170.07568359375
1168.541015625
1166.9931640625
1165.9736328125
1166.9697265625
1168.751953125
1170.2333984375
1171.35986328125
1170.13232421875
1166.21142578125
1161.51708984375
1157.201171875
1154.58154296875
1152.8515625
1152.0703125
1150.8603515625
1150.0068359375
1147.818359375
1146.20751953125
1144.857421875
1143.4638671875
1142.421875
1142.07177734375
1142.259765625
1142.37841796875
1142.4345703125
1140.6171875
1137.93212890625
1135.2421875
1133.2001953125
1132.07861328125
1131.25146484375
1130.3642578125
1129.08544921875
1127.9931640625
1127.4423828125
1128.3251953125
1129.77197265625
1130.5615234375
1129.98828125
1127.9677734375
1125.7119140625
1124.31591796875
1123.556640625
1122.75537109375
1120.25634765625
1116.84765625
1112.80810546875
1110.4892578125
1110.2607421875
1111.3134765625
1112.0556640625
1111.34912109375
1110.2744140625
1109.75146484375
1110.4736328125
1110.7255859375
1109.66650390625
1105.8564453125
1101.62255859375
1098.34765625
1097.623046875
1097.68310546875
1096.896484375
1095.04443359375
1093.44287109375
1092.8994140625
1092.962890625
1093.263671875
1093.455078125
1093.61328125
1093.2822265625
1092.259765625
1090.43359375
1087.96826171875
1085.47265625
1083.45556640625
1082.51953125
1082.7353515625
1083.6484375
1085.5087890625
1088.384765625
1092.20263671875
1096.0615234375
1098.79931640625
1099.26513671875
1097.296875
1092.6669921875
1085.994140625
1078.37548828125
1071.76318359375
1067.95068359375
1067.12841796875
1068.72607421875
1070.48583984375
1071.37060546875
1070.26611328125
1067.70263671875
1064.80859375
1062.08154296875
1060.40673828125
1059.41259765625
1059.17626953125
1059.4248046875
1059.7421875
1060.00341796875
1059.39599609375
1058.68505859375
1058.7919921875
1058.46044921875
1057.54443359375
1054.7509765625
1052.14453125
1051.576171875
1052.67236328125
1053.7685546875
1053.66650390625
1053.42529296875
1054.724609375
1057.05712890625
1058.82763671875
1057.28759765625
1053.1875
1047.47802734375
1042.1171875
1038.44189453125
1036.48291015625
1036.5087890625
1037.5400390625
1038.884765625
1039.0234375
1038.240234375
1036.751953125
1035.9130859375
1035.6015625
1035.486328125
1033.73583984375
1030.45947265625
1026.43017578125
1024.1708984375
1023.78271484375
1025.07421875
1026.29736328125
1027.1015625
1027.01416015625
1025.60546875
1022.42822265625
1018.30322265625
1014.1025390625
1010.5419921875
1007.4619140625
1004.95166015625
1002.79296875
1001.46826171875
1000.375
999.7490234375
998.83154296875
998.14501953125
996.9423828125
995.5556640625
993.744140625
992.28515625
991.02490234375
990.15625
988.9853515625
987.9345703125
986.5830078125
985.708984375
984.68505859375
984.44970703125
984.10302734375
984.4814453125
984.49365234375
985.2001953125
985.8876953125
987.47021484375
989.25
991.89990234375
995.0751953125
998.28564453125
1000.09326171875
998.39599609375
994.2373046875
989.091796875
986.40576171875
986.84619140625
990.38818359375
994.265625
995.88232421875
993.74853515625
989.40087890625
985.4892578125
984.376953125
984.79248046875
985.68310546875
984.28076171875
981.3515625
977.67041015625
973.93212890625
970.40283203125
966.15625
961.50537109375
956.9072265625
953.81787109375
952.3037109375
951.97119140625
951.64111328125
951.17529296875
950.11767578125
949.046875
947.888671875
930.33349609375
934.61328125
938.07958984375
926.09326171875
934.2314453125
929.27490234375
925.79052734375
930.15576171875
924.2900390625
925.13671875
925.37646484375
921.8837890625
923.06494140625
921.71435546875
920.0712890625
920.48583984375
919.0634765625
918.15185546875
918.08740234375
916.841796875
916.21923828125
915.91015625
914.7880859375
914.36279296875
913.83837890625
912.900390625
912.5478515625
911.87353515625
911.1357421875
910.736328125
910.029296875
909.42822265625
908.95166015625
908.2841796875
907.73681640625
907.21484375
906.59423828125
906.0673828125
905.52294921875
904.93896484375
904.412109375
903.8720703125
903.30712890625
902.79150390625
902.2431640625
901.7001953125
901.17919921875
900.6298828125
900.09814453125
899.57080078125
899.03271484375
898.505859375
897.98095703125
897.44970703125
896.923828125
896.39208984375
895.87060546875
895.34375
894.82421875
894.3046875
893.77734375
893.25732421875
892.74267578125
892.2236328125
891.71142578125
891.189453125
890.66845703125
890.15478515625
889.63623046875
889.12646484375
888.609375
888.09619140625
887.58154296875
887.068359375
886.5498046875
886.03955078125
885.53076171875
885.015625
884.50390625
883.9951171875
883.484375
882.97705078125
882.46337890625
881.955078125
881.4462890625
880.9384765625
880.4287109375
879.919921875
879.41064453125
878.89990234375
878.3916015625
877.88427734375
877.37646484375
876.8720703125
876.3642578125
875.8564453125
875.349609375
874.845703125
874.33837890625
873.8330078125
873.32470703125
872.81640625
872.3134765625
871.80712890625
871.302734375
870.7919921875
870.28369140625
869.7783203125
869.26953125
868.76416015625
868.2568359375
867.74853515625
867.24267578125
866.736328125
866.22998046875
865.7216796875
865.2138671875
864.7119140625
864.20068359375
863.69189453125
863.18115234375
862.67431640625
862.1630859375
861.65087890625
861.14501953125
860.6318359375
860.123046875
859.6171875
859.10791015625
858.60302734375
858.0966796875
857.5888671875
857.08056640625
856.5751953125
856.0693359375
855.5654296875
855.06103515625
854.56005859375
854.05859375
853.556640625
853.06005859375
852.560546875
852.0654296875
851.568359375
851.072265625
850.5791015625
850.08984375
849.6005859375
849.111328125
848.623046875
848.1328125
847.6484375
847.16796875
846.68603515625
846.2021484375
845.7265625
845.2490234375
844.77490234375
844.29833984375
843.82373046875
843.3515625
842.8828125
842.4130859375
841.94287109375
841.47802734375
841.0107421875
840.54296875
840.0751953125
839.611328125
839.15234375
838.69189453125
838.232421875
837.76611328125
837.314453125
836.8525390625
836.39111328125
835.939453125
835.4775390625
835.01806640625
834.56494140625
834.11181640625
833.65869140625
833.21044921875
832.76220703125
832.31396484375
831.86572265625
831.41162109375
830.96484375
830.513671875
830.0673828125
829.6220703125
829.17578125
828.734375
828.2900390625
827.85009765625
827.40869140625
826.96630859375
826.52685546875
826.09033203125
825.64697265625
825.2119140625
824.7724609375
824.333984375
823.89990234375
823.466796875
823.0390625
822.6064453125
822.17724609375
821.74365234375
821.3125
820.88671875
820.4599609375
820.0361328125
819.60791015625
819.1845703125
818.7607421875
818.33984375
817.91455078125
817.49072265625
817.06884765625
816.64599609375
816.23046875
815.8115234375
815.39306640625
814.9755859375
814.5576171875
814.140625
813.71923828125
813.3076171875
812.8896484375
812.474609375
812.06298828125
811.64697265625
811.23583984375
810.82763671875
810.41748046875
810.0068359375
809.6015625
809.19287109375
808.78564453125
808.37841796875
807.9755859375
807.56640625
807.16357421875
806.7568359375
806.353515625
805.95361328125
805.5517578125
805.15283203125
804.74951171875
804.35009765625
803.947265625
803.54736328125
803.1484375
802.7529296875
802.35302734375
801.9560546875
801.55810546875
801.16162109375
800.76708984375
800.37255859375
799.978515625
799.5830078125
799.1884765625
798.79248046875
798.3984375
798.0
797.6044921875
797.20849609375
796.8125
796.41796875
796.02001953125
795.625
795.2275390625
794.82958984375
794.43212890625
794.03515625
793.63720703125
793.23876953125
792.837890625
792.43505859375
792.03515625
791.634765625
791.236328125
790.8271484375
790.42333984375
790.0166015625
789.611328125
789.203125
788.7919921875
788.38330078125
787.97998046875
787.5791015625
787.18994140625
786.82373046875
786.48828125
786.2109375
785.99658203125
785.8056640625
785.52099609375
785.0068359375
784.24951171875
783.5078125
783.04150390625
782.83447265625
782.65234375
782.26611328125
781.6904296875
781.1474609375
780.79833984375
780.56201171875
780.2548828125
779.80224609375
779.318359375
778.9375
778.64794921875
778.33154296875
777.93212890625
777.498046875
777.11328125
776.7958984375
776.4697265625
776.09375
775.68359375
775.3037109375
774.96337890625
774.6328125
774.265625
773.88134765625
773.5087890625
773.15380859375
772.80615234375
772.4482421875
772.06884765625
771.697265625
771.33935546875
770.994140625
770.63623046875
770.2685546875
769.89599609375
769.52783203125
769.16943359375
768.80712890625
768.4404296875
768.06396484375
767.6943359375
767.3251953125
766.9560546875
766.58447265625
766.20849609375
765.8310546875
765.458984375
765.0859375
764.71044921875
764.33984375
763.96728515625
763.58837890625
763.2099609375
762.841796875
762.46826171875
762.103515625
761.73095703125
761.36328125
761.0009765625
760.63671875
760.2744140625
759.91357421875
759.56005859375
759.20849609375
758.86474609375
758.53271484375
758.20947265625
757.91259765625
757.65185546875
757.42919921875
757.23828125
757.03515625
756.72607421875
756.2685546875
755.71240234375
755.1875
754.7763671875
754.455078125
754.14208984375
753.7861328125
753.38330078125
753.0029296875
752.66943359375
752.376953125
752.07470703125
751.71826171875
751.31103515625
750.8994140625
750.52587890625
750.20068359375
749.89892578125
749.5888671875
749.2548828125
748.9140625
748.5830078125
748.28466796875
748.02783203125
747.82275390625
747.70751953125
747.705078125
747.8720703125
748.04541015625
748.05908203125
747.43310546875
746.3427734375
745.224609375
744.60986328125
744.5146484375
744.54931640625
744.3564453125
743.822265625
743.18212890625
742.681640625
742.37939453125
742.162109375
741.8876953125
741.50927734375
741.0859375
740.69580078125
740.3564453125
740.04638671875
739.72607421875
739.39697265625
739.052734375
738.71728515625
738.39306640625
738.0908203125
737.8095703125
737.56298828125
737.3759765625
737.2685546875
737.240234375
737.16748046875
736.7333984375
735.90625
735.16552734375
734.9111328125
734.88427734375
734.61376953125
734.1240234375
733.77783203125
733.6884765625
733.54931640625
733.421875
733.359375
733.771484375
733.9248046875
734.353515625
734.060546875
733.9462890625
732.8759765625
731.8330078125
730.537109375
729.7939453125
729.42041015625
729.3447265625
729.3896484375
729.478515625
729.6357421875
729.580078125
729.52587890625
729.0830078125
728.49658203125
727.76123046875
726.9423828125
726.1943359375
725.56591796875
725.158203125
724.81787109375
724.60791015625
724.40673828125
724.1611328125
723.8515625
723.47705078125
723.11865234375
722.830078125
722.59423828125
722.4306640625
722.314453125
722.2724609375
722.25
722.056640625
721.52978515625
720.61962890625
719.60791015625
718.82666015625
718.47509765625
718.4443359375
718.50048828125
718.4580078125
718.23974609375
717.94873046875
717.6806640625
717.57666015625
717.5068359375
717.43798828125
716.9912109375
716.30712890625
715.5283203125
715.18115234375
715.38671875
715.85791015625
716.3212890625
716.53759765625
716.82177734375
716.8525390625
716.873046875
716.66162109375
717.01513671875
717.9482421875
719.3994140625
720.92919921875
721.99658203125
722.50439453125
722.16455078125
721.40576171875
720.6767578125
720.59912109375
721.431640625
723.26025390625
725.89306640625
729.0947265625
732.359375
734.98193359375
736.57275390625
736.56787109375
736.54150390625
735.48291015625
734.76220703125
733.39013671875
732.041015625
731.041015625
730.13330078125
730.0576171875
730.08837890625
731.6357421875
732.8505859375
734.6826171875
733.0859375
730.3642578125
726.68115234375
725.7294921875
727.71875
730.3662109375
730.42578125
726.4208984375
720.8056640625
716.7333984375
715.95263671875
717.2109375
718.0986328125
717.65771484375
716.42822265625
715.54052734375
715.93798828125
717.45654296875
719.35595703125
720.3388671875
718.93359375
715.39892578125
711.50439453125
709.53955078125
709.06396484375
708.8173828125
707.29638671875
704.85693359375
702.9755859375
702.7724609375
703.69873046875
704.22607421875
703.6259765625
702.4951171875
701.94873046875
701.99365234375
702.029296875
701.49267578125
700.53857421875
699.5380859375
698.65771484375
697.72900390625
696.7158203125
695.86279296875
695.5859375
695.99853515625
696.74267578125
697.37109375
697.60791015625
697.61181640625
697.501953125
697.24169921875
696.90625
696.47705078125
696.30224609375
696.27978515625
696.3291015625
696.21875
695.87890625
695.5087890625
695.2119140625
695.01416015625
694.85693359375
694.51904296875
693.9580078125
693.0556640625
691.9326171875
690.62646484375
689.48876953125
688.78564453125
688.779296875
689.3662109375
690.35888671875
691.37451171875
692.21337890625
692.57666015625
692.27734375
691.1904296875
689.5927734375
688.10009765625
687.41845703125
687.61474609375
688.41259765625
689.146484375
689.60400390625
689.79052734375
690.09521484375
690.6103515625
691.14453125
691.34326171875
691.1533203125
690.96630859375
691.435546875
692.83642578125
695.04736328125
697.3916015625
698.896484375
699.513671875
698.5556640625
696.7724609375
693.986328125
690.89697265625
687.90283203125
685.64453125
684.5537109375
684.6142578125
685.60400390625
687.02587890625
688.4091796875
689.013671875
688.775390625
687.9345703125
687.34716796875
687.64404296875
688.49951171875
689.47802734375
689.7451171875
689.80712890625
689.3603515625
689.25341796875
688.79931640625
688.48876953125
688.15283203125
688.43017578125
689.14013671875
690.2548828125
690.87109375
690.63818359375
689.408203125
687.42333984375
685.50830078125
684.0634765625
683.52294921875
683.6845703125
684.6513671875
685.9150390625
687.4306640625
688.25146484375
688.33935546875
687.169921875
685.4990234375
683.65283203125
682.513671875
681.9775390625
682.27978515625
682.6279296875
683.240234375
683.1328125
682.912109375
681.90771484375
680.884765625
679.57080078125
678.38916015625
677.2705078125
676.498046875
675.685546875
674.74853515625
673.6982421875
672.90869140625
672.92626953125
673.703125
675.046875
676.19482421875
676.9697265625
677.06396484375
676.77392578125
676.0693359375
675.0986328125
673.9794921875
672.9609375
672.36865234375
672.2939453125
672.75927734375
673.53466796875
674.384765625
674.88134765625
674.69677734375
673.72265625
672.171875
670.78466796875
669.9423828125
670.1123046875
670.76171875
671.83251953125
672.7724609375
673.791015625
674.7412109375
675.84814453125
676.83544921875
677.7392578125
678.36767578125
678.7822265625
679.16796875
679.12744140625
679.50146484375
678.87158203125
678.58544921875
676.98388671875
675.4619140625
673.501953125
671.8212890625
670.3408203125
669.41650390625
668.91455078125
668.82958984375
669.01220703125
669.1962890625
669.3740234375
669.49658203125
669.7900390625
670.255859375
670.87353515625
671.23193359375
671.36767578125
670.70654296875
669.615234375
667.716796875
665.796875
663.89453125
662.65087890625
661.8544921875
661.32470703125
660.796875
660.08740234375
659.2861328125
658.572265625
658.2841796875
658.63818359375
659.509765625
660.7158203125
661.82763671875
662.91552734375
663.7705078125
664.58203125
664.81494140625
664.490234375
663.068359375
661.0810546875
658.79052734375
657.0234375
656.10009765625
656.13427734375
656.7880859375
657.60302734375
658.1220703125
658.224609375
658.03515625
657.9208984375
658.0205078125
658.2314453125
658.1083984375
657.2841796875
655.75341796875
654.03759765625
652.79150390625
652.45458984375
653.0361328125
654.19580078125
655.53515625
656.71484375
657.724609375
658.67236328125
659.7509765625
660.8818359375
661.86865234375
662.322265625
662.12939453125
661.22607421875
659.99462890625
658.26025390625
656.3291015625
654.224609375
652.63818359375
652.1513671875
652.7919921875
654.02197265625
654.95458984375
655.115234375
654.57568359375
654.1103515625
654.2412109375
654.99169921875
655.92724609375
656.48193359375
656.95361328125
657.111328125
657.69384765625
657.71630859375
657.9599609375
657.18017578125
656.7509765625
655.94287109375
656.19921875
657.103515625
659.05224609375
660.7529296875
661.78515625
661.18603515625
659.3349609375
656.76611328125
654.30419921875
652.39892578125
651.330078125
651.15478515625
651.40576171875
651.72216796875
651.4609375
650.796875
649.73095703125
648.81005859375
648.06103515625
647.71435546875
647.6142578125
647.7568359375
647.98974609375
648.30712890625
648.49853515625
648.4365234375
647.828125
646.68896484375
645.42822265625
644.5654296875
644.4638671875
644.69091796875
644.822265625
644.25048828125
643.09375
641.61328125
640.3115234375
639.46728515625
639.19873046875
639.4833984375
640.2880859375
641.4013671875
642.67333984375
643.7275390625
644.35791015625
644.3232421875
643.70361328125
642.51123046875
641.2421875
639.86669921875
639.0146484375
638.35546875
638.36962890625
638.58447265625
639.23095703125
639.8681640625
640.62353515625
641.32275390625
642.26220703125
643.3466796875
644.849609375
646.33251953125
647.84130859375
648.6103515625
648.69873046875
647.7978515625
646.7890625
645.869140625
645.814453125
646.15234375
646.79345703125
647.16748046875
646.94921875
646.33642578125
645.19482421875
644.12646484375
642.70458984375
641.3515625
639.53662109375
638.12646484375
636.85498046875
636.63623046875
636.79052734375
637.80029296875
638.60693359375
639.556640625
639.89453125
640.162109375
640.1357421875
640.22802734375
640.5126953125
640.90283203125
641.390625
641.51025390625
640.9326171875
639.4560546875
637.4365234375
635.6806640625
635.11328125
635.7626953125
637.41650390625
639.05126953125
640.25341796875
640.6953125
640.806640625
640.89111328125
641.19091796875
641.22021484375
640.67822265625
639.58984375
637.994140625
636.47412109375
634.8828125
633.515625
632.28857421875
631.419921875
630.638671875
629.84814453125
628.919921875
628.03173828125
627.3857421875
627.14306640625
627.2236328125
627.36962890625
627.515625
627.77783203125
628.35546875
629.23046875
630.154296875
630.88623046875
631.36279296875
631.49609375
631.46630859375
631.30517578125
631.41455078125
631.37646484375
631.2802734375
630.91650390625
631.51416015625
633.74169921875
636.375
637.84228515625
636.671875
634.10009765625
632.11962890625
631.8798828125
632.732421875
633.271484375
632.92919921875
631.80126953125
630.5859375
629.3369140625
628.62890625
628.369140625
628.486328125
628.38134765625
627.84521484375
627.30126953125
627.37744140625
628.498046875
630.451171875
632.6376953125
634.8466796875
636.54150390625
