7772.12255859375
7761.484375
7751.28173828125
7741.5009765625
7732.11962890625
7723.1142578125
7714.4287109375
7706.0234375
7697.87158203125
7689.943359375
7682.22998046875
7674.71240234375
7667.390625
7660.25634765625
7653.3056640625
7646.537109375
7639.951171875
7633.5341796875
7627.2939453125
7621.21923828125
7615.3115234375
7609.56005859375
7603.9619140625
7598.513671875
7593.21484375
7588.05029296875
7583.021484375
7578.126953125
7573.36083984375
7568.71875
7564.20361328125
7559.8095703125
7555.53125
7551.373046875
7547.326171875
7543.3857421875
7539.552734375
7535.8232421875
7532.1943359375
7528.6611328125
7525.2197265625
7521.8701171875
7518.6064453125
7515.4267578125
7512.3291015625
7509.3095703125
7506.3671875
7503.5009765625
7500.70361328125
7497.97705078125
7495.31640625
7492.7236328125
7490.1904296875
7487.7216796875
7485.3095703125
7482.9560546875
7480.658203125
7478.4140625
7476.22265625
7474.08251953125
7471.99267578125
7469.94921875
7467.95361328125
7466.0048828125
7464.1005859375
7462.23583984375
7460.41357421875
7458.63232421875
7456.89013671875
7455.1875
7453.52099609375
7451.89111328125
7450.29638671875
7448.73583984375
7447.2080078125
7445.7109375
7444.2470703125
7442.81640625
7441.4111328125
7440.0390625
7438.6953125
7437.3798828125
7436.0947265625
7434.83251953125
7433.595703125
7432.38525390625
7431.2001953125
7430.0419921875
7428.90185546875
7427.78515625
7426.689453125
7425.61962890625
7424.5712890625
7423.54345703125
7422.5361328125
7421.54931640625
7420.58154296875
7419.6318359375
7418.70166015625
7417.7890625
7416.8955078125
7416.0166015625
7415.158203125
7414.3154296875
7413.4892578125
7412.68017578125
7411.8857421875
7411.1064453125
7410.341796875
7409.59326171875
7408.8583984375
7408.1376953125
7407.4296875
7406.7353515625
7406.05859375
7405.3916015625
7404.736328125
7404.09375
7403.46435546875
7402.84716796875
7402.23974609375
7401.646484375
7401.0625
7400.49072265625
7399.9306640625
7399.380859375
7398.83837890625
7398.30859375
7397.78759765625
7397.27734375
7396.77734375
7396.28369140625
7395.798828125
7395.322265625
7394.8564453125
7394.3994140625
7393.95361328125
7393.51416015625
7393.0810546875
7392.65478515625
7392.2431640625
7391.83154296875
7391.42919921875
7391.03271484375
7390.642578125
7390.2607421875
7389.88720703125
7389.517578125
7389.15576171875
7388.7978515625
7388.447265625
7388.10107421875
7387.7587890625
7387.42578125
7387.09814453125
7386.775390625
7386.45849609375
7386.1474609375
7385.83984375
7385.53759765625
7385.2392578125
7384.9462890625
7384.6591796875
7384.3740234375
7384.095703125
7383.8203125
7383.55078125
7383.283203125
7383.01904296875
7382.759765625
7382.5048828125
7382.255859375
7382.0087890625
7381.76318359375
7381.5224609375
7381.28466796875
7381.05126953125
7380.822265625
7380.59423828125
7380.37158203125
7380.15087890625
7379.93359375
7379.72021484375
7379.5087890625
7379.2998046875
7379.095703125
7378.892578125
7378.6923828125
7378.4951171875
7378.30078125
7378.111328125
7377.921875
7377.7333984375
7377.55029296875
7377.3671875
7377.1865234375
7377.00732421875
7376.8330078125
7376.662109375
7376.49072265625
310468352.0
3768873.5
75048072.0
191599104.0
12138874880.0
8124077.0
64296924.0
140333536.0
1223413632.0
38059204.0
103353232.0
56397668.0
44125112.0
61341480.0
213210672.0
24282194.0
3453704.75
1181077.0
1024843.4375
1249882.625
1610874.25
2032768.0
2456872.75
2854750.0
3263552.25
3746984.25
4233886.5
4406689.5
3979007.0
3110714.25
2220777.25
1552753.5
1128257.625
885813.75
765092.0625
726708.25
748538.375
818163.5
925106.0625
1052901.875
1173295.875
1248723.5
1249647.25
1174563.5
1050419.625
912386.4375
784936.4375
678562.625
594203.375
528818.625
478441.71875
439413.03125
408879.96875
384663.46875
365176.625
349242.0
336022.25
324891.0
315376.28125
307136.59375
299916.125
293510.96875
287767.8125
282573.5
277833.0
273470.4375
269428.4375
265662.03125
262132.03125
258803.1875
255655.734375
252668.875
249820.890625
247099.59375
244492.28125
241988.375
239579.21875
237258.046875
235016.3125
232848.703125
230746.0625
228707.953125
226727.796875
224804.34375
222933.703125
221110.625
219330.734375
217599.671875
215903.296875
214251.359375
212633.125
211051.921875
209504.9375
207987.875
206502.3125
205046.984375
203618.328125
202217.265625
200839.9375
199487.5
198160.078125
196855.140625
195571.734375
194308.8125
193067.484375
191844.875
190640.296875
189455.671875
188287.015625
187138.328125
186006.25
184890.109375
183793.296875
182710.921875
181645.71875
180598.875
179563.828125
178546.515625
177542.109375
176552.375
175578.15625
174617.5
173669.125
172733.65625
171811.734375
170900.59375
170001.390625
169115.375
168237.4375
167371.4375
166515.34375
165669.828125
164833.375
164008.421875
163189.71875
162383.78125
161587.125
160798.25
160020.375
159251.65625
158490.484375
157738.8125
156995.359375
156260.015625
155531.65625
154812.703125
154100.4375
153398.671875
152702.671875
152014.921875
151333.09375
150661.71875
149996.34375
149337.78125
148685.71875
148041.03125
147401.71875
146769.078125
146142.6875
145523.109375
144909.890625
144302.390625
143700.5625
143103.875
142514.65625
141930.078125
141350.71875
140776.75
140209.28125
139645.671875
139088.8125
138536.671875
137989.203125
137446.625
136908.828125
136376.75
135850.53125
135330.34375
134807.71875
134290.328125
133782.59375
133278.859375
132774.484375
132277.5625
131786.71875
131296.625
130812.125
130333.375
129856.1953125
129383.4921875
128915.9296875
128449.7421875
127988.546875
127532.3671875
127078.6875
126629.2109375
126183.0546875
125740.3671875
125300.9375
124866.609375
124433.9765625
124005.1328125
123579.7265625
123157.8671875
122738.890625
122323.5625
121911.125
121501.125
121093.7265625
120690.59375
120290.90625
119893.328125
119499.4609375
119108.1796875
118719.9296875
118333.8828125
117950.9296875
117569.9375
117192.734375
116818.1015625
116447.09375
116079.671875
115712.6171875
115348.609375
114984.4609375
114625.7109375
114271.6015625
113915.296875
113563.7109375
113215.1171875
112867.7265625
112523.84375
112181.328125
111842.4296875
111504.8125
111168.5546875
110835.9609375
110504.8125
110176.125
109849.3125
109524.796875
109201.7578125
108882.140625
108563.2109375
108247.125
107933.2734375
107620.5625
107311.390625
107004.765625
106698.828125
106394.40625
106093.1953125
105793.3515625
105495.4375
105199.7890625
104904.8828125
104611.2734375
104319.21875
104030.484375
103743.8984375
103458.9140625
103174.4296875
102892.515625
102612.171875
102334.25
102059.1484375
101788.015625
101518.953125
101243.1640625
100964.875
100700.1484375
100434.9140625
100164.078125
99901.765625
99640.6640625
99375.7578125
99118.609375
98860.296875
98602.6953125
98349.40625
98094.8828125
97842.625
97592.4296875
97341.8828125
97094.9375
96848.546875
96602.8984375
96359.9296875
96118.2421875
95876.625
95637.2265625
95399.28125
95162.8203125
94927.46875
94693.078125
94461.4375
94230.265625
93998.25
93767.578125
93539.1484375
93313.234375
93087.90625
92862.359375
92638.78125
92416.3046875
92196.3125
91976.359375
91757.4921875
91540.1875
91324.859375
91110.296875
90896.09375
90683.796875
90472.71875
90263.265625
90053.203125
89844.84375
89638.03125
89430.859375
89226.015625
89022.53125
88820.3046875
88618.1328125
88416.9765625
88217.640625
88019.2421875
87822.1484375
87625.0
87429.1015625
87234.6484375
87041.4921875
86848.6015625
86656.8515625
86466.5390625
86276.890625
86088.3984375
85900.0703125
85713.84375
85527.4375
85342.7109375
85158.3359375
84974.953125
84792.8359375
84611.5546875
84430.984375
84251.1015625
84072.6015625
83894.828125
83718.3359375
83542.8203125
83367.90625
83193.28125
83019.96875
82847.0703125
82675.578125
82504.890625
82335.2578125
82166.140625
81997.375
81830.1796875
81662.40625
81497.046875
81332.375
81169.0859375
81006.1640625
80843.953125
80680.265625
80517.53125
80356.140625
80196.84375
80038.6484375
79878.890625
79719.875
79562.78125
79408.2421875
79253.0390625
79097.3828125
78941.9765625
78787.984375
78635.7109375
78483.359375
78331.890625
78182.078125
78032.0390625
77881.9375
77732.2890625
77584.1875
77437.1953125
77290.5859375
77144.3125
76998.5
76853.8359375
76710.796875
76567.5234375
76424.203125
76282.390625
76140.84375
76000.25
75860.1875
75720.1953125
75580.4453125
75441.3359375
75303.515625
75167.21875
75031.4765625
74895.953125
74760.8984375
74626.375
74493.21875
74359.65625
74225.953125
74092.3203125
73959.7890625
73828.875
73699.0859375
73569.296875
73439.9921875
73312.0859375
73184.15625
73054.03125
72924.15625
72799.09375
72672.5703125
72543.40625
72418.0390625
72293.2265625
72167.0234375
72043.6015625
71920.078125
71794.71875
71672.03125
71548.9609375
71426.5625
71304.5703125
71183.390625
71061.0703125
70939.8359375
70819.1875
70700.140625
70582.75
70465.1328125
70347.09375
70228.6875
70111.15625
69993.953125
69878.765625
69764.3515625
69651.0703125
69537.171875
69420.7421875
69304.0234375
69187.0390625
69073.421875
68961.953125
68851.4609375
68738.265625
68625.4375
68514.1953125
68405.3125
68297.34375
68187.8125
68077.3984375
67968.140625
67861.125
67754.828125
67648.265625
67541.03125
67435.7109375
67330.703125
67225.9140625
67120.4140625
67016.2265625
66913.5859375
66810.0
66706.7265625
66603.9921875
66501.890625
66400.0078125
66299.1484375
66198.796875
66099.2265625
66000.328125
65901.921875
65804.6640625
65706.7890625
65609.3359375
65512.5625
65416.703125
65317.29296875
65216.1171875
65117.21484375
65023.86328125
64929.86328125
64831.71875
64731.6875
64635.328125
64540.5546875
64445.42578125
64351.47265625
64259.59765625
64167.33203125
64073.3671875
63979.66015625
63887.52734375
63796.0703125
63704.6875
63614.5625
63523.69921875
63431.51953125
63339.71484375
63249.625
63160.421875
63070.0390625
62980.8203125
62892.375
62804.70703125
62716.24609375
62628.265625
62540.5234375
62453.3828125
62366.9453125
62280.484375
62194.3203125
62108.31640625
62023.125
61940.3125
61855.00390625
61767.96484375
61682.51953125
61600.5859375
61517.05859375
61431.27734375
61348.234375
61267.51953125
61184.1171875
61102.59765625
61022.60546875
60941.94921875
60862.390625
60780.2265625
60695.65234375
60615.7890625
60538.0625
60458.29296875
60378.203125
60300.98828125
60223.8203125
60145.44140625
60067.2421875
59990.12109375
59911.0703125
59832.68359375
59756.1171875
59679.70703125
59603.65234375
59529.18359375
59452.79296875
59374.6953125
59296.58984375
59220.13671875
59145.14453125
59071.78515625
58996.609375
58920.7265625
58845.02734375
58770.40625
58697.21875
58623.89453125
58549.58984375
58475.421875
58402.390625
58330.87109375
58260.015625
58189.5234375
58118.7890625
58048.578125
57978.265625
57908.3984375
57836.94921875
57765.0625
57692.73828125
57622.4296875
57553.59765625
57485.3984375
57416.83984375
57347.51171875
57278.2265625
57210.15234375
57144.69921875
57079.4296875
57012.33203125
56941.6484375
56870.0625
56801.98828125
56736.81640625
56672.66796875
56606.9921875
56540.921875
56476.1640625
56412.36328125
56346.359375
56276.83203125
56205.9375
56138.4140625
56074.0859375
56010.90625
55947.01171875
55881.72265625
55816.0703125
55752.3515625
55688.8046875
55625.6171875
55562.9296875
55499.5859375
55436.67578125
55372.68359375
55309.57421875
55247.3828125
55186.05859375
55125.2421875
55063.59765625
55001.70703125
54940.34765625
54879.5390625
54818.7109375
54757.921875
54697.265625
54637.73046875
54578.0859375
54518.2734375
54457.3125
54396.9765625
54337.49609375
54278.6484375
54220.53515625
54162.31640625
54104.125
54047.21484375
53990.3515625
53933.71875
53877.51171875
53821.546875
53766.3203125
53711.5859375
53656.66015625
53602.9765625
53547.9296875
53491.3203125
53431.05859375
53370.2734375
53313.4609375
53260.37890625
53205.9921875
53148.01953125
53089.46484375
53032.578125
52977.6875
52924.65234375
52872.12890625
52818.3671875
52762.3984375
52705.25
52650.09765625
52597.1171875
52544.8984375
52491.2109375
52435.984375
52380.58203125
52325.9609375
52273.3984375
52221.96484375
52171.2265625
52119.00390625
52065.68359375
52012.015625
51959.3359375
51908.31640625
51857.67578125
51806.375
51754.265625
51702.078125
51651.0234375
51601.0546875
51551.92578125
51502.75390625
51454.10546875
51405.0
51355.8203125
51306.140625
51256.1171875
51206.3125
51157.17578125
51108.75
51061.33203125
51013.36328125
50963.6171875
50911.546875
50858.2734375
50805.578125
50755.4296875
50707.3828125
50660.5546875
50612.8125
50564.61328125
50515.85546875
50467.734375
50420.015625
50373.2578125
50327.2265625
50281.58203125
50235.6796875
50189.6875
50143.7890625
50098.33984375
50053.14453125
50008.2578125
49961.8984375
49915.08984375
49866.1015625
49818.484375
49772.27734375
49727.53125
49682.26171875
49635.3203125
49586.671875
49538.3515625
49491.9296875
49447.21484375
49402.3828125
49357.21484375
49312.125
49268.1484375
49224.8515625
49181.73046875
49138.42578125
49094.5234375
49050.578125
49007.1484375
48963.83203125
48920.34765625
48876.7421875
48832.75390625
48789.02734375
48746.234375
48704.2265625
48663.171875
48622.5703125
48582.35546875
48542.10546875
48501.5234375
48459.921875
48417.25
48373.046875
48328.6328125
48284.1640625
48240.72265625
48198.5703125
48157.765625
48117.4921875
48079.2109375
48041.34375
48008.95703125
47962.4921875
47913.3203125
47872.30078125
47838.47265625
47817.88671875
47762.52734375
47723.75
47685.27734375
47637.07421875
47604.234375
47589.03125
47533.94921875
47503.5390625
47454.10546875
47415.1171875
47375.0
47326.11328125
47288.10546875
47244.51171875
47201.8828125
47165.93359375
47127.91015625
47090.66796875
47049.1171875
47008.9921875
46969.5234375
46927.0546875
46889.65625
46851.59375
46813.2890625
46777.24609375
46742.48046875
46707.6484375
46673.78515625
46638.84375
46603.4140625
46563.79296875
46524.8515625
46483.12109375
46442.19921875
46404.28125
46368.625
46333.0078125
46295.89453125
46256.28125
46215.4609375
46174.6015625
46136.95703125
46100.8359375
46065.6171875
46030.0546875
45992.71875
45955.05078125
45918.25390625
45882.59765625
45848.0546875
45813.5859375
45779.1953125
45744.36328125
45710.55859375
45677.0078125
45643.3671875
45607.84375
45570.0546875
45530.91796875
45493.6171875
45459.453125
45426.734375
45392.0234375
45355.09765625
45318.94140625
45285.7890625
45255.01171875
45224.32421875
45191.8515625
45158.5859375
45124.8984375
45092.140625
45058.875
45024.2890625
44987.4375
44950.203125
44914.76953125
44883.078125
44853.953125
44825.0625
44793.1953125
44757.71484375
44720.39453125
44685.8203125
44655.59375
44627.890625
44598.92578125
44566.71875
44532.828125
44499.6484375
44468.45703125
44437.83203125
44404.25390625
44367.53515625
44328.3828125
44291.7578125
44259.8203125
44231.00390625
44202.21875
44171.6484375
44140.16796875
44111.14453125
44082.01171875
44045.3671875
44007.96484375
43975.88671875
43938.90234375
43906.39453125
43876.93359375
43843.09375
43813.8125
43787.01953125
43758.1796875
43732.49609375
43706.6328125
43683.265625
43652.25390625
43615.64453125
43581.0390625
43553.58984375
43529.66796875
43501.97265625
43468.4453125
43432.640625
43396.875
43363.40625
43332.46875
43305.58203125
43281.15625
43253.69921875
43221.90234375
43186.828125
43156.09765625
43129.390625
43102.828125
43075.90625
43048.4765625
43022.4375
42996.2265625
42967.21875
42934.33984375
42898.90234375
42863.78515625
42831.46875
42802.2734375
42775.73828125
42749.53515625
42721.82421875
42692.08984375
42661.84765625
42631.52734375
42602.4765625
42574.8359375
42548.859375
42521.91015625
42494.58984375
42465.7734375
42436.71484375
42407.37109375
42379.30078125
42352.98046875
42327.61328125
42302.1484375
42277.265625
42252.46484375
42228.0234375
42201.296875
42171.92578125
42139.61328125
42108.07421875
42080.0546875
42055.06640625
42029.7421875
42002.59765625
41973.3515625
41945.36328125
41918.2265625
41892.25
41864.99609375
41837.609375
41810.90234375
41785.5234375
41760.5703125
41734.35546875
41706.97265625
41678.5234375
41651.2109375
41625.10546875
41599.64453125
41574.15625
41547.8515625
41521.45703125
41495.0859375
41468.90625
41442.40625
41415.7734375
41389.0546875
41363.0078125
41337.8125
41313.046875
41288.44921875
41263.82421875
41239.39453125
41215.390625
41191.45703125
41167.578125
41144.09375
41120.8125
41097.6015625
41073.95703125
41049.42578125
41024.8515625
41000.74609375
40977.484375
40954.15234375
40929.4765625
40902.421875
40874.08203125
40845.68359375
40818.984375
40794.35546875
40771.3828125
40748.62890625
40725.0390625
40700.55078125
40676.16796875
40653.015625
40631.51171875
40610.6171875
40589.78125
40567.9765625
40545.78125
40522.84765625
40475.73046875
40467.54296875
40459.3359375
40421.1328125
40421.67578125
40396.7265625
40374.8671875
40368.9296875
40341.0078125
40329.0546875
40313.6015625
40291.328125
40280.140625
40260.35546875
40243.5546875
40229.24609375
40210.25390625
40195.17578125
40178.59375
40161.66015625
40146.1484375
40129.375
40113.4140625
40097.1640625
40081.078125
40064.9921875
40048.91796875
40033.0625
40016.703125
40000.99609375
39984.90625
39968.78515625
39953.25
39937.0703125
39921.26171875
39905.578125
39889.4453125
39873.8203125
39858.06640625
39842.171875
39826.62890625
39810.8671875
39795.01171875
39779.41796875
39763.6484375
39748.125
39732.33984375
39716.8125
39701.1953125
39685.6796875
39670.1015625
39654.48828125
39638.91796875
39623.47265625
39607.82421875
39592.5234375
39577.0625
39561.59765625
39546.14453125
39530.72265625
39515.37890625
39500.1640625
39484.7265625
39469.3828125
39454.1328125
39438.8515625
39423.546875
39408.27734375
39393.09765625
39377.7890625
39362.7421875
39347.4375
39332.3984375
39317.1953125
39302.07421875
39286.9609375
39271.91015625
39256.9140625
39241.7265625
39226.765625
39211.7890625
39196.79296875
39181.83984375
39166.9453125
39151.96875
39136.94921875
39122.0234375
39107.2734375
39092.296875
39077.56640625
39062.72265625
39047.98046875
39033.1640625
39018.39453125
39003.5078125
38988.83984375
38974.19140625
38959.6171875
38944.7890625
38930.23046875
38915.55859375
38900.95703125
38886.26953125
38871.7890625
38857.13671875
38842.4921875
38828.046875
38813.56640625
38798.984375
38784.6015625
38770.1796875
38755.8046875
38741.33203125
38727.0390625
38712.609375
38698.2890625
38683.90234375
38669.55078125
38655.2578125
38640.98828125
38626.6796875
38612.53125
38598.26953125
38583.9921875
38569.78125
38555.5390625
38541.3203125
38527.12890625
38513.03125
38498.8671875
38484.8515625
38470.73046875
38456.64453125
38442.60546875
38428.52734375
38414.5703125
38400.4296875
38386.4453125
38372.4609375
38358.515625
38344.5625
38330.5859375
38316.625
38302.7265625
38288.81640625
38274.9296875
38261.1015625
38247.13671875
38233.31640625
38219.4296875
38205.61328125
38191.84375
38178.0078125
38164.19921875
38150.4296875
38136.703125
38122.875
38109.1484375
38095.4453125
38081.80859375
38068.09375
38054.33203125
38040.796875
38027.109375
38013.4609375
37999.9375
37986.26171875
37972.7734375
37959.171875
37945.65625
37932.12890625
37918.67578125
37905.12890625
37891.6640625
37878.14453125
37864.82421875
37851.3515625
37837.8984375
37824.578125
37811.125
37797.796875
37784.375
37771.12109375
37757.79296875
37744.51171875
37731.2421875
37717.953125
37704.75
37691.48828125
37678.2421875
37664.9765625
37651.859375
37638.5859375
37625.38671875
37612.23828125
37599.0859375
37585.8828125
37572.8046875
37559.609375
37546.49609375
37533.3359375
37520.2734375
37507.1875
37494.0703125
37481.0
37467.89453125
37454.8828125
37441.83984375
37428.83203125
37415.7578125
37402.76953125
37389.80859375
37376.7421875
37363.8515625
37350.796875
37337.890625
37324.94140625
37312.0
37299.1328125
37286.2265625
37273.2265625
37260.3828125
37247.50390625
37234.640625
37221.77734375
37208.78125
37196.0234375
37183.16796875
37170.22265625
37157.375
37144.61328125
37131.796875
37118.98046875
37106.15625
37093.37109375
37080.5625
37067.81640625
37055.109375
37042.4453125
37029.6328125
37017.03125
37004.30859375
36991.68359375
36979.01953125
36966.44921875
36953.88671875
36941.28515625
36928.74609375
36916.2890625
36903.74609375
36891.26953125
36878.69921875
36866.19140625
36853.6875
36841.2890625
36828.82421875
36816.28125
36803.78125
36791.359375
36778.87109375
36766.37890625
36753.8203125
36741.328125
36728.83984375
36716.40234375
36703.8046875
36691.30078125
36678.7578125
36666.15234375
36653.6796875
36641.1171875
36628.5546875
36616.0625
36603.58984375
36591.109375
36578.78125
36566.48828125
36554.375
36542.2734375
36530.19140625
36518.1484375
36506.1484375
36494.0390625
36482.07421875
36469.98828125
36458.0703125
36445.94921875
36434.12109375
36422.1328125
36410.08203125
36398.203125
36386.16796875
36374.21875
36362.30859375
36350.47265625
36338.6171875
36326.71484375
36314.83203125
36303.00390625
36291.14453125
36279.34765625
36267.59375
36255.72265625
36243.94140625
36232.21484375
36220.45703125
36208.796875
36197.03125
36185.453125
36174.1328125
36163.109375
36153.1328125
36144.65234375
36137.91015625
36131.16796875
36117.515625
36096.92578125
36080.265625
36073.21875
36065.16015625
36048.77734375
36034.00390625
36025.66015625
36014.92578125
36000.05859375
35987.875
35978.4296875
35966.2734375
35952.6875
35941.84375
35931.29296875
35918.48046875
35906.2734375
35895.71484375
35884.15234375
35871.76171875
35860.3046875
35849.37890625
35837.50390625
35825.58203125
35814.41796875
35803.21875
35791.33984375
35779.890625
35768.66015625
35757.359375
35745.8203125
35734.48046875
35723.30078125
35711.984375
35700.53125
35689.37890625
35678.1484375
35666.84375
35655.55859375
35644.46875
35633.3203125
35622.078125
35610.921875
35599.84375
35588.7734375
35577.5859375
35566.5625
35555.4453125
35544.35546875
35533.28125
35522.203125
35511.2265625
35500.1171875
35489.12109375
35478.125
35467.14453125
35456.12109375
35445.06640625
35434.0390625
35423.0546875
35412.12109375
35401.109375
35390.16015625
35379.21484375
35368.2890625
35357.3203125
35346.41015625
35335.4765625
35324.58203125
35313.640625
35302.76171875
35291.90234375
35281.046875
35270.15625
35259.28515625
35248.42578125
35237.56640625
35226.80859375
35216.03515625
35205.28125
35194.44921875
35183.66015625
35172.9375
35162.13671875
35151.1875
35140.22265625
35129.359375
35118.5234375
35107.7578125
35097.28125
35086.80859375
35076.54296875
35066.125
35056.125
35045.36328125
35034.87109375
35023.6171875
35012.60546875
35001.55078125
34990.796875
34980.26171875
34970.01171875
34959.9375
34949.53125
34939.26171875
34928.64453125
34918.15234375
34907.7578125
34897.62890625
34887.95703125
34878.5703125
34869.22265625
34859.03125
34847.99609375
34836.234375
34825.109375
34814.98828125
34805.265625
34795.4453125
34785.03515625
34774.34375
34763.96484375
34754.05859375
34744.53125
34734.9765625
34725.25
34715.35546875
34705.24609375
34694.859375
34684.796875
34674.69140625
34665.15625
34654.953125
34644.3984375
34633.5546875
34622.87109375
34613.1015625
34603.5859375
34594.3359375
34584.37109375
34574.26953125
34563.7890625
34553.65234375
34543.34375
34533.46484375
34523.453125
34513.54296875
34503.48046875
34493.28515625
34483.18359375
34473.203125
34463.38671875
34453.70703125
34444.15234375
34434.58203125
34425.09765625
34415.625
34406.37890625
34396.9609375
34386.94921875
34376.7265625
34366.19140625
34355.92578125
34346.125
34336.4453125
34326.97265625
34317.25390625
34307.64453125
34297.91796875
34288.3359375
34278.51953125
34268.77734375
34259.10546875
34249.4609375
34239.98828125
34230.70703125
34221.4375
34212.15625
34202.82421875
34193.56640625
34184.34375
34175.45703125
34166.453125
34157.4921875
34148.1171875
34138.64453125
34128.9453125
34119.37109375
34109.9765625
34101.05859375
34092.4296875
34083.9296875
34075.29296875
34066.265625
34056.8984375
34047.19921875
34036.70703125
34026.08984375
34015.8046875
34006.484375
33998.0859375
33990.0625
33981.6640625
33973.02734375
33964.2109375
33955.484375
33946.875
33938.00390625
33929.18359375
33920.3359375
33911.5078125
33902.6640625
33893.83203125
33885.078125
33876.1796875
33866.9375
33856.9765625
33846.4453125
33835.7578125
33825.44140625
33815.7265625
33806.796875
33798.2265625
33789.7265625
33780.96484375
33772.0
33762.67578125
33753.515625
33744.3125
33735.4453125
33727.0859375
33719.36328125
33711.91796875
33704.83984375
33696.91796875
33688.390625
33679.05859375
33669.55859375
33660.125
33651.03125
33642.1640625
33633.71484375
33625.44921875
33617.6953125
33610.171875
33602.7734375
33594.51171875
33584.73046875
33573.296875
33561.1875
33549.8359375
33539.99609375
33531.53515625
33523.65625
33515.05859375
33505.515625
33494.953125
33484.609375
33474.94921875
33466.3359375
33458.203125
33450.22265625
33441.65234375
33432.37890625
33422.5546875
33412.5078125
33402.43359375
33392.51953125
33382.6015625
33372.96875
33363.90625
33355.31640625
33347.140625
33339.0546875
33330.6796875
33321.796875
33312.734375
33303.5546875
33294.60546875
33286.015625
33277.7890625
33269.68359375
33261.52734375
33253.34375
33245.0078125
33236.62109375
33227.98046875
33219.1640625
33210.1796875
33201.25390625
33192.4453125
33184.03125
33176.125
33168.71875
33161.48828125
33154.25
33146.66015625
33138.70703125
33130.18359375
33121.30078125
33112.34375
33103.80859375
33095.95703125
33088.7421875
33082.40625
33076.37109375
33070.46875
33063.5703125
33056.3203125
33048.1484375
33040.0703125
33031.34765625
33022.30078125
33011.83984375
33000.15625
32988.18359375
32977.49609375
32969.171875
32962.546875
32956.20703125
32948.50390625
32939.1796875
32928.65625
32918.3984375
32909.33203125
32901.62890625
32894.7734375
32887.8359375
32880.50390625
32872.5
32864.21484375
32855.81640625
32847.67578125
32839.6953125
32831.8515625
32824.2578125
32816.69140625
32809.1171875
32801.24609375
32792.83203125
32783.75
32774.140625
32764.37890625
32755.1953125
32747.20703125
32740.45703125
32734.3828125
32728.1484375
32721.1875
32712.6953125
32702.98828125
32692.384765625
32681.994140625
32672.2734375
32663.7421875
32655.916015625
32648.60546875
32641.134765625
32633.341796875
32625.416015625
32617.484375
32609.888671875
32602.603515625
32596.162109375
32589.73046875
32583.6640625
32576.779296875
32569.16796875
32560.16015625
32550.55078125
32541.36328125
32532.71484375
32524.478515625
32516.033203125
32507.52734375
32499.09765625
32491.189453125
32484.09375
32477.751953125
32471.806640625
32466.27734375
32460.13671875
32453.70703125
32445.23046875
32435.46484375
32425.029296875
32415.947265625
32408.572265625
32402.078125
32394.8515625
32386.09375
32376.56640625
32367.1953125
32359.087890625
32351.859375
32345.232421875
32338.341796875
32331.484375
32324.595703125
32317.97265625
32310.71484375
32302.63671875
32293.40625
32284.458984375
32276.21875
32268.79296875
32261.0546875
32252.755859375
32244.044921875
32236.201171875
32229.181640625
32223.142578125
32216.703125
32209.486328125
32201.3125
32192.73828125
32184.798828125
32177.5859375
32171.478515625
32165.748046875
32160.25390625
32154.2109375
32147.728515625
32140.322265625
32132.546875
32124.2421875
32116.248046875
32108.2578125
32100.765625
32093.466796875
32086.412109375
32079.375
32072.28125
32064.77734375
32056.56640625
32047.84375
32038.7109375
32029.796875
32021.22265625
32013.2578125
32005.630859375
31997.86328125
31989.943359375
31981.80078125
31973.875
31966.294921875
31959.603515625
31953.45703125
31947.67578125
31940.7109375
31933.79296875
31927.6796875
31921.849609375
31915.2109375
31907.37890625
31900.09765625
31893.576171875
31887.5859375
31881.484375
31875.5234375
31869.14453125
31861.828125
31853.7421875
31844.869140625
31835.82421875
31826.8984375
31819.771484375
31813.79296875
31808.689453125
31803.203125
31797.21484375
31789.173828125
31779.52734375
31768.79296875
31758.5
31749.09765625
31740.806640625
31733.3515625
31725.84765625
31717.765625
31709.1640625
31700.28515625
31691.75390625
31684.029296875
31677.14453125
31670.708984375
31664.02734375
31657.025390625
31649.5078125
31641.705078125
31633.517578125
31625.509765625
31617.525390625
31610.017578125
31602.765625
31595.888671875
31589.26171875
31582.6796875
31576.416015625
31570.412109375
31565.291015625
31561.396484375
31559.869140625
31561.896484375
31566.744140625
31567.640625
31554.86328125
31535.412109375
31526.0
31525.685546875
31519.158203125
31504.134765625
31494.818359375
31493.00390625
31487.65625
31477.41796875
31469.265625
31463.49609375
31456.234375
31448.78125
31443.05078125
31438.955078125
31433.69921875
31428.04296875
31421.80859375
31414.716796875
31405.3125
31395.201171875
31385.11328125
31375.369140625
31365.62109375
31356.75390625
31349.279296875
31342.728515625
31336.29296875
31329.5390625
31322.46875
31315.16796875
31307.734375
31300.515625
31293.859375
31287.720703125
31281.48828125
31275.271484375
31268.935546875
31262.578125
31255.95703125
31249.806640625
31244.22265625
31239.287109375
31234.615234375
31229.185546875
31222.8828125
31214.78515625
31205.6015625
31195.56640625
31185.9140625
31176.951171875
31168.89453125
31161.578125
31154.623046875
31147.78125
31140.916015625
31134.248046875
31127.921875
31122.04296875
31116.505859375
31111.00390625
31105.5859375
31099.81640625
31094.15625
31088.60546875
31083.3125
31078.28125
31073.14453125
31067.583984375
31060.875
31053.25390625
31044.96484375
31036.740234375
31029.0625
31022.189453125
31016.0078125
31009.99609375
31004.18359375
30997.8359375
30991.091796875
30983.423828125
30975.1796875
30966.76953125
30958.8125
30951.7421875
30945.73046875
30940.419921875
30935.458984375
30930.564453125
30925.19921875
30919.49609375
30913.27734375
30906.890625
30900.53125
30894.552734375
30889.125
30884.015625
30878.8984375
30872.96875
30866.103515625
30858.62109375
30851.171875
30844.34765625
30837.89453125
30831.42578125
30824.166015625
30816.15234375
30807.9453125
30800.046875
30793.224609375
30787.255859375
30782.0859375
30776.859375
30771.744140625
30766.33203125
30761.31640625
30756.388671875
30751.734375
30746.796875
30741.4609375
30735.43359375
30728.984375
30721.861328125
30714.841796875
30707.482421875
30700.732421875
30693.80078125
30687.166015625
30680.037109375
30672.69921875
30665.046875
30657.220703125
30649.416015625
30641.5234375
30633.96484375
30626.7890625
30620.390625
30614.18359375
30607.990234375
30601.23046875
30594.166015625
30587.119140625
30580.7421875
30574.97265625
30569.71484375
30564.451171875
30559.220703125
30553.8984375
30548.5234375
30542.875
30536.875
30530.50390625
30524.12890625
30517.765625
30511.7265625
30506.10546875
30501.01171875
30496.33984375
30491.640625
30486.47265625
30480.43359375
30473.673828125
30466.05078125
30458.048828125
30450.08203125
30443.205078125
30437.51953125
30432.92578125
30429.02734375
30424.91796875
30420.224609375
30414.40625
30408.0
30400.8828125
30394.3046875
30387.609375
