7772.12255859375
7761.484375
7751.28173828125
7741.5009765625
7732.11962890625
7723.1142578125
7714.4287109375
7706.0234375
7697.87158203125
7689.943359375
7682.22998046875
7674.71240234375
7667.390625
7660.25634765625
7653.3056640625
7646.537109375
7639.951171875
7633.5341796875
7627.2939453125
7621.21923828125
7615.3115234375
7609.56005859375
7603.9619140625
7598.513671875
7593.21484375
7588.05029296875
7583.021484375
7578.126953125
7573.36083984375
7568.71875
7564.20361328125
7559.8095703125
7555.53125
7551.373046875
7547.326171875
7543.3857421875
7539.552734375
7535.8232421875
7532.1943359375
7528.6611328125
7525.2197265625
7521.8701171875
7518.6064453125
7515.4267578125
7512.3291015625
7509.3095703125
7506.3671875
7503.5009765625
7500.70361328125
7497.97705078125
7495.31640625
7492.7236328125
7490.1904296875
7487.7216796875
7485.3095703125
7482.9560546875
7480.658203125
7478.4140625
7476.22265625
7474.08251953125
7471.99267578125
7469.94921875
7467.95361328125
7466.0048828125
7464.1005859375
7462.23583984375
7460.41357421875
7458.63232421875
7456.89013671875
7455.1875
7453.52099609375
7451.89111328125
7450.29638671875
7448.73583984375
7447.2080078125
7445.7109375
7444.2470703125
7442.81640625
7441.4111328125
7440.0390625
7438.6953125
7437.3798828125
7436.0947265625
7434.83251953125
7433.595703125
7432.38525390625
7431.2001953125
7430.0419921875
7428.90185546875
7427.78515625
7426.689453125
7425.61962890625
7424.5712890625
7423.54345703125
7422.5361328125
7421.54931640625
7420.58154296875
7419.6318359375
7418.70166015625
7417.7890625
7416.8955078125
7416.0166015625
7415.158203125
7414.3154296875
7413.4892578125
7412.68017578125
7411.8857421875
7411.1064453125
7410.341796875
7409.59326171875
7408.8583984375
7408.1376953125
7407.4296875
7406.7353515625
7406.05859375
7405.3916015625
7404.736328125
7404.09375
7403.46435546875
7402.84716796875
7402.23974609375
7401.646484375
7401.0625
7400.49072265625
7399.9306640625
7399.380859375
7398.83837890625
7398.30859375
7397.78759765625
7397.27734375
7396.77734375
7396.28369140625
7395.798828125
7395.322265625
7394.8564453125
7394.3994140625
7393.95361328125
7393.51416015625
7393.0810546875
7392.65478515625
7392.2431640625
7391.83154296875
7391.42919921875
7391.03271484375
7390.642578125
7390.2607421875
7389.88720703125
7389.517578125
7389.15576171875
7388.7978515625
7388.447265625
7388.10107421875
7387.7587890625
7387.42578125
7387.09814453125
7386.775390625
7386.45849609375
7386.1474609375
7385.83984375
7385.53759765625
7385.2392578125
7384.9462890625
7384.6591796875
7384.3740234375
7384.095703125
7383.8203125
7383.55078125
7383.283203125
7383.01904296875
7382.759765625
7382.5048828125
7382.255859375
7382.0087890625
7381.76318359375
7381.5224609375
7381.28466796875
7381.05126953125
7380.822265625
7380.59423828125
7380.37158203125
7380.15087890625
7379.93359375
7379.72021484375
7379.5087890625
7379.2998046875
7379.095703125
7378.892578125
7378.6923828125
7378.4951171875
7378.30078125
7378.111328125
7377.921875
7377.7333984375
7377.55029296875
7377.3671875
7377.1865234375
7377.00732421875
7376.8330078125
7376.662109375
7376.49072265625
3443348.0
7945075.0
129325.4140625
49347.59765625
49525.5859375
102754.1328125
81209.3828125
57332.3359375
56975.5859375
47309.64453125
43309.37890625
40140.36328125
38093.703125
37087.59375
36387.296875
35615.83984375
34756.33984375
34002.00390625
33448.40625
32997.390625
32465.818359375
31815.216796875
31146.0703125
30531.115234375
29959.47265625
29413.8125
28878.947265625
28329.142578125
27756.0390625
27139.97265625
26524.00390625
25920.15625
25338.404296875
24772.25390625
24214.154296875
23667.6328125
23198.134765625
22679.017578125
22227.74609375
21781.15234375
21353.3984375
20965.34765625
20607.861328125
20251.2734375
19903.76171875
19584.169921875
19281.162109375
18984.78515625
18700.099609375
18427.21875
18158.306640625
17894.98828125
17647.337890625
17416.978515625
17195.4453125
16978.3125
16768.427734375
16567.76171875
16374.822265625
16186.505859375
16002.34375
15825.357421875
15656.373046875
15492.9658203125
15334.2607421875
15180.7685546875
15032.841796875
14890.18359375
14752.4765625
14618.419921875
14486.8623046875
14357.9482421875
14232.453125
14110.17578125
13990.9609375
13874.447265625
13760.373046875
13648.82421875
13540.3125
13431.681640625
13325.85546875
13222.6669921875
13120.783203125
13020.77734375
12922.6474609375
12826.3232421875
12731.5478515625
12638.58203125
12547.0
12456.623046875
12367.7470703125
12280.115234375
12194.029296875
12109.185546875
12025.5791015625
11943.2724609375
11861.9814453125
11781.9677734375
11703.013671875
11625.375
11547.439453125
11471.0478515625
11392.64453125
11316.7939453125
11243.318359375
11167.6875
11092.685546875
11018.8115234375
10947.625
10878.0849609375
10807.2158203125
10739.107421875
10673.607421875
10608.203125
10544.173828125
10481.873046875
10421.1240234375
10361.4052734375
10301.759765625
10243.142578125
10185.51171875
10127.97265625
10070.572265625
10013.57421875
9957.6484375
9902.7119140625
9848.3271484375
9794.64453125
9741.755859375
9689.755859375
9638.578125
9588.06640625
9538.1962890625
9488.986328125
9440.41015625
9392.4345703125
9344.9541015625
9297.9267578125
9251.322265625
9205.19140625
9159.529296875
9114.35546875
9069.6640625
9025.384765625
8981.57421875
8938.177734375
8895.2666015625
8852.841796875
8810.91015625
8769.470703125
8728.5234375
8688.056640625
8648.0244140625
8608.4443359375
8569.28515625
8530.6025390625
8492.341796875
8454.583984375
8417.232421875
8380.439453125
8343.9599609375
8308.0712890625
8272.2666015625
8237.0263671875
8201.81640625
8167.171875
8132.87158203125
8099.0771484375
8065.7216796875
8032.7783203125
8000.2158203125
7968.01123046875
7936.18896484375
7904.7021484375
7873.6455078125
7842.8671875
7812.7900390625
7782.4501953125
7752.81103515625
7722.0224609375
7691.6962890625
7662.0400390625
7633.29248046875
7605.47509765625
7577.7646484375
7550.7880859375
7520.65478515625
7492.1005859375
7466.44140625
7441.1748046875
7419.7919921875
7387.67626953125
7362.2578125
7338.68310546875
7307.56103515625
7281.990234375
7260.98193359375
7232.4873046875
7208.28271484375
7185.94921875
7157.8515625
7135.1474609375
7114.6083984375
7086.8466796875
7065.9814453125
7042.3583984375
7016.4111328125
6997.98974609375
6975.9794921875
6950.02734375
6930.28173828125
6903.046875
6885.26806640625
6861.96337890625
6837.6943359375
6817.8935546875
6795.31494140625
6773.166015625
6753.24462890625
6731.22314453125
6710.09765625
6689.916015625
6669.0048828125
6648.2744140625
6628.259765625
6608.03515625
6587.7275390625
6567.953125
6548.2392578125
6528.42138671875
6508.83203125
6489.5517578125
6470.19580078125
6450.9169921875
6431.9208984375
6412.9150390625
6394.06298828125
6375.36865234375
6356.7841796875
6338.41845703125
6320.25048828125
6302.11328125
6283.56005859375
6264.86328125
6246.80078125
6229.15234375
6211.26171875
6193.12255859375
6175.4501953125
6158.130859375
6140.53125
6122.95166015625
6105.810546875
6088.6923828125
6071.4013671875
6054.3525390625
6037.525390625
6020.6337890625
6003.7822265625
5987.13525390625
5970.5791015625
5954.02099609375
5937.64697265625
5921.646484375
5905.43505859375
5888.86376953125
5872.4775390625
5856.6875
5840.89990234375
5824.7880859375
5808.8388671875
5793.28466796875
5777.7333984375
5762.04541015625
5746.52783203125
5731.3203125
5716.2744140625
5701.2568359375
5686.42529296875
5671.5390625
5656.17822265625
5640.3330078125
5624.89306640625
5610.31640625
5595.9345703125
5581.0673828125
5565.81591796875
5550.96875
5536.6708984375
5522.30615234375
5507.5849609375
5492.90283203125
5478.6083984375
5464.4287109375
5450.06201171875
5435.6669921875
5421.51611328125
5407.525390625
5393.4365234375
5379.30078125
5365.322265625
5351.5634765625
5337.94970703125
5324.525390625
5311.62548828125
5299.388671875
5286.998046875
5272.7197265625
5256.4873046875
5241.6162109375
5229.44873046875
5217.142578125
5202.62353515625
5188.10009765625
5175.73583984375
5163.50634765625
5149.55078125
5135.53076171875
5123.1025390625
5110.7734375
5097.80712890625
5084.49267578125
5071.44921875
5058.0166015625
5044.81103515625
5032.419921875
5019.86181640625
5006.7041015625
4993.68505859375
4981.203125
4968.515625
4955.3203125
4942.62109375
4930.54345703125
4918.291015625
4905.771484375
4893.390625
4881.265625
4868.96728515625
4856.6201171875
4844.783203125
4833.427734375
4821.859375
4809.236328125
4796.1982421875
4783.7333984375
4772.00244140625
4760.30517578125
4748.4677734375
4736.81640625
4725.2578125
4713.4404296875
4701.59716796875
4690.021484375
4678.1142578125
4666.0107421875
4654.2548828125
4643.02880859375
4631.67578125
4620.04931640625
4608.6513671875
4597.5224609375
4586.3408203125
4575.1923828125
4565.1572265625
4556.2060546875
4550.8837890625
4539.3955078125
4521.888671875
4507.931640625
4504.11083984375
4512.85693359375
4491.11279296875
4471.72705078125
4472.68408203125
4448.28515625
4432.7314453125
4425.611328125
4411.18701171875
4401.98779296875
4394.6162109375
4382.0869140625
4372.99951171875
4361.779296875
4347.39404296875
4336.62939453125
4326.916015625
4316.8857421875
4307.5185546875
4296.6845703125
4286.1201171875
4275.029296875
4266.060546875
4256.59033203125
4244.9384765625
4235.5869140625
4226.1181640625
4216.18017578125
4207.888671875
4197.81201171875
4187.2578125
4177.52734375
4166.63134765625
4156.376953125
4147.04931640625
4137.59521484375
4128.3994140625
4118.765625
4109.115234375
4100.1298828125
4091.0361328125
4081.2841796875
4071.193359375
4061.8388671875
4053.498046875
4044.79248046875
4034.82080078125
4024.8251953125
4016.1435546875
4008.13720703125
4000.11474609375
3992.48046875
3985.15625
3977.1416015625
3968.0849609375
3959.51220703125
3955.42724609375
3960.28515625
3978.65625
3950.91259765625
3915.96875
3924.44482421875
3909.2822265625
3890.78662109375
3894.384765625
3873.7724609375
3869.28076171875
3863.00048828125
3849.693359375
3848.439453125
3831.04541015625
3824.6728515625
3813.5703125
3803.80517578125
3798.86181640625
3787.94482421875
3781.76953125
3771.23828125
3762.98974609375
3756.41943359375
3746.6396484375
3739.89599609375
3730.7451171875
3724.763671875
3717.8076171875
3709.50048828125
3702.2109375
3693.5537109375
3686.20556640625
3677.052734375
3667.6845703125
3659.4423828125
3651.54052734375
3645.6025390625
3638.5712890625
3631.49658203125
3623.3251953125
3615.07666015625
3607.9775390625
3601.623046875
3596.4384765625
3590.94677734375
3584.78369140625
3577.732421875
3569.927734375
3561.76171875
3553.59521484375
3545.85888671875
3538.275390625
3530.5556640625
3522.75439453125
3515.58837890625
3509.50439453125
3503.7900390625
3497.4052734375
3489.771484375
3482.87109375
3477.25
3472.84033203125
3466.90625
3458.46044921875
3448.78173828125
3440.6240234375
3434.837890625
3429.42626953125
3422.5322265625
3414.5458984375
3407.263671875
3401.20654296875
3395.1904296875
3388.2763671875
3381.24169921875
3375.2421875
3370.02294921875
3364.36181640625
3358.03369140625
3352.13623046875
3347.79736328125
3344.912109375
3342.5380859375
3340.76953125
3337.140625
3331.677734375
3321.5146484375
3309.5107421875
3299.10986328125
3292.0390625
3288.50634765625
3284.65185546875
3279.39599609375
3271.94775390625
3265.6142578125
3261.21044921875
3255.38671875
3245.87158203125
3234.2158203125
3225.52783203125
3220.64892578125
3216.38525390625
3209.92529296875
3201.8349609375
3194.9296875
3190.0732421875
3184.8974609375
3178.58349609375
3171.69580078125
3166.23828125
3161.9599609375
3157.146484375
3150.888671875
3144.1533203125
3138.43994140625
3133.51708984375
3128.064453125
3121.521484375
3115.40087890625
3110.99169921875
3107.0126953125
3101.15185546875
3093.7578125
3087.3955078125
3083.45068359375
3080.478515625
3077.38037109375
3074.24072265625
3071.919921875
3069.865234375
3067.072265625
3060.8798828125
3051.1474609375
3040.83447265625
3033.896484375
3029.72998046875
3025.306640625
3019.0478515625
3012.7158203125
3008.57275390625
3005.9287109375
3002.685546875
2998.07958984375
2993.779296875
2991.005859375
2987.72216796875
2980.48583984375
2970.25
2962.798828125
2961.02587890625
2961.15673828125
2956.5302734375
2946.3623046875
2935.87451171875
2930.42138671875
2928.453125
2925.0703125
2918.2421875
2910.4853515625
2905.10546875
2901.7841796875
2898.46728515625
2894.07373046875
2889.259765625
2885.46142578125
2882.236328125
2879.72021484375
2876.056640625
2871.7216796875
2865.1171875
2857.2587890625
2849.7451171875
2844.6474609375
2841.71484375
2838.7451171875
2834.10009765625
2827.755859375
2821.68994140625
2817.77734375
2814.85791015625
2811.5361328125
2806.1357421875
2800.228515625
2795.150390625
2791.49072265625
2788.47802734375
2784.98095703125
2781.1943359375
2777.3623046875
2774.2158203125
2771.18603515625
2768.89453125
2766.2041015625
2764.26806640625
2761.34130859375
2757.86962890625
2752.365234375
2745.47705078125
2738.2666015625
2732.72021484375
2729.95068359375
2728.904296875
2727.361328125
2722.970703125
2716.48291015625
2710.380859375
2707.69970703125
2707.32373046875
2707.1396484375
2703.77685546875
2697.6923828125
2690.51171875
2684.5263671875
2680.0322265625
2676.85693359375
2674.55126953125
2672.69140625
2670.10693359375
2665.306640625
2658.76171875
2652.318359375
2647.34765625
2643.4921875
2639.482421875
2635.21337890625
2630.984375
2627.5625
2624.6513671875
2621.54541015625
2617.3330078125
2612.0029296875
2605.96875
2600.44775390625
2596.03564453125
2592.96728515625
2590.6513671875
2588.77783203125
2586.1904296875
2582.95556640625
2578.32373046875
2573.85302734375
2570.26416015625
2568.326171875
2566.87890625
2564.13232421875
2559.90087890625
2554.681640625
2550.58203125
2547.501953125
2544.9150390625
2541.39111328125
2537.4296875
2533.49853515625
2530.353515625
2527.271484375
2524.21728515625
2520.58984375
2516.69921875
2512.21728515625
2507.70361328125
2503.5419921875
2500.4189453125
2498.25
2496.58544921875
2494.79296875
2492.46923828125
2489.390625
2485.23583984375
2480.04052734375
2474.357421875
2468.77490234375
2464.0986328125
2460.35888671875
2457.80029296875
2455.57861328125
2453.59912109375
2451.10302734375
2448.49658203125
2445.916015625
2444.30029296875
2443.173828125
2441.55517578125
2436.76171875
2430.033203125
2423.73779296875
2421.75634765625
2421.45166015625
2418.39990234375
2411.91357421875
2405.51025390625
2403.79638671875
2404.6337890625
2404.93115234375
2401.3134765625
2397.88525390625
2395.27197265625
2392.7724609375
2386.80224609375
2382.1630859375
2379.13623046875
2377.31396484375
2375.19482421875
2371.373046875
2366.6416015625
2362.6767578125
2358.6689453125
2357.5283203125
2356.15966796875
2354.412109375
2351.20654296875
2347.89013671875
2343.89208984375
2340.65966796875
2337.3935546875
2334.35400390625
2330.6455078125
2326.0986328125
2321.05712890625
2316.4306640625
2312.66796875
2309.35693359375
2306.18505859375
2302.21630859375
2297.53076171875
2292.3076171875
2287.3896484375
2283.6298828125
2281.05615234375
2278.953125
2276.60498046875
2273.68896484375
2270.83935546875
2268.46630859375
2266.8701171875
2265.533203125
2263.8955078125
2261.18505859375
2257.474609375
2253.48095703125
2249.94189453125
2247.53125
2246.1767578125
2245.48974609375
2244.95654296875
2244.0771484375
2242.28564453125
2239.9765625
2236.55517578125
2232.6513671875
2228.27197265625
2224.6240234375
2222.12744140625
2220.724609375
2219.66455078125
2218.38671875
2216.39892578125
2214.28466796875
2211.953125
2210.01513671875
2207.392578125
2204.787109375
2201.50732421875
2199.31884765625
2197.4794921875
2196.8486328125
2196.10595703125
2195.07470703125
2193.07421875
2190.28173828125
2187.22412109375
2184.3974609375
2182.41064453125
2180.34716796875
2177.341796875
2172.1162109375
2165.3740234375
2158.640625
2153.8486328125
2151.7421875
2151.13623046875
2150.36279296875
2148.03564453125
2145.02978515625
2142.0791015625
2140.04833984375
2138.052734375
2135.8642578125
2133.451171875
2131.505859375
2130.0966796875
2128.2998046875
2125.46630859375
2121.49462890625
2116.9658203125
2113.19970703125
2110.54736328125
2109.16015625
2108.22412109375
2107.4580078125
2106.62548828125
2106.18310546875
2106.21484375
2106.70556640625
2106.73876953125
2105.74609375
2102.79638671875
2098.28515625
2093.3759765625
2089.958984375
2088.9169921875
2089.228515625
2088.88720703125
2086.1123046875
2081.4990234375
2076.498046875
2073.1103515625
2071.17236328125
2069.91064453125
2067.46923828125
2064.365234375
2059.986328125
2056.38037109375
2052.4853515625
2049.72119140625
2046.81884765625
2044.3193359375
2041.94384765625
2040.42138671875
2039.7587890625
2040.30712890625
2041.25146484375
2042.740234375
2042.7744140625
2041.48876953125
2037.53369140625
2032.609375
2027.44091796875
2023.14599609375
2019.646484375
2017.24853515625
2015.8193359375
2015.275390625
2016.14306640625
2018.90576171875
2022.546875
2026.32177734375
2028.13623046875
2027.740234375
2024.1845703125
2018.46044921875
2011.22998046875
2003.892578125
1997.47021484375
1992.802734375
1989.482421875
1987.5068359375
1985.6494140625
1983.869140625
1981.767578125
1979.7509765625
1978.4169921875
1976.38818359375
1974.072265625
1970.0615234375
1966.20458984375
1963.4033203125
1961.82958984375
1960.96337890625
1958.7373046875
1955.6611328125
1951.6669921875
1949.5537109375
1949.9384765625
1951.20068359375
1951.08251953125
1948.38525390625
1944.7861328125
1942.43603515625
1942.55029296875
1943.5126953125
1943.005859375
1939.47705078125
1934.2177734375
1929.22314453125
1926.57275390625
1925.29443359375
1924.1455078125
1920.83203125
1915.48876953125
1909.2216796875
1903.9169921875
1900.61328125
1898.921875
1898.25244140625
1897.404296875
1896.48486328125
1894.61669921875
1892.3173828125
1888.9443359375
1885.57861328125
1882.55224609375
1880.7412109375
1879.8447265625
1879.68310546875
1879.50341796875
1879.140625
1878.2158203125
1876.9697265625
1875.4775390625
1874.5263671875
1873.78173828125
1873.412109375
1871.35888671875
1868.58251953125
1864.4580078125
1861.70556640625
1860.06298828125
1860.02099609375
1859.95458984375
1860.77880859375
1859.248046875
1857.607421875
1856.7705078125
1856.00048828125
1855.4609375
1852.37353515625
1849.2041015625
1845.55078125
1841.9287109375
1838.27294921875
1836.28515625
1836.5546875
1838.537109375
1838.1123046875
1834.890625
1830.57666015625
1829.13720703125
1831.55322265625
1836.04541015625
1839.2548828125
1839.234375
1836.662109375
1834.6357421875
1833.63525390625
1833.49365234375
1830.142578125
1824.19921875
1816.42431640625
1809.701171875
1805.87060546875
1804.4765625
1803.74609375
1802.169921875
1800.2275390625
1798.6630859375
1797.43017578125
1795.8232421875
1793.91259765625
1792.65185546875
1793.20263671875
1795.4462890625
1798.17431640625
1800.1904296875
1801.134765625
1801.384765625
1801.33251953125
1800.48779296875
1798.37255859375
1794.5107421875
1789.8837890625
1785.74072265625
1783.51904296875
1782.51025390625
1781.81494140625
1745.17822265625
1754.8916015625
1761.3427734375
1736.60498046875
1754.93359375
1742.2021484375
1737.30126953125
1745.6484375
1732.13623046875
1736.7568359375
1734.55078125
1728.6220703125
1731.89599609375
1726.8701171875
1725.892578125
1725.46484375
1722.2451171875
1721.78515625
1720.05322265625
1718.3935546875
1717.16357421875
1715.7958984375
1714.28662109375
1712.93798828125
1711.84375
1710.1650390625
1709.12158203125
1707.833984375
1706.32080078125
1705.37255859375
1703.90234375
1702.67138671875
1701.56982421875
1700.14794921875
1699.03466796875
1697.79931640625
1696.509765625
1695.357421875
1694.0859375
1692.8818359375
1691.67431640625
1690.43798828125
1689.24267578125
1687.998046875
1686.7880859375
1685.56201171875
1684.31396484375
1683.10205078125
1681.83984375
1680.59228515625
1679.3486328125
1678.056640625
1676.79052734375
1675.49853515625
1674.18017578125
1672.87158203125
1671.5205078125
1670.15185546875
1668.7880859375
1667.36572265625
1665.93017578125
1664.47265625
1662.96875
1661.44580078125
1659.90576171875
1658.32861328125
1656.7587890625
1655.181640625
1653.59912109375
1652.04443359375
1650.5126953125
1649.0166015625
1647.560546875
1646.1337890625
1644.734375
1643.37255859375
1642.021484375
1640.68359375
1639.357421875
1638.0380859375
1636.73779296875
1635.44970703125
1634.17431640625
1632.91455078125
1631.66796875
1630.4248046875
1629.1923828125
1627.970703125
1626.75
1625.548828125
1624.35009765625
1623.1640625
1621.98681640625
1620.814453125
1619.64306640625
1618.48779296875
1617.34033203125
1616.19580078125
1615.0517578125
1613.9169921875
1612.7802734375
1611.65673828125
1610.533203125
1609.42138671875
1608.31103515625
1607.20458984375
1606.1015625
1605.01025390625
1603.91943359375
1602.8330078125
1601.74658203125
1600.6640625
1599.58056640625
1598.505859375
1597.43505859375
1596.3662109375
1595.2978515625
1594.2373046875
1593.17626953125
1592.1171875
1591.06298828125
1590.0068359375
1588.95654296875
1587.90673828125
1586.85595703125
1585.8056640625
1584.7529296875
1583.71142578125
1582.6728515625
1581.630859375
1580.5849609375
1579.5478515625
1578.50732421875
1577.470703125
1576.4384765625
1575.40283203125
1574.373046875
1573.3466796875
1572.314453125
1571.2880859375
1570.2685546875
1569.248046875
1568.21923828125
1567.2001953125
1566.18115234375
1565.1669921875
1564.15478515625
1563.1474609375
1562.14013671875
1561.13671875
1560.13427734375
1559.13134765625
1558.134765625
1557.14404296875
1556.14599609375
1555.15234375
1554.16162109375
1553.17578125
1552.1923828125
1551.2080078125
1550.2236328125
1549.244140625
1548.265625
1547.287109375
1546.31591796875
1545.333984375
1544.36669921875
1543.39306640625
1542.42919921875
1541.45947265625
1540.4912109375
1539.53271484375
1538.56787109375
1537.60791015625
1536.64599609375
1535.6884765625
1534.736328125
1533.7822265625
1532.8310546875
1531.8779296875
1530.9287109375
1529.9775390625
1529.03369140625
1528.0888671875
1527.146484375
1526.2021484375
1525.259765625
1524.31689453125
1523.38134765625
1522.4423828125
1521.50146484375
1520.56982421875
1519.63525390625
1518.70361328125
1517.7724609375
1516.84033203125
1515.90625
1514.9794921875
1514.05419921875
1513.12646484375
1512.193359375
1511.267578125
1510.34375
1509.41748046875
1508.486328125
1507.56640625
1506.64404296875
1505.716796875
1504.80029296875
1503.87939453125
1502.96142578125
1502.03955078125
1501.12255859375
1500.205078125
1499.29150390625
1498.3759765625
1497.46240234375
1496.548828125
1495.6318359375
1494.720703125
1493.80859375
1492.904296875
1492.00048828125
1491.09423828125
1490.19287109375
1489.294921875
1488.396484375
1487.498046875
1486.60400390625
1485.71044921875
1484.81982421875
1483.93212890625
1483.05078125
1482.17041015625
1481.29150390625
1480.4111328125
1479.53466796875
1478.65771484375
1477.77978515625
1476.90771484375
1476.0341796875
1475.1650390625
1474.294921875
1473.423828125
1472.55712890625
1471.68994140625
1470.82568359375
1469.96240234375
1469.1015625
1468.23974609375
1467.3779296875
1466.51220703125
1465.65869140625
1464.79931640625
1463.9443359375
1463.08349609375
1462.23095703125
1461.37060546875
1460.51806640625
1459.67041015625
1458.81884765625
1457.9697265625
1457.1240234375
1456.2744140625
1455.4306640625
1454.5810546875
1453.7353515625
1452.8876953125
1452.046875
1451.2021484375
1450.35791015625
1449.5146484375
1448.67431640625
1447.833984375
1446.99267578125
1446.1533203125
1445.31884765625
1444.47900390625
1443.640625
1442.8046875
1441.9677734375
1441.1396484375
1440.3046875
1439.470703125
1438.63720703125
1437.8037109375
1436.9736328125
1436.1416015625
1435.3115234375
1434.47998046875
1433.6484375
1432.81640625
1431.9892578125
1431.16064453125
1430.3330078125
1429.505859375
1428.68359375
1427.8603515625
1427.041015625
1426.232421875
1425.4287109375
1424.6435546875
1423.87548828125
1423.15966796875
1422.4541015625
1421.8515625
1421.14306640625
1420.4697265625
1419.4228515625
1418.322265625
1417.2119140625
1416.322265625
1415.62890625
1414.97119140625
1414.27880859375
1413.3330078125
1412.33984375
1411.40087890625
1410.60986328125
1409.90234375
1409.13427734375
1408.29736328125
1407.3779296875
1406.4990234375
1405.69482421875
1404.93310546875
1404.15234375
1403.3115234375
1402.46044921875
1401.6279296875
1400.83544921875
1400.046875
1399.24169921875
1398.41357421875
1397.5888671875
1396.78515625
1395.99267578125
1395.19775390625
1394.39697265625
1393.58544921875
1392.78173828125
1391.9853515625
1391.20263671875
1390.4169921875
1389.62060546875
1388.82275390625
1388.033203125
1387.24658203125
1386.46533203125
1385.685546875
1384.90869140625
1384.125
1383.34130859375
1382.5595703125
1381.78466796875
1381.01513671875
1380.2412109375
1379.4658203125
1378.69384765625
1377.9169921875
1377.1513671875
1376.380859375
1375.6162109375
1374.84619140625
1374.0859375
1373.32080078125
1372.55517578125
1371.79638671875
1371.03564453125
1370.2763671875
1369.5166015625
1368.7626953125
1368.00439453125
1367.25146484375
1366.49658203125
1365.740234375
1364.990234375
1364.2373046875
1363.48291015625
1362.73291015625
1361.9892578125
1361.2421875
1360.4951171875
1359.75
1359.01318359375
1358.26904296875
1357.5322265625
1356.7939453125
1356.056640625
1355.3193359375
1354.58349609375
1353.8505859375
1353.119140625
1352.38623046875
1351.65478515625
1350.9287109375
1350.201171875
1349.4716796875
1348.74853515625
1348.02294921875
1347.298828125
1346.57470703125
1345.85009765625
1345.13330078125
1344.4150390625
1343.6962890625
1342.974609375
1342.259765625
1341.54931640625
1340.83447265625
1340.1240234375
1339.4140625
1338.70361328125
1337.998046875
1337.2919921875
1336.58642578125
1335.87890625
1335.1767578125
1334.474609375
1333.77734375
1333.076171875
1332.37744140625
1331.67626953125
1330.982421875
1330.2890625
1329.59814453125
1328.90576171875
1328.2158203125
1327.52099609375
1326.83349609375
1326.14306640625
1325.45947265625
1324.7705078125
1324.08251953125
1323.4013671875
1322.71630859375
1322.03369140625
1321.35791015625
1320.681640625
1320.01123046875
1319.3466796875
1318.693359375
1318.060546875
1317.4580078125
1316.8701171875
1316.2919921875
1315.68603515625
1315.00146484375
1314.21484375
1313.38427734375
1312.607421875
1311.9326171875
1311.3310546875
1310.73291015625
1310.1005859375
1309.451171875
1308.8681640625
1308.3671875
1308.0576171875
1307.7412109375
1307.67236328125
1307.1376953125
1306.6015625
1305.5478515625
1304.67138671875
1304.0400390625
1303.41552734375
1302.6953125
1301.7119140625
1300.912109375
1300.37939453125
1300.1796875
1299.96630859375
1299.41943359375
1298.52978515625
1297.56591796875
1296.896484375
1296.79052734375
1296.7626953125
1296.802734375
1296.18408203125
1295.4296875
1294.1923828125
1293.03076171875
1291.80419921875
1290.73779296875
1289.8359375
1289.158203125
1288.68701171875
1288.32568359375
1287.94287109375
1287.40087890625
1286.72509765625
1285.9814453125
1285.3544921875
1284.90673828125
1284.7021484375
1284.5146484375
1284.20263671875
1283.47265625
1282.50732421875
1281.5458984375
1280.8388671875
1280.4140625
1280.16357421875
1280.3271484375
1281.1953125
1282.60546875
1283.80859375
1283.3974609375
1280.87744140625
1277.38427734375
1274.96142578125
1274.328125
1274.66015625
1274.7060546875
1274.0390625
1273.154296875
1272.77490234375
1272.8779296875
1273.2041015625
1273.30029296875
1273.71875
1274.50244140625
1276.06005859375
1279.12353515625
1280.39306640625
1281.416015625
1281.33837890625
1285.00048828125
1289.2392578125
1288.7041015625
1285.72216796875
1284.71142578125
1288.61279296875
1290.65625
1288.32958984375
1287.30712890625
1285.23095703125
1277.09375
1272.935546875
1272.58056640625
1270.3447265625
1268.81689453125
1267.96142578125
1263.16845703125
1261.12109375
1262.5126953125
1262.05419921875
1261.1376953125
1260.70263671875
1260.1396484375
1260.01220703125
1261.9404296875
1264.40869140625
1266.2080078125
1267.1904296875
1267.27294921875
1265.8173828125
1262.3076171875
1258.296875
1255.8046875
1256.44384765625
1259.2431640625
1261.3896484375
1260.25634765625
1256.8486328125
1253.39697265625
1250.93505859375
1248.5537109375
1245.8798828125
1243.4423828125
1242.744140625
1243.74365234375
1244.7158203125
1244.0546875
1242.279296875
1241.1240234375
1241.12890625
1241.4375
1241.1318359375
1240.46044921875
1240.16162109375
1240.83447265625
1241.919921875
1242.6376953125
1242.001953125
1240.06982421875
1237.25732421875
1234.8740234375
1233.62939453125
1233.55908203125
1234.1796875
1234.626953125
1234.81396484375
1234.54833984375
1234.55078125
1234.435546875
1234.32666015625
1233.19091796875
1231.28759765625
1228.68017578125
1226.47216796875
1224.86474609375
1224.05224609375
1223.40185546875
1222.67724609375
1221.6875
1220.78564453125
1220.25146484375
1220.08837890625
1220.0322265625
1219.64892578125
1218.8896484375
1217.97607421875
1217.39501953125
1217.494140625
1218.1181640625
1219.2099609375
1219.9677734375
1220.74462890625
1220.6044921875
1220.3564453125
1219.66796875
1219.16650390625
1219.00927734375
1219.11962890625
1219.5185546875
1219.8154296875
1220.15478515625
1220.10693359375
1220.09814453125
1219.87109375
1219.5986328125
1219.0791015625
1218.0732421875
1216.63671875
1214.80859375
1213.1279296875
1211.79150390625
1210.9951171875
1210.5791015625
1210.44970703125
1210.5458984375
1210.9248046875
1211.6279296875
1212.669921875
1213.84912109375
1214.84130859375
1214.86572265625
1213.52978515625
1211.181640625
1208.7939453125
1207.71240234375
1207.78125
1208.712890625
1209.12939453125
1208.4365234375
1206.72021484375
1204.24462890625
1202.0673828125
1200.11328125
1198.7216796875
1197.3271484375
1195.9931640625
1194.6025390625
1193.6611328125
1193.30615234375
1193.576171875
1193.99365234375
1193.97607421875
1193.0361328125
1191.2216796875
1189.05224609375
1187.326171875
1186.5849609375
1186.8095703125
1187.7177734375
1188.8681640625
1190.06396484375
1191.38720703125
1192.83251953125
1194.7314453125
1196.29248046875
1197.29638671875
1196.310546875
1193.705078125
1190.61376953125
1189.0146484375
1189.85107421875
1191.8212890625
1193.1552734375
1192.11376953125
1189.54638671875
1186.4814453125
1184.78515625
1184.34130859375
1184.77490234375
1185.09521484375
1185.0322265625
1184.5185546875
1183.82958984375
1183.26953125
1183.015625
1182.9892578125
1183.01904296875
1182.97216796875
1182.7705078125
1182.3447265625
1181.4609375
1180.34765625
1179.2685546875
1178.61669921875
1178.404296875
1178.2294921875
1177.61865234375
1176.0556640625
1173.64111328125
1170.69677734375
1168.015625
1166.0791015625
1165.18212890625
1164.90234375
1164.8818359375
1164.59814453125
1164.16796875
1163.6796875
1163.6806640625
1164.24462890625
1165.70849609375
1167.99609375
1171.30224609375
1175.69921875
1180.87939453125
1185.9951171875
1189.04443359375
1188.1875
1183.3193359375
1177.34423828125
1173.36279296875
1172.7822265625
1173.85498046875
1174.85693359375
1174.3212890625
1172.97607421875
1171.39013671875
1170.44189453125
1170.1396484375
1170.28369140625
1170.35595703125
1169.97998046875
1169.1083984375
1167.8759765625
1166.55810546875
1165.1611328125
1163.78759765625
1162.48193359375
1161.55078125
1160.93017578125
1160.43603515625
1159.482421875
1157.8779296875
1155.384765625
1152.6025390625
1149.77490234375
1147.7294921875
1146.2421875
1145.5234375
1144.75146484375
1143.861328125
1142.45263671875
1140.96630859375
1139.64794921875
1138.81689453125
1138.39990234375
1138.19091796875
1137.9619140625
1137.67333984375
1137.33837890625
1137.04638671875
1136.7763671875
1136.51171875
1136.06494140625
1135.43310546875
1134.58203125
1133.66357421875
1132.8134765625
1132.14990234375
1131.7685546875
1131.640625
1131.79345703125
1132.20263671875
1132.84765625
1133.6943359375
1134.51513671875
1135.23681640625
1135.66845703125
1136.0791015625
1136.48193359375
1137.1259765625
1137.69189453125
1138.10400390625
1137.94580078125
1137.56005859375
1136.82568359375
1136.21630859375
1135.3408203125
1134.619140625
1133.7763671875
1133.740234375
1134.2529296875
1135.455078125
1136.119140625
1135.8681640625
1134.2216796875
1131.92236328125
1129.716796875
1128.59033203125
1128.8115234375
1130.34375
1132.7626953125
1135.396484375
1137.353515625
1137.83544921875
1136.70849609375
1134.57568359375
1132.5810546875
1131.3291015625
1130.98876953125
1130.81396484375
1130.45458984375
1129.6767578125
1129.27783203125
1129.3720703125
1129.90576171875
1129.8701171875
1128.89306640625
1127.1376953125
1125.3125
1124.19189453125
1123.74267578125
1123.962890625
1124.3623046875
1125.05126953125
1125.85009765625
1126.5546875
1126.6845703125
1125.796875
1124.1943359375
1122.51953125
1121.443359375
1121.220703125
1121.63818359375
1121.96337890625
1121.62451171875
1120.30517578125
1118.7080078125
1117.20556640625
1116.86328125
1117.0947265625
1118.1044921875
1118.50390625
1118.57958984375
1117.5380859375
1116.669921875
1114.85107421875
1113.296875
1110.53955078125
1108.021484375
1106.82470703125
1106.3359375
1106.5625
1106.087890625
1105.46923828125
1104.24755859375
1103.625
1103.984375
1105.30078125
1106.97021484375
1107.83544921875
1107.650390625
1106.283203125
1104.12744140625
1101.64111328125
1098.94091796875
1096.36474609375
1094.04638671875
1092.5263671875
1091.94677734375
1092.314453125
1093.3759765625
1094.7490234375
1096.26171875
1097.50927734375
1098.5244140625
1099.1484375
1099.75390625
1100.2978515625
1101.04296875
1101.8447265625
1102.5908203125
1103.30419921875
1103.744140625
1104.2626953125
1104.20068359375
1103.74072265625
1101.88134765625
1099.0625
1095.15625
1091.328125
1088.21630859375
1086.60107421875
1086.5126953125
1087.716796875
1089.6328125
1091.7080078125
1093.30859375
1093.99755859375
1093.35498046875
1091.755859375
1089.6142578125
1088.14208984375
1087.1591796875
1087.19140625
1086.98193359375
1086.9775390625
1086.2734375
1085.8330078125
1084.974609375
1084.2353515625
1083.060546875
1081.92041015625
1081.05810546875
1080.87255859375
1081.4287109375
1082.30908203125
1083.26953125
1083.7138671875
1083.9150390625
1083.65966796875
1083.46484375
1083.2431640625
1083.10595703125
1082.931640625
1082.7666015625
1082.75
1083.0361328125
1083.61572265625
1084.427734375
1085.265625
1085.96923828125
1086.1533203125
1085.8759765625
1085.24853515625
1084.837890625
1084.70556640625
1084.98779296875
1085.0234375
1084.5263671875
1082.72412109375
1080.0458984375
1077.0234375
1075.0380859375
1074.27685546875
1074.6591796875
1074.90576171875
1074.626953125
1073.1904296875
1071.43701171875
1069.50732421875
1068.1767578125
1066.927734375
1065.953125
1064.8310546875
1063.89306640625
1063.18505859375
1062.80078125
1062.68798828125
1062.8125
1063.091796875
1063.53955078125
1063.92138671875
1064.17529296875
1064.150390625
1063.97216796875
1063.791015625
1063.6552734375
1063.6279296875
1063.853515625
1064.7099609375
1066.369140625
1068.552734375
1070.681640625
1072.1796875
1072.833984375
1072.55810546875
1071.24609375
1068.97119140625
1066.21240234375
