9756.015625
9745.0
9734.49609375
9724.47265625
9714.88671875
9705.697265625
9696.8671875
9688.353515625
9680.1376953125
9672.1923828125
9664.5029296875
9657.044921875
9649.80859375
9642.775390625
9635.927734375
9629.2646484375
9622.77734375
9616.45703125
9610.30078125
9604.3037109375
9598.4677734375
9592.779296875
9587.248046875
9581.861328125
9576.625
9571.525390625
9566.56640625
9561.748046875
9557.0615234375
9552.505859375
9548.0751953125
9543.76953125
9539.576171875
9535.498046875
9531.5283203125
9527.6689453125
9523.9130859375
9520.26171875
9516.705078125
9513.2470703125
9509.880859375
9506.6015625
9503.4130859375
9500.3095703125
9497.2900390625
9494.349609375
9491.4873046875
9488.703125
9485.9912109375
9483.3486328125
9480.7763671875
9478.271484375
9475.828125
9473.4482421875
9471.130859375
9468.869140625
9466.6650390625
9464.515625
9462.419921875
9460.376953125
9458.3837890625
9456.4375
9454.54296875
9452.69921875
9450.892578125
9449.1328125
9447.4130859375
9445.7353515625
9444.09765625
9442.5009765625
9440.9375
9439.4150390625
9437.92578125
9436.4716796875
9435.052734375
9433.6640625
9432.3056640625
9430.982421875
9429.6875
9428.4208984375
9427.1826171875
9425.97265625
9424.7890625
9423.6318359375
9422.501953125
9421.3935546875
9420.3115234375
9419.2509765625
9418.212890625
9417.19921875
9416.2060546875
9415.234375
9414.2841796875
9413.353515625
9412.443359375
9411.55078125
9410.67578125
9409.8203125
9408.982421875
9408.16015625
9407.3564453125
9406.5673828125
9405.794921875
9405.0390625
9404.298828125
9403.5703125
9402.857421875
9402.16015625
9401.4736328125
9400.802734375
9400.14453125
9399.498046875
9398.8623046875
9398.2421875
9397.634765625
9397.0390625
9396.453125
9395.876953125
9395.3125
9394.759765625
9394.2177734375
9393.685546875
9393.1640625
9392.6474609375
9392.14453125
9391.6455078125
9391.158203125
9390.6796875
9390.2099609375
9389.751953125
9389.296875
9388.8515625
9388.412109375
9387.984375
9387.5615234375
9387.146484375
9386.7392578125
9386.3388671875
9385.9453125
9385.5576171875
9385.17578125
9384.8037109375
9384.435546875
9384.07421875
9383.716796875
9383.3671875
9383.025390625
9382.6865234375
9382.3525390625
9382.0244140625
9381.701171875
9381.3828125
9381.0712890625
9380.76171875
9380.458984375
9380.16015625
9379.8671875
9379.5791015625
9379.294921875
9379.015625
9378.73828125
9378.466796875
9378.197265625
9377.9326171875
9377.671875
9377.416015625
9377.1640625
9376.916015625
9376.6689453125
9376.4306640625
9376.19140625
9375.95703125
9375.7255859375
9375.49609375
9375.271484375
9375.0498046875
9374.83203125
9374.6142578125
9374.400390625
9374.19140625
9373.9833984375
9373.7802734375
9373.580078125
9373.380859375
9373.18359375
9372.990234375
9372.798828125
9372.6103515625
9372.423828125
9372.23828125
9372.0556640625
9371.876953125
9371.69921875
9371.52734375
9371.3544921875
9371.185546875
9371.015625
9370.8515625
9370.685546875
9370.5234375
7303990272.0
8380849664.0
859204.125
3207460096.0
4580638208.0
264833312.0
5056406.0
28532346.0
31147358.0
39549352.0
3881410.25
1316420.25
1086528.0
1346162.375
2098035.5
4404290.5
17489142.0
37188292.0
24118202.0
20912628.0
29281540.0
38158044.0
38770200.0
30975044.0
21716696.0
14810770.0
10369809.0
7570599.0
5751989.0
4516828.5
3642395.25
3001828.5
2519745.25
2149066.25
1858988.0
1628809.125
1443702.375
1293304.125
1169872.375
1067551.75
982026.375
909999.5
848822.125
796547.5625
751551.0
712623.0625
678731.625
649055.5
622930.625
599830.6875
579296.0
560984.125
544574.3125
529807.625
516463.84375
504370.28125
493368.84375
483307.0
474090.5625
465637.03125
457849.375
450644.8125
443961.96875
437764.59375
431967.65625
426559.40625
421494.71875
416728.6875
412261.71875
408030.84375
404035.65625
400246.8125
396652.875
393227.46875
389958.125
386831.5
383846.28125
380977.9375
378227.28125
375575.84375
373028.375
370567.1875
368184.875
365882.84375
363656.28125
361488.8125
359394.53125
357351.15625
355366.0
353424.9375
351532.5
349688.6875
347887.1875
346124.15625
344402.78125
342707.59375
341062.28125
339432.4375
337837.71875
336273.84375
334745.03125
333237.59375
331753.59375
330293.375
328856.03125
327441.09375
326058.59375
324693.8125
323349.375
322027.90625
320714.8125
319430.625
318157.25
316900.5625
315662.90625
314439.9375
313242.15625
312047.84375
310868.40625
309713.875
308565.75
307438.53125
306322.8125
305218.96875
304127.5625
303049.34375
301985.59375
300930.84375
299888.0
298859.3125
297838.40625
296833.0
295830.59375
294844.625
293869.40625
292904.375
291948.46875
291004.5
290068.09375
289144.46875
288231.03125
287317.0625
286422.84375
285530.75
284649.28125
283782.40625
282916.25
282065.8125
281215.96875
280371.40625
279549.375
278725.25
277910.3125
277098.125
276294.84375
275505.75
274716.5625
273935.03125
273162.0
272390.6875
271636.875
270882.625
270140.1875
269399.0
268665.40625
267940.03125
267217.4375
266502.65625
265791.59375
265089.84375
264394.40625
263700.09375
263015.8125
262335.3125
261661.203125
260994.546875
260330.203125
259667.5625
259015.625
258364.265625
257726.546875
257081.75
256450.46875
255823.640625
255198.359375
254575.421875
253961.734375
253348.390625
252749.375
252151.84375
251540.859375
250955.859375
250354.671875
249773.203125
249186.4375
248608.5
248028.96875
247459.046875
246881.453125
246323.640625
245759.34375
245202.265625
244652.78125
244103.609375
243554.21875
243018.28125
242482.796875
241951.1875
241424.46875
240898.640625
240376.640625
239857.625
239340.140625
238831.765625
238320.578125
237814.625
237315.78125
236819.03125
236325.96875
235833.53125
235345.640625
234863.046875
234377.875
233898.296875
233423.875
232948.578125
232478.71875
232011.90625
231543.265625
231083.59375
230621.546875
230163.875
229711.03125
229259.296875
228808.5625
228365.984375
227920.609375
227482.1875
227041.546875
226602.8125
226175.046875
225745.875
225315.453125
224888.171875
224465.3125
224046.3125
223623.828125
223207.828125
222790.421875
222381.421875
221971.203125
221558.828125
221155.90625
220749.421875
220349.796875
219948.125
219548.796875
219157.96875
218761.953125
218371.8125
217981.921875
217590.4375
217208.5
216823.8125
216438.859375
216062.265625
215682.984375
215306.546875
214933.34375
214561.328125
214188.421875
213822.328125
213452.78125
213088.703125
212723.09375
212361.625
212003.96875
211643.21875
211288.078125
210932.21875
210577.703125
210226.4375
209880.53125
209524.484375
209184.140625
208842.109375
208502.75
208170.53125
207838.90625
207491.75
207155.125
206845.34375
206505.671875
206146.25
205823.71875
205509.4375
205179.109375
204850.046875
204528.40625
204185.265625
203884.890625
203556.0625
203231.015625
202913.96875
202587.921875
202295.046875
201981.28125
201674.140625
201364.953125
201047.796875
200732.53125
200432.046875
200111.875
199811.328125
199504.1875
199202.78125
198896.34375
198601.921875
198293.4375
198004.40625
197707.046875
197409.6875
197112.0
196820.3125
196532.046875
196239.359375
195950.578125
195661.90625
195376.515625
195090.984375
194808.140625
194525.65625
194239.890625
193960.875
193680.328125
193403.5625
193127.28125
192847.0625
192572.109375
192297.953125
192023.6875
191749.890625
191481.890625
191212.15625
190943.375
190673.203125
190403.484375
190140.65625
189877.1875
189613.265625
189349.28125
189086.640625
188826.25
188566.578125
188306.109375
188046.09375
187792.1875
187531.96875
187278.421875
187025.234375
186773.390625
186523.078125
186269.09375
186019.390625
185770.0625
185522.9375
185274.546875
185026.484375
184781.390625
184533.890625
184290.28125
184043.78125
183802.453125
183560.15625
183317.140625
183076.21875
182833.78125
182595.984375
182358.203125
182118.734375
181882.109375
181647.296875
181412.78125
181177.71875
180942.84375
180705.125
180473.78125
180241.8125
180010.125
179778.75
179548.515625
179320.625
179090.546875
178865.796875
178635.671875
178409.5625
178186.21875
177961.171875
177733.96875
177509.0625
177285.0625
177063.375
176845.265625
176623.859375
176403.671875
176181.296875
175962.171875
175745.9375
175525.0
175308.984375
175095.8125
174881.09375
174666.25
174452.828125
174240.1875
174026.40625
173811.328125
173600.25
173387.625
173178.84375
172969.9375
172760.828125
172551.03125
172343.390625
172133.96875
171927.578125
171718.375
171510.609375
171305.75
171100.515625
170894.796875
170691.28125
170488.703125
170287.40625
170083.265625
169881.875
169680.171875
169479.46875
169279.015625
169080.5625
168880.234375
168681.421875
168485.234375
168287.53125
168089.890625
167894.984375
167699.234375
167505.59375
167311.46875
167117.109375
166922.03125
166728.75
166535.859375
166344.0
166155.53125
165963.03125
165771.546875
165582.109375
165393.5625
165204.671875
165015.21875
164830.578125
164642.328125
164455.609375
164268.046875
164082.34375
163894.40625
163711.046875
163525.828125
163344.25
163158.359375
162974.65625
162792.140625
162611.578125
162431.34375
162250.171875
162066.6875
161887.046875
161708.4375
161530.84375
161352.953125
161175.40625
160997.359375
160823.203125
160655.875
160482.875
160307.84375
160116.65625
159937.46875
159772.328125
159599.03125
159416.34375
159240.484375
159069.75
158895.484375
158717.796875
158546.9375
158378.578125
158204.140625
158034.328125
157864.984375
157693.3125
157519.375
157355.4375
157184.484375
157013.71875
156846.546875
156678.46875
156509.65625
156341.53125
156176.0625
156010.4375
155844.3125
155679.1875
155512.0
155344.609375
155182.578125
155019.265625
154857.078125
154694.71875
154531.90625
154368.765625
154205.40625
154043.484375
153883.03125
153719.34375
153559.9375
153397.921875
153239.1875
153081.171875
152920.40625
152762.828125
152603.4375
152444.390625
152287.015625
152130.671875
151971.90625
151815.09375
151660.34375
151505.40625
151350.765625
151193.828125
151041.390625
150887.609375
150734.171875
150582.953125
150427.359375
150275.34375
150121.140625
149965.484375
149814.296875
149663.71875
149509.5625
149357.765625
149207.21875
149055.015625
148903.859375
148754.8125
148605.75
148458.03125
148309.984375
148161.3125
148013.46875
147866.1875
147719.546875
147572.515625
147424.34375
147281.484375
147135.96875
146988.1875
146840.6875
146696.15625
146549.59375
146409.609375
146266.140625
146121.1875
145976.5625
145831.8125
145688.609375
145545.359375
145403.515625
145260.40625
145116.75
144976.109375
144833.21875
144690.625
144548.34375
144407.09375
144267.265625
144128.28125
143987.375
143846.28125
143705.140625
143567.796875
143428.4375
143289.328125
143148.859375
143010.453125
142872.71875
142735.921875
142598.078125
142458.265625
142323.265625
142186.015625
142050.796875
141912.765625
141778.90625
141642.3125
141508.171875
141374.46875
141240.8125
141105.53125
140974.75
140840.0625
140705.171875
140569.65625
140435.078125
140300.53125
140167.125
140034.71875
139904.078125
139775.15625
139642.0
139511.078125
139380.171875
139247.875
139114.5
138982.34375
138850.3125
138721.1875
138591.9375
138461.296875
138332.625
138201.234375
138070.765625
137945.09375
137817.78125
137690.390625
137563.6875
137434.265625
137305.359375
137176.296875
137051.265625
136925.0625
136797.171875
136669.734375
136545.375
136418.203125
136292.6875
136166.765625
136042.796875
135917.671875
135793.5
135670.078125
135546.90625
135423.484375
135301.4375
135179.328125
135056.53125
134933.09375
134813.0625
134691.53125
134571.96875
134452.453125
134332.15625
134207.484375
134083.90625
133958.09375
133838.875
133721.28125
133597.796875
133474.265625
133353.25
133237.859375
133122.0
133002.5
132879.59375
132757.53125
132637.09375
132517.078125
132399.875
132279.578125
132160.8125
132044.78125
131926.609375
131807.5625
131690.078125
131574.0
131458.609375
131342.484375
131226.625
131111.46875
130993.9296875
130877.0
130762.203125
130646.8125
130531.265625
130416.03125
130302.0625
130186.1484375
130071.7421875
129957.8359375
129844.1484375
129731.515625
129618.734375
129506.5078125
129393.5859375
129280.78125
129166.796875
129053.0546875
128940.0546875
128830.4375
128718.5234375
128609.375
128496.59375
128384.375
128273.171875
128162.484375
128052.34375
127941.8515625
127832.875
127721.8125
127611.109375
127503.0234375
127394.609375
127285.5625
127177.921875
127069.5625
126962.78125
126855.7109375
126749.078125
126644.8203125
126535.234375
126431.1171875
126323.859375
126214.25
126102.8828125
125994.3515625
125887.4609375
125783.3828125
125676.8203125
125573.8671875
125468.9453125
125361.7421875
125255.703125
125150.90625
125048.296875
124942.890625
124833.734375
124726.2890625
124621.234375
124515.3828125
124409.8125
124304.7109375
124201.78125
124096.15625
123992.671875
123890.1328125
123786.3203125
123683.953125
123583.890625
123483.0859375
123380.5703125
123276.7890625
123173.171875
123070.265625
122967.96875
122866.890625
122766.1015625
122667.890625
122567.28125
122467.9375
122364.859375
122260.859375
122157.4921875
122056.4453125
121960.1171875
121862.765625
121762.265625
121660.6640625
121557.7734375
121459.1953125
121360.5546875
121260.890625
121161.6796875
121062.0078125
120964.9453125
120866.1484375
120769.84375
120671.65625
120573.6328125
120475.5390625
120379.6796875
120282.78125
120185.34375
120090.265625
119995.953125
119897.390625
119801.71875
119704.1796875
119607.515625
119511.21875
119415.0859375
119317.3203125
119223.09375
119127.046875
119031.71875
118936.6328125
118844.140625
118749.9375
118656.5703125
118566.328125
118473.25
118377.2890625
118281.2734375
118187.6484375
118095.9609375
118007.515625
117919.9296875
117821.359375
117719.9375
117626.125
117538.7265625
117450.796875
117353.8984375
117255.609375
117164.140625
117074.7734375
116979.671875
116881.03125
116789.84375
116703.5
116613.640625
116521.125
116431.6328125
116342.734375
116253.515625
116161.90625
116073.0625
115986.65625
115893.0234375
115797.75
115704.9609375
115612.8671875
115523.75
115436.828125
115347.3203125
115256.8515625
115164.109375
115075.90625
114990.5
114902.34375
114810.984375
114720.75
114630.953125
114541.7421875
114453.7734375
114367.8125
114281.6796875
114194.7421875
114108.71875
114024.171875
113936.21875
113849.6953125
113761.28125
113672.8046875
113584.8984375
113494.8671875
113407.296875
113321.8828125
113238.6015625
113154.1328125
113069.671875
112986.921875
112899.671875
112808.046875
112719.2578125
112629.8671875
112543.1875
112458.1484375
112372.234375
112289.9375
112203.828125
112118.5703125
112033.2421875
111949.53125
111864.5390625
111781.3671875
111695.75
111611.65625
111527.328125
111441.3671875
111357.875
111275.3046875
111192.59375
111109.859375
111027.9765625
110945.078125
110861.9921875
110778.2890625
110695.53125
110611.84375
110527.6015625
110446.078125
110363.6328125
110280.96875
110198.1640625
110119.1328125
110036.7734375
109958.5546875
109878.3046875
109797.375
109717.0625
109638.046875
109559.2265625
109481.609375
109406.1328125
109330.7421875
109254.7890625
109177.015625
109096.0703125
109007.859375
108918.546875
108834.828125
108756.7109375
108680.3203125
108601.5078125
108519.3671875
108437.140625
108356.4609375
108276.1171875
108196.28125
108116.828125
108039.0703125
107962.8671875
107882.0703125
107802.5703125
107723.8125
107646.1640625
107568.28125
107489.6796875
107410.03125
107332.609375
107254.28125
107176.7265625
107098.4609375
107023.375
106946.4375
106869.09375
106793.4453125
106717.1171875
106639.828125
106564.296875
106487.0859375
106409.6640625
106331.6015625
106254.359375
106177.7421875
106101.359375
106026.09375
105949.0546875
105874.34375
105800.15625
105726.5859375
105651.78125
105578.78125
105503.25
105429.421875
105355.3515625
105282.0859375
105209.4609375
105135.5546875
105061.3359375
104986.453125
104911.3671875
104837.328125
104765.2890625
104691.71875
104619.4765625
104545.6015625
104474.28125
104400.4296875
104328.6796875
104254.8359375
104180.875
104104.140625
104028.34375
103952.3125
103879.609375
103807.046875
103735.203125
103661.3359375
103588.5625
103513.3671875
103439.6875
103365.3984375
103294.84375
103223.28125
103149.6875
103076.796875
103004.015625
102946.7265625
102898.78125
102849.640625
102794.4453125
102749.2890625
102698.15625
102646.328125
102599.265625
102546.4140625
102497.6796875
102449.3046875
102397.9453125
102348.78125
102298.8359375
102250.203125
102200.859375
102150.6953125
102102.6875
102052.8203125
102003.4609375
101954.125
101906.1640625
101856.265625
101806.0
101757.765625
101708.515625
101660.8828125
101611.3359375
101562.9140625
101512.59375
101465.65625
101416.21875
101366.8125
101319.2734375
101270.453125
101221.6875
101172.9296875
101125.0546875
101076.0546875
101027.421875
100979.734375
100929.859375
100882.734375
100834.8828125
100787.0703125
100738.578125
100690.390625
100641.9140625
100594.1640625
100546.28125
100498.3828125
100450.4140625
100402.3359375
100355.6328125
100307.09375
100260.46875
100212.2265625
100163.96875
100117.2421875
100069.4921875
100022.609375
99973.921875
99926.9609375
99879.40625
99832.0546875
99785.921875
99737.4765625
99689.5390625
99642.375
99595.3046875
99547.65625
99501.296875
99453.9609375
99405.9921875
99358.53125
99311.5390625
99265.3203125
99216.8203125
99170.6484375
99124.7890625
99076.8046875
99029.9765625
98983.5859375
98936.1875
98889.75
98843.125
98796.6171875
98749.8046875
98703.0625
98656.46875
98610.25
98563.6640625
98516.7734375
98470.171875
98423.609375
98378.359375
98331.015625
98285.53125
98239.4375
98191.984375
98145.7578125
98100.7734375
98054.4453125
98008.1015625
97962.4296875
97916.2421875
97868.8828125
97824.28125
97777.9453125
97731.515625
97686.0625
97639.84375
97594.4765625
97547.40625
97501.890625
97455.8515625
97409.8203125
97364.0625
97316.640625
97272.4453125
97225.734375
97179.3359375
97134.40625
97088.90625
97042.3515625
96997.46875
96950.5234375
96905.828125
96859.46875
96813.1640625
96768.9296875
96722.7421875
96678.296875
96632.734375
96586.78125
96541.796875
96495.3125
96450.9375
96405.6796875
96360.546875
96314.9765625
96270.390625
96225.34375
96179.890625
96134.84375
96090.5234375
96044.984375
96001.2421875
95956.0078125
95911.5625
95866.953125
95821.296875
95777.3984375
95731.0703125
95687.7734375
95642.828125
95597.953125
95555.28125
95508.390625
95464.2734375
95420.140625
95375.2578125
95332.421875
95287.09375
95243.65625
95200.109375
95154.8203125
95111.0859375
95065.8203125
95022.0234375
94978.5625
94934.3125
94891.171875
94846.953125
94801.8671875
94759.3515625
94714.2265625
94671.9375
94627.71875
94583.875
94540.6328125
94496.28125
94453.8125
94410.015625
94365.765625
94322.5546875
94278.4140625
94235.859375
94192.9296875
94149.125
94105.90625
94061.9375
94018.90625
93976.0546875
93933.703125
93889.609375
93845.28125
93803.03125
93760.2890625
93716.703125
93673.65625
93631.7890625
93587.6484375
93545.3125
93502.140625
93459.9921875
93415.40625
93373.03125
93331.6015625
93288.1484375
93245.640625
93203.1875
93159.4296875
93118.078125
93075.2421875
93031.953125
92990.7578125
92947.640625
92905.046875
92862.171875
92820.671875
92778.2734375
92735.421875
92692.609375
92651.953125
92608.4609375
92566.40625
92523.75
92482.0703125
92439.9296875
92398.0859375
92356.140625
92314.75
92272.3125
92230.375
92188.0625
92145.9609375
92104.71875
92062.8203125
92021.5390625
91980.234375
91938.125
91895.9609375
91855.6171875
91813.265625
91771.6015625
91730.21875
91689.8515625
91648.0
91606.1640625
91564.84375
91524.2421875
91482.5390625
91441.8515625
91400.34375
91357.859375
91317.7109375
91276.875
91236.4296875
91195.2578125
91153.46875
91113.125
91071.8046875
91031.328125
90990.15625
90949.0546875
90908.5625
90867.7734375
90826.7890625
90786.3046875
90746.0546875
90703.8984375
90665.078125
90624.375
90583.0234375
90542.1953125
90502.4375
90461.625
90420.71875
90380.7890625
90339.953125
90299.8828125
90260.140625
90219.6484375
90179.03125
90138.3828125
90098.78125
90057.6875
90017.4609375
89978.71875
89937.765625
89899.25
89858.359375
89817.8671875
89778.3671875
89738.6328125
89698.2578125
89658.078125
89618.4453125
89578.6953125
89538.84375
89499.3203125
89460.4375
89419.2421875
89380.375
89340.7578125
89300.8125
89261.0703125
89221.8515625
89181.7109375
89143.2109375
89104.03125
89064.3125
89024.7578125
88985.796875
88946.171875
88906.671875
88867.40625
88828.5703125
88788.0625
88749.7421875
88711.078125
88672.1328125
88632.65625
88593.6796875
88553.71875
88515.5703125
88477.0546875
88438.0625
88398.8203125
88359.515625
88320.8125
88281.2578125
88242.734375
88204.90625
88165.453125
88126.4609375
88087.8828125
88048.6171875
88010.484375
87972.1328125
87934.3671875
87895.3046875
87857.203125
87819.234375
87779.5
87741.25
87703.3671875
87664.9921875
87627.40625
87588.7109375
87550.875
87512.0703125
87475.375
87436.078125
87398.203125
87360.5546875
87322.2578125
87284.859375
87246.8671875
87208.421875
87170.7578125
87132.921875
87094.7734375
87056.9453125
87019.96875
86982.2265625
86944.59375
86906.015625
86869.8046875
86831.125
86793.65625
86756.5625
86718.5625
86681.6953125
86643.109375
86606.34375
86569.1171875
86530.703125
86494.140625
86457.625
86420.21875
86382.6328125
86346.203125
86307.453125
86270.484375
86233.859375
86196.0859375
86160.078125
86122.4375
86086.1171875
86048.2265625
86011.2265625
85974.84375
85936.8984375
85900.28125
85863.8828125
85826.359375
85790.15625
85753.7421875
85716.25
85679.2265625
85643.7421875
85606.6875
85570.0546875
85532.921875
85496.6953125
85459.8046875
85423.484375
85387.4296875
85350.40625
85313.09375
85278.265625
85240.8125
85205.375
85169.6875
85132.171875
85096.015625
85060.1953125
85023.0625
84987.671875
84950.7421875
84915.53125
84878.6796875
84843.625
84806.796875
84770.7734375
84735.375
84699.390625
84662.8984375
84627.109375
84591.3984375
84555.9140625
84519.671875
84484.03125
84449.0703125
84412.7421875
84376.65625
84340.6796875
84305.328125
84270.125
84234.90625
84198.984375
84162.5
84127.34375
84091.5078125
84055.515625
84021.0390625
83985.890625
83949.6171875
83915.109375
83879.125
83844.328125
83808.890625
83773.328125
83738.7734375
83702.4609375
83668.4453125
83632.8203125
83597.9453125
83562.8984375
83528.09375
83493.5234375
83458.34375
83423.640625
83388.40625
83353.6875
83319.1875
83283.40625
83249.203125
83214.4765625
83179.84375
83144.8984375
83110.90625
83076.6953125
83041.3671875
83007.03125
82973.3984375
82937.9609375
82904.28125
82870.28125
82836.171875
82802.0859375
82767.7578125
82734.0703125
82700.546875
82666.921875
82634.140625
82601.9921875
82569.8046875
82537.4921875
82501.6171875
82466.3203125
82431.0703125
82395.921875
82360.5390625
82325.09375
82290.78125
82257.7578125
82224.296875
82191.0
82155.6328125
82120.9375
82086.53125
82053.703125
82020.0859375
81986.5
81952.9375
81918.421875
81885.6328125
81852.4921875
81818.4453125
81784.734375
81751.4453125
81717.0625
81683.671875
81649.03125
81616.046875
81581.5703125
81548.15625
81514.09375
81482.0
81448.8359375
81415.2890625
81382.9921875
81350.578125
81318.0625
81285.6796875
81254.4296875
81224.28125
81193.4921875
81161.828125
81130.6796875
81096.8359375
81061.9453125
81027.640625
80992.546875
80959.9453125
80929.1015625
80898.828125
80869.2734375
80836.515625
80801.6875
80766.59375
80732.625
80704.1484375
80676.375
80649.65625
80619.921875
80588.8515625
80554.5
80521.234375
80487.234375
80452.8046875
80418.1015625
80384.2265625
80351.921875
80320.484375
80287.4765625
80254.921875
80220.046875
80185.3359375
80151.90625
80117.046875
80084.8671875
80050.578125
80017.25
79982.0703125
79949.8203125
79917.21875
79884.1953125
79851.1171875
79818.546875
79786.9609375
79754.4296875
79721.1484375
79689.40625
79656.8828125
79624.484375
79591.6484375
79558.84375
79528.203125
79494.65625
79463.1328125
79430.21875
79397.8671875
79365.796875
79333.0234375
79300.7578125
79268.34375
79237.796875
79206.5703125
79175.1015625
79144.3515625
79111.0703125
79079.59375
79046.84375
79015.640625
78984.8046875
78952.3671875
78922.171875
78889.2265625
78858.390625
78826.5234375
78795.875
78764.28125
78732.671875
78701.984375
78670.6171875
78639.0
78608.6328125
78577.15625
78546.4453125
78513.546875
78483.8046875
78453.09375
78422.3359375
78392.5
78360.6875
78330.8046875
78300.109375
78269.765625
78240.6015625
78211.6171875
78181.5859375
78150.390625
78120.640625
78091.453125
78060.9296875
78031.9609375
78002.640625
77973.78125
77944.15625
77914.109375
77884.4765625
77852.3203125
77820.015625
77786.328125
77754.296875
77723.1171875
77694.0390625
77664.28125
77633.2109375
77600.7578125
77566.515625
77533.5078125
77504.1328125
77475.3359375
77446.6796875
77415.4921875
77384.734375
77352.25
77320.875
77290.2734375
77261.640625
77232.28125
77201.2265625
77170.8046875
77139.90625
77110.0625
77080.6953125
77051.3046875
77021.265625
76991.4296875
76960.609375
76931.0859375
76902.328125
76872.9296875
76844.8671875
76816.03125
76788.5
76759.421875
76730.5859375
76701.5
76670.1796875
76637.390625
76605.0859375
76574.015625
76544.4921875
76514.8046875
76486.0625
76455.046875
76424.125
76393.65625
76364.0234375
76335.75
76307.8828125
76278.9765625
76248.765625
76219.734375
76190.09375
76161.375
76133.40625
76106.4453125
76079.0859375
76051.359375
76022.203125
75991.203125
75960.5390625
75931.390625
75902.3125
75872.1875
75841.0
75807.8515625
75776.84375
75748.203125
75720.71875
75692.84375
75663.9375
75633.6640625
75603.4453125
75574.984375
75547.3671875
75519.390625
75490.6328125
75461.2578125
75431.5859375
75402.9296875
75375.390625
75347.8828125
75321.1875
75293.703125
75266.6796875
75237.9375
75210.140625
75181.4296875
75152.3984375
75123.9765625
75093.7734375
75063.953125
75035.734375
75008.5234375
74980.6328125
74953.25
74925.2734375
74897.8671875
74868.8046875
74839.25
74810.375
74781.171875
74753.96875
74727.5625
74700.984375
74673.296875
74644.8203125
74614.8984375
74583.3984375
74553.796875
74523.890625
74496.6640625
74467.75
74439.6796875
74411.8359375
74381.9296875
74352.75
74324.8125
74297.7890625
74269.9296875
74242.5234375
74213.5703125
74185.8046875
74156.15625
74128.0078125
74099.0625
74070.3203125
74041.6796875
74013.265625
73985.7265625
73957.4140625
73930.484375
73902.75
73874.296875
73846.796875
73819.59375
73792.3984375
73765.5
73737.140625
73709.5078125
73681.3671875
73654.125
73626.78125
73599.8671875
73573.9921875
73546.34375
73520.4453125
73493.0546875
73466.59375
73439.1640625
73412.3203125
73386.0703125
73359.5859375
73332.3515625
73307.171875
73282.1640625
73256.65625
73230.15625
73203.6484375
73176.390625
73147.703125
73119.984375
73092.8984375
73065.8671875
73039.203125
73012.25
72985.4609375
72959.6953125
72933.09375
72908.546875
72883.0234375
72857.640625
72830.75
72803.5546875
72775.8359375
72745.359375
72716.75
72688.4375
72660.921875
72633.59375
72606.6875
72580.03125
72552.515625
72526.5
72499.1171875
72471.7734375
72444.75
72416.7109375
72388.9921875
72360.6015625
72333.25
72307.1875
72280.3203125
72254.4921875
72228.3828125
72203.1015625
72176.390625
72151.7265625
72125.5546875
72098.4296875
72070.4296875
72042.7734375
72016.46875
71991.0078125
71964.5859375
71937.1484375
71910.8515625
71884.8671875
71859.515625
71833.890625
71808.015625
71781.0078125
71755.6875
71730.578125
71705.0078125
71679.1484375
71653.2109375
71628.125
71602.6484375
71577.296875
71551.125
71525.671875
71501.234375
71477.1484375
71452.2421875
71428.515625
71403.9453125
71378.8828125
71354.5
71329.65625
71303.703125
71278.0234375
71252.171875
71225.6796875
71199.484375
71172.3203125
71146.0
71119.296875
71092.40625
71065.0546875
71038.0546875
71011.015625
70984.1328125
70958.1484375
70932.4453125
70907.1640625
70881.5703125
70855.6875
70829.84375
70804.9375
70779.6015625
70754.15625
70730.453125
70705.4296875
70680.53125
70654.734375
70629.7890625
70603.9140625
70577.9765625
70553.5546875
70528.34375
70503.6640625
70478.1484375
70452.28125
70426.3046875
70400.3125
70375.9140625
70350.09375
70325.5390625
70300.4375
70274.515625
70249.7890625
70224.0546875
70199.8828125
70173.890625
70150.1171875
70124.640625
70100.046875
70075.328125
70050.6015625
70025.7265625
70001.71875
69976.9296875
69952.546875
69928.28125
69904.25
69880.296875
69855.7109375
69831.8828125
69806.8984375
69783.203125
69758.15625
69735.421875
69711.2109375
69688.78125
69664.7109375
69640.84375
69615.953125
69590.53125
69563.7734375
69537.4375
69511.1484375
69485.1484375
69460.515625
69434.859375
69410.1640625
69384.421875
69359.71875
69334.4453125
69308.65625
69284.203125
69260.0
69235.109375
69210.6953125
69186.4375
69162.234375
69137.3125
69113.5390625
69088.8984375
69065.0078125
69040.53125
69016.1484375
68990.953125
68966.4609375
68941.890625
68918.140625
68894.2421875
68870.4453125
68848.2265625
68824.8046875
68803.4921875
68781.078125
68758.609375
68735.5625
68712.7109375
68688.96875
68664.5390625
68639.8046875
68614.5078125
68589.0078125
68565.265625
68540.6484375
68517.046875
68493.0703125
68468.34375
68443.75
68418.5859375
68394.125
68370.4765625
68347.265625
68324.859375
68302.3671875
68279.4765625
68256.6328125
68233.546875
68210.609375
68185.8046875
68162.109375
68136.046875
68111.3671875
68086.765625
