9756.015625
9745.0
9734.49609375
9724.47265625
9714.88671875
9705.697265625
9696.8671875
9688.353515625
9680.1376953125
9672.1923828125
9664.5029296875
9657.044921875
9649.80859375
9642.775390625
9635.927734375
9629.2646484375
9622.77734375
9616.45703125
9610.30078125
9604.3037109375
9598.4677734375
9592.779296875
9587.248046875
9581.861328125
9576.625
9571.525390625
9566.56640625
9561.748046875
9557.0615234375
9552.505859375
9548.0751953125
9543.76953125
9539.576171875
9535.498046875
9531.5283203125
9527.6689453125
9523.9130859375
9520.26171875
9516.705078125
9513.2470703125
9509.880859375
9506.6015625
9503.4130859375
9500.3095703125
9497.2900390625
9494.349609375
9491.4873046875
9488.703125
9485.9912109375
9483.3486328125
9480.7763671875
9478.271484375
9475.828125
9473.4482421875
9471.130859375
9468.869140625
9466.6650390625
9464.515625
9462.419921875
9460.376953125
9458.3837890625
9456.4375
9454.54296875
9452.69921875
9450.892578125
9449.1328125
9447.4130859375
9445.7353515625
9444.09765625
9442.5009765625
9440.9375
9439.4150390625
9437.92578125
9436.4716796875
9435.052734375
9433.6640625
9432.3056640625
9430.982421875
9429.6875
9428.4208984375
9427.1826171875
9425.97265625
9424.7890625
9423.6318359375
9422.501953125
9421.3935546875
9420.3115234375
9419.2509765625
9418.212890625
9417.19921875
9416.2060546875
9415.234375
9414.2841796875
9413.353515625
9412.443359375
9411.55078125
9410.67578125
9409.8203125
9408.982421875
9408.16015625
9407.3564453125
9406.5673828125
9405.794921875
9405.0390625
9404.298828125
9403.5703125
9402.857421875
9402.16015625
9401.4736328125
9400.802734375
9400.14453125
9399.498046875
9398.8623046875
9398.2421875
9397.634765625
9397.0390625
9396.453125
9395.876953125
9395.3125
9394.759765625
9394.2177734375
9393.685546875
9393.1640625
9392.6474609375
9392.14453125
9391.6455078125
9391.158203125
9390.6796875
9390.2099609375
9389.751953125
9389.296875
9388.8515625
9388.412109375
9387.984375
9387.5615234375
9387.146484375
9386.7392578125
9386.3388671875
9385.9453125
9385.5576171875
9385.17578125
9384.8037109375
9384.435546875
9384.07421875
9383.716796875
9383.3671875
9383.025390625
9382.6865234375
9382.3525390625
9382.0244140625
9381.701171875
9381.3828125
9381.0712890625
9380.76171875
9380.458984375
9380.16015625
9379.8671875
9379.5791015625
9379.294921875
9379.015625
9378.73828125
9378.466796875
9378.197265625
9377.9326171875
9377.671875
9377.416015625
9377.1640625
9376.916015625
9376.6689453125
9376.4306640625
9376.19140625
9375.95703125
9375.7255859375
9375.49609375
9375.271484375
9375.0498046875
9374.83203125
9374.6142578125
9374.400390625
9374.19140625
9373.9833984375
9373.7802734375
9373.580078125
9373.380859375
9373.18359375
9372.990234375
9372.798828125
9372.6103515625
9372.423828125
9372.23828125
9372.0556640625
9371.876953125
9371.69921875
9371.52734375
9371.3544921875
9371.185546875
9371.015625
9370.8515625
9370.685546875
9370.5234375
1144304173056.0
110474768.0
1749776768.0
153632336.0
51410868.0
349465312.0
11598297088.0
10526645.0
4948794.0
591958.625
133320.171875
213955.171875
298159.6875
178049.5
155271.25
118478.15625
86002.734375
69928.7109375
64413.2890625
62745.109375
62821.08984375
63770.15625
65101.19140625
66311.0078125
67039.890625
67193.0078125
67105.46875
67174.7109375
67483.5
67988.5703125
68530.4765625
69056.15625
69648.640625
70421.1640625
71316.609375
72185.171875
72833.53125
73338.1796875
73749.515625
74102.4765625
74426.5546875
74793.7421875
75148.203125
75527.546875
75902.5546875
76289.125
76760.2421875
77249.5234375
77714.265625
78133.34375
78466.53125
78698.2421875
78833.8359375
78883.4453125
78887.0234375
78831.9140625
78728.6640625
78600.546875
78462.8671875
78329.890625
78239.859375
78102.4296875
78014.71875
77849.9296875
77694.0390625
77509.8828125
77371.53125
77133.8828125
76932.796875
76716.8515625
76480.6796875
76241.9140625
75999.765625
75833.578125
75558.671875
75374.359375
75169.453125
74945.7578125
74691.4375
74443.125
74215.2578125
74106.6484375
73876.7890625
73737.484375
73552.609375
73351.78125
73137.203125
72900.9453125
72651.484375
72400.21875
72184.765625
71991.6015625
71775.3203125
71590.953125
71404.203125
71218.171875
71035.2578125
70832.40625
70629.140625
70441.9375
70282.375
70102.046875
69925.1953125
69757.984375
69595.40625
69434.171875
69271.515625
69108.9296875
68946.6640625
68790.3984375
68675.0625
68596.8984375
68679.71875
68810.078125
68900.46875
68897.546875
68779.484375
68564.0703125
68283.6875
67974.328125
67676.703125
67413.2265625
67183.578125
66995.0078125
66850.546875
66756.734375
66716.5625
66641.9453125
66493.421875
66319.4296875
66163.734375
66024.9296875
65886.2734375
65767.90625
65639.3515625
65523.48046875
65408.33984375
65293.828125
65179.61328125
65062.10546875
64949.046875
64833.21484375
64719.14453125
64617.9140625
64522.296875
64414.08203125
64288.1328125
64181.3515625
64086.6953125
63984.73828125
63883.66796875
63787.5703125
63692.296875
63594.48046875
63494.49609375
63396.8125
63311.5078125
63210.60546875
63131.0625
63031.75
62943.90625
62855.765625
62767.71484375
62679.86328125
62597.84375
62510.12109375
62424.93359375
62343.62109375
62258.625
62174.23828125
62090.91796875
62010.87890625
61929.546875
61850.7734375
61768.30859375
61685.87109375
61608.390625
61528.20703125
61449.9375
61373.25
61295.83984375
61222.890625
61161.63671875
61083.0078125
61011.6953125
60936.44140625
60863.296875
60787.12890625
60715.07421875
60640.98828125
60569.328125
60495.265625
60436.6953125
60378.63671875
60285.16796875
60219.05859375
60152.98046875
60076.7421875
60009.265625
59940.21875
59860.18359375
59804.05078125
59724.51953125
59665.26953125
59590.0234375
59529.75
59458.4765625
59392.65234375
59324.6484375
59263.08203125
59194.3125
59126.6953125
59059.3125
58996.58203125
58929.140625
58868.1015625
58833.3984375
58763.921875
58700.6796875
58642.4765625
58579.0859375
58517.171875
58455.66796875
58396.26953125
58332.2578125
58265.0
58203.5625
58150.4375
58076.99609375
58030.92578125
57963.44140625
57909.91015625
57852.625
57789.3359375
57732.41796875
57675.765625
57614.74609375
57558.5703125
57495.45703125
57435.6328125
57384.7421875
57324.85546875
57265.88671875
57210.3671875
57153.13671875
57097.40234375
57040.27734375
56985.453125
56932.6484375
56882.1640625
56832.06640625
56775.42578125
56719.265625
56667.78125
56614.078125
56555.51171875
56497.4921875
56447.2734375
56386.51953125
56355.2578125
56293.15234375
56252.1328125
56206.92578125
56156.3515625
56098.76953125
56037.3671875
55979.9375
55927.85546875
55875.390625
55811.0703125
55785.21875
55709.7109375
55669.4609375
55624.953125
55574.17578125
55520.51171875
55467.5546875
55417.4609375
55366.49609375
55315.4296875
55288.86328125
55220.0703125
55188.90234375
55154.98828125
55110.88671875
55058.0234375
55000.47265625
54945.0234375
54890.8828125
54840.57421875
54791.11328125
54784.16796875
54731.60546875
54684.90234375
54640.2109375
54592.125
54539.1328125
54482.71484375
54430.9609375
54386.7109375
54343.43359375
54292.0625
54229.69140625
54208.88671875
54143.01171875
54100.80859375
54067.7421875
54022.2734375
53967.40234375
53915.44140625
53870.91015625
53829.6328125
53782.6796875
53727.62109375
53679.8515625
53648.625
53599.66796875
53562.734375
53517.75
53468.3828125
53419.515625
53373.171875
53325.41796875
53299.3984375
53257.33984375
53230.3671875
53205.203125
53168.234375
53114.02734375
53049.5625
52987.3359375
52935.57421875
52905.73046875
52865.921875
52794.65625
52753.73828125
52708.93359375
52665.58984375
52621.21875
52574.296875
52524.12890625
52481.109375
52432.40625
52390.921875
52410.3359375
52431.125
52422.0234375
52393.6875
52346.8828125
52268.33984375
52185.86328125
52113.6953125
52054.61328125
52010.1875
51974.78515625
51954.0859375
51898.8515625
51823.94921875
51773.98046875
51739.609375
51701.8359375
51658.1328125
51611.62890625
51564.59765625
51517.625
51467.26953125
51424.51953125
51387.08203125
51343.421875
51290.03515625
51248.06640625
51215.2421875
51165.08984375
51120.203125
51083.9609375
51037.2109375
50993.20703125
50960.2109375
50911.41796875
50876.890625
50830.671875
50793.25390625
50754.2421875
50708.52734375
50672.015625
50625.109375
50598.859375
50547.265625
50512.57421875
50472.21875
50434.14453125
50395.40625
50349.0546875
50315.41796875
50298.265625
50266.88671875
50229.37890625
50184.08984375
50139.33203125
50096.703125
50051.859375
50008.46875
49968.9453125
49916.59765625
49912.3203125
49865.6796875
49825.75
49789.21484375
49749.92578125
49706.2578125
49662.3828125
49621.5625
49581.1484375
49539.2421875
49509.63671875
49448.72265625
49413.59765625
49385.05078125
49348.0546875
49301.8046875
49255.2265625
49219.9921875
49179.734375
49155.23046875
49109.421875
49070.87890625
49037.66796875
49001.5234375
48958.61328125
48914.0
48865.59375
48860.6796875
48791.609375
48760.20703125
48731.12109375
48694.9765625
48652.5390625
48606.9921875
48562.97265625
48530.140625
48508.89453125
48466.19140625
48433.08203125
48398.8203125
48359.2265625
48317.73828125
48275.703125
48236.0234375
48193.97265625
48163.078125
48109.203125
48074.0625
48043.42578125
48003.5546875
47959.41015625
47917.921875
47883.33203125
47862.23046875
47808.1171875
47769.890625
47740.578125
47703.125
47661.18359375
47614.91015625
47569.12890625
47551.55859375
47508.51171875
47488.09765625
47465.21484375
47428.80078125
47380.29296875
47325.37890625
47273.48828125
47231.23828125
47210.2578125
47146.37890625
47107.3515625
47071.24609375
47035.0625
46993.0390625
46950.74609375
46907.29296875
46953.51171875
46876.19140625
46895.7578125
46905.8046875
46878.76953125
46815.83984375
46736.96484375
46665.37890625
46609.22265625
46574.82421875
46591.09765625
46507.8671875
46476.4453125
46453.34765625
46420.8203125
46374.734375
46324.1953125
46277.75390625
46237.953125
46200.82421875
46140.93359375
46148.96484375
46095.68359375
46065.3984375
46039.9140625
46005.5390625
45957.828125
45905.703125
45859.4765625
45825.484375
45798.8203125
45748.84375
45722.4453125
45689.2578125
45662.0390625
45635.9453125
45599.97265625
45552.45703125
45501.0234375
45451.1640625
45419.1875
45402.359375
45348.77734375
45308.30078125
45279.4296875
45247.4453125
45213.1796875
45173.89453125
45132.5234375
45096.1640625
45062.66015625
45032.97265625
44994.9140625
44956.375
44926.5546875
44894.734375
44857.1796875
44814.87109375
44779.66015625
44742.78515625
44749.25390625
44715.3515625
44689.953125
44661.81640625
44625.76171875
44583.56640625
44540.515625
44499.37890625
44464.453125
44440.5078125
44397.4140625
44366.59765625
44336.9921875
44308.25
44275.9375
44238.3984375
44199.8125
44165.80859375
44136.0234375
44096.79296875
44089.15625
44040.828125
44012.38671875
43987.47265625
43955.4609375
43916.5234375
43878.4921875
43844.82421875
43807.625
43827.7734375
43765.359375
43740.0625
43722.40234375
43694.82421875
43654.3125
43609.109375
43569.671875
43541.25
43514.41796875
43485.14453125
43452.44921875
43425.578125
43396.3046875
43360.78125
43322.15625
43286.29296875
43257.7421875
43226.0078125
43199.27734375
43158.27734375
43129.6015625
43104.5078125
43074.4921875
43038.66796875
43001.14453125
42966.67578125
42942.93359375
43006.3515625
43122.7421875
43187.2890625
43257.1015625
43242.5234375
43240.921875
43041.87109375
42952.0390625
42817.84375
42833.9609375
42760.578125
42832.67578125
42816.0546875
42810.625
42763.90625
42723.91796875
42648.1875
42554.328125
42494.91796875
42464.296875
42451.7734375
42402.5546875
42368.8046875
42327.91015625
42289.47265625
42268.49609375
42231.8515625
42190.65625
42151.21875
42141.328125
42079.73828125
42061.8828125
42039.46875
42008.73828125
41974.578125
41935.80859375
41902.859375
41876.57421875
41872.828125
41856.82421875
41832.8984375
41805.3203125
41773.515625
41738.16796875
41698.9296875
41662.50390625
41630.3203125
41608.0703125
41582.67578125
41533.875
41511.1328125
41485.82421875
41460.453125
41430.875
41398.1796875
41364.671875
41366.921875
41339.66015625
41354.9921875
41361.58203125
41344.83203125
41298.96875
41241.0390625
41189.28515625
41148.46875
41173.69921875
41122.01171875
41088.703125
41070.12109375
41048.77734375
41017.66015625
40981.703125
40950.421875
40926.65625
40898.875
40883.359375
40849.94140625
40822.29296875
40802.61328125
40781.96484375
40751.2734375
40717.1015625
40685.94140625
40659.3125
40651.74609375
40619.4140625
40589.484375
40567.046875
40544.75
40516.80859375
40483.5703125
40451.30859375
40418.59375
40442.30078125
40412.51171875
40391.6171875
40372.6796875
40351.05078125
40323.23828125
40291.234375
40257.21484375
40223.1484375
40193.3359375
40185.94921875
40166.2890625
40119.6328125
40105.640625
40082.265625
40053.03125
40023.21484375
39996.05078125
39974.4453125
39955.84375
39917.984375
39911.7890625
39882.6484375
39871.359375
39851.9609375
39824.23828125
39792.71875
39761.4921875
39734.63671875
39721.7734375
39697.9140625
39681.8984375
39669.69140625
39650.1484375
39620.72265625
39585.7265625
39550.421875
39521.57421875
39513.03515625
39470.0859375
39444.3046875
39422.0546875
39400.9375
39375.30859375
39349.98828125
39338.265625
39320.2734375
39317.125
39308.58984375
39288.95703125
39258.1484375
39221.25
39185.41015625
39158.3984375
39163.2265625
39109.41015625
39099.140625
39085.27734375
39062.26171875
39030.828125
38998.8671875
38977.3671875
38952.97265625
38931.96875
38909.79296875
38886.7734375
38864.6796875
38841.21484375
38813.37890625
38800.96484375
38773.90625
38754.83984375
38733.9921875
38711.765625
38689.359375
38665.26953125
38635.375
38661.91015625
38617.203125
38635.28125
38640.2578125
38619.71875
38581.24609375
38539.3125
38501.91796875
38471.76953125
38476.86328125
38935.0859375
40099.0546875
41296.34375
42201.08984375
42623.72265625
42617.3671875
42329.03515625
41813.6875
41263.953125
40561.70703125
39970.62109375
39495.984375
39142.66015625
38918.34765625
38818.26953125
38857.609375
38990.890625
39057.7578125
38950.11328125
38795.28515625
38689.5859375
38635.30859375
38596.984375
38543.74609375
38462.3125
38365.30078125
38284.69921875
38214.7265625
38142.59375
38071.67578125
38014.11328125
37978.4765625
37964.69921875
37959.09375
37947.625
37924.921875
37891.8671875
37855.66796875
37823.734375
37799.046875
37779.51953125
37759.28125
37732.765625
37698.734375
37662.3046875
37626.59375
37595.40625
37566.3671875
37539.29296875
37514.53515625
37492.50390625
37471.38671875
37450.94921875
37429.234375
37405.6953125
37381.7421875
37358.0859375
37336.0625
37315.35546875
37295.23046875
37274.8203125
37253.99609375
37232.9765625
37215.2421875
37199.8046875
37184.06640625
37158.7890625
37127.0
37102.64453125
37085.7890625
37070.73828125
37050.1953125
37026.2578125
37008.3125
36995.8125
36976.578125
36951.765625
36928.7578125
36908.234375
36885.08984375
36860.65234375
36837.7421875
36816.890625
36797.578125
36779.24609375
36761.0546875
36742.03515625
36720.98046875
36699.48046875
36680.484375
36663.9765625
36647.2421875
36629.78125
36612.11328125
36594.47265625
36576.046875
36555.56640625
36534.44921875
36512.9375
36492.47265625
36472.71875
36454.99609375
36437.6953125
36419.9921875
36399.890625
36379.28515625
36359.109375
36340.45703125
36322.4296875
36303.07421875
36283.75
36266.375
36249.9296875
36234.35546875
36216.75390625
36197.89453125
36178.5859375
36159.20703125
36140.03515625
36120.8515625
36102.33984375
36084.7421875
36067.82421875
36050.5390625
36032.28515625
36013.69140625
35995.3671875
35978.4140625
35961.65625
35945.671875
35929.18359375
35912.96875
35895.6171875
35877.796875
35858.95703125
35839.7109375
35821.09765625
35803.58203125
35787.62109375
35772.859375
35758.4140625
35743.53125
35726.91796875
35709.2578125
35691.2734375
35674.0
35657.69921875
35642.6796875
35627.609375
35611.46875
35593.375
35573.46484375
35552.61328125
35532.0859375
35513.4375
35496.359375
35480.640625
35464.4375
35447.5234375
35429.24609375
35410.5390625
35391.984375
35373.7734375
35355.5
35337.84765625
35320.35546875
35303.328125
35287.359375
35271.72265625
35256.5625
35240.765625
35224.546875
35207.34375
35189.8046875
35171.4140625
35153.046875
35134.390625
35115.59765625
35097.23046875
35079.50390625
35061.984375
35045.19921875
35028.4921875
35011.48046875
34995.20703125
34979.16796875
34963.16796875
34947.015625
34929.5234375
34910.79296875
34890.15234375
34867.9609375
34846.21875
34829.5625
34815.6171875
34793.19921875
34776.07421875
34764.4921875
34740.78515625
34733.33984375
34707.25390625
34692.71875
34678.1953125
34659.0546875
34638.703125
34629.1640625
34615.6796875
34604.17578125
34585.953125
34567.4375
34556.328125
34544.28125
34523.59765625
34506.2734375
34493.47265625
34472.2109375
34474.8359375
34443.1171875
34435.78125
34422.66015625
34403.4140625
34380.484375
34348.44921875
34342.7578125
34337.51171875
34310.27734375
34331.0
34296.90625
34288.6484375
34290.546875
34274.859375
34264.30859375
34247.484375
34228.03125
34222.75
34202.54296875
34218.9765625
34191.484375
34177.8984375
34172.1953125
34166.01953125
34156.3984375
34144.65625
34130.39453125
34114.52734375
34099.4921875
34089.765625
34079.9921875
34093.21484375
34057.10546875
34053.71875
34051.89453125
34045.08203125
34032.484375
34015.6484375
33997.68359375
33984.44140625
33976.296875
33962.5234375
33949.08984375
33964.8359375
33936.44921875
33926.8046875
33925.125
33920.52734375
33909.35546875
33892.68359375
33874.63671875
33858.4140625
33849.625
33832.9375
33872.1953125
33831.3828125
33832.9765625
33838.0546875
33835.609375
33821.65625
33799.6875
33777.171875
33761.140625
33754.65234375
33750.3125
33735.37109375
33705.5
33703.76171875
33697.49609375
33686.69140625
33673.296875
33658.10546875
33648.2734375
33642.5390625
33627.7421875
33610.8046875
33605.765625
33597.3046875
33580.65234375
33576.14453125
33561.546875
33550.8359375
33543.703125
33531.234375
33518.36328125
33513.0078125
33496.85546875
33490.3984375
33476.2578125
33464.36328125
33456.58203125
33478.05859375
33445.09765625
33439.828125
33438.9375
33433.85546875
33422.88671875
33407.4921875
33390.50390625
33375.75
33366.82421875
33347.8515625
33382.95703125
33346.3671875
33370.6328125
33392.62890625
33397.59765625
33383.4375
33358.078125
33332.03515625
33312.18359375
33298.96484375
33288.59765625
33275.76953125
33258.2265625
33233.3359375
33205.953125
33209.41796875
33208.93359375
33201.8671875
33187.328125
33166.0234375
33146.0078125
33142.08203125
33134.296875
33117.95703125
33107.20703125
33101.73046875
33092.24609375
33077.5234375
33061.015625
33052.0625
33041.78515625
33029.21484375
33022.7265625
33005.8515625
33003.52734375
32985.953125
32978.96875
32965.65625
32954.66015625
32945.3125
32935.37890625
32924.18359375
32918.36328125
32902.3359375
32895.1640625
32883.46484375
32872.41796875
32862.19140625
32853.93359375
32837.7890625
32841.828125
32836.07421875
32839.10546875
32838.703125
32831.81640625
32818.08203125
32798.73046875
32777.92578125
32759.640625
32757.017578125
32755.11328125
32730.34765625
32717.375
32715.671875
32708.400390625
32697.373046875
32682.466796875
32666.953125
32658.94140625
32653.361328125
32634.396484375
32627.130859375
32621.74609375
32606.859375
32593.6953125
32589.671875
32575.08203125
32565.1640625
32558.30078125
32544.61328125
32537.931640625
32521.669921875
32515.9140625
32501.49609375
32499.359375
32488.1328125
32481.05078125
32469.212890625
32458.34375
32450.9296875
32441.3046875
32426.7265625
32419.2421875
32408.689453125
32407.67578125
32389.171875
32385.40625
32376.634765625
32365.255859375
32353.625
32344.57421875
32331.1484375
32323.080078125
32310.330078125
32323.02734375
32295.64453125
32289.6796875
32287.267578125
32280.4140625
32269.009765625
32253.931640625
32238.654296875
32229.056640625
32218.6328125
32231.3359375
32218.822265625
32208.306640625
32199.88671875
32189.486328125
32176.896484375
32164.21875
32155.015625
32147.482421875
32136.72265625
32117.484375
32110.669921875
32107.640625
32093.8359375
32076.3828125
32074.2265625
32064.71875
32050.921875
32043.369140625
32034.90625
32021.001953125
32012.79296875
31998.98046875
31997.64453125
31980.306640625
31977.384765625
31963.31640625
31956.51953125
31947.77734375
31934.8671875
31928.90234375
31914.8984375
31906.091796875
31923.931640625
31892.951171875
31894.42578125
31892.83203125
31885.3984375
31873.375
31858.095703125
31843.5546875
31833.54296875
31823.791015625
31820.3125
31804.669921875
31790.384765625
31787.810546875
31780.078125
31768.953125
31757.71875
31747.86328125
31736.248046875
31725.84375
31724.263671875
31714.51953125
31704.5625
31697.7734375
31691.685546875
31683.703125
31672.1796875
31658.580078125
31644.986328125
31636.55859375
31653.54296875
31625.35546875
31618.953125
31615.609375
31609.984375
31601.74609375
31591.16796875
31579.8203125
31566.73828125
31551.857421875
31540.203125
31538.955078125
31518.4609375
31507.37890625
31498.5546875
31498.703125
31500.87890625
31501.501953125
31498.19140625
31489.96875
31475.99609375
31458.91796875
31442.21484375
31432.705078125
31432.55078125
31422.36328125
31398.4296875
31394.828125
31390.29296875
31380.08203125
31366.181640625
31356.810546875
31352.669921875
31336.412109375
31328.216796875
31323.314453125
31307.53125
31305.08984375
31292.78125
31283.326171875
31277.560546875
31266.173828125
31255.01171875
31250.056640625
31238.34765625
31229.771484375
31222.89453125
31210.23046875
31203.794921875
31192.341796875
31188.30859375
31182.5234375
31171.86328125
31160.958984375
31156.09765625
31146.53125
31135.25390625
31127.814453125
31116.849609375
31117.9921875
31105.0078125
31101.87109375
31094.0625
31083.875
31073.171875
31064.5625
31056.5
31042.04296875
31036.67578125
31027.630859375
31019.619140625
31007.15234375
30999.35546875
30992.83984375
30983.166015625
30970.62109375
30963.853515625
30949.58203125
30947.435546875
30966.50390625
30959.986328125
30954.908203125
30950.302734375
30944.474609375
30935.83203125
30923.693359375
30909.125
30894.18359375
30878.837890625
30863.3828125
30849.96875
30843.91796875
30864.099609375
30825.171875
30829.728515625
30835.208984375
30831.970703125
30819.76953125
30802.884765625
30786.490234375
30773.7734375
30764.76953125
30754.984375
30746.31640625
30724.1640625
30724.650390625
30713.15234375
30713.291015625
30707.73046875
30696.0078125
30681.115234375
30669.2890625
30661.623046875
30646.3203125
30652.3203125
30630.64453125
30627.484375
30616.12109375
30606.61328125
30600.1875
30591.642578125
30579.1484375
30574.017578125
30567.80859375
30552.1875
30548.2109375
30537.48046875
30530.05859375
30521.8515625
30511.06640625
30502.921875
30518.5078125
30497.36328125
30489.69921875
30485.48046875
30479.94140625
30471.978515625
30461.98046875
30450.3046875
30436.146484375
30425.345703125
30424.572265625
30406.8828125
30395.998046875
30387.9140625
30379.31640625
30371.19140625
30369.37890625
30375.48046875
30374.978515625
30372.71484375
30366.287109375
30354.56640625
30338.68359375
30322.05078125
30310.607421875
30309.6875
30304.29296875
30281.736328125
30274.3359375
30273.85546875
30266.767578125
30254.966796875
30241.21875
30234.361328125
30229.419921875
30213.939453125
30206.59765625
30203.01953125
30189.00390625
30182.07421875
30175.3125
30162.3671875
30157.8671875
30148.19921875
30138.15625
30130.08203125
30130.60546875
30116.083984375
30108.62890625
30103.93359375
30093.95703125
30084.36328125
30077.49609375
30067.2734375
30060.216796875
30050.94921875
30039.6953125
30032.91015625
30027.18359375
30015.705078125
30009.5
30011.42578125
29994.755859375
29990.12109375
29984.515625
29974.34375
29965.517578125
29958.14453125
29946.5390625
29952.208984375
29938.67578125
29938.990234375
29935.234375
29927.236328125
29915.330078125
29902.345703125
29893.1640625
29888.0703125
29872.083984375
29874.08984375
29865.525390625
29850.28515625
29843.359375
29839.94921875
29832.841796875
29821.884765625
29810.109375
29802.740234375
29795.33984375
29787.228515625
29777.4375
29768.92578125
29761.6875
29754.044921875
29745.982421875
29737.51171875
29743.88671875
29732.857421875
29736.119140625
29735.00390625
29728.11328125
29715.84765625
29700.9375
29687.119140625
29680.310546875
29679.49609375
29658.482421875
29664.861328125
29659.09375
29648.9609375
29639.05078125
29630.14453125
29622.94140625
29616.04296875
29607.55859375
29593.818359375
29591.33984375
29587.08984375
29570.125
29567.1328125
29551.328125
29545.44140625
29537.59375
29526.86328125
29525.640625
29515.359375
29508.337890625
29504.21484375
29492.8125
29488.240234375
29478.984375
29475.08984375
29467.671875
29457.017578125
29454.611328125
29443.41015625
29436.814453125
29427.09375
29420.89453125
29421.826171875
29404.037109375
29399.203125
29388.71484375
29378.767578125
29372.6640625
29363.068359375
29360.685546875
29354.08203125
29343.447265625
29333.345703125
29328.10546875
29321.658203125
29310.7421875
29300.0078125
29294.6484375
29283.1953125
29279.423828125
29268.4609375
29264.51171875
29257.357421875
29251.375
29242.888671875
29235.1796875
29234.892578125
29227.51171875
29221.302734375
29215.56640625
29209.498046875
29202.146484375
29192.248046875
29180.494140625
29168.10546875
29162.3125
29184.8125
29162.0234375
29158.927734375
29157.5703125
29151.9609375
29141.37109375
29129.2265625
29118.814453125
29111.0390625
29101.1875
29080.82421875
29088.044921875
29071.109375
29054.73828125
29051.3984375
29047.580078125
29039.46484375
29027.921875
29016.13671875
29009.748046875
29004.2109375
29002.421875
28988.9296875
28985.509765625
28977.4765625
28968.62890625
28959.76171875
28950.806640625
28936.916015625
28936.369140625
28923.5546875
28912.208984375
28906.400390625
28898.408203125
28888.63671875
28881.703125
28870.88671875
28864.560546875
28903.2578125
28899.599609375
28899.142578125
28897.25390625
28893.8359375
28885.859375
28873.84765625
28860.01953125
28846.421875
28831.95703125
28816.9921875
28802.55859375
28794.6328125
28792.501953125
28781.314453125
28769.9921875
28763.326171875
28753.80859375
28745.412109375
28735.98046875
28724.09375
28711.8203125
28700.205078125
28697.060546875
28700.931640625
28679.365234375
28670.765625
28668.4453125
28664.828125
28657.38671875
28645.912109375
28631.302734375
28620.201171875
28619.55078125
28614.892578125
28599.01953125
28597.017578125
28594.244140625
28587.990234375
28578.734375
28568.2265625
28561.88671875
28549.3046875
28613.625
28753.03125
29191.4296875
29606.5234375
29827.6015625
29818.81640625
29640.796875
29389.75390625
29143.29296875
28948.06640625
28823.013671875
28743.15234375
28710.857421875
28723.607421875
28761.45703125
28794.544921875
28780.4921875
28719.3125
28657.724609375
28603.47265625
28558.48828125
28533.646484375
28525.03515625
28524.49609375
28520.65234375
28508.859375
28489.677734375
28464.322265625
28438.830078125
28417.865234375
28400.552734375
28384.84765625
28372.341796875
28364.173828125
28358.3515625
28352.71875
28339.052734375
28305.009765625
28304.4609375
28290.91015625
28272.83984375
28259.90234375
28253.787109375
28248.375
28239.14453125
28227.296875
28225.052734375
28218.458984375
28201.697265625
28198.28515625
28182.263671875
28175.908203125
28162.30078125
28158.09765625
28145.623046875
28142.720703125
28136.6484375
28125.03515625
28120.0390625
28110.333984375
28103.8984375
28094.447265625
28090.958984375
28087.96484375
28073.10546875
28069.953125
28063.58984375
28055.44140625
28048.248046875
28041.361328125
28030.640625
28030.03515625
28047.068359375
28042.015625
28038.388671875
28035.05859375
28030.138671875
28022.380859375
28011.41015625
27997.849609375
27983.8828125
27970.54296875
27960.3984375
27953.58984375
27945.169921875
27945.59375
27927.0234375
27915.72265625
27912.544921875
27909.125
27902.171875
27891.486328125
27879.271484375
27867.236328125
27859.40234375
27853.19921875
27875.046875
27850.818359375
27842.162109375
27839.8046875
27837.427734375
27831.935546875
27823.408203125
27813.1796875
27802.142578125
27789.609375
27775.5859375
27776.34375
27757.4921875
27781.755859375
27758.26171875
27749.54296875
27749.734375
27748.970703125
27743.27734375
27733.28515625
27721.220703125
27708.322265625
27696.6171875
27693.69140625
27690.876953125
27686.203125
27683.03125
27681.650390625
27680.248046875
27676.015625
27667.66796875
27656.16015625
27643.25390625
27631.794921875
27622.001953125
27611.55078125
27651.919921875
27611.607421875
27602.19921875
27602.697265625
27604.431640625
27602.28125
27594.23828125
27581.265625
27565.76953125
27550.2734375
27536.40625
27524.17578125
27563.40625
27556.6171875
27666.701171875
27788.666015625
27874.595703125
27900.19140625
27868.19140625
27802.19140625
27726.46484375
27658.826171875
27605.26171875
27563.236328125
27529.92578125
27511.40234375
27514.6171875
27537.609375
27546.88671875
27526.41796875
27501.1953125
27478.86328125
27458.671875
27441.3828125
27428.1484375
27419.33203125
27414.93359375
27411.08984375
27403.814453125
27390.3359375
27372.119140625
27352.5390625
27334.71484375
27320.599609375
27309.6640625
27302.5234375
27375.283203125
27349.07421875
27439.255859375
27528.33203125
27582.37890625
27590.740234375
27560.47265625
27508.328125
27448.75
27391.57421875
27342.7421875
27304.0234375
27275.806640625
27266.76171875
27279.333984375
27290.9140625
27284.767578125
27266.884765625
27247.748046875
27229.724609375
27212.1640625
27195.86328125
27183.0625
27175.2578125
27171.826171875
27168.79296875
27162.00390625
27148.923828125
27131.08203125
27112.455078125
27099.9140625
27088.701171875
27106.380859375
27083.22265625
27081.458984375
27079.73046875
27071.560546875
27058.7578125
27045.228515625
27032.74609375
27021.908203125
27015.50390625
27009.78515625
27003.53125
26985.474609375
26977.384765625
26968.73828125
26963.9453125
26956.482421875
26950.72265625
26941.73046875
26958.3203125
26943.5
26952.34765625
26958.978515625
26962.1484375
26960.2734375
26952.8515625
26940.669921875
26925.00390625
26907.74609375
26890.3984375
26875.91015625
26871.5234375
26876.48046875
26875.306640625
26875.21484375
26875.822265625
26875.708984375
26872.375
26864.41015625
26852.833984375
26839.603515625
26826.61328125
26814.4765625
26804.359375
26797.3203125
26791.34765625
26774.90234375
26802.466796875
26768.79296875
26779.26953125
26789.10546875
26792.28125
26786.34765625
26772.6015625
26755.603515625
26738.8046875
26724.5625
26713.052734375
26703.859375
26691.232421875
26734.6640625
26702.46484375
26696.59375
26700.1484375
26702.650390625
26698.048828125
26685.177734375
26668.12109375
26651.40625
26638.74609375
26631.71875
26628.0
26621.306640625
26597.873046875
26619.275390625
26601.986328125
26590.4375
26586.703125
26583.828125
26578.109375
26569.9921875
26560.41015625
26550.572265625
26539.904296875
26527.2109375
26519.25
26522.46875
26509.16015625
26500.19921875
26490.6640625
26485.763671875
26481.560546875
26475.12890625
26466.07421875
26455.25390625
26446.814453125
26442.42578125
26462.181640625
26437.13671875
26429.33203125
26428.23046875
26427.01953125
26423.515625
26416.951171875
26407.7890625
26396.732421875
26384.60546875
26373.796875
26375.634765625
26367.71875
26365.37890625
26358.16796875
26352.708984375
26349.08203125
26344.55078125
26338.3203125
26330.546875
26321.224609375
26313.5546875
26311.21875
26307.34375
26295.984375
26287.376953125
26279.6875
26274.466796875
26268.02734375
26259.9140625
26252.1015625
26246.55078125
26244.16796875
