9756.015625
9745.0
9734.49609375
9724.47265625
9714.88671875
9705.697265625
9696.8671875
9688.353515625
9680.1376953125
9672.1923828125
9664.5029296875
9657.044921875
9649.80859375
9642.775390625
9635.927734375
9629.2646484375
9622.77734375
9616.45703125
9610.30078125
9604.3037109375
9598.4677734375
9592.779296875
9587.248046875
9581.861328125
9576.625
9571.525390625
9566.56640625
9561.748046875
9557.0615234375
9552.505859375
9548.0751953125
9543.76953125
9539.576171875
9535.498046875
9531.5283203125
9527.6689453125
9523.9130859375
9520.26171875
9516.705078125
9513.2470703125
9509.880859375
9506.6015625
9503.4130859375
9500.3095703125
9497.2900390625
9494.349609375
9491.4873046875
9488.703125
9485.9912109375
9483.3486328125
9480.7763671875
9478.271484375
9475.828125
9473.4482421875
9471.130859375
9468.869140625
9466.6650390625
9464.515625
9462.419921875
9460.376953125
9458.3837890625
9456.4375
9454.54296875
9452.69921875
9450.892578125
9449.1328125
9447.4130859375
9445.7353515625
9444.09765625
9442.5009765625
9440.9375
9439.4150390625
9437.92578125
9436.4716796875
9435.052734375
9433.6640625
9432.3056640625
9430.982421875
9429.6875
9428.4208984375
9427.1826171875
9425.97265625
9424.7890625
9423.6318359375
9422.501953125
9421.3935546875
9420.3115234375
9419.2509765625
9418.212890625
9417.19921875
9416.2060546875
9415.234375
9414.2841796875
9413.353515625
9412.443359375
9411.55078125
9410.67578125
9409.8203125
9408.982421875
9408.16015625
9407.3564453125
9406.5673828125
9405.794921875
9405.0390625
9404.298828125
9403.5703125
9402.857421875
9402.16015625
9401.4736328125
9400.802734375
9400.14453125
9399.498046875
9398.8623046875
9398.2421875
9397.634765625
9397.0390625
9396.453125
9395.876953125
9395.3125
9394.759765625
9394.2177734375
9393.685546875
9393.1640625
9392.6474609375
9392.14453125
9391.6455078125
9391.158203125
9390.6796875
9390.2099609375
9389.751953125
9389.296875
9388.8515625
9388.412109375
9387.984375
9387.5615234375
9387.146484375
9386.7392578125
9386.3388671875
9385.9453125
9385.5576171875
9385.17578125
9384.8037109375
9384.435546875
9384.07421875
9383.716796875
9383.3671875
9383.025390625
9382.6865234375
9382.3525390625
9382.0244140625
9381.701171875
9381.3828125
9381.0712890625
9380.76171875
9380.458984375
9380.16015625
9379.8671875
9379.5791015625
9379.294921875
9379.015625
9378.73828125
9378.466796875
9378.197265625
9377.9326171875
9377.671875
9377.416015625
9377.1640625
9376.916015625
9376.6689453125
9376.4306640625
9376.19140625
9375.95703125
9375.7255859375
9375.49609375
9375.271484375
9375.0498046875
9374.83203125
9374.6142578125
9374.400390625
9374.19140625
9373.9833984375
9373.7802734375
9373.580078125
9373.380859375
9373.18359375
9372.990234375
9372.798828125
9372.6103515625
9372.423828125
9372.23828125
9372.0556640625
9371.876953125
9371.69921875
9371.52734375
9371.3544921875
9371.185546875
9371.015625
9370.8515625
9370.685546875
9370.5234375
1810685696.0
2066986112.0
61560592531456.0
540931.75
2032092.25
7724685.5
12275819.0
8589239.0
4026552.0
1514780.75
608829.6875
327402.625
277348.03125
336731.53125
452235.4375
549883.0625
550760.5
457884.625
340077.1875
245952.953125
184563.71875
147840.3125
126540.75
114389.8984375
107528.1875
103789.265625
102009.7421875
101571.3203125
102132.5078125
103537.5078125
105733.6640625
108632.046875
112116.03125
116012.171875
120058.8671875
123885.1640625
127049.6640625
129169.3046875
129996.765625
129477.8984375
127770.40625
125183.9453125
122087.171875
118818.7578125
115625.96875
112661.0234375
109996.8984375
107659.484375
105638.4453125
103913.6796875
102437.71875
101172.34375
100079.9296875
99121.6796875
98282.296875
97523.5703125
96826.859375
96172.3203125
95548.484375
94946.7734375
94353.3203125
93761.7421875
93163.71875
92560.28125
91943.09375
91317.9609375
90676.984375
90027.0703125
89367.640625
88700.0859375
88026.984375
87350.0859375
86669.2421875
85989.9140625
85312.203125
84639.0859375
83971.21875
83312.359375
82664.2109375
82023.890625
81395.25
80779.0234375
80176.1640625
79584.796875
79007.40625
78442.828125
77891.21875
77353.4375
76828.09375
76314.7109375
75812.6484375
75322.3359375
74844.0703125
74374.03125
73915.328125
73464.2421875
73022.90625
72590.6953125
72166.84375
71748.6953125
71338.09375
70936.5859375
70539.828125
70149.40625
69765.84375
69387.5078125
69016.25
68650.21875
68290.9609375
67936.4296875
67588.375
67245.25
66906.203125
66573.75
66244.7109375
65921.0390625
65603.25
65288.32421875
64979.46484375
64674.66796875
64374.359375
64077.33984375
63785.65234375
63497.9296875
63214.46875
62933.62109375
62655.90625
62381.56640625
62109.5234375
61841.17578125
61574.6953125
61310.953125
61052.23828125
60795.53125
60543.02734375
60293.234375
60045.87109375
59802.1328125
59559.84765625
59321.0703125
59085.9375
58853.66015625
58625.1171875
58399.20703125
58177.4921875
57958.65234375
57742.46875
57529.24609375
57319.8046875
57112.28125
56908.12890625
56707.48828125
56508.984375
56312.84375
56118.90625
55927.74609375
55738.578125
55551.67578125
55366.11328125
55184.15625
55002.484375
54823.53125
54646.83203125
54472.05859375
54300.04296875
54128.734375
53960.59375
53793.75390625
53628.83203125
53465.87890625
53304.96875
53146.0625
52987.98828125
52833.0625
52678.6328125
52526.71875
52376.015625
52227.08203125
52080.90234375
51937.671875
51797.15625
51650.09765625
51501.0859375
51364.76171875
51225.6328125
51082.8515625
50949.12890625
50813.27734375
50675.26171875
50544.046875
50410.8671875
50278.11328125
50150.87109375
50019.2109375
49891.58203125
49765.4921875
49638.08203125
49514.3828125
49390.53125
49268.1796875
49147.9609375
49027.84375
48908.02734375
48790.203125
48673.14453125
48558.015625
48443.42578125
48329.8984375
48216.6171875
48103.8046875
47993.5859375
47882.9453125
47773.4296875
47664.6484375
47556.6328125
47450.23046875
47343.83984375
47238.44921875
47133.953125
47030.1171875
46926.8046875
46824.11328125
46722.2265625
46620.68359375
46519.9609375
46419.86328125
46321.06640625
46222.6171875
46124.6640625
46027.77734375
45931.07421875
45834.78515625
45739.953125
45644.8828125
45550.62890625
45456.4921875
45363.94140625
45271.6015625
45179.24609375
45089.0625
44999.7421875
44907.765625
44816.42578125
44729.12109375
44640.94921875
44550.89453125
44463.71484375
44376.578125
44289.11328125
44204.75390625
44119.7578125
44037.1640625
43952.296875
43867.53125
43783.14453125
43702.94140625
43621.5546875
43534.4609375
43451.58984375
43374.828125
43290.11328125
43207.484375
43131.3359375
43048.08203125
42968.328125
42892.421875
42810.37890625
42736.51953125
42660.5625
42582.70703125
42501.265625
42426.0859375
42347.81640625
42270.7109375
42193.30078125
42116.8125
42042.2109375
41963.66796875
41890.68359375
41813.8203125
41740.2734375
41664.625
41591.6796875
41517.58203125
41444.87109375
41372.0234375
41299.9140625
41227.27734375
41155.18359375
41082.8515625
41010.95703125
40939.796875
40868.67578125
40797.9765625
40728.09765625
40659.23046875
40588.84765625
40519.390625
40449.78125
40380.37890625
40311.72265625
40243.203125
40175.5625
40107.6953125
40040.75
39972.09765625
39904.09765625
39837.3203125
39770.3984375
39704.90625
39638.60546875
39573.125
39505.18359375
39438.4609375
39372.171875
39307.3359375
39243.828125
39176.6875
39110.90234375
39046.296875
38982.11328125
38919.44140625
38851.73828125
38791.55078125
38741.75390625
38672.28125
38604.140625
38541.8984375
38485.21875
38416.58984375
38358.05078125
38290.42578125
38227.93359375
38166.671875
38122.45703125
38062.015625
37998.80078125
37928.5390625
37864.5234375
37797.16796875
37735.46875
37673.84765625
37619.03515625
37562.6953125
37504.703125
37439.453125
37379.65625
37318.74609375
37245.3359375
37178.015625
37119.2265625
37065.31640625
37000.73046875
36934.32421875
36876.21875
36817.21484375
36753.93359375
36692.21484375
36631.8515625
36575.44921875
36513.53515625
36456.7109375
36396.4453125
36338.68359375
36279.8515625
36219.3515625
36158.83984375
36099.5390625
36043.203125
35986.296875
35926.91796875
35868.48828125
35811.125
35753.01953125
35696.7265625
35638.93359375
35582.3046875
35524.4921875
35466.921875
35410.09765625
35354.015625
35297.2734375
35240.6796875
35184.30078125
35128.203125
35072.6171875
35016.94921875
34961.51953125
34905.73828125
34850.26953125
34795.16796875
34740.265625
34685.296875
34631.37109375
34576.6953125
34520.640625
34464.60546875
34410.90234375
34356.90625
34301.05859375
34246.97265625
34193.8828125
34139.5078125
34085.13671875
34031.62890625
33978.14453125
33923.99609375
33871.1328125
33818.1953125
33764.6171875
33711.66796875
33659.27734375
33606.3828125
33554.125
33502.94140625
33451.859375
33400.9140625
33349.578125
33296.4375
33242.5
33190.08203125
33140.09375
33090.34765625
33039.2578125
32988.15234375
32939.09375
32888.34375
32836.53125
32782.765625
32730.873046875
32681.484375
32632.2890625
32582.1328125
32530.142578125
32480.3515625
32432.66796875
32385.205078125
32336.87109375
32288.46484375
32240.515625
32190.734375
32138.919921875
32087.375
32038.875
31990.876953125
31941.78515625
31891.7265625
31843.37109375
31796.060546875
31747.6640625
31698.1875
31649.154296875
31601.8359375
31553.568359375
31504.470703125
31455.33984375
31408.1484375
31361.53125
31314.8125
31268.12109375
31220.857421875
31172.818359375
31123.63671875
31076.033203125
31030.21484375
30985.41796875
30939.69921875
30892.6953125
30844.826171875
30797.92578125
30753.181640625
30709.373046875
30665.4140625
30620.25
30574.859375
30530.1796875
30486.240234375
30443.0234375
30400.11328125
30356.72265625
30313.802734375
30271.365234375
30229.00390625
30187.171875
30145.21484375
30102.671875
30059.716796875
30016.421875
29974.017578125
29932.232421875
29891.37890625
29850.59375
29809.62109375
29768.791015625
29728.1484375
29688.109375
29648.466796875
29609.265625
29570.10546875
29531.501953125
29493.140625
29455.896484375
29418.68359375
29379.6640625
29337.99609375
29297.39453125
29259.095703125
29221.587890625
29181.78515625
29141.912109375
29103.80078125
29066.326171875
29027.76171875
28988.970703125
28951.9296875
28915.865234375
28879.38671875
28842.111328125
28805.771484375
28769.783203125
28732.86328125
28696.712890625
28659.876953125
28624.755859375
28588.525390625
28552.865234375
28517.275390625
28482.2734375
28447.173828125
28412.126953125
28377.400390625
28342.7265625
28309.19140625
28274.064453125
28239.619140625
28205.34765625
28170.982421875
28137.125
28103.80859375
28071.154296875
28038.05078125
28005.0625
27971.484375
27937.35546875
27903.89453125
27871.142578125
27839.19921875
27807.3828125
27775.216796875
27743.619140625
27712.880859375
27682.001953125
27651.908203125
27622.845703125
27594.958984375
27566.734375
27535.451171875
27500.779296875
27464.7890625
27429.134765625
27392.94140625
27357.751953125
27324.958984375
27287.53515625
27250.0546875
27219.90625
27190.373046875
27161.2109375
27132.603515625
27104.23046875
27075.3984375
27045.81640625
27016.099609375
26985.234375
26954.267578125
26924.642578125
26896.951171875
26872.138671875
26863.416015625
27612.609375
440566.75
29337.66796875
319994.0625
51218.2109375
67838.328125
106012.4921875
437576.3125
5873221.5
14086810.0
1856491.75
3147963039744.0
49815796.0
218412432.0
385592288.0
4147568.5
828695.875
5357147136.0
156441329664.0
804263168.0
8653798637568.0
46082318925824.0
1748668288.0
11504614400.0
234042015744.0
150422519808.0
326819488.0
771114532864.0
716943720448.0
190134943744.0
9302063104.0
155077964726272.0
3718307905536.0
2018377333735424.0
4476944523460608.0
154916192256.0
533708046336.0
182085713920.0
1288358199296.0
745509027840.0
456580595712.0
4.305867579399864e+17
351304286208.0
8909696794624.0
32058883702784.0
41288715993088.0
318613928017920.0
156229703827456.0
1925761866924032.0
698249610526720.0
9958858780835840.0
2233238552576.0
117743701458944.0
1399724070404096.0
2773146664960.0
1248812990464.0
35316618493952.0
169489629184.0
33946475692032.0
466261918089216.0
40347791360.0
29569912406016.0
6255627730944.0
959101140992.0
36578252554240.0
295329529856.0
590380097601536.0
3760232324923392.0
50067096469504.0
563203490709504.0
62010901397504.0
178673491640320.0
1077884682240.0
13715136053248.0
791619783622656.0
2445778354176.0
886576644096.0
4760016519168.0
2824447983616.0
5606202146816.0
25647286059008.0
1536477626368.0
6220629934080.0
122200809472.0
265232735797248.0
115572738097152.0
304227516416.0
3004899000320.0
102669950976.0
1249356728500224.0
1.044445852073984e+16
17092761600.0
881552326656.0
2587397980160.0
122924925190144.0
2426343260160.0
53307392000.0
5.403188705135428e+18
514720661504.0
572658024448.0
129863528742912.0
112452880564224.0
84001153024.0
51029524480.0
95317712896.0
506522566656.0
15265759232.0
60385456128.0
872014282752.0
1508094902272.0
296826470400.0
1158138468237312.0
203821662208.0
62917451776.0
610783943720960.0
115005513728.0
183726800896.0
425345253376.0
102684450816.0
47585501184.0
8892291481600.0
4320955465728.0
694391320608768.0
2335833264750592.0
124366282752.0
64899403776.0
2195505807360.0
34651330576384.0
50103754686464.0
1.887542563569664e+16
37742738145280.0
5956859068416.0
29893652480.0
5886172672.0
5100762624.0
2.278222727368147e+18
784561864704.0
1138985600.0
1744533760.0
13104922624.0
4158117904384.0
400166420480.0
486986350592.0
111975817216.0
79570198528.0
1902332544.0
81507975168.0
5313971200.0
5460507136.0
4442424832.0
12002592768.0
4.270219264943718e+16
31562464755712.0
1435612800.0
84265762816.0
2258405376.0
1247562240.0
6684683341398016.0
11119503360.0
757341696.0
12934107136.0
2044508504064.0
1706055552.0
623604160.0
11388181282816.0
510423200.0
1372509547003904.0
5843017728.0
6125008896.0
178411159552.0
3183242752.0
9477304614912.0
824352899072.0
1570360786944.0
329071296.0
550298496.0
7798230016.0
556754624.0
3648166912.0
166495216.0
21285574656.0
107547680.0
111653000.0
902134464.0
120285200.0
138607504.0
114178880.0
142640656.0
135146640.0
101866592.0
92959320.0
92936696.0
98433336.0
109545472.0
173831184.0
5686617600.0
106426160.0
1334523648.0
189157952.0
111650528.0
107284048.0
109436664.0
16075059200.0
203089040.0
127947656.0
107074192.0
178733792.0
254222208.0
93536840.0
212267664.0
90300296.0
114763760.0
219281920.0
95431960.0
77043712.0
80409448.0
160174176.0
75221664.0
75483512.0
75572576.0
75237024.0
74559776.0
73682752.0
72740224.0
71879328.0
71205760.0
70735456.0
70335440.0
69792136.0
69015064.0
68108080.0
67265664.0
66681132.0
66519020.0
66795576.0
67158952.0
66994408.0
66110632.0
64934008.0
63887992.0
63092264.0
62500608.0
62041156.0
61660412.0
61325956.0
61019712.0
60732812.0
60460420.0
60200336.0
59952116.0
59714312.0
59486900.0
59268844.0
59059384.0
58858220.0
58664084.0
58476484.0
58295044.0
58118912.0
57947856.0
57781368.0
57619264.0
57461040.0
57306424.0
57155192.0
57007096.0
56861808.0
56719236.0
56579448.0
56442220.0
56307056.0
56174240.0
56043656.0
55914844.0
55787952.0
55662904.0
55539688.0
55418084.0
55298552.0
55180408.0
55063884.0
54949084.0
54835688.0
54723736.0
54613304.0
54504204.0
54396788.0
54290280.0
54185336.0
54081680.0
53979336.0
53878092.0
53778252.0
53679580.0
53581976.0
53485456.0
53390104.0
53295792.0
53202776.0
53110628.0
53019416.0
52929232.0
52840168.0
52751880.0
52664624.0
52578168.0
52492672.0
52407984.0
52324152.0
52241272.0
52159192.0
52077904.0
51997264.0
51917616.0
51838604.0
51760376.0
51683212.0
51606288.0
51530524.0
51455236.0
51380744.0
51306792.0
51233512.0
51160856.0
51088840.0
51017392.0
50946576.0
50876412.0
50806728.0
50737688.0
50669184.0
50601264.0
50533844.0
50467140.0
50401020.0
50335436.0
50271236.0
50206028.0
50141928.0
50078556.0
50015624.0
49953052.0
49891188.0
49829692.0
49768684.0
49708268.0
49648108.0
49588572.0
49529404.0
49470728.0
49412488.0
49354564.0
49297152.0
49240236.0
49183596.0
49127484.0
49071812.0
49016508.0
48961476.0
48906908.0
48852720.0
48798928.0
48745488.0
48692488.0
48639700.0
48587496.0
48535540.0
48484076.0
48432804.0
48382000.0
48331452.0
48281364.0
48231508.0
48182000.0
48132840.0
48084040.0
48035552.0
47987332.0
47939428.0
47891768.0
47844616.0
47797744.0
47751012.0
47704680.0
47658640.0
47612884.0
47567396.0
47522064.0
47477188.0
47432576.0
47388192.0
47343976.0
47300132.0
47256616.0
47213284.0
47170260.0
47127484.0
47084908.0
47042748.0
47000712.0
46958836.0
46917384.0
46876084.0
46835148.0
46794308.0
46753780.0
46713452.0
46673340.0
46633476.0
46593840.0
46554484.0
46515332.0
46476388.0
46437604.0
46399124.0
46360760.0
46322828.0
46284808.0
46247104.0
46209656.0
46172396.0
46135248.0
46109420.0
46083784.0
46058136.0
46032552.0
46007192.0
45981724.0
45956560.0
45931512.0
45906444.0
45881584.0
45856720.0
45831964.0
45807364.0
45782788.0
45758288.0
45733992.0
45709504.0
45685312.0
45661224.0
45637032.0
45613160.0
45589304.0
45565368.0
45541568.0
45517960.0
45494360.0
45470824.0
45447372.0
45423964.0
45400584.0
45377400.0
45354204.0
45331144.0
45308092.0
45285204.0
45262348.0
45239536.0
45216808.0
45194212.0
45171680.0
45149184.0
45126780.0
45104416.0
45082132.0
45059936.0
45037752.0
45015676.0
44993644.0
44971684.0
44949792.0
44927940.0
44906200.0
44884504.0
44862932.0
44841284.0
44819768.0
44798328.0
44776972.0
44755648.0
44734440.0
44713240.0
44692000.0
44670932.0
44649936.0
44629040.0
44608088.0
44587248.0
44566548.0
44545768.0
44525176.0
44504476.0
44483956.0
44463504.0
44443112.0
44422672.0
44402460.0
44382196.0
44362056.0
44341788.0
44321752.0
44301784.0
44281824.0
44261936.0
44242092.0
44222256.0
44202572.0
44182860.0
44163256.0
44143720.0
44124184.0
44104644.0
44085244.0
44065844.0
44046572.0
44027324.0
44008116.0
43988944.0
43969892.0
43950724.0
43931764.0
43912836.0
43893988.0
43875044.0
43856188.0
43837524.0
43818808.0
43800076.0
43781436.0
43762952.0
43744416.0
43726040.0
43707664.0
43689276.0
43671040.0
43652748.0
43634540.0
43616396.0
43598280.0
43580172.0
43562228.0
43544196.0
43526380.0
43508396.0
43490644.0
43472816.0
43455084.0
43437380.0
43419756.0
43402140.0
43384572.0
43367124.0
43349660.0
43332220.0
43314816.0
43297524.0
43280168.0
43262860.0
43245700.0
43228552.0
43211444.0
43194328.0
43177220.0
43160236.0
43143292.0
43126324.0
43109440.0
43092600.0
43075856.0
43059076.0
43042364.0
43025612.0
43009008.0
42992412.0
42975824.0
42959308.0
42942872.0
42926460.0
42910020.0
42893608.0
42877336.0
42861032.0
42844836.0
42828576.0
42812440.0
42796312.0
42780140.0
42764124.0
42748084.0
42732136.0
42716144.0
42700300.0
42684396.0
42668544.0
42652772.0
42636928.0
42621288.0
42605616.0
42589880.0
42574320.0
42558740.0
42543176.0
42527672.0
42512176.0
42496784.0
42481372.0
42465960.0
42450624.0
42435380.0
42420072.0
42404836.0
42389636.0
42374460.0
42359396.0
42344176.0
42329140.0
42314124.0
42299148.0
42284172.0
42269180.0
42254296.0
42239452.0
42224568.0
42209752.0
42194996.0
42180216.0
42165456.0
42150808.0
42136080.0
42121536.0
42106916.0
42092304.0
42077792.0
42063324.0
42048796.0
42034412.0
42020004.0
42005648.0
41991300.0
41976972.0
41962656.0
41948444.0
41934200.0
41920056.0
41905936.0
41891824.0
41877708.0
41863604.0
41849572.0
41835576.0
41821576.0
41807648.0
41793700.0
41779836.0
41765984.0
41752128.0
41738280.0
41724544.0
41710804.0
41697128.0
41683496.0
41669760.0
41656112.0
41642548.0
41629000.0
41615500.0
41601916.0
41588464.0
41575064.0
41561584.0
41548204.0
41534816.0
41521472.0
41508180.0
41494900.0
41481564.0
41468372.0
41455172.0
41441956.0
41428804.0
41415656.0
41402640.0
41389516.0
41376396.0
41363404.0
41350428.0
41337488.0
41324516.0
41311644.0
41298676.0
41285860.0
41272976.0
41260208.0
41247384.0
41234608.0
41221892.0
41209212.0
41196448.0
41183856.0
41171164.0
41158604.0
41145976.0
41133380.0
41120784.0
41108324.0
41095856.0
41083392.0
41070896.0
41058572.0
41046140.0
41033792.0
41021404.0
41009076.0
40996812.0
40984488.0
40972224.0
40960048.0
40947776.0
40935664.0
40923440.0
40911336.0
40899232.0
40887120.0
40875052.0
40863016.0
40851016.0
40839020.0
40826980.0
40815096.0
40803140.0
40791280.0
40779364.0
40767500.0
40755656.0
40743860.0
40732060.0
40720276.0
40708552.0
40696824.0
40685096.0
40673404.0
40661736.0
40650064.0
40638428.0
40626804.0
40615152.0
40603592.0
40592064.0
40580496.0
40569024.0
40557552.0
40546072.0
40534584.0
40523168.0
40511780.0
40500420.0
40489028.0
40477680.0
40466392.0
40455084.0
40443760.0
40432504.0
40421284.0
40410104.0
40398888.0
40387684.0
40376568.0
40365440.0
40354296.0
40343220.0
40332092.0
40321052.0
40309940.0
40298944.0
40287936.0
40276992.0
40265972.0
40255096.0
40244120.0
40233236.0
40222352.0
40211472.0
40200632.0
40189796.0
40178928.0
40168192.0
40157392.0
40146576.0
40135872.0
40125100.0
40114432.0
40103724.0
40093028.0
40082380.0
40071772.0
40061116.0
40050540.0
40039912.0
40029384.0
40018816.0
40008284.0
39997780.0
39987292.0
39976856.0
39966348.0
39955908.0
39945468.0
39935044.0
39924648.0
39914272.0
39903992.0
39893620.0
39883244.0
39872940.0
39862656.0
39852368.0
39842108.0
39831956.0
39821716.0
39811544.0
39801276.0
39791116.0
39781012.0
39770848.0
39760744.0
39750644.0
39740536.0
39730480.0
39720464.0
39710384.0
39700348.0
39690352.0
39680364.0
39670416.0
39660452.0
39650468.0
39640560.0
39630680.0
39620804.0
39610944.0
39601080.0
39591240.0
39581408.0
39571648.0
39561816.0
39552036.0
39542312.0
39532548.0
39522820.0
39513108.0
39503408.0
39493660.0
39484004.0
39474340.0
39464724.0
39455076.0
39445492.0
39435900.0
39426232.0
39416668.0
39407124.0
39397580.0
39388112.0
39378556.0
39369028.0
39359556.0
39350076.0
39340636.0
39331176.0
39321732.0
39312336.0
39302940.0
39293544.0
39284176.0
39274824.0
39265496.0
39256132.0
39246872.0
39237568.0
39228304.0
39218992.0
39209712.0
39200544.0
39191276.0
39182068.0
39172864.0
39163732.0
39154496.0
39145344.0
39136248.0
39127116.0
39118016.0
39108904.0
39099788.0
39090736.0
39081656.0
39072632.0
39063616.0
39054580.0
39045588.0
39036584.0
39027608.0
39018608.0
39009672.0
39000740.0
38991812.0
38982916.0
38973988.0
38965116.0
38956208.0
38947376.0
38938488.0
38929704.0
38920868.0
38912044.0
38903300.0
38894448.0
38885748.0
38876944.0
38868200.0
38859444.0
38850732.0
38842076.0
38833304.0
38824608.0
38816016.0
38807320.0
38798660.0
38790068.0
38781452.0
38772844.0
38764204.0
38755668.0
38747092.0
38738548.0
38730020.0
38721460.0
38712968.0
38704444.0
38695980.0
38687496.0
38679008.0
38670556.0
38662116.0
38653668.0
38645280.0
38636836.0
38628460.0
38620040.0
38611672.0
38603336.0
38594972.0
38586600.0
38578268.0
38569984.0
38561684.0
38553376.0
38545096.0
38536832.0
38528552.0
38520296.0
38512040.0
38503804.0
38495608.0
38487412.0
38479212.0
38471008.0
38462816.0
38454632.0
38446468.0
38438360.0
38430212.0
38422076.0
38413932.0
38405868.0
38397764.0
38389656.0
38381612.0
38373548.0
38365492.0
38357444.0
38349388.0
38341356.0
38333356.0
38325376.0
38317396.0
38309380.0
38301444.0
38293508.0
38285508.0
38277564.0
38269652.0
38261756.0
38253828.0
38245968.0
38238064.0
38230180.0
38222272.0
38214476.0
38206632.0
38198832.0
38191012.0
38183184.0
38175392.0
38167608.0
38159852.0
38152104.0
38144340.0
38136600.0
38128892.0
38121204.0
38113464.0
38105780.0
38098148.0
38090432.0
38082772.0
38075132.0
38067528.0
38059872.0
38052244.0
38044656.0
38037024.0
38029432.0
38021840.0
38014244.0
38006732.0
37999148.0
37991604.0
37984060.0
37976556.0
37969032.0
37961536.0
37954012.0
37946516.0
37939028.0
37931604.0
37924140.0
37916692.0
37909244.0
37901796.0
37894380.0
37886980.0
37879564.0
37872168.0
37864752.0
37857388.0
37850032.0
37842636.0
37835320.0
37827980.0
37820628.0
37813300.0
37806068.0
37798748.0
37791488.0
37784172.0
37776884.0
37769608.0
37762376.0
37755128.0
37747888.0
37740700.0
37733480.0
37726228.0
37719048.0
37711900.0
37704688.0
37697496.0
37690328.0
37683180.0
37676032.0
37668880.0
37661744.0
37654640.0
37647496.0
37640412.0
37633280.0
37626228.0
37619120.0
37612040.0
37605024.0
37597936.0
37590868.0
37583824.0
37576816.0
37569772.0
37562760.0
37555776.0
37548776.0
37541788.0
37534824.0
37527876.0
37520904.0
37513944.0
37506988.0
37500076.0
37493144.0
37486204.0
37479304.0
37472372.0
37465536.0
37458648.0
37451764.0
37444864.0
37438020.0
37431184.0
37424348.0
37417480.0
37410676.0
37403844.0
37397072.0
37390212.0
37383448.0
37376660.0
37369892.0
37363092.0
37356356.0
37349584.0
37342844.0
37336124.0
37329336.0
37322664.0
37315912.0
37309200.0
37302564.0
37295868.0
37289176.0
37282508.0
37275796.0
37269188.0
37262508.0
37255900.0
37249272.0
37242636.0
37236032.0
37229400.0
37222824.0
37216200.0
37209664.0
37203072.0
37196544.0
37189944.0
37183388.0
37176840.0
37170352.0
37163800.0
37157268.0
37150752.0
37144232.0
37137736.0
37131252.0
37124756.0
37118276.0
37111808.0
37105364.0
37098864.0
37092416.0
37085960.0
37079532.0
37073096.0
37066596.0
37060176.0
37053748.0
37047244.0
37040848.0
37034396.0
37027968.0
37021596.0
37015144.0
37008752.0
37002380.0
36995968.0
36989576.0
36983232.0
36976848.0
36970508.0
36964152.0
36957824.0
36951532.0
36945200.0
36938880.0
36932600.0
36926312.0
36920000.0
36913760.0
36907456.0
36901220.0
36894968.0
36888704.0
36882464.0
36876248.0
36870040.0
36863780.0
36857584.0
36851408.0
36845176.0
36838996.0
36832840.0
36826644.0
36820484.0
36814356.0
36808176.0
36802072.0
36795908.0
36789780.0
36783652.0
36777584.0
36771444.0
36765332.0
36759272.0
36753156.0
36747064.0
36741008.0
36734932.0
36728892.0
36722816.0
36716780.0
36710760.0
36704740.0
36698676.0
36692652.0
36686692.0
36680668.0
36674656.0
36668684.0
36662716.0
36656716.0
36650760.0
36644792.0
36638840.0
36632916.0
36626940.0
36621004.0
36615052.0
36609164.0
36603212.0
36597324.0
36591396.0
36585488.0
36579600.0
36573724.0
36567812.0
36561928.0
36556052.0
36550212.0
36544336.0
36538476.0
36532620.0
36526812.0
36520952.0
36515148.0
36509308.0
36503532.0
36497680.0
36491904.0
36486104.0
36480320.0
36474536.0
36468772.0
36462992.0
36457248.0
36451472.0
36445712.0
36439968.0
36434240.0
36428516.0
36422780.0
36417076.0
36411380.0
36405652.0
36399956.0
36394256.0
36388568.0
36382908.0
36377236.0
36371560.0
36365880.0
36360260.0
36354600.0
36348948.0
36343312.0
36337676.0
36332068.0
36326480.0
36320820.0
36315248.0
36309616.0
36304048.0
36298456.0
36292840.0
36287292.0
36281736.0
36276176.0
36270592.0
36265028.0
36259512.0
36253992.0
36248428.0
36242896.0
36237392.0
36231864.0
36226348.0
36220868.0
36215328.0
36209816.0
36204336.0
36198848.0
36193360.0
36187912.0
36182428.0
36176976.0
36171480.0
36166040.0
36160604.0
36155160.0
36149728.0
36144320.0
36138868.0
36133444.0
36128016.0
36122612.0
36117184.0
36111808.0
36106448.0
36101020.0
36095640.0
36090284.0
36084908.0
36079564.0
36074152.0
36068820.0
36063488.0
36058112.0
36052768.0
36047456.0
36042132.0
36036792.0
36031456.0
36026148.0
36020836.0
36015544.0
36010224.0
36004944.0
35999624.0
35994368.0
35989068.0
35983796.0
35978520.0
35973276.0
35967992.0
35962768.0
35957528.0
35952264.0
35946984.0
35941784.0
35936532.0
35931320.0
35926060.0
35920828.0
35915624.0
35910428.0
35905240.0
35900028.0
35894852.0
35889636.0
35884480.0
35879292.0
35874144.0
35868916.0
35863744.0
35858580.0
35853440.0
35848292.0
35843116.0
35837976.0
35832812.0
35827700.0
35822576.0
35817440.0
35812292.0
35807196.0
35802076.0
35796976.0
35791884.0
35786768.0
35781680.0
35776612.0
35771500.0
35766436.0
35761340.0
35756288.0
35751184.0
35746136.0
35741080.0
35736024.0
35730996.0
35725932.0
35720908.0
35715884.0
35710836.0
35705824.0
35700772.0
35695764.0
35690772.0
35685760.0
35680748.0
35675784.0
35670752.0
35665780.0
35660796.0
35655816.0
35650848.0
35645900.0
35640892.0
35635948.0
35630976.0
35626036.0
35621076.0
35616108.0
35611184.0
