9345.34765625
9332.94921875
9321.162109375
9309.939453125
9299.228515625
9288.990234375
9279.1796875
9269.7724609375
9260.7265625
9252.009765625
9243.6025390625
9235.478515625
9227.6328125
9220.0537109375
9212.736328125
9205.6708984375
9198.845703125
9192.2587890625
9185.9013671875
9179.7578125
9173.822265625
9168.087890625
9162.529296875
9157.1484375
9151.9375
9146.884765625
9141.986328125
9137.2421875
9132.6416015625
9128.1845703125
9123.86328125
9119.673828125
9115.61328125
9111.681640625
9107.8671875
9104.169921875
9100.580078125
9097.1005859375
9093.7236328125
9090.451171875
9087.2734375
9084.1904296875
9081.201171875
9078.296875
9075.4775390625
9072.73828125
9070.080078125
9067.49609375
9064.986328125
9062.546875
9060.171875
9057.8671875
9055.623046875
9053.4365234375
9051.3115234375
9049.24609375
9047.232421875
9045.2734375
9043.36328125
9041.505859375
9039.697265625
9037.9326171875
9036.2109375
9034.537109375
9032.904296875
9031.3115234375
9029.7578125
9028.240234375
9026.7607421875
9025.3173828125
9023.91015625
9022.53515625
9021.193359375
9019.8837890625
9018.603515625
9017.353515625
9016.1279296875
9014.935546875
9013.7666015625
9012.626953125
9011.5107421875
9010.4189453125
9009.35546875
9008.310546875
9007.291015625
9006.29296875
9005.31640625
9004.3623046875
9003.4248046875
9002.5087890625
9001.6142578125
9000.736328125
8999.87890625
8999.037109375
8998.21484375
8997.408203125
8996.6181640625
8995.84375
8995.083984375
8994.33984375
8993.611328125
8992.8984375
8992.1982421875
8991.5107421875
8990.8359375
8990.177734375
8989.52734375
8988.89453125
8988.2724609375
8987.6650390625
8987.068359375
8986.4814453125
8985.90625
8985.3427734375
8984.791015625
8984.24609375
8983.712890625
8983.1904296875
8982.6748046875
8982.169921875
8981.6748046875
8981.189453125
8980.712890625
8980.244140625
8979.783203125
8979.33203125
8978.88671875
8978.447265625
8978.021484375
8977.599609375
8977.18359375
8976.7763671875
8976.37890625
8975.9853515625
8975.6005859375
8975.220703125
8974.8466796875
8974.48046875
8974.123046875
8973.765625
8973.41796875
8973.0751953125
8972.740234375
8972.408203125
8972.08203125
8971.763671875
8971.44921875
8971.1396484375
8970.833984375
8970.5322265625
8970.2392578125
8969.947265625
8969.6640625
8969.3828125
8969.1044921875
8968.83203125
8968.564453125
8968.30078125
8968.041015625
8967.7880859375
8967.53515625
8967.2890625
8967.044921875
8966.8046875
8966.5703125
8966.337890625
8966.1064453125
8965.8798828125
8965.658203125
8965.4375
8965.22265625
8965.009765625
8964.802734375
8964.59375
8964.3896484375
8964.189453125
8963.990234375
8963.7939453125
8963.603515625
8963.412109375
8963.228515625
8963.0400390625
8962.861328125
8962.6806640625
8962.50390625
8962.330078125
8962.15625
8961.986328125
8961.8193359375
8961.654296875
8961.4912109375
8961.33203125
8961.171875
8961.015625
8960.861328125
8960.7080078125
8960.5576171875
8960.4091796875
8960.263671875
8960.119140625
11568680960.0
1032115.5
1872381.25
7085734.5
1654915.25
333668.40625
386936.75
335484.125
578928.1875
9603819.0
295388640.0
127651984.0
25810790.0
6324465.0
2336853.5
1427814.625
1144861.375
969355.5625
810127.875
666220.75
543357.75
443535.0
365093.5625
304865.96875
259368.546875
225112.421875
199189.140625
179422.71875
164252.5
152556.984375
143473.5625
136318.59375
130580.578125
125892.3515625
122039.8671875
118853.2734375
116185.5
113887.625
111883.234375
110127.890625
108576.28125
107195.9453125
105950.6171875
104811.703125
103762.5703125
102797.28125
101897.9296875
101047.7890625
100240.6328125
99476.25
98746.1953125
98044.3046875
97363.921875
96705.59375
96067.8359375
95449.8125
94851.9296875
94268.46875
93695.6796875
93137.09375
92590.359375
92057.234375
91535.03125
91024.390625
90524.859375
90035.75
89558.5
89091.34375
88630.9765625
88178.5859375
87732.1796875
87293.8359375
86861.03125
86435.5234375
86016.09375
85602.5078125
85195.2734375
84792.59375
84396.0
84003.7265625
83617.8828125
83236.6953125
82860.9453125
82488.125
82121.3203125
81759.40625
81403.4453125
81050.2265625
80700.90625
80354.2890625
80014.2265625
79676.828125
79341.578125
79011.8984375
78685.1875
78362.90625
78042.359375
77726.203125
77413.8125
77103.6171875
76796.84375
76494.09375
76193.15625
75896.0
75602.875
75310.3515625
75021.1953125
74734.5
74450.296875
74169.1875
73890.2734375
73614.3515625
73341.875
73070.1640625
72801.5625
72535.046875
72271.53125
72009.234375
71749.90625
71493.6328125
71240.0
70987.8125
70735.078125
70485.9609375
70240.0703125
69995.2734375
69751.5
69510.3984375
69270.1875
69029.8125
68791.4921875
68556.875
68322.734375
68091.984375
67862.3203125
67634.9140625
67409.2421875
67186.390625
66964.34375
66742.828125
66524.2734375
66306.8046875
66089.34375
65876.609375
65665.2578125
65455.40234375
65247.640625
65044.5078125
64842.48046875
64640.96875
64444.125
64247.55078125
64051.1796875
63855.72265625
63662.16015625
63470.27734375
63279.2578125
63089.27734375
62901.75390625
62715.671875
62529.7109375
62345.78125
62163.6953125
61983.0859375
61802.34765625
61623.32421875
61446.171875
61269.75
61100.9296875
60949.9296875
60812.82421875
60602.75
60426.05859375
60280.98046875
60077.84375
59944.11328125
59757.47265625
59611.765625
59433.9453125
59288.35546875
59115.6484375
58961.4609375
58798.05078125
58654.16796875
58488.69921875
58339.00390625
58171.6015625
58026.8515625
57865.921875
57719.53125
57565.046875
57413.44140625
57264.98046875
57113.328125
56963.99609375
56819.42578125
56667.1171875
56532.5625
56417.08984375
56273.8828125
56119.78515625
55981.9140625
55830.23046875
55686.96484375
55547.19140625
55404.9765625
55267.8515625
55127.4765625
54991.734375
54851.36328125
54716.19921875
54580.65625
54448.32421875
54319.98828125
54197.8515625
54060.04296875
53943.2265625
53864.36328125
53714.53125
53581.8671875
53455.84375
53312.84765625
53196.33984375
53063.375
52950.45703125
52840.10546875
52734.8671875
52604.28125
52480.8046875
52345.0078125
52224.55078125
52119.05078125
51989.609375
51865.7109375
51750.17578125
51637.5234375
51523.31640625
51403.31640625
51292.71484375
51180.30859375
51063.9609375
50954.09375
50841.859375
50733.2890625
50622.0625
50513.58984375
50405.453125
50295.546875
50188.54296875
50081.28515625
49977.4296875
49871.59765625
49765.5703125
49661.125
49557.23046875
49454.0859375
49352.65234375
49249.52734375
49148.2265625
49047.16796875
48945.9453125
48846.078125
48747.9765625
48647.89453125
48550.34375
48453.19140625
48355.28515625
48257.6640625
48162.00390625
48065.75
47969.3671875
47874.75390625
47779.73828125
47685.2734375
47591.8515625
47498.6796875
47406.04296875
47314.0
47221.8828125
47130.546875
47040.0703125
46951.0
46861.1171875
46774.109375
46685.2265625
46593.92578125
46502.21875
46415.38671875
46329.203125
46241.95703125
46154.28515625
46066.46875
45980.17578125
45896.81640625
45810.2890625
45723.8515625
45640.546875
45557.16015625
45475.2734375
45392.76171875
45312.22265625
45223.578125
45140.8984375
45062.58984375
44977.3359375
44896.23046875
44817.43359375
44734.7890625
44653.80859375
44575.75
44495.25390625
44415.8046875
44338.6875
44259.859375
44180.484375
44104.5859375
44027.52734375
43948.3359375
43872.265625
43795.890625
43720.05859375
43644.82421875
43569.53125
43494.14453125
43420.42578125
43346.90625
43272.7265625
43198.5859375
43126.015625
43051.8359375
42979.08984375
42907.51953125
42835.16796875
42762.96875
42692.5
42620.6484375
42548.6484375
42478.19140625
42407.3671875
42338.21875
42267.80859375
42198.30078125
42129.07421875
42059.765625
41991.4765625
41921.984375
41854.79296875
41786.94140625
41718.79296875
41650.8984375
41583.9765625
41517.171875
41450.515625
41383.8984375
41318.19921875
41250.71875
41185.421875
41120.1875
41054.9921875
40990.265625
40925.8984375
40860.84375
40796.81640625
40733.91796875
40669.828125
40606.9375
40544.3828125
40480.921875
40417.73828125
40357.984375
40295.1640625
40231.6875
40170.3828125
40108.703125
40047.76953125
39986.4453125
39926.65234375
39866.125
39805.94921875
39746.40234375
39686.19140625
39627.2421875
39567.62109375
39508.36328125
39448.5625
39389.81640625
39331.66015625
39274.046875
39216.0625
39158.18359375
39099.8046875
39042.00390625
38986.015625
38929.28125
38872.6796875
38815.30859375
38760.546875
38704.0234375
38646.22265625
38591.3203125
38535.375
38479.66796875
38424.5859375
38369.6953125
38315.16796875
38260.53125
38206.6953125
38151.9453125
38098.13671875
38044.6484375
37991.69140625
37937.45703125
37885.58203125
37833.0
37780.6328125
37730.30078125
37679.55078125
37625.55859375
37571.453125
37518.2890625
37466.3984375
37416.5703125
37365.1875
37313.05078125
37260.03515625
37209.51171875
37160.19921875
37109.48046875
37059.1015625
37007.875
36958.125
36908.88671875
36858.140625
36808.3359375
36758.734375
36709.75
36660.74609375
36610.9296875
36561.55859375
36512.953125
36464.3671875
36415.6484375
36367.2421875
36318.48828125
36271.73046875
36223.46875
36175.94921875
36128.71875
36081.24609375
36034.8125
35987.98046875
35942.2265625
35896.8359375
35851.7734375
35806.5390625
35762.359375
35717.46875
35672.140625
35625.796875
35579.328125
35534.67578125
35488.828125
35443.890625
35400.671875
35357.2578125
35313.109375
35267.34765625
35223.00390625
35179.90625
35136.13671875
35090.546875
35046.08984375
35003.3515625
34960.88671875
34917.8515625
34874.29296875
34833.0234375
34790.08984375
34746.62890625
34704.453125
34662.0390625
34620.70703125
34577.48046875
34534.42578125
34492.73046875
34451.59375
34409.76953125
34368.14453125
34327.10546875
34285.47265625
34244.69921875
34203.078125
34163.6484375
34123.0390625
34081.21875
34041.09375
34000.30078125
33961.0546875
33921.05859375
33880.75390625
33841.49609375
33802.1328125
33762.70703125
33723.16015625
33685.625
33646.9765625
33608.25
33567.796875
33530.125
33491.63671875
33452.40625
33415.0546875
33376.5
33338.6015625
33301.5078125
33263.94921875
33226.60546875
33189.28125
33152.3515625
33114.41796875
33078.078125
33040.421875
33002.9765625
32964.88671875
32930.30078125
32894.46875
32857.0625
32823.44140625
32787.98046875
32753.783203125
32716.205078125
32678.63671875
32640.556640625
32604.421875
32570.048828125
32534.748046875
32500.1796875
32465.013671875
32430.94921875
32394.56640625
32362.265625
32324.08984375
32285.15234375
32250.701171875
32215.71875
32182.58984375
32148.21484375
32114.1015625
32076.69140625
32041.71875
32010.078125
31976.705078125
31944.33203125
31906.87109375
31874.5390625
31848.615234375
31811.904296875
31789.7578125
31796.470703125
31779.263671875
31738.267578125
31699.55078125
31666.806640625
31627.728515625
31591.78125
31548.37890625
31503.255859375
31475.4296875
31450.6640625
31418.912109375
31373.15625
31365.203125
31387.91015625
31390.78515625
31351.916015625
31297.349609375
31276.70703125
31242.6796875
31204.4765625
31164.259765625
31128.85546875
31091.29296875
31053.314453125
31024.79296875
30992.259765625
30965.140625
30926.89453125
30894.548828125
30859.50390625
30823.54296875
30788.67578125
30754.23046875
30721.453125
30689.55859375
30657.26953125
30623.12109375
30586.55859375
30549.30859375
30512.57421875
30475.625
30439.5625
30410.578125
30377.5546875
30347.400390625
30312.7265625
30279.390625
30252.220703125
30223.578125
30192.400390625
30160.603515625
30129.56640625
30102.31640625
30073.775390625
30042.185546875
30011.87109375
29982.314453125
29953.220703125
29923.5390625
29895.77734375
29868.19140625
29840.80859375
29810.732421875
29785.125
29755.51953125
29724.47265625
29696.55859375
29667.16796875
29640.205078125
29613.283203125
29584.01953125
29556.24609375
29528.373046875
29500.95703125
29473.359375
29446.48828125
29418.57421875
29391.224609375
29365.025390625
29337.91796875
29310.62890625
29285.322265625
29258.171875
29231.0
29204.8125
29178.79296875
29152.63671875
29125.865234375
29099.236328125
29072.13671875
29045.77734375
29019.4296875
28994.16015625
28968.45703125
28941.625
28914.9140625
28887.431640625
28862.056640625
28835.978515625
28813.15625
28788.0859375
28764.072265625
28739.37890625
28713.7109375
28687.02734375
28660.140625
28634.748046875
28609.517578125
28585.447265625
28560.1875
28538.125
28511.986328125
28484.4921875
28457.53125
28429.671875
28404.88671875
28381.439453125
28357.02734375
28333.083984375
28308.1875
28282.15234375
28256.5859375
28232.15625
28206.75390625
28183.609375
28159.5703125
28134.369140625
28109.048828125
28086.353515625
28060.72265625
28033.625
28008.955078125
27983.806640625
27960.04296875
27937.6015625
27916.109375
27893.1171875
27869.30078125
27845.78515625
27821.08203125
27798.802734375
27777.6328125
27756.560546875
27729.447265625
27705.4140625
27679.69140625
27655.62109375
27638.10546875
27613.744140625
27583.64453125
27554.712890625
27533.611328125
27512.306640625
27487.83984375
27464.861328125
27441.89453125
27417.759765625
27393.244140625
27370.0859375
27348.1640625
27327.517578125
27305.146484375
27284.29296875
27262.25390625
27238.85546875
27215.87109375
27190.94140625
27168.765625
27146.1328125
27122.419921875
27100.65625
27078.88671875
27057.96875
27036.4296875
27013.58984375
26992.5
26970.34375
26948.833984375
26927.68359375
26906.787109375
26886.00390625
26862.939453125
26837.625
26817.390625
26794.421875
26771.34765625
26754.14453125
26734.16796875
26710.654296875
26687.41796875
26668.712890625
26649.5
26628.751953125
26609.537109375
26588.076171875
26566.029296875
26544.166015625
26524.484375
26502.96484375
26481.865234375
26459.18359375
26438.91796875
26418.19140625
26397.4609375
26378.603515625
26358.349609375
26339.361328125
26319.048828125
26297.47265625
26278.70703125
26258.765625
26239.978515625
26220.15625
26200.09375
26182.19140625
26163.12890625
26144.16015625
26124.376953125
26103.21484375
26082.46875
26059.76171875
26037.84765625
26018.7265625
25999.919921875
25981.353515625
25961.919921875
25941.55078125
25922.58203125
25903.55859375
25885.7421875
25868.16796875
25851.341796875
25832.98828125
25813.79296875
25794.400390625
25774.94140625
25755.291015625
25739.314453125
25720.5859375
25699.880859375
25680.66015625
25660.818359375
25642.15625
25624.35546875
25608.388671875
25592.2109375
25575.66796875
25560.2578125
25543.318359375
25527.015625
25509.1875
25491.359375
25473.0234375
25455.5859375
25434.50390625
25411.8984375
25393.45703125
25377.421875
25361.90625
25345.345703125
25324.373046875
25303.36328125
25286.1796875
25269.921875
25254.9765625
25237.1484375
25217.87109375
25202.23828125
25187.646484375
25173.64453125
25158.39453125
25139.365234375
25117.734375
25102.1171875
25085.921875
25069.46484375
25057.08203125
25040.87109375
25020.09375
24999.8515625
24984.134765625
24965.61328125
24946.265625
24930.3671875
24914.44140625
24897.5390625
24882.41015625
24867.1640625
24848.33984375
24831.1875
24813.6640625
24795.7734375
24778.90625
24762.65234375
24746.16015625
24730.443359375
24714.27734375
24697.99609375
24683.060546875
24667.546875
24651.009765625
24637.443359375
24621.720703125
24604.77734375
24589.85546875
24573.77734375
24559.4453125
24545.10546875
24531.109375
24518.74609375
24503.5078125
24489.267578125
24472.609375
24454.453125
24437.125
24425.013671875
24410.0703125
24392.328125
24375.32421875
24355.57421875
24337.98046875
24323.56640625
24309.94140625
24298.453125
24284.74609375
24269.759765625
24251.9296875
24235.15625
24216.998046875
24203.404296875
24189.12109375
24174.15625
24158.078125
24145.263671875
24129.658203125
24112.62890625
24100.759765625
24088.158203125
24075.697265625
24060.56640625
24040.265625
24023.640625
24006.5703125
23990.982421875
23977.3671875
23965.1796875
23949.431640625
23935.3828125
23921.59375
23907.1796875
23892.328125
23878.38671875
23866.220703125
23851.48828125
23837.416015625
23821.7109375
23806.744140625
23791.193359375
23776.98046875
23764.82421875
23752.232421875
23742.5625
23729.28515625
23711.8671875
23695.390625
23677.859375
23663.47265625
23650.0
23636.6328125
23625.486328125
23612.3046875
23601.197265625
23587.1953125
23570.9453125
23556.71875
23540.8828125
23527.349609375
23511.9609375
23495.3515625
23481.31640625
23466.6796875
23455.12890625
23442.076171875
23426.966796875
23412.791015625
23397.31640625
23384.8359375
23371.8828125
23357.671875
23343.81640625
23326.97265625
23312.388671875
23297.6796875
23283.91796875
23272.0078125
23258.703125
23246.17578125
23233.09765625
23220.470703125
23209.41796875
23196.15625
23183.73046875
23169.5625
23156.73828125
23143.8671875
23128.53125
23112.845703125
23097.86328125
23084.681640625
23071.623046875
23057.16015625
23042.9609375
23033.58984375
23019.673828125
23003.62890625
22994.638671875
22984.224609375
22971.806640625
22960.34375
22954.3203125
22945.189453125
22935.4921875
22928.986328125
22919.96875
22905.052734375
22888.43359375
22871.146484375
22853.89453125
22842.458984375
22830.259765625
22816.3515625
22802.29296875
22791.40234375
22778.341796875
22767.3359375
22756.806640625
22740.66796875
22721.798828125
22709.51953125
22695.6640625
22678.650390625
22666.29296875
22645.076171875
22639.14453125
22631.978515625
22615.33984375
22614.787109375
22599.205078125
22590.25
22587.43359375
22573.251953125
22565.7890625
22555.94921875
22544.12890625
22538.216796875
22526.85546875
22518.21484375
22510.3828125
22499.265625
22492.8046875
22484.53515625
22474.125
22466.0625
22457.365234375
22447.96484375
22439.203125
22430.646484375
22421.8515625
22413.09375
22404.5078125
22395.6796875
22386.9140625
22378.26171875
22370.3828125
22361.703125
22352.998046875
22344.7890625
22335.5625
22328.3515625
22319.923828125
22309.953125
22303.3046875
22295.771484375
22287.0
22277.7734375
22268.5390625
22262.19921875
22253.39453125
22242.91015625
22235.08203125
22226.84375
22218.55078125
22210.296875
22201.771484375
22192.884765625
22186.06640625
22177.1328125
22168.9140625
22161.103515625
22152.2578125
22143.90234375
22135.27734375
22126.974609375
22119.853515625
22110.931640625
22103.248046875
22095.669921875
22086.630859375
22078.44140625
22070.408203125
22061.884765625
22053.87109375
22045.427734375
22038.23046875
22029.525390625
22021.916015625
22013.94140625
22005.45703125
21997.46484375
21989.15625
21981.4609375
21973.046875
21964.79296875
21957.861328125
21949.0859375
21941.46875
21933.3359375
21924.84375
21917.609375
21908.787109375
21901.58984375
21893.13671875
21884.78515625
21878.11328125
21869.2109375
21861.59765625
21853.5
21844.869140625
21838.357421875
21829.40234375
21821.8125
21813.7265625
21805.1171875
21798.796875
21790.0625
21782.08984375
21774.1875
21765.521484375
21759.59765625
21750.732421875
21742.572265625
21734.798828125
21726.0859375
21719.037109375
21710.8046875
21703.0546875
21695.326171875
21686.888671875
21679.677734375
21671.806640625
21664.115234375
21655.91015625
21648.06640625
21640.4453125
21632.88671875
21625.08984375
21617.40625
21609.28515625
21601.859375
21594.259765625
21586.505859375
21579.013671875
21570.75
21563.6328125
21555.572265625
21549.06640625
21540.94140625
21533.326171875
21526.11328125
21517.78515625
21510.74609375
21502.88671875
21495.330078125
21487.9296875
21479.87890625
21472.81640625
21464.7265625
21457.87109375
21450.162109375
21442.25
21435.224609375
21427.171875
21420.115234375
21412.43359375
21404.49609375
21397.82421875
21389.65234375
21382.708984375
21375.078125
21367.0859375
21360.564453125
21352.421875
21345.216796875
21337.7421875
21329.7109375
21323.7265625
21315.439453125
21308.048828125
21300.583984375
21292.5234375
21286.900390625
21278.6484375
21270.87890625
21263.51953125
21255.52734375
21248.654296875
21240.609375
21234.537109375
21226.67578125
21219.2578125
21212.583984375
21204.634765625
21196.927734375
21189.625
21182.9375
21175.7421875
21168.185546875
21160.548828125
21152.87890625
21146.884765625
21139.484375
21132.056640625
21124.140625
21116.51953125
21109.888671875
21102.0078125
21095.3671875
21088.00390625
21080.595703125
21073.328125
21066.197265625
21058.6640625
21051.455078125
21045.04296875
21037.44140625
21030.86328125
21023.72265625
21016.12890625
21008.958984375
21001.453125
20994.98046875
20987.54296875
20980.2734375
20972.861328125
20965.0625
20959.44921875
20952.1015625
20944.5078125
20937.140625
20929.45703125
20923.390625
20915.9453125
20908.4140625
20901.380859375
20893.4609375
20887.482421875
20880.10546875
20872.419921875
20865.767578125
20857.9609375
20851.4453125
20844.02734375
20836.47265625
20830.484375
20822.6328125
20815.58203125
20808.234375
20800.513671875
20794.1015625
20786.34765625
20779.556640625
20772.73046875
20765.21484375
20759.05078125
20752.474609375
20744.99609375
20737.05078125
20732.2734375
20725.18359375
20716.171875
20711.27734375
20705.470703125
20697.890625
20689.20703125
20682.21875
20675.861328125
20667.8359375
20661.09375
20653.9375
20646.08203125
20639.8671875
20632.23828125
20626.4921875
20619.73828125
20611.884765625
20605.005859375
20598.3828125
20590.96875
20584.361328125
20577.376953125
20569.92578125
20562.94140625
20556.49609375
20549.29296875
20542.2890625
20535.46875
20529.42578125
20522.6171875
20515.02734375
20508.53125
20501.48046875
20495.8359375
20488.3359375
20482.3359375
20476.169921875
20468.904296875
20461.109375
20454.515625
20448.51171875
20441.8125
20434.892578125
20428.0703125
20420.90234375
20415.626953125
20409.078125
20402.12890625
20394.466796875
20387.623046875
20381.98828125
20374.306640625
20367.916015625
20361.9453125
20355.376953125
20347.94921875
20343.359375
20336.951171875
20328.6875
20323.390625
20317.78125
20310.640625
20302.80859375
20296.828125
20290.5
20283.0234375
20276.8203125
20270.251953125
20262.77734375
20258.255859375
20252.205078125
20244.41015625
20237.9609375
20232.1640625
20224.572265625
20218.23828125
20212.09765625
20204.984375
20198.87109375
20192.333984375
20185.2578125
20179.072265625
20172.55078125
20166.51953125
20160.015625
20154.119140625
20147.30078125
20141.4453125
20134.908203125
20128.091796875
20122.30078125
20115.55078125
20109.513671875
20103.361328125
20096.904296875
20090.34765625
20083.8671875
20078.69140625
20072.5234375
20066.1328125
20060.748046875
20054.052734375
20048.29296875
20041.29296875
20034.58203125
20028.1484375
20020.96484375
20015.357421875
20008.892578125
20002.89453125
19998.25390625
19992.1875
19986.0234375
19979.54296875
19972.87109375
19966.048828125
19958.4140625
19952.607421875
19945.61328125
19939.8828125
19934.81640625
19928.04296875
19921.41796875
19914.541015625
19908.22265625
19902.19140625
19895.615234375
19889.4375
19883.3125
19877.72265625
19871.685546875
19864.7890625
19858.087890625
19851.90625
19846.484375
19840.46875
19834.078125
19827.701171875
19821.404296875
19815.7421875
19809.58203125
19803.3828125
19797.50390625
19791.3515625
19785.58984375
19779.234375
19773.08203125
19767.515625
19761.103515625
19755.087890625
19748.7109375
19742.5
19737.34375
19730.96484375
19724.40625
19717.87890625
19712.19921875
19705.796875
19699.59765625
19695.01953125
19688.380859375
19682.08203125
19676.734375
19670.01953125
19664.392578125
19658.43359375
19652.29296875
19646.87109375
19640.46875
19635.1875
19629.1875
19623.22265625
19617.740234375
19611.375
19606.01953125
19600.0078125
19593.140625
19587.251953125
19580.90234375
19575.28125
19569.6796875
19563.599609375
19557.91796875
19551.333984375
19546.328125
19541.03125
19534.42578125
19527.81640625
19524.224609375
19518.0625
19510.228515625
19506.732421875
19502.232421875
19495.55859375
19487.8828125
19481.9921875
19476.517578125
19470.025390625
19464.58984375
19458.595703125
19452.03515625
19447.234375
19441.6640625
19434.845703125
19430.28515625
19424.984375
19418.17578125
19411.453125
19405.86328125
19400.5546875
19394.55078125
19389.0625
19382.98828125
19377.234375
19372.5234375
19366.625
19360.138671875
19354.19140625
19348.4375
19342.2421875
19337.4453125
19332.3828125
19326.7265625
19320.58984375
19316.5234375
19310.234375
19303.123046875
19297.58203125
19290.875
19286.3671875
19281.109375
19274.390625
19269.427734375
19264.4609375
19257.97265625
19251.4453125
19247.15234375
19241.09375
19234.384765625
19229.51953125
19223.4921875
19217.072265625
19211.58203125
19206.9296875
19201.482421875
19195.693359375
19192.216796875
19187.08203125
19180.318359375
19175.408203125
19168.974609375
19163.51171875
19157.11328125
19149.96875
19144.0234375
19139.234375
19132.9765625
19128.646484375
19122.890625
19118.443359375
19112.29296875
19107.138671875
19102.001953125
19095.447265625
19088.62890625
19085.46484375
19079.87890625
19072.583984375
19068.349609375
19064.27734375
19057.74609375
19050.6015625
19046.642578125
19041.458984375
19033.580078125
19029.560546875
19025.046875
19019.64453125
19013.4765625
19011.2890625
19007.537109375
19001.70703125
18998.400390625
18995.912109375
18992.5
18986.62109375
18984.630859375
18979.4296875
18972.03125
18969.138671875
18966.568359375
18961.115234375
18951.755859375
18941.462890625
18932.34375
18925.0390625
18920.51953125
18916.982421875
18912.6640625
18908.4765625
18901.830078125
18893.578125
18888.201171875
18882.4453125
18877.53125
18873.634765625
18871.015625
18867.95703125
18864.91015625
18861.080078125
18857.5078125
18852.3984375
18848.3125
18841.095703125
18834.8203125
18826.859375
18817.2109375
18809.83203125
18802.46875
18794.66796875
18791.931640625
18788.767578125
18783.1796875
18775.76953125
18767.86328125
18762.876953125
18756.740234375
18750.912109375
18747.873046875
18742.822265625
18737.26171875
18731.521484375
18724.15234375
18719.78125
18714.12109375
18708.173828125
18702.447265625
18698.31640625
18692.1484375
18686.47265625
18681.1015625
18674.83203125
18667.89453125
18664.1640625
18659.71484375
18653.12890625
18648.205078125
18643.75390625
18637.890625
18631.462890625
18627.9609375
18622.19921875
18614.1796875
18611.091796875
18607.0859375
18601.337890625
18594.74609375
18588.6484375
18586.44140625
18580.86328125
18572.197265625
18569.82421875
18566.697265625
18560.91796875
18553.740234375
18547.60546875
18546.55078125
18542.078125
18534.1796875
18530.7734375
18528.224609375
18522.984375
18515.890625
18508.798828125
18507.048828125
18501.712890625
18493.328125
18488.294921875
18485.583984375
18481.01953125
18475.490234375
18472.02734375
18469.421875
18463.66796875
18461.80078125
18458.73046875
18453.0546875
18445.517578125
18438.1640625
18433.017578125
18428.345703125
18424.498046875
18421.484375
18415.763671875
18407.439453125
18400.125
18394.140625
18389.0078125
18384.556640625
18379.22265625
18373.69921875
18368.154296875
18362.228515625
18356.552734375
18353.453125
18348.517578125
18341.640625
18335.60546875
18328.76953125
18322.291015625
18316.5
18311.09375
18306.03515625
18301.662109375
18296.0546875
18291.53515625
18287.38671875
18282.83984375
18277.11328125
18272.40625
18267.193359375
18262.19140625
18257.01953125
18252.02734375
18246.44921875
18241.52734375
18236.55859375
18231.369140625
18225.90625
18220.390625
18215.587890625
18210.046875
18204.671875
18199.861328125
18194.12109375
18190.33203125
18185.58203125
18180.232421875
18174.2265625
18172.8046875
18168.349609375
18162.20703125
18159.984375
18156.6953125
18150.62109375
18143.7578125
18139.310546875
18135.2578125
18130.1796875
18127.126953125
18123.3671875
18118.400390625
18115.24609375
18110.380859375
18104.08203125
18100.7734375
18097.56640625
18093.5234375
18088.912109375
18084.935546875
18080.2578125
18074.76953125
18067.75390625
18060.58984375
18053.87890625
18047.58203125
18042.5625
18037.388671875
18031.373046875
18026.94140625
18022.3515625
18016.451171875
18011.9609375
18006.91796875
18002.62890625
17997.96875
17994.490234375
17989.525390625
17984.814453125
17980.388671875
17974.666015625
17969.41015625
17964.302734375
17960.109375
17955.869140625
17951.244140625
17946.072265625
17944.04296875
17939.4453125
17932.560546875
17929.662109375
17925.3046875
17919.021484375
17911.880859375
17907.763671875
17901.5703125
17893.10546875
17887.56640625
17881.96484375
17876.587890625
17871.91015625
17868.91015625
17864.484375
17859.3515625
17856.56640625
17852.18359375
17845.873046875
17840.734375
17833.96484375
17827.767578125
17822.205078125
17817.658203125
17813.404296875
17808.197265625
17804.865234375
17800.7890625
17796.046875
17793.55078125
17790.287109375
17786.52734375
17780.97265625
17774.5625
17770.462890625
17765.845703125
17761.734375
17755.12109375
17746.74609375
17740.76953125
17733.78515625
17729.60546875
17725.505859375
17720.6796875
17717.576171875
17712.796875
17708.529296875
17703.73046875
17700.650390625
17695.859375
17691.54296875
17688.453125
17683.970703125
17678.84765625
17673.740234375
17669.26171875
17663.5625
17657.853515625
17652.9296875
17647.865234375
17644.5
17640.81640625
17637.3828125
17634.90625
17630.84765625
17627.77734375
17624.42578125
17620.96484375
17616.90625
17613.017578125
17608.380859375
17601.734375
17594.27734375
17586.58203125
17580.80078125
17576.376953125
17573.744140625
17570.85546875
17568.740234375
17564.6640625
17561.75390625
17558.77734375
17555.255859375
17551.314453125
17550.65234375
17545.6796875
17537.88671875
17534.0703125
17529.740234375
17523.63671875
17517.3828125
17512.01171875
17506.83984375
17501.255859375
17496.330078125
17490.802734375
17484.740234375
17478.875
17474.12890625
17469.5859375
17465.20703125
17460.01953125
17457.953125
17453.6875
17447.419921875
17445.45703125
17442.25
17437.40625
17432.53515625
17427.630859375
17426.7734375
17420.982421875
17413.53515625
17410.04296875
17405.50390625
17401.55859375
17397.640625
17392.220703125
17388.48828125
17384.234375
17378.9375
17373.90625
17371.0703125
17366.94921875
17365.87109375
17365.94140625
17364.94140625
17357.73828125
17349.0546875
17340.4296875
17335.365234375
17335.884765625
17333.48828125
17325.537109375
17314.125
17307.296875
17305.19140625
17303.01171875
17299.9140625
17293.9296875
17292.6796875
17294.283203125
17294.958984375
17289.31640625
17283.37109375
17277.8828125
17275.087890625
17269.3671875
17265.384765625
17262.09765625
17259.74609375
17253.98046875
17247.177734375
17244.13671875
17240.744140625
17235.556640625
17230.90625
17225.24609375
17222.396484375
17216.79296875
17208.7734375
17203.53125
17197.73046875
17191.09375
17184.1328125
17181.509765625
17177.7890625
17170.419921875
17165.7265625
17160.421875
17154.875
17150.078125
17147.33203125
17143.54296875
17138.86328125
17135.091796875
17130.541015625
17125.705078125
17122.318359375
17118.0234375
17113.015625
17111.375
17106.9375
17100.41796875
17097.19140625
17093.83984375
17089.3671875
17084.8984375
17083.384765625
17080.330078125
17076.720703125
17074.76171875
17072.5859375
17069.18359375
17068.623046875
17066.216796875
17062.728515625
17061.884765625
17060.705078125
17056.669921875
17050.9140625
17046.115234375
17039.53515625
17033.107421875
17029.6640625
17025.994140625
17021.021484375
17018.265625
17013.865234375
17007.134765625
17003.09765625
16998.8671875
16992.822265625
16985.99609375
16981.28515625
16975.4921875
16970.244140625
16966.857421875
16963.03125
16958.02734375
16955.73046875
16951.93359375
16946.2578125
16943.625
16940.26171875
16934.82421875
16929.0390625
16924.19140625
16919.1953125
16914.70703125
16911.470703125
16907.58984375
16903.107421875
16899.876953125
16897.07421875
16893.3203125
16890.931640625
16887.62890625
16885.666015625
16883.330078125
16880.86328125
16878.6171875
16875.33203125
16872.828125
16870.12109375
16866.51953125
16862.31640625
16857.66796875
16852.09375
16847.67578125
16841.58984375
16837.4609375
16835.17578125
16831.986328125
16829.890625
16827.0703125
16824.943359375
16818.8515625
16813.03515625
16805.25390625
16800.091796875
16795.248046875
16793.83984375
16791.109375
16787.828125
