9345.34765625
9332.94921875
9321.162109375
9309.939453125
9299.228515625
9288.990234375
9279.1796875
9269.7724609375
9260.7265625
9252.009765625
9243.6025390625
9235.478515625
9227.6328125
9220.0537109375
9212.736328125
9205.6708984375
9198.845703125
9192.2587890625
9185.9013671875
9179.7578125
9173.822265625
9168.087890625
9162.529296875
9157.1484375
9151.9375
9146.884765625
9141.986328125
9137.2421875
9132.6416015625
9128.1845703125
9123.86328125
9119.673828125
9115.61328125
9111.681640625
9107.8671875
9104.169921875
9100.580078125
9097.1005859375
9093.7236328125
9090.451171875
9087.2734375
9084.1904296875
9081.201171875
9078.296875
9075.4775390625
9072.73828125
9070.080078125
9067.49609375
9064.986328125
9062.546875
9060.171875
9057.8671875
9055.623046875
9053.4365234375
9051.3115234375
9049.24609375
9047.232421875
9045.2734375
9043.36328125
9041.505859375
9039.697265625
9037.9326171875
9036.2109375
9034.537109375
9032.904296875
9031.3115234375
9029.7578125
9028.240234375
9026.7607421875
9025.3173828125
9023.91015625
9022.53515625
9021.193359375
9019.8837890625
9018.603515625
9017.353515625
9016.1279296875
9014.935546875
9013.7666015625
9012.626953125
9011.5107421875
9010.4189453125
9009.35546875
9008.310546875
9007.291015625
9006.29296875
9005.31640625
9004.3623046875
9003.4248046875
9002.5087890625
9001.6142578125
9000.736328125
8999.87890625
8999.037109375
8998.21484375
8997.408203125
8996.6181640625
8995.84375
8995.083984375
8994.33984375
8993.611328125
8992.8984375
8992.1982421875
8991.5107421875
8990.8359375
8990.177734375
8989.52734375
8988.89453125
8988.2724609375
8987.6650390625
8987.068359375
8986.4814453125
8985.90625
8985.3427734375
8984.791015625
8984.24609375
8983.712890625
8983.1904296875
8982.6748046875
8982.169921875
8981.6748046875
8981.189453125
8980.712890625
8980.244140625
8979.783203125
8979.33203125
8978.88671875
8978.447265625
8978.021484375
8977.599609375
8977.18359375
8976.7763671875
8976.37890625
8975.9853515625
8975.6005859375
8975.220703125
8974.8466796875
8974.48046875
8974.123046875
8973.765625
8973.41796875
8973.0751953125
8972.740234375
8972.408203125
8972.08203125
8971.763671875
8971.44921875
8971.1396484375
8970.833984375
8970.5322265625
8970.2392578125
8969.947265625
8969.6640625
8969.3828125
8969.1044921875
8968.83203125
8968.564453125
8968.30078125
8968.041015625
8967.7880859375
8967.53515625
8967.2890625
8967.044921875
8966.8046875
8966.5703125
8966.337890625
8966.1064453125
8965.8798828125
8965.658203125
8965.4375
8965.22265625
8965.009765625
8964.802734375
8964.59375
8964.3896484375
8964.189453125
8963.990234375
8963.7939453125
8963.603515625
8963.412109375
8963.228515625
8963.0400390625
8962.861328125
8962.6806640625
8962.50390625
8962.330078125
8962.15625
8961.986328125
8961.8193359375
8961.654296875
8961.4912109375
8961.33203125
8961.171875
8961.015625
8960.861328125
8960.7080078125
8960.5576171875
8960.4091796875
8960.263671875
8960.119140625
1559202.125
743149.9375
73562.421875
145011.078125
84124.4453125
60442144.0
3299582935040.0
464639.28125
62900.84765625
61552.18359375
59363.65625
57315.01171875
55933.33203125
55323.01171875
54702.765625
53284.8359375
51895.53515625
50494.6640625
49181.5546875
48093.75390625
47218.96875
46433.25
45699.2109375
44854.8203125
43833.203125
42700.4375
41564.51171875
40443.36328125
39361.3046875
38328.01171875
37337.25390625
36382.1328125
35456.390625
34561.41015625
33714.8046875
32926.390625
32188.59375
31481.67578125
30788.984375
30111.77734375
29462.2109375
28846.474609375
28262.505859375
27715.1484375
27203.015625
26712.44140625
26233.0546875
25767.994140625
25322.734375
24895.814453125
24482.80859375
24079.123046875
23682.962890625
23297.431640625
22925.28515625
22565.775390625
22217.16015625
21878.85546875
21551.466796875
21236.349609375
20931.4140625
20633.365234375
20344.03125
20066.59765625
19806.80859375
19557.81640625
19313.8125
19081.9140625
18850.52734375
18625.82421875
18411.763671875
18201.33203125
18001.1015625
17807.48828125
17616.767578125
17433.41796875
17256.09765625
17080.931640625
16911.966796875
16747.03515625
16584.541015625
16427.8359375
16274.3564453125
16124.3544921875
15978.548828125
15835.40234375
15695.765625
15560.3232421875
15427.427734375
15297.416015625
15171.06640625
15049.6552734375
14935.001953125
14821.794921875
14711.744140625
14604.267578125
14498.6904296875
14396.826171875
14296.7294921875
14198.423828125
14103.59375
14010.818359375
13919.859375
13831.572265625
13744.9736328125
13660.2861328125
13577.6162109375
13496.65625
13417.677734375
13340.1591796875
13263.87890625
13189.447265625
13116.4326171875
13044.89453125
12974.8828125
12906.06640625
12838.560546875
12772.1259765625
12706.8173828125
12642.8125
12579.8330078125
12517.9462890625
12457.1064453125
12397.28125
12338.529296875
12280.767578125
12224.0029296875
12168.279296875
12113.4453125
12059.6025390625
12006.654296875
11954.580078125
11903.4306640625
11853.1005859375
11803.642578125
11754.986328125
11707.0859375
11659.9521484375
11613.53125
11567.849609375
11522.8125
11478.720703125
11434.591796875
11391.50390625
11348.2275390625
11305.81640625
11264.025390625
11222.8037109375
11182.23828125
11141.650390625
11101.84765625
11061.44140625
11021.7431640625
10982.50390625
10943.572265625
10905.25
10865.5537109375
10826.41015625
10787.52734375
10748.841796875
10710.609375
10671.4892578125
10632.90234375
10594.798828125
10557.3740234375
10520.796875
10484.8359375
10449.947265625
10415.84375
10383.6953125
10355.5634765625
10327.685546875
10299.59765625
10258.8212890625
10229.501953125
10205.826171875
10167.04296875
10142.7666015625
10112.0478515625
10081.3876953125
10060.1328125
10021.4755859375
9992.630859375
9962.26953125
9935.310546875
9905.03125
9873.98046875
9849.044921875
9819.658203125
9789.986328125
9764.365234375
9737.130859375
9707.958984375
9687.29296875
9671.0146484375
9649.28125
9607.5458984375
9583.796875
9564.125
9529.703125
9510.8447265625
9480.9091796875
9462.0126953125
9437.1640625
9427.5419921875
9448.3544921875
9450.93359375
9430.869140625
9403.3291015625
9369.591796875
9346.013671875
9324.80859375
9301.470703125
9282.87890625
9256.591796875
9228.9599609375
9204.2353515625
9179.462890625
9158.83203125
9139.5576171875
9111.1953125
9084.9833984375
9055.525390625
9031.427734375
9009.796875
8984.9716796875
8961.220703125
8948.802734375
8934.53125
8928.607421875
8912.041015625
8889.07421875
8862.59375
8840.5888671875
8816.021484375
8789.830078125
8776.609375
8750.2587890625
8734.26953125
8705.40625
8685.5703125
8670.107421875
8655.02734375
8643.9296875
8624.0341796875
8607.7314453125
8574.28125
8551.447265625
8540.140625
8522.2880859375
8498.41796875
8475.875
8466.1865234375
8449.736328125
8430.4052734375
8411.953125
8390.1455078125
8377.1103515625
8362.08203125
8347.10546875
8329.423828125
8309.2568359375
8289.84375
8273.1044921875
8257.900390625
8242.875
8227.703125
8210.89453125
8192.8876953125
8173.80615234375
8156.2578125
8139.7802734375
8124.4052734375
8109.7236328125
8094.29296875
8079.25146484375
8062.35546875
8044.857421875
8026.0283203125
8007.50732421875
7990.72705078125
7974.9765625
7960.0390625
7944.1708984375
7927.853515625
7910.646484375
7893.3388671875
7876.31298828125
7860.0576171875
7844.69921875
7829.6015625
7814.654296875
7799.2353515625
7783.5234375
7767.2783203125
7751.1357421875
7735.52978515625
7720.5400390625
7705.9541015625
7691.4091796875
7677.0234375
7662.857421875
7649.005859375
7635.09765625
7621.17578125
7607.17333984375
7593.27978515625
7579.21240234375
7565.0341796875
7550.9853515625
7537.365234375
7524.21923828125
7511.38720703125
7498.79150390625
7486.421875
7474.33740234375
7462.4033203125
7450.7021484375
7439.04296875
7427.48291015625
7415.46142578125
7403.10107421875
7390.3701171875
7378.01904296875
7366.7578125
7356.63623046875
7347.7763671875
7338.44970703125
7328.52294921875
7315.0361328125
7301.2470703125
7289.39892578125
7279.63818359375
7269.3056640625
7256.7177734375
7244.9345703125
7235.57177734375
7226.3642578125
7214.9765625
7202.5029296875
7191.546875
7181.65673828125
7170.8583984375
7159.73291015625
7149.53759765625
7140.037109375
7130.33203125
7120.5283203125
7111.216796875
7101.9951171875
7092.47265625
7083.17626953125
7074.4228515625
7065.70361328125
7056.796875
7048.1640625
7040.234375
7032.619140625
7025.22509765625
7017.7939453125
7010.4853515625
7001.5869140625
6991.3779296875
6980.5244140625
6971.25048828125
6964.01025390625
6957.50146484375
6950.4091796875
6942.0029296875
6932.9658203125
6924.0498046875
6916.02734375
6908.90185546875
6902.13671875
6895.1455078125
6887.568359375
6879.58203125
6871.47021484375
6863.6455078125
6856.3818359375
6849.55859375
6842.779296875
6835.69189453125
6828.3740234375
6821.0634765625
6813.93505859375
6806.94140625
6800.0078125
6793.13720703125
6786.29931640625
6779.419921875
6772.49853515625
6765.65283203125
6758.935546875
6752.27001953125
6745.57958984375
6738.8115234375
6732.00048828125
6725.23095703125
6718.58984375
6712.16455078125
6705.8779296875
6699.57421875
6693.1572265625
6686.6962890625
6680.3525390625
6674.19091796875
6668.1669921875
6662.173828125
6656.26123046875
6650.40234375
6644.6064453125
6638.6806640625
6632.7177734375
6626.65234375
6620.61767578125
6614.357421875
6607.884765625
6601.20703125
6594.49609375
6588.0517578125
6582.1787109375
6576.8291015625
6571.58837890625
6566.12060546875
6560.50439453125
6555.05810546875
6549.681640625
6544.0712890625
6537.9365234375
6531.56201171875
6525.201171875
6519.068359375
6513.24609375
6507.802734375
6502.68603515625
6497.681640625
6492.5888671875
6487.29833984375
6481.8720703125
6476.3603515625
6470.91796875
6465.67236328125
6460.72607421875
6456.05859375
6451.501953125
6446.822265625
6441.6416015625
6435.9599609375
6430.21630859375
6424.9658203125
6420.283203125
6415.73828125
6411.02001953125
6406.0576171875
6401.3232421875
6397.02392578125
6393.6259765625
6390.5791015625
6388.537109375
6383.9130859375
6376.8916015625
6367.3193359375
6359.970703125
6356.1669921875
6352.9287109375
6347.91357421875
6341.71728515625
6337.06884765625
6333.48681640625
6328.693359375
6323.0654296875
6318.720703125
6315.5361328125
6311.45361328125
6305.39208984375
6299.12109375
6293.4833984375
6287.87939453125
6282.3916015625
6277.8828125
6274.34326171875
6270.55859375
6266.07421875
6261.0771484375
6255.8974609375
6250.22314453125
6244.751953125
6239.7919921875
6235.48095703125
6231.072265625
6226.6064453125
6222.06884765625
6217.54052734375
6212.93505859375
6208.33203125
6203.8251953125
6199.3095703125
6194.6865234375
6189.9541015625
6185.3212890625
6180.70751953125
6176.16943359375
6171.65625
6167.33837890625
6163.1357421875
6158.98681640625
6154.7470703125
6150.509765625
6146.23095703125
6141.9541015625
6137.7255859375
6133.6318359375
6129.6142578125
6125.49951171875
6121.27978515625
6117.17236328125
6113.47705078125
6110.3603515625
6108.1455078125
6107.00732421875
6106.6455078125
6103.05419921875
6093.216796875
6084.3095703125
6084.6845703125
6084.43408203125
6076.03271484375
6068.9658203125
6068.80859375
6066.2529296875
6059.771484375
6056.302734375
6055.72265625
6051.30224609375
6044.9423828125
6042.66259765625
6041.306640625
6036.1962890625
6030.3349609375
6025.919921875
6020.31640625
6015.01025390625
6011.40625
6006.95703125
6001.2490234375
5997.51953125
5995.2998046875
5991.85986328125
5987.28173828125
5982.76123046875
5978.1162109375
5973.78955078125
5970.1884765625
5966.638671875
5962.474609375
5958.568359375
5955.05126953125
5951.14892578125
5946.6298828125
5942.62548828125
5939.2421875
5936.013671875
5932.4873046875
5928.958984375
5925.36279296875
5921.90283203125
5918.48974609375
5915.0458984375
5911.10791015625
5906.83837890625
5902.49462890625
5898.53173828125
5894.826171875
5891.40087890625
5888.02685546875
5884.5693359375
5880.78515625
5876.7900390625
5872.8115234375
5869.08349609375
5865.5634765625
5862.1484375
5858.7314453125
5855.28515625
5851.74365234375
5848.17724609375
5844.58154296875
5841.03125
5837.29638671875
5833.3505859375
5828.98095703125
5824.31640625
5819.51953125
5814.90478515625
5810.7109375
5807.0107421875
5803.591796875
5800.248046875
5796.48974609375
5792.32763671875
5787.5615234375
5782.9248046875
5778.02880859375
5773.09326171875
5767.8642578125
5763.0146484375
5758.6259765625
5754.74853515625
5750.8662109375
5746.9697265625
5742.830078125
5738.732421875
5734.76708984375
5730.93994140625
5727.2080078125
5723.65625
5720.66064453125
5718.318359375
5716.623046875
5715.16845703125
5713.98291015625
5711.38916015625
5706.4892578125
5698.650390625
5691.4990234375
5687.8369140625
5686.16357421875
5683.8740234375
5678.57177734375
5672.751953125
5668.048828125
5665.2724609375
5662.7158203125
5659.27685546875
5655.20556640625
5651.67333984375
5649.2021484375
5647.6552734375
5645.77001953125
5643.09130859375
5638.826171875
5634.0869140625
5629.3876953125
5625.57763671875
5622.80078125
5620.5869140625
5617.9677734375
5614.81884765625
5611.30322265625
5608.13330078125
5604.6279296875
5601.0859375
5597.5078125
5594.7001953125
5592.40283203125
5590.205078125
5587.4580078125
5584.2822265625
5580.73193359375
5576.91845703125
5572.95556640625
5569.39453125
5566.576171875
5564.142578125
5561.40234375
5557.98828125
5554.15625
5550.4248046875
5547.166015625
5544.400390625
5542.130859375
5539.955078125
5537.7294921875
5534.845703125
5531.60205078125
5528.20849609375
5525.44189453125
5523.2763671875
5521.431640625
5519.33203125
5516.92724609375
5514.7646484375
5513.3994140625
5513.703125
5512.6572265625
5510.17578125
5505.28515625
5499.04833984375
5494.55029296875
5492.935546875
5492.8173828125
5491.58203125
5488.6171875
5485.388671875
5483.6650390625
5482.30029296875
5480.0400390625
5476.271484375
5472.45654296875
5469.56591796875
5467.427734375
5464.9404296875
5461.87353515625
5458.96826171875
5456.68408203125
5454.5693359375
5451.95166015625
5448.955078125
5446.0478515625
5443.53173828125
5440.9755859375
5437.91064453125
5434.3583984375
5431.11865234375
5428.3935546875
5425.7900390625
5423.701171875
5421.81494140625
5419.9658203125
5418.08935546875
5416.3720703125
5414.6884765625
5413.765625
5413.53125
5413.69482421875
5412.6484375
5408.7509765625
5402.94677734375
5397.3642578125
5394.23291015625
5393.521484375
5393.0791015625
5391.1005859375
5386.98828125
5382.658203125
5379.85791015625
5378.77490234375
5378.291015625
5376.71923828125
5373.83203125
5370.181640625
5367.275390625
5366.0546875
5366.1162109375
5366.0810546875
5364.5673828125
5361.5048828125
5358.216796875
5356.453125
5356.107421875
5356.2587890625
5354.8837890625
5352.3486328125
5349.08935546875
5347.1103515625
5345.69189453125
5344.24609375
5342.1943359375
5340.396484375
5339.0341796875
5337.763671875
5335.607421875
5332.392578125
5328.94287109375
5326.4638671875
5326.1240234375
5326.037109375
5325.4375
5320.8603515625
5315.02197265625
5310.9697265625
5309.98046875
5310.52392578125
5308.693359375
5304.89453125
5301.18408203125
5299.3642578125
5298.8330078125
5297.83984375
5297.33447265625
5298.28369140625
5300.22265625
5298.763671875
5293.18408203125
5286.6611328125
5284.53466796875
5285.22021484375
5284.5419921875
5281.48828125
5278.0244140625
5276.1298828125
5275.0185546875
5273.98046875
5272.439453125
5269.45458984375
5266.0087890625
5263.95263671875
5263.39453125
5262.783203125
5261.34130859375
5260.21875
5259.87060546875
5259.4697265625
5258.951171875
5258.666015625
5258.75
5258.80615234375
5259.63671875
5260.900390625
5261.12158203125
5257.1552734375
5250.3232421875
5242.9833984375
5238.8994140625
5238.4814453125
5239.8310546875
5240.0048828125
5237.4951171875
5233.57568359375
5230.50244140625
5229.32177734375
5229.318359375
5229.1416015625
5228.53662109375
5227.84765625
5228.0185546875
5228.28857421875
5227.96240234375
5225.474609375
5221.6494140625
5216.93408203125
5213.2783203125
5211.6298828125
5212.236328125
5214.5966796875
5216.0595703125
5216.59423828125
5213.8603515625
5210.1767578125
5208.09716796875
5207.32470703125
5207.1162109375
5203.068359375
5197.451171875
5192.123046875
5190.17236328125
5190.9052734375
5190.337890625
5187.4677734375
5183.5126953125
5180.7021484375
5180.37890625
5180.142578125
5179.29248046875
5177.12255859375
5175.732421875
5175.744140625
5177.34130859375
5178.0009765625
5176.3271484375
5171.345703125
5166.203125
5163.24462890625
5162.35986328125
5160.47216796875
5156.9619140625
5153.62109375
5152.501953125
5153.0107421875
5152.931640625
5151.6533203125
5150.494140625
5150.591796875
5150.31689453125
5148.2060546875
5144.521484375
5141.2431640625
5139.3486328125
5137.986328125
5136.029296875
5133.8662109375
5132.41357421875
5132.15234375
5131.7666015625
5131.0869140625
5129.73974609375
5129.06884765625
5128.326171875
5128.1328125
5127.296875
5126.61181640625
5125.19873046875
5123.56640625
5121.29296875
5119.412109375
5118.4482421875
5118.896484375
5120.0107421875
5120.66943359375
5119.84228515625
5117.49560546875
5115.02685546875
5112.87158203125
5111.55859375
5110.2001953125
5108.4345703125
5106.078125
5103.646484375
5101.83740234375
5100.4208984375
5099.23779296875
5096.96875
5094.4482421875
5091.8828125
5090.06201171875
5088.3984375
5086.908203125
5085.3818359375
5083.4638671875
5080.99169921875
5078.0244140625
5075.1357421875
5072.41796875
5069.54296875
5066.50537109375
5063.98193359375
5062.6044921875
5061.96337890625
5061.373046875
5060.5673828125
5060.1015625
5059.9287109375
5060.2451171875
5060.744140625
5061.49609375
5062.05615234375
5060.75537109375
5057.9326171875
5054.07861328125
5050.9716796875
5048.79736328125
5047.9033203125
5048.0888671875
5048.5107421875
5048.958984375
5047.88623046875
5047.54736328125
5046.53857421875
5045.82958984375
5044.3115234375
5043.0849609375
5043.435546875
5044.1982421875
5046.4736328125
5048.0
5048.9609375
5047.642578125
5045.3935546875
5042.4619140625
5039.125
5035.23828125
5030.48681640625
5026.05419921875
5022.3037109375
5019.830078125
5018.1728515625
5016.6416015625
5014.595703125
5012.3203125
5010.0751953125
5008.73974609375
5008.16943359375
5008.3671875
5008.71826171875
5009.1962890625
5009.59033203125
5010.1318359375
5010.25390625
5009.23828125
5006.19873046875
5002.2802734375
4999.30224609375
4998.18359375
4998.16650390625
4997.87939453125
4996.88671875
4995.6142578125
4994.44921875
4993.7080078125
4992.7265625
4991.939453125
4990.99951171875
4990.2900390625
4989.24365234375
4989.376953125
4991.24755859375
4993.4462890625
4995.4912109375
4995.57568359375
4993.919921875
4967.5927734375
4976.24853515625
4979.04345703125
4962.7177734375
4975.876953125
4966.2587890625
4963.5888671875
4969.015625
4960.1083984375
4962.47509765625
4961.8369140625
4957.1708984375
4958.8447265625
4956.68798828125
4954.17138671875
4955.00537109375
4952.40673828125
4951.1806640625
4951.28466796875
4948.5146484375
4948.42578125
4947.28125
4945.3115234375
4945.3056640625
4943.408203125
4942.416015625
4941.7353515625
4940.005859375
4939.35546875
4938.18896484375
4936.9228515625
4936.17041015625
4934.94970703125
4934.009765625
4933.10205078125
4932.0537109375
4931.2216796875
4930.2822265625
4929.4306640625
4928.59326171875
4927.736328125
4926.9716796875
4926.1376953125
4925.3828125
4924.61962890625
4923.837890625
4923.1376953125
4922.36767578125
4921.65234375
4920.9423828125
4920.1962890625
4919.505859375
4918.7900390625
4918.0849609375
4917.39697265625
4916.69384765625
4916.0068359375
4915.3154296875
4914.6337890625
4913.9560546875
4913.2744140625
4912.60400390625
4911.9287109375
4911.26953125
4910.6083984375
4909.94873046875
4909.29931640625
4908.64453125
4907.99853515625
4907.3486328125
4906.7041015625
4906.06689453125
4905.42333984375
4904.791015625
4904.14794921875
4903.52001953125
4902.8974609375
4902.27685546875
4901.67822265625
4901.1103515625
4900.6171875
4900.2392578125
4899.9482421875
4899.3896484375
4898.375
4897.3427734375
4896.87646484375
4896.59375
4895.85546875
4894.93896484375
4894.4208984375
4894.02783203125
4893.3017578125
4892.52880859375
4892.05712890625
4891.5634765625
4890.826171875
4890.185546875
4889.71728515625
4889.1298828125
4888.4365234375
4887.87353515625
4887.37109375
4886.75341796875
4886.1240234375
4885.5869140625
4885.04296875
4884.4248046875
4883.83251953125
4883.30419921875
4882.7431640625
4882.1396484375
4881.580078125
4881.04443359375
4880.4775390625
4879.89990234375
4879.341796875
4878.8017578125
4878.2392578125
4877.6669921875
4877.1181640625
4876.57568359375
4876.02197265625
4875.4580078125
4874.9072265625
4874.3564453125
4873.8037109375
4873.2451171875
4872.69921875
4872.1552734375
4871.6044921875
4871.0537109375
4870.5087890625
4869.958984375
4869.412109375
4868.86474609375
4868.31298828125
4867.765625
4867.21533203125
4866.66162109375
4866.103515625
4865.54443359375
4864.9873046875
4864.41845703125
4863.8505859375
4863.27734375
4862.70068359375
4862.11865234375
4861.52490234375
4860.9208984375
4860.3154296875
4859.6953125
4859.05859375
4858.4052734375
4857.73681640625
4857.044921875
4856.33203125
4855.587890625
4854.80615234375
4854.00146484375
4853.16064453125
4852.302734375
4851.439453125
4850.63037109375
4849.9248046875
4849.46435546875
4849.2529296875
4849.42822265625
4849.24755859375
4848.62255859375
4846.77978515625
4845.06591796875
4844.3642578125
4844.47216796875
4844.333984375
4843.24658203125
4842.087890625
4841.6572265625
4841.62646484375
4841.16015625
4840.212890625
4839.5546875
4839.31494140625
4838.908203125
4838.15478515625
4837.47705078125
4837.119140625
4836.7578125
4836.13037109375
4835.482421875
4835.04541015625
4834.67626953125
4834.16015625
4833.560546875
4833.076171875
4832.6787109375
4832.2138671875
4831.6689453125
4831.177734375
4830.7607421875
4830.322265625
4829.8173828125
4829.32666015625
4828.890625
4828.4560546875
4827.97998046875
4827.4931640625
4827.04052734375
4826.615234375
4826.150390625
4825.6845703125
4825.2353515625
4824.802734375
4824.36376953125
4823.9072265625
4823.45947265625
4823.02099609375
4822.58642578125
4822.1396484375
4821.69580078125
4821.255859375
4820.8232421875
4820.384765625
4819.94189453125
4819.50537109375
4819.0732421875
4818.63818359375
4818.2060546875
4817.7744140625
4817.34326171875
4816.91796875
4816.48779296875
4816.0615234375
4815.6298828125
4815.201171875
4814.7783203125
4814.35400390625
4813.92919921875
4813.50830078125
4813.0869140625
4812.6689453125
4812.24951171875
4811.83251953125
4811.41357421875
4810.994140625
4810.57861328125
4810.1650390625
4809.7490234375
4809.3359375
4808.9287109375
4808.51806640625
4808.10400390625
4807.69287109375
4807.28125
4806.8701171875
4806.46240234375
4806.0537109375
4805.6455078125
4805.236328125
4804.8330078125
4804.42724609375
4804.02197265625
4803.61181640625
4803.208984375
4802.8115234375
4802.4072265625
4802.00634765625
4801.607421875
4801.20703125
4800.8056640625
4800.40283203125
4800.0048828125
4799.60986328125
4799.21484375
4798.81787109375
4798.42138671875
4798.02783203125
4797.63232421875
4797.2373046875
4796.8408203125
4796.4482421875
4796.0517578125
4795.658203125
4795.2626953125
4794.8701171875
4794.4794921875
4794.08935546875
4793.697265625
4793.30810546875
4792.91845703125
4792.525390625
4792.13134765625
4791.7451171875
4791.357421875
4790.97021484375
4790.5771484375
4790.1865234375
4789.798828125
4789.4130859375
4789.02001953125
4788.63037109375
4788.2412109375
4787.8447265625
4787.447265625
4787.05322265625
4786.66064453125
4786.265625
4785.8701171875
4785.4736328125
4785.06787109375
4784.6669921875
4784.2666015625
4783.8623046875
4783.4521484375
4783.0419921875
4782.6298828125
4782.21533203125
4781.7939453125
4781.37451171875
4780.9541015625
4780.52880859375
4780.10302734375
4779.67822265625
4779.259765625
4778.8369140625
4778.42431640625
4778.01806640625
4777.6171875
4777.21484375
4776.8193359375
4776.4248046875
4776.0341796875
4775.642578125
4775.25
4774.86181640625
4774.470703125
4774.0771484375
4773.68017578125
4773.28466796875
4772.8916015625
4772.49462890625
4772.09619140625
4771.7021484375
4771.3037109375
4770.90771484375
4770.51025390625
4770.107421875
4769.7099609375
4769.31201171875
4768.9111328125
4768.51025390625
4768.107421875
4767.7021484375
4767.2939453125
4766.88427734375
4766.48388671875
4766.08544921875
4765.69091796875
4765.318359375
4764.955078125
4764.60595703125
4764.2451171875
4763.84375
4763.35205078125
4762.8125
4762.2880859375
4761.8408203125
4761.4619140625
4761.0771484375
4760.6455078125
4760.1689453125
4759.681640625
4759.23974609375
4758.8447265625
4758.45068359375
4758.0263671875
4757.5771484375
4757.12744140625
4756.70751953125
4756.30908203125
4755.9111328125
4755.501953125
4755.0791015625
4754.66845703125
4754.2802734375
4753.9189453125
4753.5625
4753.232421875
4752.9375
4752.7158203125
4752.591796875
4752.60595703125
4752.73046875
4752.904296875
4752.86083984375
4752.3642578125
4751.28369140625
4749.99658203125
4749.0341796875
4748.69189453125
4748.77294921875
4748.84912109375
4748.54931640625
4747.857421875
4747.0673828125
4746.5224609375
4746.29296875
4746.20263671875
4745.9814453125
4745.533203125
4744.9814453125
4744.5107421875
4744.19970703125
4743.99365234375
4743.7529296875
4743.42431640625
4743.0341796875
4742.6865234375
4742.4267578125
4742.2568359375
4742.0947265625
4741.935546875
4741.71435546875
4741.498046875
4741.17041015625
4740.7978515625
4740.2587890625
4739.66259765625
4739.03515625
4738.49560546875
4738.08154296875
4737.78759765625
4737.5654296875
4737.34033203125
4737.0791015625
4736.744140625
4736.3505859375
4735.916015625
4735.4794921875
4735.060546875
4734.68896484375
4734.35400390625
4734.0498046875
4733.7509765625
4733.4375
4733.1064453125
4732.734375
4732.35546875
4731.9619140625
4731.58056640625
4731.2099609375
4730.85302734375
4730.5087890625
4730.16748046875
4729.830078125
4729.4951171875
4729.18017578125
4728.8779296875
4728.63671875
4728.45556640625
4728.458984375
4728.49755859375
4728.89453125
4728.85595703125
4728.880859375
4727.6953125
4726.498046875
4725.59521484375
4725.8974609375
4728.0751953125
4732.357421875
4735.326171875
4731.3828125
4726.72705078125
4726.18017578125
4726.4462890625
4725.8955078125
4724.216796875
4724.3173828125
4724.4990234375
4721.6640625
4721.3681640625
4722.85595703125
4721.08203125
4719.462890625
4720.48193359375
4719.80859375
4718.65771484375
4718.8193359375
4718.57958984375
4718.337890625
4717.837890625
4717.48291015625
4717.72021484375
4717.2412109375
4716.078125
4715.7900390625
4715.076171875
4714.193359375
4714.3349609375
4714.447265625
4714.1884765625
4713.98876953125
4713.73046875
4713.4130859375
4713.2822265625
4713.21875
4713.4921875
4713.6787109375
4713.78125
4713.833984375
4713.822265625
4713.4208984375
4713.1748046875
4713.06884765625
4712.98828125
4713.3544921875
4713.87890625
4714.798828125
4715.669921875
4716.2880859375
4716.548828125
4716.3759765625
4716.2138671875
4716.48291015625
4717.212890625
4718.0458984375
4718.35107421875
4718.056640625
4717.912109375
4718.63232421875
4720.50537109375
4722.8671875
4723.8515625
4722.72412109375
4719.86865234375
4716.5673828125
4714.2490234375
4712.9423828125
4712.541015625
4711.830078125
4710.912109375
4709.63134765625
4709.083984375
4709.70751953125
4720.642578125
4710.48583984375
4708.189453125
4716.017578125
4710.24755859375
4708.72900390625
4709.658203125
4703.12890625
4705.19384765625
4710.52294921875
4703.005859375
4707.46728515625
4707.0693359375
4704.7646484375
4702.2705078125
4700.74462890625
4702.3837890625
4697.4501953125
4698.79736328125
4694.8369140625
4696.4931640625
4693.9580078125
4694.40478515625
4694.3125
4692.513671875
4693.037109375
4691.1650390625
4691.888671875
4690.2685546875
4690.7080078125
4689.53125
4690.34375
4689.51513671875
4690.8837890625
4690.3427734375
4691.927734375
4691.5341796875
4692.5859375
4691.73193359375
4691.5068359375
4689.9404296875
4688.82763671875
4687.5615234375
4687.12060546875
4687.3095703125
4688.0205078125
4688.271484375
4687.58203125
4685.30419921875
4682.66796875
4680.5634765625
4679.73876953125
4679.9130859375
4680.1484375
4679.86328125
4679.0244140625
4677.9365234375
4676.6787109375
4675.25390625
4673.7783203125
4672.587890625
4672.0634765625
4672.044921875
4672.078125
4671.9169921875
4671.4384765625
4671.044921875
4670.7763671875
4670.70703125
4670.72265625
4670.87646484375
4671.34033203125
4671.99853515625
4672.8291015625
4673.48193359375
4674.0048828125
4674.361328125
4674.5009765625
4674.306640625
4673.7294921875
4672.6044921875
4671.3642578125
4669.7490234375
4668.287109375
4666.537109375
4664.966796875
4663.35693359375
4662.1181640625
4661.16650390625
4660.64306640625
4660.4990234375
4660.71044921875
4661.267578125
4662.04296875
4662.96826171875
4663.8359375
4664.658203125
4665.1708984375
4665.2294921875
4664.43896484375
4662.76953125
4660.4638671875
4658.26025390625
4656.6318359375
4655.7587890625
4655.1845703125
4654.626953125
4653.65283203125
4652.6005859375
4651.61865234375
4651.0810546875
4650.9140625
4650.9365234375
4650.9296875
4650.681640625
4650.3505859375
4649.86328125
4649.6630859375
4649.41796875
4649.1669921875
4648.23681640625
4646.91064453125
4645.470703125
4644.9423828125
4645.298828125
4646.6513671875
4647.9609375
4650.03125
4653.1396484375
4657.59375
4653.4345703125
4648.1552734375
4648.703125
4649.68603515625
4647.7734375
4645.2939453125
4645.17236328125
4644.94091796875
4641.58935546875
4639.9833984375
4640.583984375
4638.318359375
4637.734375
4638.44775390625
4636.83935546875
4637.7685546875
4638.28857421875
4637.59130859375
4638.6611328125
4638.94140625
4638.30517578125
4638.408203125
4637.6337890625
4636.71435546875
4636.138671875
4635.7841796875
4635.6865234375
4635.79345703125
4636.06103515625
4635.712890625
4635.2275390625
4634.6162109375
4633.80078125
4633.380859375
4633.5166015625
4633.357421875
4633.4130859375
4633.337890625
4632.953125
4632.5009765625
4632.2255859375
4631.87255859375
4631.505859375
4631.09375
4630.55322265625
4630.2001953125
4630.1923828125
4630.49169921875
4630.86572265625
4631.0458984375
4630.9033203125
4630.5751953125
4630.41796875
4630.56201171875
4631.2587890625
4632.0048828125
4633.0390625
4633.51611328125
4634.14404296875
4634.38427734375
4634.8271484375
4634.8115234375
4634.5234375
4633.62109375
4632.5205078125
4631.38525390625
4630.42236328125
4629.7529296875
4629.2861328125
4628.998046875
4628.689453125
4628.263671875
4627.60546875
4626.84033203125
4626.22705078125
4626.10107421875
4626.537109375
4627.1708984375
4627.34033203125
4626.5283203125
4624.5654296875
4622.0673828125
4619.677734375
4618.0869140625
4617.3876953125
4617.296875
4617.6416015625
4617.86572265625
4618.2431640625
4618.2119140625
4618.48681640625
4618.41015625
4618.6962890625
4618.58642578125
4618.53271484375
4618.17236328125
4617.6298828125
4617.0400390625
4616.3359375
4615.9697265625
4615.7744140625
4616.28466796875
4616.859375
4617.9365234375
4618.533203125
4619.208984375
4619.494140625
4619.9580078125
4620.462890625
4621.24560546875
4621.9091796875
4622.3837890625
4622.19091796875
4621.3203125
4619.72998046875
4617.81103515625
4615.91796875
4614.4716796875
4613.626953125
4613.38427734375
4613.45263671875
4613.55224609375
4613.22021484375
4612.4033203125
4610.9765625
4609.43798828125
4607.83203125
4606.86669921875
4606.8232421875
4612.27734375
4617.3134765625
4628.3896484375
4618.1162109375
4617.6630859375
4621.17578125
4615.49609375
4619.0556640625
4618.9296875
4620.22412109375
4621.1015625
4622.2900390625
4617.7216796875
4614.8134765625
4611.455078125
4610.35693359375
4609.7470703125
4607.47119140625
4609.70849609375
4610.392578125
4608.345703125
4609.46142578125
4607.24951171875
4605.68212890625
4604.2509765625
4603.763671875
4604.07470703125
4604.4794921875
4604.2939453125
4604.650390625
4604.0634765625
4602.4560546875
4601.5595703125
4600.5380859375
4600.2470703125
4600.0908203125
4601.150390625
4601.9072265625
4603.0576171875
4603.47802734375
4603.77734375
4603.0498046875
4602.150390625
4601.37353515625
4600.42822265625
4599.8154296875
4599.169921875
4598.6337890625
4597.953125
4597.2392578125
4596.37158203125
4595.62548828125
4595.0458984375
4594.8544921875
4594.9873046875
4595.1484375
4595.365234375
4595.1533203125
4594.9208984375
4594.3876953125
4593.982421875
4593.72802734375
4593.9267578125
4594.56787109375
4595.53857421875
4596.55224609375
4597.4521484375
4598.0537109375
4598.57275390625
4599.025390625
4599.4833984375
4599.560546875
4599.0712890625
4597.81787109375
4596.41015625
4595.3212890625
4595.080078125
4595.1083984375
4594.96484375
4594.09814453125
4592.76708984375
4591.49169921875
4590.732421875
4590.7158203125
4591.1767578125
4591.8076171875
4592.212890625
4592.33251953125
4592.04833984375
4591.5615234375
4590.82421875
4590.23095703125
4589.6962890625
4589.40087890625
4588.9072265625
4588.22265625
4587.0791015625
4585.9326171875
4584.9052734375
4584.2802734375
4583.91552734375
4583.56884765625
4583.181640625
4582.5830078125
4582.046875
4581.39306640625
4580.8505859375
4580.2841796875
4579.93896484375
4579.85986328125
4580.30712890625
4581.12646484375
4582.4638671875
4583.5595703125
4584.43359375
4584.2001953125
4583.27880859375
4581.9755859375
4581.203125
4581.5234375
4583.2607421875
4585.8125
4589.24853515625
4592.32470703125
4595.474609375
4597.119140625
4597.8359375
4596.34814453125
4594.1259765625
4591.22216796875
4589.0263671875
4587.36572265625
4586.20556640625
4585.02783203125
4583.85546875
4582.880859375
4582.40087890625
4582.4404296875
4582.70556640625
4582.7734375
4582.08154296875
4580.93212890625
4579.44140625
4578.45703125
4577.998046875
4578.2109375
4578.74755859375
4579.2529296875
4579.2314453125
4578.27197265625
4576.3134765625
4573.8154296875
4571.44091796875
4569.85693359375
4569.205078125
4569.44384765625
4570.13671875
4571.05078125
4571.82470703125
4572.4619140625
4572.7177734375
4572.953125
4573.18408203125
4573.890625
4574.9892578125
4576.41552734375
4577.7333984375
4578.39697265625
4578.24267578125
4577.134765625
4575.5498046875
4573.6865234375
4571.99560546875
4570.5615234375
4569.56787109375
4568.7939453125
4568.28857421875
4567.87109375
4567.7822265625
4567.765625
4567.85009765625
4567.56298828125
4567.021484375
4566.2822265625
4565.99609375
4566.4453125
4567.623046875
4569.08544921875
4570.3876953125
4571.318359375
4572.025390625
4572.4677734375
4572.8154296875
4572.828125
4572.7451171875
