9345.34765625
9332.94921875
9321.162109375
9309.939453125
9299.228515625
9288.990234375
9279.1796875
9269.7724609375
9260.7265625
9252.009765625
9243.6025390625
9235.478515625
9227.6328125
9220.0537109375
9212.736328125
9205.6708984375
9198.845703125
9192.2587890625
9185.9013671875
9179.7578125
9173.822265625
9168.087890625
9162.529296875
9157.1484375
9151.9375
9146.884765625
9141.986328125
9137.2421875
9132.6416015625
9128.1845703125
9123.86328125
9119.673828125
9115.61328125
9111.681640625
9107.8671875
9104.169921875
9100.580078125
9097.1005859375
9093.7236328125
9090.451171875
9087.2734375
9084.1904296875
9081.201171875
9078.296875
9075.4775390625
9072.73828125
9070.080078125
9067.49609375
9064.986328125
9062.546875
9060.171875
9057.8671875
9055.623046875
9053.4365234375
9051.3115234375
9049.24609375
9047.232421875
9045.2734375
9043.36328125
9041.505859375
9039.697265625
9037.9326171875
9036.2109375
9034.537109375
9032.904296875
9031.3115234375
9029.7578125
9028.240234375
9026.7607421875
9025.3173828125
9023.91015625
9022.53515625
9021.193359375
9019.8837890625
9018.603515625
9017.353515625
9016.1279296875
9014.935546875
9013.7666015625
9012.626953125
9011.5107421875
9010.4189453125
9009.35546875
9008.310546875
9007.291015625
9006.29296875
9005.31640625
9004.3623046875
9003.4248046875
9002.5087890625
9001.6142578125
9000.736328125
8999.87890625
8999.037109375
8998.21484375
8997.408203125
8996.6181640625
8995.84375
8995.083984375
8994.33984375
8993.611328125
8992.8984375
8992.1982421875
8991.5107421875
8990.8359375
8990.177734375
8989.52734375
8988.89453125
8988.2724609375
8987.6650390625
8987.068359375
8986.4814453125
8985.90625
8985.3427734375
8984.791015625
8984.24609375
8983.712890625
8983.1904296875
8982.6748046875
8982.169921875
8981.6748046875
8981.189453125
8980.712890625
8980.244140625
8979.783203125
8979.33203125
8978.88671875
8978.447265625
8978.021484375
8977.599609375
8977.18359375
8976.7763671875
8976.37890625
8975.9853515625
8975.6005859375
8975.220703125
8974.8466796875
8974.48046875
8974.123046875
8973.765625
8973.41796875
8973.0751953125
8972.740234375
8972.408203125
8972.08203125
8971.763671875
8971.44921875
8971.1396484375
8970.833984375
8970.5322265625
8970.2392578125
8969.947265625
8969.6640625
8969.3828125
8969.1044921875
8968.83203125
8968.564453125
8968.30078125
8968.041015625
8967.7880859375
8967.53515625
8967.2890625
8967.044921875
8966.8046875
8966.5703125
8966.337890625
8966.1064453125
8965.8798828125
8965.658203125
8965.4375
8965.22265625
8965.009765625
8964.802734375
8964.59375
8964.3896484375
8964.189453125
8963.990234375
8963.7939453125
8963.603515625
8963.412109375
8963.228515625
8963.0400390625
8962.861328125
8962.6806640625
8962.50390625
8962.330078125
8962.15625
8961.986328125
8961.8193359375
8961.654296875
8961.4912109375
8961.33203125
8961.171875
8961.015625
8960.861328125
8960.7080078125
8960.5576171875
8960.4091796875
8960.263671875
8960.119140625
334844067840.0
174314.9375
98535.7265625
93301.8828125
103378.25
79295.984375
192605.421875
742831.4375
379820.0
170027.84375
719101.875
65368.3359375
57812.703125
58356.1875
62544.8671875
61835.37109375
58945.2421875
59664.54296875
69392.921875
58109.0625
55649.09765625
55974.28515625
53199.265625
49869.29296875
48804.9296875
49301.71484375
50058.1640625
50018.89453125
49182.484375
48167.0
47391.1171875
46777.671875
46403.59765625
46152.23046875
45957.765625
45747.8203125
45473.2109375
45129.12109375
44721.5859375
44269.5234375
43804.64453125
43347.0859375
42903.125
42473.94140625
42058.2578125
41649.9453125
41243.2890625
40834.26171875
40414.140625
39982.41796875
39547.8125
39112.65625
38681.33984375
38257.875
37847.1796875
37451.35546875
37069.1328125
36702.0546875
36351.5859375
36017.25
35700.48046875
35398.69140625
35110.5703125
34836.109375
34575.8125
34328.9375
34091.91796875
33861.0
33632.91796875
33404.6953125
33176.71875
32950.0078125
32726.546875
32507.63671875
32294.83203125
32089.044921875
31890.91796875
31700.45703125
31515.927734375
31336.513671875
31161.09375
30989.5625
30821.16796875
30656.28125
30494.50390625
30335.69140625
30179.41796875
30025.94921875
29875.064453125
29726.15625
29578.873046875
29433.2265625
29289.529296875
29147.943359375
29009.22265625
28873.43359375
28740.828125
28612.37109375
28488.20703125
28368.50390625
28253.2890625
28142.72265625
28035.8359375
27932.04296875
27829.912109375
27728.001953125
27625.69140625
27522.892578125
27420.052734375
27317.22265625
27214.041015625
27109.7734375
27002.9765625
26892.58984375
26778.82421875
26663.771484375
26551.677734375
26446.859375
26350.955078125
26261.94140625
26175.5078125
26087.994140625
25998.19140625
25906.25
25813.228515625
25720.220703125
25628.06640625
25536.87109375
25446.904296875
25358.130859375
25270.34375
25183.3671875
25097.18359375
25011.982421875
24927.595703125
24844.712890625
24763.29296875
24683.72265625
24606.2109375
24530.9296875
24457.89453125
24387.1015625
24318.55859375
24251.99609375
24186.970703125
24123.529296875
24061.107421875
23999.640625
23938.916015625
23879.009765625
23819.65234375
23761.154296875
23703.37890625
23647.435546875
23588.671875
23531.435546875
23476.27734375
23421.421875
23368.328125
23311.224609375
23260.94921875
23214.45703125
23157.33984375
23105.91796875
23053.95703125
23003.837890625
22953.78515625
22904.08984375
22857.390625
22808.400390625
22761.42578125
22716.24609375
22669.65625
22626.12109375
22579.90234375
22537.533203125
22492.5390625
22450.9765625
22408.005859375
22366.12890625
22324.228515625
22283.21875
22241.998046875
22202.12890625
22161.7734375
22122.19140625
22083.2109375
22043.8125
22005.68359375
21967.0234375
21929.603515625
21891.712890625
21854.6171875
21817.48046875
21781.064453125
21744.43359375
21708.57421875
21672.615234375
21637.28515625
21602.01953125
21567.123046875
21532.625
21498.365234375
21464.521484375
21431.013671875
21397.9296875
21364.828125
21331.96875
21299.318359375
21267.275390625
21235.5234375
21204.1796875
21172.83203125
21141.66015625
21110.654296875
21080.00390625
21049.49609375
21018.833984375
20987.939453125
20956.849609375
20925.85546875
20895.16796875
20864.51953125
20833.791015625
20802.80859375
20771.90625
20741.0859375
20710.43359375
20679.634765625
20648.81640625
20618.111328125
20587.4375
20556.87109375
20526.091796875
20495.451171875
20464.8671875
20434.33203125
20403.88671875
20373.32421875
20342.83203125
20312.51953125
20282.1640625
20251.857421875
20221.59765625
20191.220703125
20160.84375
20130.66796875
20100.78125
20071.265625
20042.013671875
20012.818359375
19983.861328125
19955.0625
19926.4765625
19898.16015625
19870.333984375
19843.205078125
19817.341796875
19789.775390625
19760.095703125
19729.8359375
19703.884765625
19678.25
19648.6875
19621.291015625
19596.69140625
19569.38671875
19543.630859375
19517.314453125
19492.2421875
19469.2265625
19441.599609375
19426.40234375
19428.982421875
19415.51171875
19386.6953125
19358.158203125
19333.916015625
19305.4453125
19281.765625
19255.48828125
19229.876953125
19203.669921875
19178.51171875
19157.44140625
19129.94921875
19107.34765625
19083.599609375
19061.94140625
19036.59375
19012.328125
18988.212890625
18965.58203125
18941.140625
18918.400390625
18895.1640625
18874.0390625
18851.328125
18829.09375
18807.3515625
18786.60546875
18765.287109375
18743.478515625
18722.19921875
18701.21875
18680.251953125
18659.0546875
18638.173828125
18617.6640625
18596.92578125
18576.73046875
18556.38671875
18536.28125
18515.8515625
18495.48046875
18474.9609375
18454.677734375
18434.583984375
18414.369140625
18394.73046875
18374.423828125
18354.837890625
18335.26953125
18315.25390625
18294.1015625
18273.296875
18254.623046875
18235.876953125
18216.1171875
18195.435546875
18175.859375
18156.119140625
18136.666015625
18118.7734375
18100.15625
18080.78125
18061.732421875
18044.56640625
18027.318359375
18009.5859375
17989.83984375
17969.470703125
17951.044921875
17934.419921875
17917.1875
17898.28515625
17880.279296875
17863.84765625
17846.953125
17829.55859375
17813.21875
17797.5078125
17781.404296875
17764.87890625
17748.82421875
17733.125
17717.33203125
17701.89453125
17687.13671875
17674.640625
17665.25
17664.93359375
17638.72265625
17611.3046875
17606.109375
17587.83984375
17565.671875
17555.9609375
17541.984375
17524.18359375
17508.25390625
17496.458984375
17480.1953125
17464.984375
17452.869140625
17436.38671875
17422.89453125
17409.904296875
17395.455078125
17380.587890625
17368.359375
17353.642578125
17340.03125
17326.912109375
17312.72265625
17299.783203125
17286.53515625
17272.888671875
17259.845703125
17246.80859375
17233.421875
17220.865234375
17207.7421875
17194.896484375
17182.126953125
17168.9609375
17156.169921875
17145.48828125
17136.404296875
17125.07421875
17107.134765625
17090.29296875
17081.865234375
17071.1328125
17054.0078125
17041.4609375
17031.49609375
17017.95703125
17005.013671875
16994.4921875
16981.10546875
16968.5
16958.21875
16946.03125
16933.4921875
16922.9453125
16910.748046875
16898.630859375
16887.98828125
16876.99609375
16863.685546875
16849.69921875
16837.0703125
16826.861328125
16815.30859375
16800.705078125
16788.580078125
16778.234375
16765.501953125
16752.474609375
16740.783203125
16727.703125
16714.013671875
16701.76171875
16689.107421875
16675.05078125
16661.375
16647.349609375
16632.431640625
16617.62109375
16603.142578125
16588.20703125
16573.384765625
16559.1171875
16545.1953125
16531.544921875
16518.87109375
16506.78515625
16494.90625
16483.50390625
16472.640625
16461.80078125
16450.87890625
16439.673828125
16428.93359375
16418.015625
16407.58203125
16396.58984375
16385.33203125
16372.6435546875
16360.71484375
16350.14453125
16340.3720703125
16330.005859375
16319.185546875
16308.8095703125
16298.578125
16287.98828125
16277.759765625
16270.0087890625
16265.5458984375
16276.6171875
16281.6015625
16261.66015625
16227.466796875
16241.1171875
16203.935546875
16208.923828125
16191.66015625
16174.548828125
16176.677734375
16148.884765625
16149.87109375
16133.1689453125
16126.876953125
16115.1318359375
16105.35546875
16096.12890625
16084.5234375
16077.04296875
16062.2216796875
16054.15234375
16042.609375
16034.91015625
16024.3876953125
16013.7646484375
16003.8564453125
15992.7998046875
15983.75390625
15973.796875
15966.3271484375
15957.056640625
15948.572265625
15937.580078125
15927.9013671875
15917.1904296875
15908.349609375
15898.783203125
15890.2802734375
15881.2548828125
15872.8359375
15863.958984375
15855.0068359375
15845.4375
15835.568359375
15825.744140625
15816.369140625
15807.30859375
15798.423828125
15789.736328125
15780.8876953125
15772.1845703125
15763.4169921875
15754.7333984375
15745.7939453125
15736.7236328125
15727.55859375
15718.619140625
15710.146484375
15701.876953125
15693.6640625
15685.212890625
15676.705078125
15668.072265625
15659.552734375
15651.1162109375
15642.6689453125
15634.3359375
15625.8916015625
15617.5107421875
15608.92578125
15600.51171875
15592.2197265625
15583.9951171875
15575.927734375
15567.7216796875
15559.6220703125
15551.52734375
15543.5673828125
15535.4208984375
15527.314453125
15519.052734375
15511.0419921875
15503.0927734375
15495.56640625
15487.974609375
15480.884765625
15473.390625
15466.1552734375
15458.642578125
15451.943359375
15445.3076171875
15439.37890625
15432.591796875
15426.63671875
15424.978515625
15410.02734375
15410.052734375
15399.6591796875
15383.58203125
15377.9013671875
15366.8193359375
15365.2431640625
15354.98046875
15349.7451171875
15339.966796875
15331.1640625
15320.3037109375
15310.3720703125
15303.7392578125
15297.0400390625
15291.75
15283.9228515625
15277.416015625
15268.7216796875
15260.9140625
15251.5859375
15244.078125
15235.685546875
15228.29296875
15219.697265625
15211.73046875
15203.375
15195.212890625
15186.591796875
15178.3642578125
15170.54296875
15163.228515625
15155.751953125
15147.9111328125
15140.14453125
15132.896484375
15126.1328125
15120.1552734375
15113.859375
15108.337890625
15100.337890625
15091.7919921875
15083.3447265625
15075.021484375
15067.4453125
15060.46484375
15053.708984375
15046.880859375
15040.27734375
15033.716796875
15028.314453125
15019.3916015625
15010.8466796875
15004.052734375
14997.72265625
14994.0869140625
14986.056640625
14977.2109375
14971.763671875
14967.248046875
14977.4326171875
14975.134765625
14970.4833984375
14955.1943359375
14942.046875
14937.2939453125
14921.2109375
14913.103515625
14908.6796875
14897.8369140625
14891.353515625
14883.9404296875
14874.5546875
14869.12890625
14860.03515625
14853.048828125
14847.244140625
14840.1640625
14834.435546875
14826.400390625
14822.06640625
14816.4375
14814.072265625
14804.4111328125
14796.494140625
14789.99609375
14781.671875
14776.619140625
14769.0009765625
14764.1923828125
14759.0107421875
14751.8681640625
14746.919921875
14743.8828125
14734.015625
14726.3818359375
14720.69921875
14713.734375
14704.556640625
14695.4033203125
14687.220703125
14681.0234375
14675.4599609375
14670.8759765625
14665.8076171875
14658.869140625
14651.283203125
14643.4697265625
14636.728515625
14629.8359375
14622.5908203125
14615.06640625
14607.470703125
14600.365234375
14593.48828125
14586.98046875
14580.8203125
14574.791015625
14568.615234375
14562.251953125
14556.1953125
14550.7109375
14545.556640625
14539.79296875
14532.8896484375
14525.126953125
14517.828125
14511.3974609375
14505.3603515625
14498.376953125
14490.576171875
14482.78125
14476.3046875
14471.248046875
14466.359375
14460.80078125
14454.205078125
14447.390625
14440.8056640625
14434.48046875
14428.12890625
14421.75
14415.75
14410.322265625
14405.2158203125
14400.16015625
14394.8125
14389.24609375
14383.5009765625
14377.6962890625
14371.76171875
14366.0380859375
14360.3525390625
14354.7578125
14348.77734375
14342.69921875
14336.7578125
14331.576171875
14327.3984375
14323.4052734375
14318.9697265625
14313.1953125
14307.009765625
14300.203125
14294.5615234375
14287.1337890625
14279.904296875
14273.12109375
14267.083984375
14261.2763671875
14255.2705078125
14249.44140625
14243.5908203125
14238.505859375
14233.85546875
14229.8125
14226.462890625
14224.0634765625
14222.720703125
14221.109375
14218.2265625
14211.556640625
14202.3271484375
14191.62109375
14185.0693359375
14177.029296875
14170.572265625
14164.974609375
14158.494140625
14152.2744140625
14144.0810546875
14136.6552734375
14132.134765625
14127.9638671875
14123.4794921875
14116.10546875
14109.6513671875
14104.470703125
14100.181640625
14096.5234375
14089.7626953125
14084.3984375
14081.03125
14074.3134765625
14066.484375
14058.755859375
14054.1337890625
14051.837890625
14045.267578125
14037.9208984375
14031.8173828125
14027.0146484375
14022.041015625
14016.4345703125
14011.20703125
14006.73046875
14001.61328125
13996.7421875
13990.607421875
13985.4892578125
13981.90234375
13976.2919921875
13971.2353515625
13966.748046875
13961.7646484375
13956.533203125
13951.123046875
13946.9091796875
13943.85546875
13940.564453125
13937.12109375
13933.6962890625
13930.341796875
13927.515625
13924.7978515625
13922.80078125
13920.1689453125
13915.58203125
13908.23046875
13899.080078125
13890.6015625
13884.576171875
13881.3369140625
13878.8857421875
13875.58984375
13869.9375
13863.212890625
13856.1201171875
13850.7451171875
13847.09765625
13844.236328125
13840.1357421875
13833.98046875
13826.6181640625
13819.4931640625
13814.2548828125
13810.4736328125
13807.52734375
13804.03515625
13799.87890625
13795.2763671875
13790.861328125
13787.00390625
13782.75390625
13777.767578125
13771.1220703125
13764.1572265625
13757.52734375
13752.38671875
13747.990234375
13743.75390625
13739.12890625
13734.0869140625
13729.509765625
13725.1376953125
13721.6064453125
13718.1123046875
13714.7900390625
13710.9091796875
13705.80859375
13699.64453125
13693.392578125
13688.443359375
13684.3828125
13680.728515625
13675.966796875
13670.939453125
13665.84765625
13662.099609375
13658.8515625
13655.859375
13653.228515625
13649.830078125
13645.806640625
13637.8564453125
13630.3837890625
13626.2802734375
13624.1630859375
13620.6943359375
13613.89453125
13607.4541015625
13603.5390625
13601.193359375
13599.0107421875
13595.5546875
13591.41796875
13585.2978515625
13577.5390625
13570.7998046875
13566.6328125
13564.2041015625
13562.109375
13559.546875
13555.546875
13552.052734375
13548.7333984375
13545.00390625
13540.716796875
13535.763671875
13529.8134765625
13522.9990234375
13516.1357421875
13509.8193359375
13504.568359375
13500.43359375
13497.30078125
13494.1630859375
13490.8427734375
13487.298828125
13484.3525390625
13481.5205078125
13478.8349609375
13475.1181640625
13470.072265625
13464.28515625
13458.8564453125
13454.3642578125
13451.4208984375
13449.3271484375
13447.1015625
13442.9453125
13437.830078125
13432.3544921875
13428.4462890625
13424.763671875
13420.8203125
13415.259765625
13409.4697265625
13403.876953125
13399.66796875
13395.75
13392.958984375
13389.5166015625
13386.5400390625
13382.517578125
13378.435546875
13373.7802734375
13369.4765625
13365.23046875
13361.193359375
13357.0927734375
13352.91015625
13348.6845703125
13344.0947265625
13339.70703125
13335.095703125
13331.3662109375
13328.44140625
13326.3759765625
13325.091796875
13323.72265625
13322.35546875
13320.818359375
13318.50390625
13315.9423828125
13310.865234375
13304.2890625
13295.4453125
13286.5380859375
13278.666015625
13272.958984375
13269.2666015625
13266.4990234375
13263.853515625
13260.6513671875
13257.373046875
13253.97265625
13250.529296875
13246.1162109375
13240.982421875
13235.564453125
13230.2060546875
13225.1044921875
13220.224609375
13215.912109375
13212.5390625
13209.6044921875
13206.50390625
13202.568359375
13198.427734375
13194.40625
13190.9775390625
13187.568359375
13184.83984375
13181.71875
13178.9951171875
13174.853515625
13170.798828125
13166.013671875
13162.625
13158.810546875
13156.099609375
13152.3203125
13148.8125
13144.25
13139.4423828125
13134.46484375
13130.146484375
13126.837890625
13124.43359375
13122.8544921875
13121.5546875
13120.5078125
13119.111328125
13116.8603515625
13113.4521484375
13110.533203125
13107.8828125
13105.59765625
13103.2216796875
13100.2919921875
13094.9931640625
13086.3427734375
13076.716796875
13068.5625
13048.546875
13051.685546875
13051.8701171875
13037.8837890625
13044.181640625
13036.208984375
13030.7802734375
13033.037109375
13024.1396484375
13023.3486328125
13020.9736328125
13014.7158203125
13014.431640625
13009.8359375
13006.208984375
13004.5595703125
12999.978515625
12997.54296875
12994.62109375
12990.8876953125
12988.40234375
12985.0478515625
12981.8974609375
12979.0234375
12975.7451171875
12972.751953125
12969.677734375
12966.5732421875
12963.5625
12960.501953125
12957.5078125
12954.458984375
12951.4775390625
12948.541015625
12945.51953125
12942.6044921875
12939.6455078125
12936.650390625
12933.75
12930.7861328125
12927.857421875
12925.00390625
12922.060546875
12919.0888671875
12916.0556640625
12912.919921875
12909.6962890625
12906.41796875
12903.0625
12899.671875
12896.353515625
12893.205078125
12890.2158203125
12887.267578125
12884.447265625
12881.595703125
12878.7734375
12875.994140625
12873.228515625
12870.5087890625
12867.7646484375
12864.984375
12862.271484375
12859.513671875
12856.84375
12854.173828125
12851.501953125
12848.8291015625
12846.1875
12843.537109375
12840.9140625
12838.291015625
12835.6884765625
12833.095703125
12830.5078125
12827.9287109375
12825.328125
12822.7578125
12820.18359375
12817.6181640625
12815.0595703125
12812.51953125
12809.9609375
12807.4375
12804.90234375
12802.3515625
12799.84375
12797.3173828125
12794.7998046875
12792.2890625
12789.791015625
12787.267578125
12784.7724609375
12782.28515625
12779.7822265625
12777.3125
12774.818359375
12772.3310546875
12769.85546875
12767.40234375
12764.9189453125
12762.4375
12759.990234375
12757.5146484375
12755.06640625
12752.603515625
12750.138671875
12747.7099609375
12745.232421875
12742.791015625
12740.3544921875
12737.912109375
12735.462890625
12733.013671875
12730.5888671875
12728.154296875
12725.744140625
12723.30859375
12720.892578125
12718.482421875
12716.064453125
12713.6435546875
12711.224609375
12708.830078125
12706.423828125
12704.0234375
12701.630859375
12699.251953125
12696.841796875
12694.474609375
12692.0908203125
12689.6953125
12687.3330078125
12684.9423828125
12682.580078125
12680.224609375
12677.845703125
12675.5078125
12673.119140625
12670.7646484375
12668.42578125
12666.07421875
12663.7265625
12661.37890625
12659.01953125
12656.705078125
12654.359375
12652.0283203125
12649.69921875
12647.3603515625
12645.033203125
12642.716796875
12640.384765625
12638.05078125
12635.7392578125
12633.421875
12631.1298828125
12628.80078125
12626.4833984375
12624.16796875
12621.8759765625
12619.568359375
12617.2607421875
12614.986328125
12612.65234375
12610.3759765625
12608.052734375
12605.7900390625
12603.509765625
12601.193359375
12598.90234375
12596.63671875
12594.35546875
12592.06640625
12589.802734375
12587.51953125
12585.248046875
12582.9716796875
12580.701171875
12578.4521484375
12576.1728515625
12573.9169921875
12571.6640625
12569.41015625
12567.162109375
12564.91796875
12562.6845703125
12560.447265625
12558.181640625
12555.951171875
12553.69140625
12551.4677734375
12549.2470703125
12547.01953125
12544.7841796875
12542.560546875
12540.337890625
12538.1474609375
12535.9091796875
12533.705078125
12531.478515625
12529.267578125
12527.0625
12524.845703125
12522.650390625
12520.421875
12518.228515625
12516.0224609375
12513.8232421875
12511.62109375
12509.4384765625
12507.25390625
12505.0556640625
12502.8505859375
12500.6640625
12498.482421875
12496.29296875
12494.109375
12491.9208984375
12489.74609375
12487.576171875
12485.384765625
12483.20703125
12481.021484375
12478.84375
12476.669921875
12474.5009765625
12472.3056640625
12470.1376953125
12467.9638671875
12465.8037109375
12463.6259765625
12461.44921875
12459.2900390625
12457.1201171875
12454.9560546875
12452.76171875
12450.60546875
12448.4423828125
12446.25390625
12444.0673828125
12441.912109375
12439.732421875
12437.546875
12435.3671875
12433.2021484375
12431.0078125
12428.826171875
12426.654296875
12424.44140625
12422.2841796875
12420.072265625
12417.9033203125
12415.72265625
12413.5361328125
12411.361328125
12409.205078125
12407.046875
12404.9013671875
12402.7421875
12400.6298828125
12398.5146484375
12396.3896484375
12394.2900390625
12392.1953125
12390.119140625
12388.0234375
12385.93359375
12383.8525390625
12381.779296875
12379.69921875
12377.6044921875
12375.556640625
12373.4931640625
12371.4228515625
12369.359375
12367.31640625
12365.24609375
12363.193359375
12361.15625
12359.103515625
12357.046875
12355.01171875
12352.9697265625
12350.94140625
12348.87109375
12346.826171875
12344.7880859375
12342.7822265625
12340.728515625
12338.6962890625
12336.669921875
12334.6494140625
12332.615234375
12330.595703125
12328.55859375
12326.537109375
12324.49609375
12322.4765625
12320.44921875
12318.423828125
12316.4150390625
12314.400390625
12312.384765625
12310.3876953125
12308.39453125
12306.390625
12304.484375
12302.599609375
12300.89453125
12299.0048828125
12297.5625
12295.357421875
12293.4140625
12291.03125
12288.802734375
12286.5625
12284.4375
12282.3359375
12280.3203125
12278.30078125
12276.3369140625
12274.3798828125
12272.431640625
12270.4990234375
12268.5458984375
12266.689453125
12264.7236328125
12262.892578125
12260.84375
12258.896484375
12256.8193359375
12254.7919921875
12252.7275390625
12250.703125
12248.6953125
12246.6953125
12244.693359375
12242.71875
12240.767578125
12238.845703125
12236.9677734375
12235.16796875
12233.4140625
12231.8193359375
12230.326171875
12228.9990234375
12227.669921875
12226.185546875
12224.052734375
12221.3203125
12218.19140625
12215.353515625
12213.1220703125
12211.494140625
12210.1240234375
12208.59765625
12206.6171875
12204.205078125
12201.6669921875
12199.4052734375
12197.544921875
12195.95703125
12194.439453125
12192.646484375
12190.73828125
12188.4775390625
12186.3955078125
12184.2294921875
12182.2109375
12180.115234375
12177.931640625
12175.63671875
12173.306640625
12171.0283203125
12168.8828125
12166.8623046875
12164.8955078125
12162.9072265625
12160.869140625
12158.8251953125
12156.783203125
12154.837890625
12152.98046875
12151.1484375
12149.2275390625
12147.2294921875
12145.1396484375
12143.203125
12141.396484375
12139.7890625
12138.416015625
12137.9990234375
12140.6328125
12150.828125
12168.869140625
12174.494140625
12146.1455078125
12130.6357421875
12142.38671875
12140.6572265625
12130.77734375
12131.0810546875
12130.9228515625
12123.7431640625
12120.1953125
12120.15625
12112.455078125
12113.25390625
12114.1552734375
12104.279296875
12105.60546875
12105.8984375
12097.587890625
12102.34375
12101.02734375
12092.6904296875
12095.625
12092.755859375
12087.232421875
12089.1318359375
12086.986328125
12081.169921875
12081.5283203125
12076.912109375
12072.927734375
12073.19140625
12068.7529296875
12066.6044921875
12065.5810546875
12060.3857421875
12058.69921875
12056.673828125
12053.173828125
12052.0791015625
12049.5146484375
12046.62890625
12044.978515625
12042.41015625
12039.958984375
12038.3974609375
12035.833984375
12033.916015625
12032.2216796875
12029.828125
12028.1044921875
12026.138671875
12023.966796875
12022.3232421875
12020.3505859375
12018.3154296875
12016.470703125
12014.40625
12012.2841796875
12010.3974609375
12008.2998046875
12006.279296875
12004.42578125
12002.427734375
12000.587890625
11998.791015625
11996.900390625
11995.1572265625
11993.3759765625
11991.54296875
11989.83203125
11988.076171875
11986.3037109375
11984.556640625
11982.802734375
11980.9794921875
11978.966796875
11976.7314453125
11974.3984375
11972.3447265625
11970.603515625
11968.912109375
11967.2236328125
11965.408203125
11963.787109375
11962.205078125
11960.8564453125
11959.3271484375
11957.611328125
11955.7197265625
11953.724609375
11951.712890625
11949.673828125
11947.6513671875
11945.6953125
11943.947265625
11942.3193359375
11940.923828125
11939.7041015625
11938.74609375
11938.212890625
11937.681640625
11936.9755859375
11934.97265625
11932.013671875
11928.2470703125
11925.0546875
11922.6513671875
11921.0849609375
11919.60546875
11917.857421875
11915.876953125
11914.02734375
11912.4658203125
11911.0732421875
11909.4970703125
11907.732421875
11905.892578125
11904.384765625
11903.189453125
11902.22265625
11901.0966796875
11899.740234375
11898.2412109375
11896.787109375
11895.546875
11894.4453125
11893.396484375
11892.3564453125
11891.458984375
11890.462890625
11889.3154296875
11887.376953125
11884.755859375
11881.1962890625
11877.53515625
11874.00390625
11871.2724609375
11869.2236328125
11867.7021484375
11866.2470703125
11864.7763671875
11863.37890625
11862.169921875
11861.40234375
11861.0498046875
11860.6328125
11859.294921875
11856.470703125
11852.173828125
11847.8603515625
11844.841796875
11843.66796875
11843.6875
11843.5166015625
11842.990234375
11841.1806640625
11839.830078125
11838.248046875
11837.193359375
11836.220703125
11835.1162109375
11833.841796875
11831.958984375
11829.52734375
11826.1611328125
11822.85546875
11819.892578125
11817.9345703125
11816.3115234375
11815.015625
11813.583984375
11812.564453125
11811.677734375
11811.029296875
11810.408203125
11809.8095703125
11809.263671875
11808.19140625
11806.634765625
11804.267578125
11801.40625
11798.1923828125
11794.974609375
11791.748046875
11788.7509765625
11786.03125
11783.80859375
11782.11328125
11780.7236328125
11779.6337890625
11778.349609375
11777.0185546875
11775.3349609375
11773.5625
11771.90234375
11770.4365234375
11768.8798828125
11766.9609375
11764.7158203125
11762.287109375
11759.9541015625
11757.7421875
11755.8427734375
11754.3623046875
11753.326171875
11752.50390625
11751.63671875
11750.46484375
11748.904296875
11746.923828125
11744.73046875
11742.5498046875
11740.6298828125
11738.9541015625
11737.451171875
11735.791015625
11734.1376953125
11732.25
11730.62890625
11729.0830078125
11728.0625
11727.216796875
11726.56640625
11725.8076171875
11725.0224609375
11724.32421875
11723.6123046875
11723.0615234375
11721.9873046875
11720.5478515625
11718.044921875
11715.083984375
11711.595703125
11708.626953125
11706.21875
11704.65234375
11703.4921875
11702.509765625
11701.189453125
11699.470703125
11697.361328125
11694.9921875
11692.7265625
11690.6875
11689.0263671875
11687.525390625
11686.185546875
11684.830078125
11683.611328125
11682.486328125
11681.6181640625
11680.71484375
11679.603515625
11677.9619140625
11675.880859375
11673.5439453125
11671.2724609375
11669.33203125
11667.458984375
11665.6220703125
11663.2333984375
11660.55859375
11657.640625
11655.123046875
11653.068359375
11651.70703125
11650.748046875
11650.099609375
11649.5380859375
11649.166015625
11648.845703125
11648.5390625
11647.9833984375
11646.8271484375
11644.9560546875
11642.4921875
11640.08203125
11637.8359375
11636.228515625
11634.40234375
11632.9990234375
11631.1474609375
11629.6962890625
11628.064453125
11626.7646484375
11625.169921875
11623.54296875
11621.6220703125
11620.021484375
11618.5859375
11617.7265625
11616.9296875
11616.53515625
11615.8662109375
11615.357421875
11614.044921875
11612.255859375
11609.265625
11605.646484375
11601.8173828125
11598.564453125
11596.3291015625
11594.96484375
11594.27734375
11593.4130859375
11592.259765625
11590.4248046875
11588.435546875
11586.240234375
11584.2958984375
11582.3818359375
11580.6171875
11578.8349609375
11577.169921875
11575.5908203125
11574.162109375
11572.751953125
11571.1953125
11569.3701171875
11567.2099609375
11564.818359375
11562.3349609375
11559.974609375
11557.953125
11556.283203125
11554.994140625
11554.0302734375
11553.26171875
11552.5546875
11551.826171875
11550.896484375
11549.8515625
11548.59375
11547.2685546875
11545.7744140625
11544.216796875
11542.578125
11541.06640625
11539.7587890625
11538.81640625
11538.3056640625
11538.1591796875
11538.15234375
11538.1015625
11537.5751953125
11536.6376953125
11535.1201171875
11533.8603515625
11533.033203125
11533.3515625
11534.2265625
11535.552734375
11536.21484375
11535.720703125
11533.5595703125
11529.90234375
11525.4296875
11520.966796875
11517.3916015625
11515.078125
11513.9912109375
11513.189453125
11511.943359375
11509.583984375
11506.4853515625
11503.2890625
11500.716796875
11498.837890625
11497.341796875
11495.8359375
11494.150390625
11492.2919921875
11490.265625
11488.1181640625
11485.7958984375
11483.46484375
11481.2646484375
11479.345703125
11477.6796875
11476.3291015625
11475.1123046875
11474.068359375
11473.05859375
11472.107421875
11470.943359375
11469.71484375
11468.1962890625
11466.9130859375
11465.56640625
11464.857421875
11464.0146484375
11463.7314453125
11462.427734375
11460.9453125
11458.21875
11455.2705078125
11452.177734375
11449.6865234375
11447.6376953125
11446.03515625
11444.0107421875
11441.328125
11437.888671875
11434.2744140625
11431.060546875
11428.7578125
11427.2939453125
11426.435546875
11425.623046875
11424.7109375
11423.4052734375
11421.8623046875
11420.0390625
11418.220703125
11416.53125
11415.275390625
11414.056640625
11412.6474609375
11410.6103515625
11407.9599609375
11405.255859375
11402.9873046875
11401.7177734375
11401.25
11401.150390625
11400.3427734375
11398.724609375
11396.16796875
11394.119140625
11392.5087890625
11392.5
11392.3583984375
11392.7470703125
11392.072265625
11391.548828125
11390.6689453125
11390.4111328125
11389.892578125
11389.345703125
11387.8212890625
11385.431640625
11382.125
11378.5498046875
11375.3505859375
11372.939453125
11371.28125
11370.142578125
11369.087890625
11367.96484375
11366.5771484375
11365.2119140625
11363.794921875
11362.701171875
11361.3828125
11360.0791015625
11358.21875
11356.19140625
11353.81640625
11351.6923828125
11349.673828125
11348.203125
11346.982421875
11346.1103515625
11345.2080078125
11344.1904296875
11342.83984375
11341.271484375
11339.521484375
11337.8857421875
11336.47265625
11335.2158203125
11334.044921875
11332.6513671875
11330.9609375
11328.8388671875
11326.556640625
11324.1982421875
11322.2255859375
11320.7265625
11319.927734375
11319.4931640625
11319.4140625
11319.15234375
11318.916015625
11318.275390625
11317.509765625
11316.310546875
11315.05859375
11313.5224609375
11312.4150390625
11311.076171875
11310.330078125
11309.1669921875
11308.2021484375
11306.951171875
11305.828125
11304.767578125
11304.0810546875
11303.578125
11303.2744140625
11302.9638671875
11302.33984375
11301.326171875
11299.841796875
11297.740234375
11295.1591796875
11292.333984375
11289.705078125
11287.556640625
11285.9287109375
11284.509765625
11282.9453125
11280.92578125
11278.642578125
11276.36328125
11274.7470703125
11273.525390625
11272.685546875
11271.359375
11269.677734375
11267.5830078125
11265.837890625
11264.826171875
11264.412109375
11264.654296875
11264.322265625
11264.021484375
11262.0
11259.7216796875
11256.072265625
11253.232421875
11251.2109375
11250.599609375
11250.443359375
11250.185546875
11249.5224609375
11248.6044921875
11248.05859375
11247.3310546875
11246.76171875
11245.869140625
11244.869140625
11243.7216796875
11242.5390625
11241.1181640625
11239.568359375
11238.001953125
11236.810546875
11236.203125
11236.11328125
11236.068359375
11235.556640625
11234.2529296875
11232.10546875
11229.5625
11226.923828125
11224.638671875
11222.828125
11221.5869140625
11220.767578125
11220.103515625
11219.3515625
11218.134765625
11216.4296875
11214.2978515625
11212.2255859375
11210.1904296875
11208.56640625
11206.9111328125
11205.5693359375
11204.625
11204.4072265625
11205.21875
11206.7265625
11209.212890625
11210.8603515625
11211.216796875
11207.6142578125
11202.00390625
11196.462890625
11194.5859375
11195.9697265625
11199.0048828125
11200.28515625
11199.07421875
11195.701171875
11193.337890625
11192.6572265625
11193.2724609375
11192.9921875
11190.830078125
11187.3662109375
11183.6962890625
11180.75
11178.6162109375
11177.07421875
11175.828125
11174.615234375
11173.23046875
11171.49609375
11169.5546875
11167.5810546875
11165.5986328125
