9345.34765625
9332.94921875
9321.162109375
9309.939453125
9299.228515625
9288.990234375
9279.1796875
9269.7724609375
9260.7265625
9252.009765625
9243.6025390625
9235.478515625
9227.6328125
9220.0537109375
9212.736328125
9205.6708984375
9198.845703125
9192.2587890625
9185.9013671875
9179.7578125
9173.822265625
9168.087890625
9162.529296875
9157.1484375
9151.9375
9146.884765625
9141.986328125
9137.2421875
9132.6416015625
9128.1845703125
9123.86328125
9119.673828125
9115.61328125
9111.681640625
9107.8671875
9104.169921875
9100.580078125
9097.1005859375
9093.7236328125
9090.451171875
9087.2734375
9084.1904296875
9081.201171875
9078.296875
9075.4775390625
9072.73828125
9070.080078125
9067.49609375
9064.986328125
9062.546875
9060.171875
9057.8671875
9055.623046875
9053.4365234375
9051.3115234375
9049.24609375
9047.232421875
9045.2734375
9043.36328125
9041.505859375
9039.697265625
9037.9326171875
9036.2109375
9034.537109375
9032.904296875
9031.3115234375
9029.7578125
9028.240234375
9026.7607421875
9025.3173828125
9023.91015625
9022.53515625
9021.193359375
9019.8837890625
9018.603515625
9017.353515625
9016.1279296875
9014.935546875
9013.7666015625
9012.626953125
9011.5107421875
9010.4189453125
9009.35546875
9008.310546875
9007.291015625
9006.29296875
9005.31640625
9004.3623046875
9003.4248046875
9002.5087890625
9001.6142578125
9000.736328125
8999.87890625
8999.037109375
8998.21484375
8997.408203125
8996.6181640625
8995.84375
8995.083984375
8994.33984375
8993.611328125
8992.8984375
8992.1982421875
8991.5107421875
8990.8359375
8990.177734375
8989.52734375
8988.89453125
8988.2724609375
8987.6650390625
8987.068359375
8986.4814453125
8985.90625
8985.3427734375
8984.791015625
8984.24609375
8983.712890625
8983.1904296875
8982.6748046875
8982.169921875
8981.6748046875
8981.189453125
8980.712890625
8980.244140625
8979.783203125
8979.33203125
8978.88671875
8978.447265625
8978.021484375
8977.599609375
8977.18359375
8976.7763671875
8976.37890625
8975.9853515625
8975.6005859375
8975.220703125
8974.8466796875
8974.48046875
8974.123046875
8973.765625
8973.41796875
8973.0751953125
8972.740234375
8972.408203125
8972.08203125
8971.763671875
8971.44921875
8971.1396484375
8970.833984375
8970.5322265625
8970.2392578125
8969.947265625
8969.6640625
8969.3828125
8969.1044921875
8968.83203125
8968.564453125
8968.30078125
8968.041015625
8967.7880859375
8967.53515625
8967.2890625
8967.044921875
8966.8046875
8966.5703125
8966.337890625
8966.1064453125
8965.8798828125
8965.658203125
8965.4375
8965.22265625
8965.009765625
8964.802734375
8964.59375
8964.3896484375
8964.189453125
8963.990234375
8963.7939453125
8963.603515625
8963.412109375
8963.228515625
8963.0400390625
8962.861328125
8962.6806640625
8962.50390625
8962.330078125
8962.15625
8961.986328125
8961.8193359375
8961.654296875
8961.4912109375
8961.33203125
8961.171875
8961.015625
8960.861328125
8960.7080078125
8960.5576171875
8960.4091796875
8960.263671875
8960.119140625
106084794368.0
1100019.125
722053.75
55825000.0
163001792.0
1879524.0
2655023.25
3083373.25
1879067.625
1060031.0
597598.4375
287809.84375
187074.78125
218497.484375
255480.0625
180782.3125
111576.578125
79474.8359375
65931.6171875
59782.29296875
56669.53125
54882.328125
53691.58203125
52820.5546875
52124.9375
51559.1328125
51050.7421875
50585.4765625
50142.03125
49712.7734375
49330.078125
48911.70703125
48437.19140625
47888.03125
47289.08203125
46622.25
45893.37109375
45131.68359375
44375.81640625
43640.44921875
42916.78515625
42204.78515625
41517.671875
40872.0625
40274.70703125
39718.875
39195.015625
38700.703125
38234.890625
37796.625
37383.921875
36992.78515625
36618.640625
36261.59765625
35922.67578125
35600.49609375
35293.05078125
34999.05859375
34717.703125
34449.109375
34193.78125
33951.703125
33721.578125
33501.015625
33287.1640625
33078.8046875
32876.83203125
32681.81640625
32493.82421875
32312.33984375
32137.24609375
31968.04296875
31803.87890625
31644.0390625
31488.44140625
31337.275390625
31190.2578125
31046.908203125
30907.2109375
30771.1328125
30638.240234375
30508.576171875
30382.12109375
30258.712890625
30138.0546875
30020.1875
29904.81640625
29791.43359375
29680.0859375
29571.02734375
29464.39453125
29360.01171875
29257.73828125
29157.734375
29060.20703125
28964.994140625
28871.921875
28780.923828125
28691.95703125
28604.8671875
28519.44140625
28435.76171875
28353.65625
28273.140625
28194.12890625
28116.59765625
28040.5703125
27965.9609375
27892.64453125
27820.474609375
27749.39453125
27679.37890625
27610.53515625
27542.677734375
27475.5703125
27409.1484375
27343.55078125
27278.744140625
27214.57421875
27150.951171875
27087.98828125
27025.6640625
26963.89453125
26902.62890625
26841.876953125
26781.67578125
26721.9453125
26662.7890625
26604.59375
26547.216796875
26488.474609375
26428.7734375
26372.37890625
26315.6171875
26257.6796875
26202.880859375
26148.41796875
26094.3828125
26042.953125
25990.7578125
25939.47265625
25890.109375
25840.091796875
25791.408203125
25743.921875
25696.28515625
25650.0
25604.388671875
25559.29296875
25515.3984375
25471.6328125
25428.33984375
25386.046875
25343.85546875
25302.1484375
25261.27734375
25220.521484375
25180.08984375
25140.13671875
25100.64453125
25061.693359375
25022.9765625
24984.40625
24946.447265625
24908.884765625
24871.375
24834.45703125
24798.1015625
24761.900390625
24726.115234375
24690.90625
24655.951171875
24621.12109375
24586.48046875
24551.994140625
24517.90625
24484.3046875
24450.91015625
24417.591796875
24384.498046875
24351.630859375
24318.990234375
24286.580078125
24254.400390625
24222.47265625
24191.140625
24161.09765625
24135.541015625
24122.591796875
24130.3125
24052.455078125
24038.1171875
24005.16796875
23963.45703125
23942.71484375
23900.65234375
23880.4765625
23841.439453125
23819.4296875
23784.28515625
23760.50390625
23728.115234375
23702.328125
23672.4140625
23644.974609375
23617.529296875
23589.4296875
23563.88671875
23535.607421875
23512.0234375
23483.9296875
23460.974609375
23433.38671875
23410.828125
23384.111328125
23361.421875
23335.9765625
23312.6953125
23287.49609375
23264.0078125
23240.458984375
23216.93359375
23193.3828125
23169.828125
23147.443359375
23123.98828125
23101.818359375
23078.849609375
23057.134765625
23034.458984375
23013.08984375
22991.01171875
22969.77734375
22948.27734375
22927.41796875
22906.27734375
22885.62890625
22864.984375
22844.55859375
22824.236328125
22804.16796875
22784.25
22764.404296875
22744.734375
22725.220703125
22705.75390625
22686.3828125
22667.19921875
22648.099609375
22629.162109375
22610.43359375
22591.7578125
22572.638671875
22553.19921875
22534.107421875
22515.888671875
22498.453125
22482.724609375
22471.095703125
22456.900390625
22432.099609375
22409.080078125
22399.78125
22380.58984375
22357.8671875
22347.41796875
22327.2734375
22308.0078125
22296.396484375
22274.875
22258.7421875
22244.4140625
22225.23046875
22211.443359375
22193.455078125
22177.06640625
22163.111328125
22145.435546875
22130.8515625
22114.89453125
22099.0859375
22084.87109375
22068.658203125
22054.201171875
22038.76171875
22022.546875
22007.8671875
21992.49609375
21977.931640625
21963.03125
21947.7109375
21933.404296875
21918.43359375
21903.611328125
21888.865234375
21873.783203125
21859.505859375
21845.052734375
21830.6640625
21816.41015625
21801.849609375
21787.6875
21773.3515625
21758.6328125
21744.037109375
21729.5390625
21715.5859375
21701.791015625
21687.77734375
21673.771484375
21659.77734375
21645.994140625
21632.390625
21618.73046875
21605.16796875
21591.728515625
21578.2890625
21564.91796875
21551.6953125
21538.533203125
21524.90234375
21510.640625
21496.486328125
21483.09765625
21470.08984375
21456.69140625
21443.060546875
21430.07421875
21417.60546875
21404.955078125
21392.232421875
21379.9921875
21367.8671875
21355.37109375
21342.8828125
21330.791015625
21318.990234375
21306.947265625
21294.912109375
21282.73828125
21270.46875
21257.904296875
21245.15234375
21232.90625
21221.23828125
21209.546875
21197.291015625
21184.771484375
21172.60546875
21160.875
21149.171875
21137.236328125
21125.26171875
21113.63671875
21102.43359375
21091.2578125
21079.810546875
21067.681640625
21055.25
21043.271484375
21031.865234375
21020.453125
21008.6875
20996.62109375
20984.19140625
20971.484375
20959.205078125
20947.5625
20935.828125
20923.447265625
20910.623046875
20897.9375
20885.619140625
20873.2578125
20860.654296875
20847.970703125
20835.447265625
20822.95703125
20810.455078125
20798.13671875
20786.1328125
20774.146484375
20762.046875
20749.994140625
20738.1484375
20726.408203125
20714.658203125
20703.177734375
20691.998046875
20680.974609375
20669.62109375
20658.015625
20646.3125
20635.119140625
20624.302734375
20613.76171875
20603.2109375
20592.6953125
20582.34375
20571.87109375
20561.0078125
20549.9765625
20539.615234375
20530.505859375
20522.05859375
20512.416015625
20500.16796875
20486.537109375
20474.9609375
20466.337890625
20458.1796875
20448.09375
20437.09765625
20428.783203125
20423.53125
20420.3984375
20407.291015625
20388.9921875
20375.623046875
20371.28515625
20362.55078125
20345.59765625
20336.2109375
20330.650390625
20317.04296875
20305.1015625
20298.07421875
20287.8984375
20276.525390625
20267.9375
20259.25390625
20249.921875
20240.42578125
20230.623046875
20220.98828125
20210.7734375
20200.7734375
20191.4765625
20181.791015625
20172.5703125
20163.42578125
20152.92578125
20142.58984375
20133.7421875
20124.75390625
20115.73828125
20106.96875
20097.1953125
20087.01953125
20077.638671875
20068.544921875
20059.337890625
20050.234375
20040.6328125
20030.896484375
20021.87890625
20013.25
20004.41796875
19995.46484375
19986.43359375
19977.3203125
19968.2109375
19959.1796875
19950.33984375
19941.9375
19933.69140625
19925.1796875
19916.392578125
19907.83984375
19899.75
19892.22265625
19884.181640625
19874.76171875
19864.201171875
19855.400390625
19847.890625
19840.39453125
19830.9375
19821.12890625
19812.3046875
19804.0546875
19795.095703125
19785.8203125
19777.5078125
19769.876953125
19761.66796875
19753.048828125
19745.474609375
19739.1953125
19733.50390625
19727.76171875
19722.904296875
19718.6328125
19714.45703125
19703.619140625
19688.6328125
19675.078125
19670.857421875
19666.857421875
19651.6171875
19636.1640625
19629.58984375
19624.263671875
19613.951171875
19603.9609375
19596.740234375
19587.482421875
19577.4375
19570.892578125
19563.8046875
19553.8046875
19544.62890625
19537.515625
19529.80859375
19522.384765625
19515.04296875
19506.37890625
19496.814453125
19488.033203125
19479.685546875
19471.53125
19464.00390625
19456.7265625
19448.3828125
19439.2578125
19430.83984375
19423.177734375
19415.55078125
19408.021484375
19401.013671875
19394.083984375
19387.181640625
19380.251953125
19372.916015625
19364.337890625
19355.46484375
19347.46484375
19339.6484375
19332.1484375
19322.80859375
19313.583984375
19304.455078125
19296.228515625
19288.603515625
19281.296875
19274.0
19266.521484375
19258.771484375
19250.5390625
19242.7109375
19235.23046875
19228.04296875
19220.6875
19212.705078125
19204.775390625
19197.2265625
19190.34375
19183.64453125
19176.787109375
19169.40625
19161.421875
19152.62109375
19143.763671875
19135.62890625
19128.78515625
19121.775390625
19114.75
19107.6015625
19100.75390625
19093.7890625
19086.93359375
19080.4296875
19073.76171875
19066.6015625
19058.380859375
19049.54296875
19040.599609375
19032.421875
19025.0234375
19018.10546875
19011.0234375
19003.689453125
18996.02734375
18988.400390625
18981.044921875
18974.4765625
18967.91796875
18961.66796875
18954.51171875
18948.11328125
18940.826171875
18933.91015625
18926.40234375
18919.3515625
18912.466796875
18905.31640625
18897.021484375
18887.88671875
18878.900390625
18871.08203125
18864.400390625
18858.1640625
18851.845703125
18844.85546875
18837.580078125
18829.849609375
18823.12890625
18815.853515625
18809.279296875
18801.439453125
18793.83203125
18786.27734375
18779.015625
18771.84765625
18764.78125
18758.08203125
18751.91015625
18746.42578125
18741.25390625
18737.53125
18733.1953125
18729.005859375
18720.283203125
18710.462890625
18701.58203125
18696.04296875
18692.5390625
18686.02734375
18679.0859375
18666.34375
18656.068359375
18648.240234375
18643.71484375
18639.884765625
18632.85546875
18624.48046875
18614.90625
18606.515625
18599.623046875
18592.328125
18585.953125
18580.0859375
18575.11328125
18568.74609375
18560.513671875
18551.8671875
18545.115234375
18539.01953125
18532.09765625
18523.171875
18514.439453125
18507.25
18500.8828125
18493.943359375
18486.0390625
18478.6484375
18472.5390625
18467.017578125
18461.119140625
18454.78515625
18448.83203125
18443.62109375
18438.34765625
18432.203125
18424.951171875
18417.1328125
18409.65234375
18402.4765625
18395.490234375
18388.51171875
18380.904296875
18373.2109375
18365.4375
18358.23828125
18351.22265625
18345.271484375
18338.501953125
18332.888671875
18325.78515625
18318.8125
18310.90234375
18302.8828125
18295.111328125
18287.91796875
18281.2734375
18274.73046875
18268.193359375
18261.73828125
18255.84765625
18250.6640625
18245.8828125
18240.15625
18232.75
18223.564453125
18215.162109375
18207.61328125
18201.87109375
18196.10546875
18189.896484375
18183.056640625
18176.376953125
18170.3984375
18165.25390625
18160.943359375
18156.58203125
18152.783203125
18148.0078125
18142.986328125
18134.744140625
18124.771484375
18112.73828125
18103.521484375
18098.34375
18093.82421875
18086.7109375
18078.8359375
18073.033203125
18069.306640625
18063.34375
18056.328125
18050.197265625
18045.66796875
18039.09765625
18029.6796875
18019.509765625
18010.8515625
18003.80859375
17998.474609375
17994.3125
17990.3515625
17985.30859375
17979.85546875
17974.05859375
17967.94140625
17961.068359375
17954.484375
17948.31640625
17941.40625
17933.41796875
17924.41796875
17915.6875
17907.76171875
17900.884765625
17895.03125
17889.189453125
17883.3515625
17877.8046875
17874.0546875
17870.0234375
17864.779296875
17855.89453125
17845.732421875
17836.2421875
17829.18359375
17823.5
17818.1328125
17811.15625
17803.310546875
17795.09375
17787.642578125
17780.794921875
17774.3125
17767.767578125
17761.37890625
17755.30078125
17749.73828125
17744.05078125
17737.833984375
17730.1953125
17722.07421875
17714.27734375
17707.53125
17701.5859375
17695.576171875
17689.404296875
17682.9296875
17676.951171875
17671.015625
17665.294921875
17658.8359375
17651.94921875
17644.91796875
17638.72265625
17633.88671875
17630.71875
17628.08203125
17624.32421875
17616.85546875
17607.17578125
17599.8046875
17594.44140625
17589.482421875
17585.82421875
17578.923828125
17570.4921875
17560.658203125
17554.498046875
17550.359375
17545.3515625
17539.517578125
17533.15234375
17526.5234375
17518.6640625
17511.71484375
17506.34765625
17502.095703125
17497.140625
17490.87109375
17483.0859375
17476.064453125
17471.111328125
17468.15234375
17464.55078125
17459.41796875
17452.646484375
17445.89453125
17440.013671875
17435.5
17431.697265625
17427.783203125
17423.515625
17418.919921875
17413.69921875
17407.453125
17400.6328125
17393.912109375
17387.48828125
17380.5390625
17374.61328125
17368.6484375
17364.6484375
17359.005859375
17354.052734375
17347.767578125
17342.783203125
17338.015625
17333.6953125
17327.3046875
17318.982421875
17308.87890625
17299.4921875
17291.7890625
17285.8828125
17280.80859375
17275.93359375
17270.73046875
17265.302734375
17259.427734375
17253.41796875
17247.0234375
17241.056640625
17235.79296875
17230.90625
17226.11328125
17220.119140625
17213.751953125
17206.59765625
17199.8359375
17193.369140625
17187.43359375
17182.03515625
17177.3359375
17173.42578125
17170.0546875
17166.609375
17162.5390625
17157.94140625
17153.2109375
17148.515625
17143.513671875
17137.427734375
17130.162109375
17122.20703125
17114.95703125
17108.73828125
17103.55078125
17098.587890625
17093.875
17089.1171875
17084.58203125
17079.75
17074.71875
17068.033203125
17060.96875
17053.255859375
17047.90625
17043.27734375
17039.08984375
17033.13671875
17026.36328125
17019.349609375
17013.8671875
17009.48828125
17005.181640625
16999.96484375
16993.998046875
16988.07421875
16982.505859375
16977.11328125
16971.896484375
16967.078125
16962.68359375
16959.078125
16955.615234375
16952.806640625
16948.662109375
16944.12890625
16937.36328125
16930.7734375
16924.525390625
16919.900390625
16916.818359375
16914.6015625
16913.1171875
16910.263671875
16906.775390625
16899.619140625
16891.189453125
16881.095703125
16872.880859375
16866.484375
16862.470703125
16858.78515625
16854.02734375
16848.23046875
16841.283203125
16835.099609375
16829.982421875
16826.2578125
16823.5703125
16820.8984375
16817.333984375
16811.53515625
16803.8984375
16795.880859375
16789.29296875
16784.70703125
16780.9453125
16776.375
16769.83203125
16761.91015625
16754.435546875
16748.37890625
16744.619140625
16741.41015625
16738.80078125
16735.17578125
16731.283203125
16726.72265625
16722.06640625
16716.6484375
16710.34765625
16703.185546875
16696.8828125
16692.90234375
16691.53515625
16690.53125
16687.6953125
16681.404296875
16672.78125
16663.865234375
16656.6328125
16651.052734375
16646.369140625
16641.6953125
16636.8828125
16632.05859375
16627.1875
16621.998046875
16616.169921875
16609.8515625
16603.625
16598.1796875
16593.955078125
16590.91796875
16588.271484375
16585.65234375
16581.8125
16578.1328125
16573.341796875
16569.44140625
16564.8671875
16560.462890625
16555.03125
16548.9609375
16542.123046875
16535.50390625
16529.140625
16523.57421875
16518.34375
16513.53515625
16508.541015625
16503.484375
16497.98046875
16492.26171875
16486.15625
16479.96875
16473.751953125
16468.1875
16462.484375
16457.57421875
16443.6875
16443.35546875
16442.474609375
16431.56640625
16433.798828125
16427.42578125
16421.5
16421.54296875
16414.015625
16411.34765625
16408.38671875
16402.4921875
16400.4765625
16396.04296875
16391.951171875
16389.28125
16384.79296875
16381.5458984375
16378.1650390625
16374.150390625
16370.9853515625
16367.33203125
16363.6953125
16360.3828125
16356.7666015625
16353.33984375
16349.9375
16346.443359375
16343.0771484375
16339.63671875
16336.2529296875
16332.900390625
16329.4599609375
16326.1328125
16322.7275390625
16319.3466796875
16316.0048828125
16312.6064453125
16309.267578125
16305.9130859375
16302.548828125
16299.23046875
16295.875
16292.5205078125
16289.19140625
16285.8515625
16282.5224609375
16279.2041015625
16275.876953125
16272.5546875
16269.2265625
16265.9228515625
16262.61328125
16259.294921875
16255.994140625
16252.6875
16249.4033203125
16246.08984375
16242.7978515625
16239.4873046875
16236.2060546875
16232.9130859375
16229.626953125
16226.34765625
16223.044921875
16219.775390625
16216.50390625
16213.2177734375
16209.9521484375
16206.673828125
16203.4013671875
16200.115234375
16196.8515625
16193.58203125
16190.3203125
16187.0517578125
16183.7939453125
16180.52734375
16177.26171875
16174.001953125
16170.7587890625
16167.50390625
16164.26171875
16161.0048828125
16157.7626953125
16154.5107421875
16151.2666015625
16148.029296875
16144.7900390625
16141.53125
16138.29296875
16135.056640625
16131.8154296875
16128.591796875
16125.365234375
16122.1171875
16118.8681640625
16115.640625
16112.4111328125
16109.1806640625
16105.95703125
16102.72265625
16099.494140625
16096.2685546875
16093.0478515625
16089.814453125
16086.591796875
16083.3701171875
16080.1396484375
16076.9072265625
16073.673828125
16070.4580078125
16067.220703125
16063.9892578125
16060.7490234375
16057.50390625
16054.279296875
16051.01953125
16047.7744140625
16044.521484375
16041.2783203125
16038.01171875
16034.7490234375
16031.447265625
16028.173828125
16024.876953125
16021.580078125
16018.29296875
16014.98046875
16011.662109375
16008.34375
16005.0205078125
16001.6904296875
15998.3515625
15995.017578125
15991.689453125
15988.36328125
15985.0302734375
15981.7109375
15978.38671875
15975.0810546875
15971.78125
15968.4765625
15965.1787109375
15961.892578125
15958.59375
15955.3154296875
15952.0283203125
15948.759765625
15945.49609375
15942.22265625
15938.9599609375
15935.6953125
15932.43359375
15929.1728515625
15925.9453125
15922.697265625
15919.45703125
15916.2099609375
15912.9677734375
15909.7333984375
15906.513671875
15903.2900390625
15900.06640625
15896.8359375
15893.6318359375
15890.421875
15887.22265625
15884.0341796875
15880.857421875
15877.6845703125
15874.521484375
15871.361328125
15868.21484375
15865.06640625
15861.9404296875
15858.8154296875
15855.6943359375
15852.5791015625
15849.47265625
15846.3603515625
15843.255859375
15840.150390625
15837.060546875
15833.955078125
15830.8447265625
15827.767578125
15824.673828125
15821.5859375
15818.5107421875
15815.427734375
15812.3359375
15809.2587890625
15806.173828125
15803.099609375
15800.0224609375
15796.966796875
15793.88671875
15790.814453125
15787.765625
15784.70703125
15781.64453125
15778.587890625
15775.5283203125
15772.4755859375
15769.4150390625
15766.3720703125
15763.3203125
15760.27734375
15757.2373046875
15754.19140625
15751.142578125
15748.1083984375
15745.056640625
15742.021484375
15738.98828125
15735.95703125
15732.919921875
15729.888671875
15726.869140625
15723.8349609375
15720.814453125
15717.783203125
15714.7578125
15711.72265625
15708.720703125
15705.6904296875
15702.6728515625
15699.650390625
15696.634765625
15693.619140625
15690.607421875
15687.583984375
15684.5810546875
15681.576171875
15678.556640625
15675.56640625
15672.55859375
15669.5556640625
15666.5546875
15663.55859375
15660.556640625
15657.5625
15654.556640625
15651.560546875
15648.5771484375
15645.58203125
15642.5859375
15639.6015625
15636.623046875
15633.623046875
15630.6298828125
15627.65234375
15624.6611328125
15621.6796875
15618.6953125
15615.7099609375
15612.734375
15609.75390625
15606.7666015625
15603.7978515625
15600.826171875
15597.8544921875
15594.87890625
15591.900390625
15588.9296875
15585.96484375
15582.974609375
15580.025390625
15577.052734375
15574.0810546875
15571.109375
15568.1435546875
15565.173828125
15562.205078125
15559.240234375
15556.2705078125
15553.30078125
15550.349609375
15547.369140625
15544.4140625
15541.4404296875
15538.474609375
15535.5205078125
15532.55078125
15529.5810546875
15526.6044921875
15523.6357421875
15520.6640625
15517.685546875
15514.716796875
15511.7421875
15508.767578125
15505.791015625
15502.8251953125
15499.83984375
15496.8515625
15493.869140625
15490.865234375
15487.8935546875
15484.8974609375
15481.9072265625
15478.9267578125
15475.93359375
15472.931640625
15469.943359375
15466.9453125
15463.9541015625
15460.9716796875
15457.9921875
15455.01171875
15452.037109375
15449.0546875
15446.0908203125
15443.1328125
15440.1708984375
15437.21875
15434.2734375
15431.341796875
15428.41015625
15425.4794921875
15422.5634765625
15419.650390625
15416.732421875
15413.8203125
15410.9208984375
15408.0
15405.10546875
15402.21484375
15399.314453125
15396.4208984375
15393.5322265625
15390.62890625
15387.7421875
15384.849609375
15381.9638671875
15379.076171875
15376.1806640625
15373.3046875
15370.431640625
15367.55078125
15364.66796875
15361.802734375
15358.951171875
15356.072265625
15353.22265625
15350.384765625
15347.5751953125
15344.765625
15341.9970703125
15339.23828125
15336.51171875
15333.794921875
15331.12890625
15328.55859375
15326.205078125
15324.01171875
15322.01953125
15319.7744140625
15317.05859375
15313.4140625
15309.2294921875
15305.1279296875
15301.810546875
15299.3798828125
15297.29296875
15294.958984375
15291.9833984375
15288.5234375
15285.013671875
15281.943359375
15279.34765625
15276.916015625
15274.2734375
15271.251953125
15268.0634765625
15264.9736328125
15262.1650390625
15259.51953125
15256.853515625
15254.0078125
15251.015625
15248.0234375
15245.142578125
15242.39453125
15239.6669921875
15236.859375
15233.9677734375
15231.0498046875
15228.166015625
15225.357421875
15222.57421875
15219.7880859375
15216.935546875
15214.0595703125
15211.189453125
15208.3447265625
15205.541015625
15202.7265625
15199.908203125
15197.07421875
15194.212890625
15191.35546875
15188.533203125
15185.708984375
15182.884765625
15180.064453125
15177.2333984375
15174.3984375
15171.5703125
15168.74609375
15165.9375
15163.142578125
15160.3564453125
15157.5908203125
15154.875
15152.19921875
15149.6513671875
15147.1943359375
15144.8291015625
15142.3486328125
15139.671875
15136.630859375
15133.5234375
15130.572265625
15127.7314453125
15124.826171875
15121.8251953125
15118.87890625
15116.1552734375
15113.552734375
15110.8232421875
15107.849609375
15104.7099609375
15101.6416015625
15098.84375
15096.267578125
15093.8251953125
15091.470703125
15089.3095703125
15087.8447265625
15086.9423828125
15087.041015625
15085.0458984375
15081.12890625
15074.8232421875
15070.15625
15068.0595703125
15066.775390625
15064.8125
15059.55859375
15055.05078125
15053.1416015625
15052.126953125
15049.70703125
15044.96484375
15041.01953125
15039.021484375
15037.466796875
15034.9111328125
15030.783203125
15027.3544921875
15025.0869140625
15022.853515625
15019.849609375
15016.4296875
15013.6904296875
15011.44921875
15008.9453125
15005.9736328125
15002.8359375
15000.1904296875
14997.720703125
14994.9521484375
14991.9609375
14989.1396484375
14986.693359375
14984.318359375
14981.837890625
14979.4716796875
14977.333984375
14975.595703125
14973.67578125
14971.8935546875
14969.7353515625
14968.14453125
14965.99609375
14964.177734375
14961.6865234375
14959.208984375
14956.5107421875
14953.716796875
14950.953125
14948.0576171875
14944.859375
14940.890625
14936.6953125
14933.0771484375
14930.734375
14929.04296875
14927.228515625
14924.369140625
14920.611328125
14916.7470703125
14913.6005859375
14911.3671875
14909.521484375
14907.568359375
14905.361328125
14903.24609375
14901.603515625
14900.478515625
14899.658203125
14898.3720703125
14896.50390625
14893.7099609375
14890.82421875
14888.6376953125
14886.8583984375
14885.9921875
14883.615234375
14880.8955078125
14876.1259765625
14871.2568359375
14866.9296875
14863.8515625
14862.03125
14860.810546875
14859.751953125
14857.9365234375
14855.484375
14852.490234375
14849.12890625
14845.4892578125
14841.9443359375
14839.169921875
14836.892578125
14834.458984375
14831.583984375
14828.87109375
14826.6171875
14824.302734375
14821.6552734375
14818.7607421875
14815.775390625
14812.59765625
14809.1015625
14805.7236328125
14802.630859375
14799.83203125
14796.986328125
14794.2451171875
14791.681640625
14789.501953125
14787.376953125
14785.392578125
14783.1083984375
14780.83203125
14778.3857421875
14776.076171875
14773.3046875
14770.0361328125
14765.841796875
14761.3798828125
14756.8984375
14753.337890625
14750.5859375
14748.69921875
14746.8310546875
14744.7080078125
14741.7548828125
14738.3935546875
14734.7783203125
14731.498046875
14728.671875
14726.392578125
14724.599609375
14723.208984375
14722.2265625
14721.4755859375
14720.86328125
14720.12890625
14718.85546875
14716.8154296875
14713.7109375
14710.01953125
14706.21875
14702.720703125
14699.84375
14697.2333984375
14695.048828125
14692.7568359375
14690.3818359375
14687.5859375
14684.556640625
14681.48046875
14678.6640625
14676.2265625
14673.8212890625
14671.267578125
14668.1669921875
14664.91796875
14661.79296875
14659.072265625
14656.7138671875
14654.2802734375
14651.740234375
14648.97265625
14646.388671875
14643.8330078125
14641.3154296875
14638.443359375
14635.30078125
14631.830078125
14628.3896484375
14625.1513671875
14622.423828125
14620.26953125
14618.525390625
14616.830078125
14614.81640625
14612.400390625
14609.59765625
14606.75
14603.8837890625
14601.47265625
14599.39453125
14598.044921875
14596.71875
14595.4814453125
14593.6435546875
14591.50390625
14589.025390625
14586.8095703125
14584.923828125
14583.5654296875
14582.2587890625
14580.7841796875
14578.474609375
14575.71484375
14572.796875
14570.2421875
14567.875
14565.05078125
14561.4501953125
14557.0458984375
14552.59765625
14548.76953125
14545.98828125
14543.951171875
14542.26953125
14540.6806640625
14539.2421875
14538.111328125
14537.2626953125
14536.51953125
14535.47265625
14533.9189453125
14531.234375
14527.2734375
14521.7900390625
14515.892578125
14510.927734375
14507.720703125
14505.95703125
14504.3330078125
14502.1103515625
14499.15234375
14496.115234375
14493.5244140625
14491.2236328125
14489.0771484375
14486.564453125
14483.9736328125
14480.9775390625
14477.9326171875
14474.36328125
14470.6982421875
14467.0048828125
14463.8583984375
14461.3349609375
14459.357421875
14457.642578125
14456.0234375
14454.484375
14453.1728515625
14451.98046875
14450.728515625
14449.03515625
14446.8798828125
14444.1669921875
14441.568359375
14438.8583984375
14436.9453125
14435.0595703125
14434.099609375
14432.95703125
14432.2568359375
14430.6796875
14428.5185546875
14424.5146484375
14419.5234375
14414.0791015625
14409.7744140625
14406.912109375
14405.099609375
14403.28125
14400.6669921875
14397.134765625
14393.16015625
14389.69140625
14387.06640625
14384.9609375
14382.798828125
14380.2783203125
14377.6728515625
14375.390625
14373.58203125
14372.0400390625
14370.5166015625
14368.8984375
14366.9736328125
14364.44921875
14361.20703125
14357.41796875
14353.9873046875
14351.58203125
14350.5302734375
14350.0
14349.392578125
14347.93359375
14346.4423828125
14344.9580078125
14343.7255859375
14341.59765625
14338.005859375
14332.982421875
14327.8076171875
14323.6103515625
14320.833984375
14318.884765625
14316.861328125
14314.1884765625
14310.703125
14306.90625
14303.40234375
14300.884765625
14299.2734375
14298.185546875
14296.810546875
14294.9619140625
14292.5166015625
14289.986328125
14287.546875
14285.59375
14283.775390625
14282.3056640625
14280.501953125
14278.599609375
14276.2197265625
14273.87109375
14271.5166015625
14269.5234375
14267.6201171875
14265.76953125
14263.435546875
14260.67578125
14257.263671875
14253.81640625
14250.486328125
14247.828125
14245.583984375
14243.869140625
14242.02734375
14240.0244140625
14237.2021484375
14233.8828125
14230.06640625
14226.384765625
14223.0234375
14220.2060546875
14217.7099609375
14215.35546875
14213.00390625
14210.6875
14208.4951171875
14206.52734375
14204.771484375
14203.18359375
14201.767578125
14200.5654296875
14199.5595703125
14198.6669921875
14197.4833984375
14195.900390625
14193.4677734375
14190.62109375
14187.392578125
14184.505859375
14182.044921875
14180.015625
14178.345703125
14176.646484375
14175.1650390625
14173.56640625
14172.33984375
14171.18359375
14170.634765625
14170.1708984375
14169.9912109375
14169.140625
14167.59375
14164.37109375
14160.138671875
14154.650390625
14149.494140625
14144.8271484375
14141.7587890625
14139.837890625
14138.974609375
14138.19921875
14137.12890625
14135.212890625
14132.404296875
14128.876953125
14124.9453125
14120.9912109375
14117.3408203125
14114.173828125
14111.5888671875
14109.455078125
14107.501953125
14105.4580078125
14103.12890625
14100.48828125
14097.626953125
14094.7099609375
14091.875
14089.2705078125
14086.974609375
14084.84375
14082.8408203125
14080.64453125
14078.3330078125
14075.8134765625
14073.373046875
14071.181640625
14069.306640625
14067.84765625
14066.365234375
14065.1005859375
14063.3701171875
14061.67578125
14059.240234375
14056.701171875
14053.49609375
14050.384765625
14047.1796875
14044.5830078125
14042.4619140625
14040.9794921875
14039.7841796875
14038.6318359375
14037.0966796875
14035.203125
14032.8544921875
14030.6484375
14028.3935546875
14026.6142578125
14024.5888671875
14022.8671875
14021.158203125
14020.04296875
14019.1630859375
14018.486328125
14017.4921875
14016.3330078125
14014.9453125
14013.841796875
14012.884765625
14012.048828125
14010.69140625
14008.853515625
14006.0849609375
14003.0419921875
13999.27734375
13995.4892578125
13991.509765625
13988.40625
13986.2607421875
13985.02734375
13983.478515625
13980.966796875
13977.1064453125
13972.65234375
13968.466796875
13965.08984375
13962.5576171875
13960.330078125
13958.2978515625
13956.3173828125
13954.373046875
13952.390625
13950.16015625
13947.6953125
13944.8955078125
13941.8359375
13938.6142578125
13935.275390625
13932.12109375
13929.1357421875
13926.44921875
13923.896484375
13921.705078125
13919.646484375
13918.26953125
13916.97265625
13916.328125
13915.283203125
13914.6572265625
13913.3916015625
13912.5478515625
13911.099609375
13910.255859375
13908.888671875
13908.048828125
13906.7548828125
13905.8154296875
13904.392578125
13902.81640625
13900.51171875
13897.8486328125
13895.0703125
13892.6962890625
13891.23046875
13890.060546875
13889.232421875
13887.23046875
13884.568359375
13880.53515625
13876.5625
13872.7685546875
13870.140625
13867.90234375
13866.318359375
13864.052734375
13861.408203125
13857.8798828125
13854.0390625
13850.2421875
13846.9404296875
13844.365234375
13842.4384765625
13841.0546875
13839.728515625
13838.2919921875
13836.4111328125
13834.30859375
13832.0859375
13830.1552734375
13828.552734375
13827.3828125
13826.46875
13825.814453125
13825.205078125
13824.5595703125
13823.380859375
13821.4130859375
13818.14453125
13813.8173828125
13809.02734375
13804.814453125
13801.7451171875
13799.515625
13797.6904296875
13795.43359375
13793.216796875
13791.0126953125
13789.6279296875
13788.50390625
13787.5380859375
13785.865234375
13783.578125
13780.603515625
13777.322265625
13773.83984375
13770.330078125
13767.0380859375
13764.1630859375
13761.916015625
13760.220703125
13758.8349609375
13757.515625
13756.1142578125
13754.73046875
13753.37109375
13752.171875
13750.9833984375
13749.771484375
