15768.177734375
15752.349609375
15737.775390625
15724.353515625
15711.9365234375
15700.4501953125
15689.7822265625
15679.787109375
15670.3984375
15661.4814453125
15652.990234375
15644.8154296875
15636.89453125
15629.216796875
15621.7373046875
15614.421875
15607.2802734375
15600.302734375
15593.490234375
15586.8408203125
15580.3505859375
15574.0390625
15567.8984375
15561.939453125
15556.1669921875
15550.560546875
15545.1328125
15539.869140625
15534.7802734375
15529.837890625
15525.041015625
15520.400390625
15515.89453125
15511.521484375
15507.26953125
15503.1494140625
15499.14453125
15495.24609375
15491.4736328125
15487.8056640625
15484.24609375
15480.787109375
15477.4306640625
15474.1748046875
15471.01953125
15467.9599609375
15464.9814453125
15462.0908203125
15459.2890625
15456.5625
15453.921875
15451.3544921875
15448.8671875
15446.44140625
15444.09375
15441.8046875
15439.5830078125
15437.4306640625
15435.3330078125
15433.296875
15431.3193359375
15429.40234375
15427.53125
15425.7138671875
15423.94921875
15422.2265625
15420.5615234375
15418.9326171875
15417.3525390625
15415.814453125
15414.318359375
15412.8671875
15411.44921875
15410.0703125
15408.73046875
15407.427734375
15406.15625
15404.9208984375
15403.712890625
15402.546875
15401.404296875
15400.294921875
15399.208984375
15398.15625
15397.1328125
15396.134765625
15395.16015625
15394.21875
15393.2890625
15392.388671875
15391.5166015625
15390.6669921875
15389.83984375
15389.025390625
15388.2392578125
15387.470703125
15386.71875
15385.986328125
15385.27734375
15384.5849609375
15383.9091796875
15383.25
15382.609375
15381.98046875
15381.376953125
15380.7802734375
15380.203125
15379.63671875
15379.0859375
15378.544921875
15378.0224609375
15377.513671875
15377.0146484375
15376.5302734375
15376.056640625
15375.595703125
15375.14453125
15374.70703125
15374.279296875
15373.861328125
15373.4541015625
15373.0546875
15372.6650390625
15372.283203125
15371.919921875
15371.5546875
15371.205078125
15370.8623046875
15370.52734375
15370.197265625
15369.8818359375
15369.5703125
15369.267578125
15368.9677734375
15368.677734375
15368.39453125
15368.115234375
15367.8486328125
15367.580078125
15367.3251953125
15367.072265625
15366.82421875
15366.583984375
15366.3486328125
15366.119140625
15365.8955078125
15365.67578125
15365.4609375
15365.25390625
15365.0537109375
15364.8544921875
15364.65625
15364.466796875
15364.283203125
15364.099609375
15363.9189453125
15363.74609375
15363.5751953125
15363.41015625
15363.248046875
15363.0859375
15362.931640625
15362.7802734375
15362.62890625
15362.4853515625
15362.3408203125
15362.201171875
15362.0634765625
15361.93359375
15361.7998046875
15361.671875
15361.544921875
15361.4228515625
15361.298828125
15361.1806640625
15361.0654296875
15360.94921875
15360.83984375
15360.7314453125
15360.62109375
15360.517578125
15360.4140625
15360.3125
15360.2138671875
15360.115234375
15360.0205078125
15359.92578125
15359.83203125
15359.7412109375
15359.65234375
15359.564453125
15359.478515625
15359.39453125
15359.3115234375
15359.232421875
15359.1484375
15359.0712890625
15358.9921875
15358.91796875
15358.8427734375
77588800.0
224631.96875
56454.453125
54724.296875
55878.5546875
53355.0546875
51206.578125
49961.421875
48965.4609375
48497.6796875
48252.91796875
48356.46484375
48866.03125
49481.05859375
49845.83984375
49721.69140625
49001.58203125
47866.85546875
46526.8671875
45085.66015625
43550.30859375
41983.63671875
40481.78515625
39149.8203125
37991.42578125
36943.11328125
35965.109375
35066.04296875
34256.76171875
33536.73046875
32884.734375
32277.70703125
31693.4765625
31120.015625
30563.68359375
30039.916015625
29563.33203125
29124.70703125
28707.48828125
28314.80859375
27934.736328125
27560.4609375
27195.10546875
26842.259765625
26505.724609375
26187.640625
25883.763671875
25587.359375
25298.505859375
25022.76953125
24760.73046875
24508.859375
24265.78125
24032.51171875
23808.478515625
23592.609375
23383.208984375
23180.1328125
22985.9140625
22798.560546875
22616.291015625
22439.994140625
22270.197265625
22105.92578125
21947.93359375
21794.931640625
21644.45703125
21497.005859375
21354.30078125
21216.30078125
21082.45703125
20952.45703125
20826.58203125
20704.677734375
20586.375
20470.841796875
20358.48046875
20249.095703125
20142.40234375
20038.5234375
19937.087890625
19838.005859375
19741.306640625
19646.51171875
19553.51171875
19462.60546875
19373.69921875
19286.5625
19201.26171875
19117.5234375
19035.51171875
18955.111328125
18876.322265625
18799.064453125
18723.421875
18649.240234375
18576.24609375
18504.625
18434.283203125
18365.314453125
18297.53515625
18231.109375
18167.662109375
18100.046875
18034.74609375
17972.240234375
17910.296875
17848.4765625
17786.91796875
17727.76171875
17669.65234375
17610.005859375
17553.251953125
17497.921875
17440.611328125
17386.6953125
17333.69921875
17278.2421875
17227.0
17175.43359375
17121.30078125
17072.970703125
17021.6328125
16970.037109375
16923.4609375
16872.28125
16824.69140625
16775.498046875
16727.58984375
16682.203125
16633.91015625
16590.28125
16544.16015625
16499.6875
16456.404296875
16412.00390625
16370.201171875
16327.123046875
16285.7802734375
16244.4296875
16203.177734375
16163.2373046875
16122.509765625
16083.1953125
16043.72265625
16004.6806640625
15966.298828125
15927.771484375
15890.154296875
15852.2734375
15815.001953125
15778.06640625
15741.20703125
15704.9326171875
15668.5341796875
15632.455078125
15596.716796875
15561.2080078125
15527.56640625
15494.3720703125
15461.099609375
15428.01953125
15395.076171875
15363.0234375
15330.953125
15299.017578125
15267.47265625
15236.298828125
15205.376953125
15174.626953125
15144.326171875
15114.12890625
15084.134765625
15054.36328125
15024.6689453125
14995.3359375
14966.1923828125
14937.1083984375
14908.3505859375
14879.759765625
14851.3671875
14823.24609375
14795.3251953125
14767.6494140625
14740.26953125
14712.9765625
14686.0087890625
14659.283203125
14632.73828125
14606.37890625
14580.1767578125
14554.177734375
14528.251953125
14502.5634765625
14476.9765625
14451.6513671875
14426.5791015625
14401.90234375
14377.34375
14353.232421875
14329.2890625
14305.5849609375
14282.048828125
14258.84765625
14235.8046875
14213.392578125
14193.466796875
14182.341796875
14180.03125
14134.0751953125
14105.9423828125
14096.056640625
14057.09375
14048.3837890625
14015.17578125
13997.875
13971.7666015625
13950.4501953125
13928.7373046875
13905.29296875
13885.171875
13862.009765625
13843.189453125
13820.328125
13801.578125
13778.9443359375
13760.36328125
13738.453125
13720.09765625
13698.63671875
13680.443359375
13659.6435546875
13641.4306640625
13621.1640625
13602.9453125
13583.177734375
13565.013671875
13545.85546875
13528.0234375
13509.5654296875
13492.294921875
13474.65234375
13456.7822265625
13437.3115234375
13418.74609375
13401.58203125
13384.744140625
13366.7099609375
13348.5234375
13331.560546875
13314.994140625
13297.755859375
13280.2626953125
13263.765625
13247.3828125
13230.7529296875
13213.912109375
13197.74609375
13181.740234375
13165.458984375
13149.109375
13133.1943359375
13117.4306640625
13101.505859375
13085.765625
13070.23046875
13055.037109375
13039.7255859375
13024.5078125
13009.5185546875
12995.052734375
12980.646484375
12966.724609375
12949.8125
12933.2724609375
12919.1708984375
12905.04296875
12889.2431640625
12873.533203125
12859.900390625
12845.724609375
12829.990234375
12815.5546875
12801.826171875
12786.9560546875
12772.291015625
12758.546875
12744.3798828125
12729.78515625
12715.9580078125
12702.1865234375
12688.15234375
12674.365234375
12660.9609375
12647.69921875
12634.8369140625
12622.4697265625
12609.853515625
12596.947265625
12584.19140625
12571.630859375
12559.134765625
12546.78515625
12534.6337890625
12522.513671875
12510.4453125
12498.4365234375
12486.599609375
12474.841796875
12463.28515625
12451.943359375
12440.8720703125
12429.81640625
12418.736328125
12406.9248046875
12394.62890625
12382.94140625
12372.35546875
12362.0390625
12350.9375
12339.2509765625
12328.373046875
12317.2109375
12306.3330078125
12294.384765625
12283.201171875
12272.529296875
12261.978515625
12251.86328125
12241.4609375
12230.775390625
12219.701171875
12211.3134765625
12200.728515625
12190.013671875
12178.01953125
12168.615234375
12162.65625
12150.7734375
12138.294921875
12128.328125
12120.6025390625
12113.708984375
12099.484375
12091.70703125
12084.990234375
12069.9765625
12063.86328125
12058.283203125
12042.576171875
12038.73828125
12027.86328125
12016.2900390625
12012.265625
11999.666015625
11990.060546875
11982.3974609375
11971.58203125
11966.630859375
11956.521484375
11949.796875
11942.2392578125
11932.763671875
11922.517578125
11910.841796875
11902.333984375
11893.5361328125
11885.87109375
11878.048828125
11868.6474609375
11859.66796875
11850.8828125
11843.3076171875
11834.9775390625
11826.38671875
11817.6865234375
11809.52734375
11802.5869140625
11795.099609375
11787.6328125
11779.2333984375
11770.962890625
11763.45703125
11756.33203125
11749.4765625
11741.95703125
11734.2490234375
11726.4033203125
11718.390625
11710.880859375
11703.572265625
11696.427734375
11689.296875
11681.982421875
11674.78125
11667.6767578125
11660.8125
11653.86328125
11646.8779296875
11640.0859375
11633.333984375
11626.6484375
11620.109375
11613.7978515625
11607.8056640625
11601.6142578125
11595.1259765625
11587.404296875
11579.36328125
11571.69140625
11564.970703125
11558.8642578125
11552.9150390625
11546.1875
11540.07421875
11532.6708984375
11525.9453125
11518.9921875
11512.279296875
11505.759765625
11499.4560546875
11493.3505859375
11486.849609375
11480.26953125
11473.32421875
11466.8896484375
11460.875
11455.1396484375
11449.6328125
11444.0576171875
11438.921875
11434.033203125
11429.34765625
11424.271484375
11418.6396484375
11412.3359375
11405.361328125
11398.26171875
11391.560546875
11385.541015625
11379.498046875
11373.0986328125
11366.4208984375
11360.1015625
11353.95703125
11347.7216796875
11341.3408203125
11335.3779296875
11329.8544921875
11324.4619140625
11318.5185546875
11312.1455078125
11306.025390625
11300.421875
11295.3095703125
11289.96484375
11284.3837890625
11278.798828125
11273.546875
11268.5322265625
11263.650390625
11258.763671875
11253.92578125
11249.26953125
11244.8076171875
11240.5693359375
11236.310546875
11231.607421875
11225.6328125
11218.697265625
11211.962890625
11206.7255859375
11202.9638671875
11199.5654296875
11195.373046875
11190.1083984375
11184.412109375
11179.3359375
11175.0498046875
11170.9560546875
11166.431640625
11161.294921875
11156.16796875
11151.4921875
11147.185546875
11143.041015625
11139.087890625
11135.3291015625
11131.94921875
11127.7939453125
11124.15234375
11121.2919921875
11117.94921875
11113.748046875
11109.1787109375
11104.279296875
11098.09375
11092.2275390625
11087.0859375
11082.69140625
11078.2529296875
11074.646484375
11070.732421875
11066.71484375
11062.7021484375
11058.8623046875
11054.796875
11051.8388671875
11048.23828125
11044.8203125
11040.693359375
11036.8125
11032.8837890625
11028.94140625
11024.921875
11020.9111328125
11016.5263671875
11011.4033203125
11006.20703125
11001.439453125
10997.5712890625
10993.9189453125
10990.091796875
10986.078125
10981.935546875
10978.13671875
10974.4892578125
10971.0478515625
10967.24609375
10963.4892578125
10959.556640625
10955.8955078125
10952.439453125
10949.2060546875
10946.001953125
10942.640625
10939.2275390625
10935.533203125
10931.966796875
10927.9482421875
10923.904296875
10919.82421875
10916.1044921875
10912.779296875
10909.65234375
10906.51953125
10903.150390625
10899.80859375
10896.7548828125
10894.927734375
10893.896484375
10893.6611328125
10891.1982421875
10885.765625
10881.6982421875
10879.669921875
10876.6328125
10873.9453125
10872.396484375
10869.982421875
10866.4814453125
10862.95703125
10858.4482421875
10852.90625
10849.357421875
10846.92578125
10844.2890625
10842.115234375
10839.484375
10836.2080078125
10832.8818359375
10829.94921875
10825.931640625
10822.642578125
10819.765625
10817.189453125
10814.990234375
10812.041015625
10808.0439453125
10803.369140625
10799.9296875
10798.0947265625
10796.7529296875
10791.7861328125
10786.970703125
10786.935546875
10783.78125
10776.2119140625
10772.419921875
10771.0888671875
10767.4775390625
10765.8115234375
10764.298828125
10758.3388671875
10754.0947265625
10752.037109375
10749.26171875
10747.173828125
10744.380859375
10740.85546875
10737.607421875
10735.3515625
10732.2451171875
10728.529296875
10725.603515625
10722.8427734375
10720.6171875
10718.7939453125
10716.3369140625
10713.140625
10709.70703125
10705.912109375
10703.2197265625
10701.654296875
10700.0859375
10698.095703125
10696.015625
10693.40625
10691.0927734375
10689.1591796875
10687.8330078125
10686.6923828125
10686.02734375
10685.26171875
10684.19921875
10682.2900390625
10679.7529296875
10676.5634765625
10674.052734375
10672.2080078125
10671.87890625
10671.1083984375
10669.548828125
10665.9423828125
10661.5283203125
10657.3857421875
10654.240234375
10651.3896484375
10648.08984375
10644.3779296875
10639.916015625
10636.3681640625
10633.2216796875
10631.345703125
10629.443359375
10627.86328125
10626.40234375
10624.478515625
10622.05859375
10618.162109375
10613.41015625
10608.943359375
10606.015625
10604.330078125
10602.5703125
10599.9609375
10596.5341796875
10592.9130859375
10590.181640625
10588.8427734375
10588.765625
10589.7001953125
10590.314453125
10589.576171875
10585.333984375
10580.130859375
10576.529296875
10575.236328125
10573.68359375
10571.19921875
10568.5625
10567.337890625
10564.71484375
10560.1552734375
10555.0224609375
10552.7314453125
10553.564453125
10554.810546875
10554.0185546875
10550.892578125
10547.2158203125
10542.8125
10539.255859375
10536.9736328125
10535.474609375
10533.576171875
10530.990234375
10528.5537109375
10524.4951171875
10523.4609375
10524.267578125
10524.5380859375
10521.51171875
10517.98828125
10516.072265625
10515.8095703125
10514.677734375
10511.38671875
10504.5810546875
10499.078125
10497.9072265625
10498.85546875
10498.125
10491.6875
10486.19921875
10484.6875
10481.73046875
10476.591796875
10473.58203125
10474.3662109375
10473.142578125
10469.3359375
10465.724609375
10461.3193359375
10457.251953125
10455.6513671875
10454.470703125
10452.607421875
10450.916015625
10448.671875
10446.0224609375
10443.796875
10442.9375
10441.4091796875
10439.826171875
10437.8505859375
10435.7578125
10434.0703125
10433.93359375
10433.71484375
10433.328125
10433.58984375
10434.603515625
10436.1015625
10438.5703125
10441.494140625
10444.451171875
10445.173828125
10442.2900390625
10434.54296875
10425.7421875
10419.0546875
10416.66796875
10417.41015625
10419.126953125
10419.9248046875
10418.2890625
10415.314453125
10411.1376953125
10407.779296875
10404.857421875
10402.7744140625
10400.46484375
10397.4052734375
10393.560546875
10389.4365234375
10385.99609375
10383.8359375
10382.73046875
10382.220703125
10381.2333984375
10379.326171875
10376.6318359375
10373.2333984375
10369.9609375
10367.126953125
10364.7978515625
10362.8330078125
10360.966796875
10359.013671875
10356.9833984375
10354.9697265625
10353.384765625
10352.01953125
10351.0546875
10349.9697265625
10348.921875
10347.671875
10346.796875
10346.3828125
10346.2109375
10345.244140625
10343.3212890625
10340.4697265625
10338.2431640625
10335.94140625
10334.576171875
10334.40625
10334.8515625
10334.033203125
10332.6435546875
10330.7138671875
10326.1328125
10327.208984375
10331.7451171875
10331.3359375
10325.900390625
10329.0068359375
10328.994140625
10321.443359375
10323.47265625
10319.5625
10317.9287109375
10317.845703125
10319.55078125
10322.861328125
10326.3349609375
10328.2236328125
10332.1142578125
10335.521484375
10338.2421875
10333.3642578125
10329.287109375
10320.01171875
10315.44921875
10311.43359375
10312.984375
10310.9833984375
10308.357421875
10302.91015625
10298.8720703125
10298.59375
10298.78125
10300.087890625
10299.515625
10293.833984375
10288.3388671875
10283.576171875
10282.6064453125
10282.501953125
10280.9296875
10278.03125
10276.1630859375
10274.8369140625
10274.3896484375
10272.1640625
10270.0703125
10268.16796875
10267.4130859375
10266.57421875
10264.1669921875
10260.537109375
10256.5966796875
10253.400390625
10251.587890625
10250.1357421875
10249.439453125
10248.880859375
10249.3974609375
10248.912109375
10247.962890625
10247.578125
10248.0224609375
10247.7734375
10245.45703125
10241.4560546875
10236.6162109375
10232.1435546875
10228.234375
10225.015625
10223.0732421875
10221.775390625
10220.7578125
10218.884765625
10216.732421875
10214.974609375
10214.3525390625
10213.9716796875
10213.72265625
10213.66015625
10214.119140625
10214.7314453125
10215.650390625
10215.3046875
10213.642578125
10209.845703125
10205.453125
10201.33984375
10198.9599609375
10198.4228515625
10198.8095703125
10199.5615234375
10200.091796875
10200.2080078125
10199.3681640625
10197.650390625
10195.7353515625
10194.1552734375
10193.62109375
10193.0546875
10192.3681640625
10190.998046875
10189.375
10187.8828125
10186.9658203125
10186.3095703125
10185.970703125
10185.5830078125
10185.486328125
10185.166015625
10184.4052734375
10182.138671875
10178.501953125
10173.943359375
10170.1640625
10167.7373046875
10167.072265625
10167.3076171875
10167.5400390625
10166.244140625
10162.9921875
10158.2919921875
10154.529296875
10153.2802734375
10154.75
10157.08984375
10158.33203125
10157.3583984375
10154.5693359375
10151.44140625
10149.7421875
10149.396484375
10149.75390625
10150.078125
10151.490234375
10150.70703125
10146.802734375
10148.8447265625
10151.8095703125
10153.1494140625
10146.76953125
10150.55859375
10148.548828125
10149.2705078125
10152.576171875
10168.8291015625
10198.4697265625
10195.041015625
10192.71875
10192.5556640625
10173.646484375
10164.2822265625
10156.8935546875
10149.3447265625
10146.3291015625
10147.2041015625
10138.927734375
10133.8369140625
10126.681640625
10122.359375
10118.34765625
10120.3984375
10117.2939453125
10116.1884765625
10113.998046875
10110.783203125
10108.5390625
10107.9208984375
10105.71875
10106.109375
10104.78515625
10103.890625
10104.025390625
10103.6279296875
10105.6376953125
10106.41796875
10106.1591796875
10104.8408203125
10100.7265625
10097.103515625
10094.0224609375
10091.67578125
10091.107421875
10091.0546875
10091.84375
10092.912109375
10093.634765625
10093.9736328125
10093.853515625
10093.9326171875
10094.1416015625
10094.9951171875
10096.1689453125
10097.107421875
10096.34375
10094.521484375
10092.234375
10090.1005859375
10089.451171875
10090.3388671875
10090.908203125
10090.8994140625
10089.7998046875
10088.447265625
10087.1416015625
10086.822265625
10086.6123046875
10085.3212890625
10081.53125
10076.1220703125
10070.7734375
10044.673828125
10052.978515625
10056.14453125
10039.3525390625
10052.38671875
10043.3359375
10039.5673828125
10046.3505859375
10036.1171875
10039.4052734375
10038.8076171875
10033.1318359375
10036.740234375
10032.833984375
10031.49609375
10032.5517578125
10029.015625
10029.3876953125
10028.4365234375
10026.40234375
10026.5546875
10025.00390625
10024.01171875
10023.5712890625
10022.18359375
10021.509765625
10020.6943359375
10019.572265625
10018.869140625
10017.970703125
10017.072265625
10016.3173828125
10015.4306640625
10014.603515625
10013.830078125
10012.9453125
10012.1435546875
10011.345703125
10010.509765625
10009.72265625
10008.88671875
10008.0986328125
10007.291015625
10006.458984375
10005.6943359375
10004.896484375
10004.0859375
10003.3125
10002.5078125
10001.7373046875
10000.951171875
10000.146484375
9999.35546875
9998.58203125
9997.7978515625
9997.00390625
9996.2333984375
9995.421875
9994.630859375
9993.8544921875
9993.064453125
9992.28125
9991.5166015625
9990.7314453125
9989.93359375
9989.123046875
9988.3564453125
9987.5791015625
9986.76953125
9985.98828125
9985.216796875
9984.423828125
9983.583984375
9982.7939453125
9982.00390625
9981.19921875
9980.400390625
9979.5810546875
9978.796875
9977.990234375
9977.134765625
9976.326171875
9975.5107421875
9974.689453125
9973.86328125
9973.0478515625
9972.197265625
9971.3212890625
9970.45703125
9969.623046875
9968.787109375
9967.921875
9967.07421875
9966.2021484375
9965.3271484375
9964.4609375
9963.61328125
9962.7626953125
9961.90625
9961.087890625
9960.263671875
9959.4013671875
9958.5908203125
9957.7734375
9957.001953125
9956.197265625
9955.3994140625
9954.625
9953.837890625
9953.0234375
9952.232421875
9951.4765625
9950.7353515625
9949.9755859375
9949.2333984375
9948.4599609375
9947.716796875
9946.9599609375
9946.224609375
9945.4814453125
9944.7734375
9944.0390625
9943.30078125
9942.5625
9941.8134765625
9941.1083984375
9940.376953125
9939.66796875
9938.9638671875
9938.24609375
9937.5
9936.77734375
9936.064453125
9935.34765625
9934.65625
9933.955078125
9933.205078125
9932.484375
9931.794921875
9931.072265625
9930.400390625
9929.681640625
9928.962890625
9928.2578125
9927.5263671875
9926.8056640625
9926.123046875
9925.404296875
9924.71875
9923.97265625
9923.2763671875
9922.515625
9921.8017578125
9921.1083984375
9920.380859375
9919.650390625
9918.9140625
9918.203125
9917.466796875
9916.716796875
9915.96875
9915.21484375
9914.453125
9913.7275390625
9912.982421875
9912.1904296875
9911.427734375
9910.671875
9909.953125
9909.2333984375
9908.5439453125
9907.7802734375
9907.048828125
9906.3330078125
9905.63671875
9904.9375
9904.2470703125
9903.54296875
9902.841796875
9902.130859375
9901.41796875
9900.71484375
9900.046875
9899.345703125
9898.6630859375
9898.0
9897.267578125
9896.5947265625
9895.890625
9895.2158203125
9894.533203125
9893.859375
9893.14453125
9892.47265625
9891.751953125
9891.0830078125
9890.38671875
9889.6962890625
9889.015625
9888.322265625
9887.59375
9886.91015625
9886.19921875
9885.517578125
9884.822265625
9884.1171875
9883.4052734375
9882.7099609375
9881.990234375
9881.2880859375
9880.564453125
9879.876953125
9879.138671875
9878.4091796875
9877.6640625
9876.939453125
9876.208984375
9875.462890625
9874.728515625
9874.0322265625
9873.26171875
9872.505859375
9871.775390625
9871.064453125
9870.330078125
9869.60546875
9868.876953125
9868.169921875
9867.4296875
9866.708984375
9865.998046875
9865.26953125
9864.5693359375
9863.8564453125
9863.0927734375
9862.39453125
9861.69921875
9860.9599609375
9860.267578125
9859.556640625
9858.83203125
9858.12890625
9857.421875
9856.75390625
9856.060546875
9855.34765625
9854.6298828125
9853.9453125
9853.2392578125
9852.5703125
9851.8720703125
9851.177734375
9850.4765625
9849.765625
9849.0703125
9848.353515625
9847.662109375
9846.951171875
9846.26171875
9845.5693359375
9844.81640625
9844.099609375
9843.40625
9842.765625
9842.0498046875
9841.3623046875
9840.6875
9839.966796875
9839.30078125
9838.6181640625
9837.9375
9837.2548828125
9836.5859375
9835.9033203125
9835.2001953125
9834.5244140625
9833.865234375
9833.15625
9832.5205078125
9831.84765625
9831.140625
9830.4765625
9829.7568359375
9829.099609375
9828.443359375
9827.763671875
9827.08203125
9826.3984375
9825.7099609375
9825.0341796875
9824.359375
9823.7255859375
9823.0380859375
9822.32421875
9821.6796875
9820.9931640625
9820.3212890625
9819.6796875
9818.986328125
9818.3115234375
9817.634765625
9816.974609375
9816.328125
9815.6572265625
9814.9921875
9814.302734375
9813.6201171875
9812.9658203125
9812.3056640625
9811.658203125
9811.03515625
9810.369140625
9809.681640625
9809.05859375
9808.38671875
9807.751953125
9807.111328125
9806.4384765625
9805.814453125
9805.1552734375
9804.509765625
9803.875
9803.24609375
9802.6103515625
9801.9677734375
9801.3466796875
9800.7109375
9800.0810546875
9799.4716796875
9798.85546875
9798.255859375
9797.662109375
9797.0185546875
9796.40234375
9795.7802734375
9795.1650390625
9794.5068359375
9793.8974609375
9793.3046875
9792.7099609375
9792.107421875
9791.494140625
9790.90234375
9790.3134765625
9789.69921875
9789.1064453125
9788.501953125
9787.91796875
9787.330078125
9786.7421875
9786.1875
9785.580078125
9784.9833984375
9784.4140625
9783.826171875
9783.2666015625
9782.6904296875
9782.107421875
9781.5390625
9780.958984375
9780.3671875
9779.8046875
9779.2294921875
9778.6796875
9778.1298828125
9777.5244140625
9776.9931640625
9776.416015625
9775.86328125
9775.283203125
9774.736328125
9774.1689453125
9773.6298828125
9773.0810546875
9772.556640625
9772.0380859375
9771.494140625
9771.05078125
9770.6474609375
9770.2646484375
9770.0126953125
9769.826171875
9769.7177734375
9769.544921875
9769.13671875
9768.240234375
9767.0078125
9765.71875
9764.76171875
9764.33984375
9764.19921875
9764.029296875
9763.578125
9762.7744140625
9761.8671875
9761.138671875
9760.6484375
9760.33203125
9759.97265625
9759.423828125
9758.666015625
9757.9150390625
9757.1884765625
9756.623046875
9756.15234375
9755.62109375
9755.05859375
9754.453125
9753.8212890625
9753.287109375
9752.7607421875
9752.2744140625
9751.74609375
9751.130859375
9750.5302734375
9749.935546875
9749.400390625
9748.8779296875
9748.3447265625
9747.826171875
9747.2763671875
9746.7431640625
9746.205078125
9745.650390625
9745.1162109375
9744.6025390625
9744.0947265625
9743.5732421875
9743.0888671875
9742.5966796875
9742.1611328125
9741.728515625
9741.369140625
9741.080078125
9740.822265625
9740.603515625
9740.2626953125
9739.7392578125
9738.94921875
9737.9736328125
9736.962890625
9736.1455078125
9735.5703125
9735.20703125
9734.9111328125
9734.5703125
9734.1259765625
9733.5361328125
9732.9296875
9732.3974609375
9731.962890625
9731.6328125
9731.4296875
9731.302734375
9731.3388671875
9731.349609375
9731.396484375
9730.962890625
9730.103515625
9728.740234375
9727.5458984375
9726.892578125
9726.818359375
9726.900390625
9726.693359375
9725.982421875
9724.8212890625
9723.71875
9723.013671875
9722.75
9722.65625
9722.46484375
9721.86328125
9720.9541015625
9719.8671875
9718.87109375
9718.1904296875
9717.7060546875
9717.40234375
9717.0615234375
9716.599609375
9716.0205078125
9715.37109375
9714.6962890625
9714.0673828125
9713.5546875
9713.1240234375
9712.7236328125
9712.341796875
9711.9599609375
9711.5693359375
9711.283203125
9711.1220703125
9711.134765625
9711.4609375
9712.064453125
9713.126953125
9714.7568359375
9716.646484375
9718.6494140625
9719.6396484375
9719.751953125
9719.0712890625
9718.572265625
9718.103515625
9717.533203125
9716.38671875
9715.1337890625
9714.0380859375
9713.07421875
9712.005859375
9710.1796875
9708.1279296875
9706.169921875
9705.244140625
9705.388671875
9706.05859375
9706.3818359375
9706.265625
9705.6337890625
9704.84765625
9703.71875
9702.6171875
9702.078125
9702.439453125
9703.2890625
9703.6298828125
9703.185546875
9701.98828125
9701.125
9701.2431640625
9702.4814453125
9704.154296875
9705.638671875
9706.556640625
9706.9072265625
9706.7158203125
9706.228515625
9705.0166015625
9703.51171875
9701.3232421875
9699.2021484375
9696.962890625
9694.9970703125
9693.4521484375
9692.6064453125
9692.2578125
9692.029296875
9691.46875
9690.4248046875
9689.25
9688.408203125
9688.068359375
9688.025390625
9687.615234375
9686.833984375
9685.6494140625
9684.716796875
9684.2177734375
9684.25
9684.4248046875
9684.58984375
9684.427734375
9684.1728515625
9683.802734375
9683.6220703125
9683.4091796875
9683.125
9682.435546875
9681.623046875
9680.74609375
9680.08203125
9679.568359375
9679.2861328125
9679.2275390625
9679.494140625
9680.185546875
9681.302734375
9682.5625
9682.9404296875
9682.314453125
9681.1328125
9680.26171875
9679.8447265625
9679.18359375
9678.044921875
9676.94921875
9676.037109375
9675.4248046875
9674.736328125
9674.283203125
9674.7080078125
9675.734375
9676.6533203125
9676.19921875
9674.3544921875
9671.931640625
9670.27734375
9669.8046875
9669.9453125
9669.7900390625
9668.9560546875
9667.1328125
9664.876953125
9662.501953125
9660.55859375
9659.2568359375
9658.4814453125
9658.1044921875
9658.11328125
9657.966796875
9657.4775390625
9656.3447265625
9655.31640625
9654.7724609375
9654.806640625
9654.92578125
9654.859375
9654.556640625
9654.3798828125
9654.36328125
9654.552734375
9654.6240234375
9654.50390625
9654.013671875
9653.4033203125
9652.8291015625
9652.6845703125
9653.052734375
9653.556640625
9654.3779296875
9654.8232421875
9655.0458984375
9654.525390625
9653.0166015625
9650.9755859375
9649.0537109375
9648.330078125
9648.41015625
9648.94140625
9648.7216796875
9647.9951171875
9646.79296875
9646.193359375
9646.212890625
9646.9951171875
9647.93359375
9648.802734375
9648.8388671875
9648.671875
9648.951171875
9650.3896484375
9650.984375
9645.814453125
9642.3994140625
9644.396484375
9644.126953125
9639.2587890625
9637.6953125
9637.4423828125
9635.095703125
9635.18359375
9635.9375
9634.568359375
9635.599609375
9637.0830078125
9636.15234375
9635.9208984375
9635.2060546875
9634.0546875
9634.0048828125
9634.087890625
9633.771484375
9633.455078125
9632.3720703125
9632.1181640625
9632.48828125
9632.791015625
9633.1796875
9633.177734375
9632.720703125
9632.171875
9630.6455078125
9628.66796875
9626.158203125
9623.921875
9622.0234375
9621.517578125
9621.03125
9621.3330078125
9621.205078125
9620.9462890625
9620.2734375
9619.06640625
9617.52734375
9616.0419921875
9614.890625
9614.041015625
9613.6884765625
9613.484375
9613.5
9613.3134765625
9612.9404296875
9612.169921875
9611.193359375
9610.0185546875
9608.90234375
9607.94140625
9607.177734375
9606.5693359375
9606.03515625
9605.44140625
9604.822265625
9604.279296875
9603.859375
9603.74609375
9603.7958984375
9604.05859375
9604.3740234375
9604.544921875
9604.6181640625
9604.55078125
9604.345703125
9604.095703125
9603.6181640625
9602.9453125
9601.994140625
9600.8662109375
9599.6650390625
9598.7197265625
9598.087890625
9598.072265625
9598.4677734375
9599.53125
9600.90234375
9602.6328125
9604.263671875
9605.67578125
9606.2802734375
9606.140625
9604.814453125
9602.828125
9600.3955078125
9598.072265625
9596.1630859375
9594.8251953125
9594.1171875
9593.8046875
9593.7265625
9593.576171875
9592.953125
9591.8935546875
9590.5
9589.1015625
9588.076171875
9587.517578125
9587.4755859375
9587.79296875
9588.234375
9588.5693359375
9588.79296875
9588.7763671875
9588.712890625
9588.4189453125
9588.146484375
9587.71484375
9587.2158203125
9586.486328125
9585.390625
9584.0458984375
9582.7431640625
9581.9091796875
9581.689453125
9581.9765625
9582.400390625
9582.5361328125
9582.181640625
9581.4921875
9580.8125
9580.6962890625
9581.072265625
9581.78125
9582.1396484375
9581.96484375
9581.404296875
9580.9658203125
9580.837890625
9580.9208984375
9581.341796875
9581.8017578125
9582.234375
9582.3984375
9582.4033203125
9582.08203125
9581.611328125
9580.798828125
9579.73046875
9578.421875
9576.83984375
9575.087890625
9573.1845703125
9571.3427734375
9569.7666015625
9568.7373046875
9568.2822265625
9568.4501953125
9569.06640625
9569.7490234375
9570.015625
9569.61328125
9568.4130859375
9566.6806640625
9564.669921875
9562.845703125
9561.56640625
9560.845703125
9560.6328125
9560.55859375
9560.3388671875
9559.8564453125
9559.16796875
9558.390625
9557.8193359375
9557.279296875
9556.89453125
9556.4619140625
9555.98046875
9555.365234375
9554.6728515625
9554.015625
9553.5078125
9553.26953125
9553.4375
9553.810546875
9554.5478515625
9555.09375
9555.62890625
9555.6298828125
9555.259765625
9554.296875
9553.087890625
9551.7109375
9550.619140625
9549.919921875
9549.5439453125
9549.30859375
9548.98828125
9548.5908203125
9548.4375
9548.642578125
9549.40234375
9550.546875
9551.9267578125
9553.2255859375
9554.07421875
9554.3515625
9553.56640625
9552.1025390625
9550.365234375
9548.9052734375
9547.7197265625
9546.7109375
9545.65234375
9544.494140625
9543.0859375
9541.8134765625
9541.12890625
9541.30859375
9541.6611328125
9541.474609375
9540.2685546875
9538.24609375
9535.93359375
9533.923828125
9532.30078125
9531.3681640625
9530.7138671875
9530.384765625
9529.828125
9529.5048828125
9529.21484375
9529.697265625
9530.3857421875
9531.5595703125
9532.4287109375
9533.2734375
9533.45703125
9533.1015625
9531.84765625
9530.2666015625
9528.8359375
9528.1845703125
9528.419921875
9529.279296875
9530.23828125
9530.4609375
9529.98828125
9528.642578125
9527.3603515625
9526.6806640625
9526.8359375
9527.79296875
9529.0771484375
9530.623046875
9531.93359375
9533.1513671875
9533.6435546875
9533.2392578125
9531.384765625
9528.51171875
9525.0673828125
9521.9560546875
9519.58203125
9518.189453125
9517.5205078125
9517.2236328125
9516.86328125
9516.2451171875
9515.3916015625
9514.455078125
9513.6572265625
9513.2802734375
9513.3330078125
9513.7734375
9514.328125
9514.7626953125
9515.130859375
9515.32421875
9515.5693359375
9515.978515625
9516.51953125
9517.0966796875
9517.234375
9516.755859375
9515.400390625
9513.4130859375
9511.2080078125
9509.248046875
9507.849609375
9507.1171875
9506.884765625
9506.875
9506.7509765625
9506.25
9505.41796875
9504.306640625
9503.150390625
9502.24609375
9501.583984375
9501.443359375
9501.6064453125
9502.0458984375
9502.515625
9502.9345703125
9503.11328125
9503.1064453125
9503.1337890625
9503.36328125
9504.08203125
9505.083984375
9506.1953125
9506.6923828125
9506.4306640625
9504.6875
9502.2646484375
9499.359375
9497.25390625
9496.1298828125
9496.3115234375
9497.2578125
9498.515625
9499.443359375
9499.79296875
9499.62890625
9499.1826171875
9498.689453125
9498.30078125
9497.962890625
9497.478515625
9496.8173828125
9495.8271484375
9494.779296875
9493.6953125
9492.875
9492.123046875
9491.6904296875
9491.4462890625
9491.572265625
9492.3037109375
9493.576171875
9495.4970703125
9497.607421875
9499.765625
9501.255859375
9501.6572265625
9500.4931640625
9498.03515625
9494.9111328125
9492.39453125
