15768.177734375
15752.349609375
15737.775390625
15724.353515625
15711.9365234375
15700.4501953125
15689.7822265625
15679.787109375
15670.3984375
15661.4814453125
15652.990234375
15644.8154296875
15636.89453125
15629.216796875
15621.7373046875
15614.421875
15607.2802734375
15600.302734375
15593.490234375
15586.8408203125
15580.3505859375
15574.0390625
15567.8984375
15561.939453125
15556.1669921875
15550.560546875
15545.1328125
15539.869140625
15534.7802734375
15529.837890625
15525.041015625
15520.400390625
15515.89453125
15511.521484375
15507.26953125
15503.1494140625
15499.14453125
15495.24609375
15491.4736328125
15487.8056640625
15484.24609375
15480.787109375
15477.4306640625
15474.1748046875
15471.01953125
15467.9599609375
15464.9814453125
15462.0908203125
15459.2890625
15456.5625
15453.921875
15451.3544921875
15448.8671875
15446.44140625
15444.09375
15441.8046875
15439.5830078125
15437.4306640625
15435.3330078125
15433.296875
15431.3193359375
15429.40234375
15427.53125
15425.7138671875
15423.94921875
15422.2265625
15420.5615234375
15418.9326171875
15417.3525390625
15415.814453125
15414.318359375
15412.8671875
15411.44921875
15410.0703125
15408.73046875
15407.427734375
15406.15625
15404.9208984375
15403.712890625
15402.546875
15401.404296875
15400.294921875
15399.208984375
15398.15625
15397.1328125
15396.134765625
15395.16015625
15394.21875
15393.2890625
15392.388671875
15391.5166015625
15390.6669921875
15389.83984375
15389.025390625
15388.2392578125
15387.470703125
15386.71875
15385.986328125
15385.27734375
15384.5849609375
15383.9091796875
15383.25
15382.609375
15381.98046875
15381.376953125
15380.7802734375
15380.203125
15379.63671875
15379.0859375
15378.544921875
15378.0224609375
15377.513671875
15377.0146484375
15376.5302734375
15376.056640625
15375.595703125
15375.14453125
15374.70703125
15374.279296875
15373.861328125
15373.4541015625
15373.0546875
15372.6650390625
15372.283203125
15371.919921875
15371.5546875
15371.205078125
15370.8623046875
15370.52734375
15370.197265625
15369.8818359375
15369.5703125
15369.267578125
15368.9677734375
15368.677734375
15368.39453125
15368.115234375
15367.8486328125
15367.580078125
15367.3251953125
15367.072265625
15366.82421875
15366.583984375
15366.3486328125
15366.119140625
15365.8955078125
15365.67578125
15365.4609375
15365.25390625
15365.0537109375
15364.8544921875
15364.65625
15364.466796875
15364.283203125
15364.099609375
15363.9189453125
15363.74609375
15363.5751953125
15363.41015625
15363.248046875
15363.0859375
15362.931640625
15362.7802734375
15362.62890625
15362.4853515625
15362.3408203125
15362.201171875
15362.0634765625
15361.93359375
15361.7998046875
15361.671875
15361.544921875
15361.4228515625
15361.298828125
15361.1806640625
15361.0654296875
15360.94921875
15360.83984375
15360.7314453125
15360.62109375
15360.517578125
15360.4140625
15360.3125
15360.2138671875
15360.115234375
15360.0205078125
15359.92578125
15359.83203125
15359.7412109375
15359.65234375
15359.564453125
15359.478515625
15359.39453125
15359.3115234375
15359.232421875
15359.1484375
15359.0712890625
15358.9921875
15358.91796875
15358.8427734375
12542537.0
394207.03125
184367.59375
373720.28125
172227.1875
107584.8828125
84811.78125
81396.8984375
83178.34375
84980.96875
85129.71875
82097.203125
77697.3125
74318.5
72332.6015625
71205.6015625
70760.25
70437.109375
69375.40625
67022.234375
64299.5
61958.07421875
60131.16796875
58727.9453125
57594.0546875
56556.9140625
55517.11328125
54471.22265625
53391.03125
52233.8203125
51213.9296875
50236.5546875
49296.66796875
48405.203125
47567.36328125
46769.5625
45998.87890625
45250.40234375
44528.71875
43847.3828125
43211.296875
42609.65625
42032.59765625
41479.40234375
40950.40234375
40444.87890625
39960.9375
39498.1875
39053.2578125
38618.6484375
38191.91015625
37773.38671875
37364.33984375
36971.05859375
36613.5
36230.796875
35882.45703125
35530.78125
35182.40625
34845.7421875
34519.94140625
34205.453125
33899.3828125
33600.56640625
33309.04296875
33024.953125
32749.0859375
32481.294921875
32220.435546875
31966.359375
31716.357421875
31475.796875
31240.75390625
31008.41015625
30780.447265625
30557.07421875
30340.7109375
30127.201171875
29918.53515625
29714.234375
29514.0
29317.53125
29124.294921875
28934.525390625
28748.724609375
28566.599609375
28387.306640625
28211.90625
28039.251953125
27869.359375
27701.83984375
27537.4140625
27376.009765625
27217.154296875
27060.41015625
26906.2421875
26754.4765625
26604.80859375
26457.1875
26311.89453125
26168.94921875
26028.0078125
25889.0078125
25752.0546875
25617.02734375
25484.04296875
25352.8984375
25223.4921875
25096.046875
24970.28125
24846.26171875
24723.93359375
24603.248046875
24484.19921875
24366.888671875
24250.92578125
24136.494140625
24023.615234375
23912.09375
23801.8671875
23692.91796875
23585.3203125
23478.95703125
23374.109375
23270.607421875
23168.494140625
23067.6015625
22967.796875
22869.1640625
22771.521484375
22674.9921875
22579.35546875
22484.67578125
22390.90234375
22297.96484375
22205.826171875
22114.658203125
22024.25390625
21934.7109375
21845.921875
21758.03125
21670.96875
21585.03125
21500.1484375
21415.845703125
21331.587890625
21248.724609375
21167.39453125
21086.142578125
21005.5234375
20926.4140625
20847.45703125
20769.28125
20692.212890625
20615.39453125
20539.455078125
20464.4453125
20389.78515625
20316.125
20243.134765625
20170.609375
20098.939453125
20027.875
19957.439453125
19887.740234375
19818.5625
19750.02734375
19682.109375
19614.71875
19547.9375
19481.71484375
19415.98828125
19350.97265625
19286.291015625
19222.19921875
19158.6875
19095.509765625
19032.96875
18970.947265625
18909.453125
18848.6796875
18788.6015625
18728.6953125
18668.166015625
18607.859375
18548.3828125
18489.716796875
18436.14453125
18377.03125
18320.900390625
18265.849609375
18211.0859375
18155.37890625
18100.673828125
18047.810546875
17993.458984375
17940.76953125
17888.578125
17836.328125
17785.03125
17734.4609375
17684.01171875
17634.728515625
17585.9140625
17536.716796875
17487.876953125
17438.75390625
17390.55859375
17344.21484375
17297.671875
17250.677734375
17204.671875
17159.830078125
17114.79296875
17069.66015625
17025.359375
16981.67578125
16938.13671875
16894.748046875
16852.1328125
16809.98046875
16767.90234375
16726.189453125
16685.1015625
16644.388671875
16603.802734375
16563.650390625
16524.03125
16484.8046875
16445.744140625
16407.2421875
16369.1708984375
16331.447265625
16293.927734375
16256.9365234375
16220.8671875
16186.240234375
16153.0859375
16120.1083984375
16084.02734375
16045.6435546875
16006.7880859375
15973.1923828125
15943.38671875
15918.767578125
15871.2333984375
15867.060546875
15884.857421875
15885.33203125
15842.9404296875
15779.693359375
15743.486328125
15711.2783203125
15675.5048828125
15636.3232421875
15588.4140625
15549.0625
15513.7177734375
15483.47265625
15464.69140625
15429.6552734375
15398.560546875
15356.5
15333.6142578125
15299.533203125
15267.90625
15241.84375
15212.2939453125
15183.189453125
15152.484375
15121.9755859375
15093.205078125
15066.8359375
15040.88671875
15012.662109375
14983.55859375
14959.1181640625
14931.078125
14904.3046875
14878.4375
14851.888671875
14827.3583984375
14802.0830078125
14776.685546875
14751.8671875
14725.798828125
14700.76171875
14676.267578125
14651.806640625
14627.123046875
14602.83203125
14578.7197265625
14555.00390625
14531.052734375
14507.240234375
14484.380859375
14461.2314453125
14438.31640625
14415.732421875
14393.107421875
14370.634765625
14348.462890625
14326.6982421875
14304.9931640625
14283.46875
14261.7939453125
14240.640625
14219.2578125
14198.453125
14177.84375
14158.19921875
14140.21875
14123.765625
14106.267578125
14082.341796875
14055.75390625
14035.623046875
14019.9921875
13999.0498046875
13974.1181640625
13954.5205078125
13937.12109375
13914.337890625
13891.708984375
13873.341796875
13852.443359375
13829.669921875
13810.083984375
13789.298828125
13765.275390625
13743.7666015625
13723.892578125
13702.83984375
13682.51171875
13663.36328125
13644.001953125
13625.2802734375
13607.2998046875
13589.1005859375
13571.365234375
13554.6748046875
13536.884765625
13516.7880859375
13496.0546875
13477.3408203125
13460.4853515625
13443.5380859375
13425.3193359375
13406.109375
13388.0927734375
13371.6240234375
13354.876953125
13336.95703125
13319.0224609375
13301.962890625
13285.33203125
13268.685546875
13251.9208984375
13235.1162109375
13218.578125
13202.41796875
13186.1982421875
13169.880859375
13153.8828125
13138.1728515625
13122.39453125
13106.4208984375
13090.48046875
13074.8203125
13059.40234375
13044.21484375
13029.10546875
13013.9375
12998.80078125
12983.92578125
12969.337890625
12955.0888671875
12941.134765625
12927.7431640625
12915.244140625
12903.6953125
12892.7275390625
12879.9130859375
12864.4697265625
12846.2021484375
12829.1328125
12815.302734375
12803.373046875
12791.201171875
12775.904296875
12759.92578125
12745.2587890625
12732.8232421875
12720.6982421875
12706.89453125
12692.615234375
12679.4287109375
12667.447265625
12655.802734375
12642.9580078125
12630.859375
12615.7158203125
12601.861328125
12588.615234375
12575.3876953125
12562.5703125
12550.318359375
12539.15625
12525.701171875
12511.82421875
12498.6044921875
12486.7685546875
12476.33984375
12464.1201171875
12451.6328125
12439.4404296875
12427.1806640625
12414.595703125
12401.552734375
12389.677734375
12378.0458984375
12366.8251953125
12355.3623046875
12343.2333984375
12331.71875
12319.0419921875
12307.794921875
12298.2138671875
12285.720703125
12274.16796875
12262.92578125
12252.865234375
12243.388671875
12228.72265625
12217.53125
12208.73046875
12196.453125
12184.208984375
12174.123046875
12163.6826171875
12153.130859375
12140.49609375
12129.8740234375
12120.3681640625
12108.453125
12097.185546875
12087.171875
12076.970703125
12066.7080078125
12055.984375
12045.619140625
12036.1513671875
12024.943359375
12014.4638671875
12004.4169921875
11994.609375
11985.0673828125
11975.7470703125
11966.7763671875
11957.4072265625
11946.2978515625
11934.798828125
11925.1494140625
11917.974609375
11911.892578125
11903.416015625
11892.189453125
11878.955078125
11866.345703125
11856.2646484375
11847.216796875
11837.35546875
11825.482421875
11813.224609375
11802.826171875
11794.091796875
11785.201171875
11774.685546875
11763.9755859375
11754.025390625
11745.259765625
11735.978515625
11726.2373046875
11716.2880859375
11707.357421875
11698.806640625
11690.14453125
11680.7490234375
11671.021484375
11661.681640625
11652.9580078125
11644.3291015625
11635.25390625
11625.712890625
11616.66015625
11607.921875
11599.3623046875
11590.056640625
11580.5654296875
11571.1669921875
11562.666015625
11554.3564453125
11545.9951171875
11537.044921875
11527.75
11518.8095703125
11510.37109375
11502.3916015625
11494.8203125
11487.240234375
11480.0703125
11472.658203125
11465.134765625
11456.7705078125
11447.515625
11438.033203125
11430.443359375
11425.3125
11421.9189453125
11416.1396484375
11405.033203125
11390.4365234375
11377.0205078125
11369.478515625
11366.265625
11362.958984375
11356.43359375
11345.611328125
11333.3271484375
11323.548828125
11316.6171875
11311.068359375
11303.8203125
11294.564453125
11286.431640625
11279.59375
11273.736328125
11266.916015625
11256.8203125
11247.0390625
11238.939453125
11233.689453125
11227.8525390625
11220.2265625
11211.71875
11204.3046875
11198.255859375
11191.142578125
11183.45703125
11175.7041015625
11168.556640625
11161.6669921875
11154.0537109375
11146.48828125
11139.5810546875
11133.95703125
11128.755859375
11122.9814453125
11115.755859375
11107.083984375
11097.775390625
11089.599609375
11082.65625
11077.294921875
11071.689453125
11066.2724609375
11060.126953125
11054.271484375
11047.6396484375
11040.5712890625
11031.611328125
11022.2626953125
11013.0859375
11005.78125
10999.4453125
10995.181640625
10988.5234375
10983.3955078125
10975.8916015625
10968.916015625
10962.283203125
10955.423828125
10949.302734375
10943.9833984375
10938.748046875
10933.931640625
10927.23828125
10919.720703125
10911.8388671875
10904.609375
10899.001953125
10894.255859375
10889.3544921875
10883.3359375
10876.451171875
10869.2421875
10863.40625
10857.4765625
10852.6923828125
10846.306640625
10840.1220703125
10834.07421875
10828.5576171875
10823.673828125
10819.109375
10814.458984375
10809.3857421875
10804.1171875
10798.8662109375
10795.060546875
10791.00390625
10788.53515625
10783.9951171875
10779.8828125
10773.005859375
10766.53125
10759.55859375
10753.2529296875
10748.1103515625
10741.337890625
10736.3671875
10733.3388671875
10730.6630859375
10731.6201171875
10723.30859375
10719.4599609375
10720.2490234375
10709.44140625
10702.1875
10695.52734375
10690.11328125
10686.986328125
10679.998046875
10675.8984375
10674.900390625
10665.587890625
10660.345703125
10657.828125
10653.1201171875
10649.6484375
10645.19921875
10638.568359375
10631.244140625
10625.6806640625
10621.09375
10616.3623046875
10612.0322265625
10608.6337890625
10604.57421875
10599.71875
10595.96484375
10592.455078125
10587.587890625
10582.1328125
10577.12890625
10571.3408203125
10565.810546875
10560.6494140625
10555.8466796875
10551.12109375
10545.84765625
10541.388671875
10537.9599609375
10535.1689453125
10532.4736328125
10529.9755859375
10527.990234375
10525.7705078125
10522.77734375
10518.986328125
10514.162109375
10508.5615234375
10502.5859375
10496.88671875
10491.2958984375
10486.576171875
10482.265625
10478.806640625
10474.931640625
10471.0673828125
10467.1484375
10463.8916015625
10461.666015625
10459.05078125
10455.693359375
10449.8486328125
10442.9052734375
10435.9345703125
10431.0673828125
10428.2900390625
10426.619140625
10424.7666015625
10421.88671875
10418.2265625
10414.3701171875
10409.9189453125
10405.5810546875
10399.8603515625
10394.791015625
10389.630859375
10386.505859375
10383.8486328125
10382.0693359375
10379.60546875
10376.681640625
10372.58203125
10367.6865234375
10362.3330078125
10357.8525390625
10354.8916015625
10353.134765625
10351.9873046875
10350.861328125
10349.5068359375
10347.26953125
10344.29296875
10341.6630859375
10339.88671875
10338.216796875
10334.9892578125
10329.548828125
10321.9560546875
10314.6708984375
10308.3779296875
10304.5537109375
10301.01171875
10298.3515625
10295.5029296875
10293.1630859375
10289.0029296875
10283.228515625
10276.158203125
10270.2587890625
10266.2470703125
10263.798828125
10261.140625
10257.431640625
10252.9111328125
10248.552734375
10244.521484375
10241.3798828125
10238.5732421875
10236.7197265625
10235.337890625
10234.3330078125
10233.294921875
10230.7412109375
10226.7080078125
10221.365234375
10217.2333984375
10214.6513671875
10212.927734375
10210.4189453125
10207.2451171875
10204.392578125
10202.56640625
10201.08203125
10197.9873046875
10192.53515625
10185.4423828125
10178.962890625
10174.9365234375
10172.8671875
10171.71484375
10169.4921875
10165.103515625
10159.1923828125
10152.4677734375
10146.77734375
10142.32421875
10138.98046875
10135.83203125
10132.6767578125
10129.1796875
10125.482421875
10121.361328125
10117.2041015625
10113.130859375
10109.6044921875
10106.34765625
10103.3466796875
10099.91015625
10096.611328125
10093.0234375
10090.1328125
10087.369140625
10084.712890625
10081.7060546875
10077.640625
10072.990234375
10067.5390625
10061.978515625
10056.443359375
10051.3427734375
10046.71484375
10043.26953125
10039.7578125
10036.478515625
10031.69140625
10027.73828125
10024.34765625
10022.130859375
10019.783203125
10016.833984375
10012.66796875
10008.2998046875
10005.5517578125
10003.873046875
10002.2734375
9999.46875
9996.171875
9992.494140625
9988.65234375
9984.9375
9981.7314453125
9977.728515625
9972.794921875
9967.720703125
9964.7802734375
9963.146484375
9960.8037109375
9955.890625
9949.5244140625
9943.400390625
9939.046875
9936.4873046875
9934.6640625
9931.9248046875
9928.16015625
9923.728515625
9919.990234375
9916.4521484375
9913.6201171875
9910.5048828125
9907.7314453125
9904.1953125
9900.818359375
9897.322265625
9895.03515625
9893.240234375
9892.26171875
9890.70703125
9888.767578125
9885.25390625
9881.25
9877.03125
9874.0859375
9872.61328125
9872.5712890625
9872.39453125
9871.32421875
9868.3037109375
9864.064453125
9859.33203125
9855.8681640625
9854.078125
9854.095703125
9853.7265625
9852.0048828125
9847.27734375
9841.205078125
9834.3251953125
9828.97265625
9825.3330078125
9823.28125
9821.6982421875
9819.9755859375
9817.517578125
9814.720703125
9811.447265625
9808.01953125
9804.3671875
9801.0634765625
9798.72265625
9797.74609375
9797.998046875
9798.5087890625
9798.6240234375
9797.6640625
9796.619140625
9795.2431640625
9795.2724609375
9791.255859375
9784.3603515625
9776.923828125
9774.681640625
9776.2236328125
9775.2109375
9771.14453125
9766.2744140625
9764.265625
9763.267578125
9760.7041015625
9756.251953125
9753.1533203125
9751.9638671875
9750.50390625
9747.724609375
9744.646484375
9743.482421875
9741.966796875
9740.5888671875
9738.5927734375
9738.1650390625
9737.95703125
9739.0859375
9738.6962890625
9738.15234375
9736.0244140625
9732.728515625
9728.185546875
9722.001953125
9715.7978515625
9709.67578125
9705.23046875
9701.876953125
9699.6064453125
9697.384765625
9695.166015625
9692.77734375
9690.3408203125
9687.779296875
9685.5107421875
9683.298828125
9681.3720703125
9679.2841796875
9677.228515625
9675.3115234375
9673.66015625
9672.75390625
9672.12109375
9672.1884765625
9672.3203125
9673.1142578125
9673.927734375
9674.9296875
9674.87109375
9674.0654296875
9672.265625
9670.9736328125
9670.0107421875
9669.904296875
9669.1171875
9668.080078125
9666.634765625
9666.41796875
9666.697265625
9667.0048828125
9665.310546875
9661.400390625
9655.671875
9649.78125
9645.900390625
9643.7900390625
9643.091796875
9641.927734375
9640.125
9637.4931640625
9635.51953125
9633.927734375
9633.5751953125
9633.16796875
9633.037109375
9632.17578125
9630.33203125
9626.9921875
9622.376953125
9616.8193359375
9611.236328125
9606.923828125
9604.02734375
9602.251953125
9600.2841796875
9597.498046875
9594.1796875
9590.943359375
9588.68359375
9587.4306640625
9587.3017578125
9587.361328125
9586.9736328125
9584.01953125
9578.609375
9571.9453125
9567.900390625
9566.7685546875
9567.2275390625
9565.66015625
9562.2548828125
9558.119140625
9556.259765625
9555.30859375
9554.7626953125
9553.0537109375
9552.4326171875
9552.9306640625
9554.9140625
9556.0244140625
9556.328125
9555.919921875
9555.4501953125
9530.0244140625
9535.060546875
9541.23046875
9521.9443359375
9534.427734375
9527.12890625
9520.111328125
9528.408203125
9517.6123046875
9518.9541015625
9519.92578125
9512.5048828125
9515.595703125
9512.3515625
9509.1875
9510.5234375
9506.658203125
9505.802734375
9505.25390625
9502.2958984375
9501.958984375
9500.416015625
9498.39453125
9497.876953125
9496.0390625
9494.6181640625
9493.73828125
9491.970703125
9490.8271484375
9489.6591796875
9488.103515625
9487.0087890625
9485.697265625
9484.3408203125
9483.1875
9481.87890625
9480.6328125
9479.44921875
9478.1650390625
9476.9609375
9475.7431640625
9474.4990234375
9473.306640625
9472.0859375
9470.890625
9469.7041015625
9468.4853515625
9467.314453125
9466.1357421875
9464.939453125
9463.77734375
9462.58984375
9461.435546875
9460.27734375
9459.099609375
9457.951171875
9456.7822265625
9455.623046875
9454.4921875
9453.3271484375
9452.1787109375
9451.0361328125
9449.892578125
9448.740234375
9447.5947265625
9446.4453125
9445.3076171875
9444.166015625
9443.0234375
9441.88671875
9440.736328125
9439.595703125
9438.443359375
9437.310546875
9436.16796875
9435.03515625
9433.8828125
9432.744140625
9431.5947265625
9430.4443359375
9429.3095703125
9428.166015625
9427.005859375
9425.8564453125
9424.7109375
9423.5703125
9422.40625
9421.2529296875
9420.11328125
9418.953125
9417.79296875
9416.6328125
9415.474609375
9414.3115234375
9413.14453125
9411.96484375
9410.8046875
9409.6318359375
9408.443359375
9407.27734375
9406.091796875
9404.9033203125
9403.7197265625
9402.537109375
9401.326171875
9400.1396484375
9398.9404296875
9397.744140625
9396.5302734375
9395.3212890625
9394.0947265625
9392.8701171875
9391.650390625
9390.4248046875
9389.193359375
9387.955078125
9386.720703125
9385.48828125
9384.25
9383.013671875
9381.7734375
9380.533203125
9379.3017578125
9378.068359375
9376.8359375
9375.609375
9374.396484375
9373.1787109375
9371.9599609375
9370.7578125
9369.55859375
9368.35546875
9367.1533203125
9365.958984375
9364.7705078125
9363.59765625
9362.421875
9361.26171875
9360.080078125
9358.91015625
9357.7548828125
9356.59765625
9355.4375
9354.2890625
9353.146484375
9352.00390625
9350.869140625
9349.7255859375
9348.6005859375
9347.474609375
9346.3544921875
9345.232421875
9344.109375
9342.99609375
9341.884765625
9340.78515625
9339.681640625
9338.5859375
9337.4892578125
9336.3974609375
9335.30859375
9334.220703125
9333.1533203125
9332.0625
9330.998046875
9329.939453125
9328.8623046875
9327.8046875
9326.7421875
9325.6787109375
9324.6318359375
9323.5908203125
9322.5361328125
9321.4853515625
9320.443359375
9319.41015625
9318.373046875
9317.3369140625
9316.302734375
9315.2646484375
9314.23828125
9313.208984375
9312.185546875
9311.158203125
9310.1484375
9309.123046875
9308.1064453125
9307.0869140625
9306.0712890625
9305.068359375
9304.048828125
9303.041015625
9302.0283203125
9301.0224609375
9300.021484375
9299.009765625
9298.0029296875
9296.990234375
9295.98828125
9294.990234375
9293.986328125
9292.9892578125
9291.99609375
9291.021484375
9290.0390625
9289.0673828125
9288.0771484375
9287.072265625
9286.060546875
9285.0224609375
9283.98828125
9282.962890625
9281.974609375
9281.0048828125
9280.0234375
9279.021484375
9278.029296875
9277.0146484375
9276.015625
9275.01953125
9274.0439453125
9273.064453125
9272.08984375
9271.095703125
9270.10546875
9269.115234375
9268.126953125
9267.154296875
9266.177734375
9265.201171875
9264.2255859375
9263.244140625
9262.265625
9261.2919921875
9260.30859375
9259.3359375
9258.3681640625
9257.3857421875
9256.41015625
9255.431640625
9254.46484375
9253.49609375
9252.5146484375
9251.55078125
9250.5830078125
9249.599609375
9248.634765625
9247.6640625
9246.6923828125
9245.7236328125
9244.7529296875
9243.78125
9242.818359375
9241.845703125
9240.875
9239.904296875
9238.9453125
9237.98046875
9237.01953125
9236.05078125
9235.087890625
9234.126953125
9233.1640625
9232.2109375
9231.236328125
9230.275390625
9229.310546875
9228.365234375
9227.4150390625
9226.4833984375
9225.5634765625
9224.6875
9223.841796875
9223.1181640625
9222.5087890625
9222.09375
9221.75390625
9221.4296875
9220.5263671875
9219.068359375
9217.1796875
9215.74609375
9214.97265625
9214.4189453125
9213.486328125
9211.984375
9210.4765625
9209.462890625
9208.9169921875
9208.2900390625
9207.1669921875
9205.7978515625
9204.732421875
9204.1171875
9203.9580078125
9203.306640625
9203.177734375
9201.486328125
9200.1826171875
9198.73046875
9197.73046875
9196.41796875
9195.294921875
9194.3466796875
9193.544921875
9192.82421875
9192.09765625
9191.845703125
9190.8671875
9190.607421875
9189.048828125
9187.689453125
9186.34375
9185.3427734375
9184.337890625
9183.439453125
9182.470703125
9181.541015625
9180.646484375
9179.833984375
9179.046875
9178.4453125
9177.9580078125
9179.162109375
9177.216796875
9175.068359375
9174.064453125
9173.994140625
9175.146484375
9173.9716796875
9171.337890625
9171.17578125
9171.294921875
9175.84375
9175.9755859375
9173.6376953125
9171.4248046875
9175.212890625
9198.869140625
9186.4287109375
9185.6044921875
9187.291015625
9178.5126953125
9185.296875
9174.556640625
9175.3427734375
9171.986328125
9170.88671875
9170.6484375
9165.46875
9163.7529296875
9159.328125
9158.03515625
9162.1640625
9185.5126953125
9170.76171875
9179.857421875
9170.458984375
9166.083984375
9164.7705078125
9164.943359375
9159.78515625
9156.736328125
9156.666015625
9153.759765625
9152.828125
9148.072265625
9145.7822265625
9144.01171875
9141.2822265625
9136.984375
9136.498046875
9134.123046875
9131.794921875
9131.349609375
9131.58984375
9127.2998046875
9127.763671875
9127.283203125
9124.158203125
9125.1923828125
9126.90625
9126.3251953125
9130.1650390625
9121.197265625
9118.326171875
9121.009765625
9128.5537109375
9121.880859375
9123.412109375
9122.37890625
9121.6171875
9116.6826171875
9119.1123046875
9114.810546875
9113.431640625
9110.744140625
9109.7041015625
9105.9775390625
9106.36328125
9105.123046875
9103.693359375
9103.146484375
9102.32421875
9101.0576171875
9100.5
9101.7470703125
9099.26953125
9097.173828125
9096.513671875
9095.07421875
9094.3505859375
9095.669921875
9098.33984375
9093.8681640625
9095.6220703125
9090.48828125
9090.1884765625
9090.1748046875
9089.283203125
9087.818359375
9087.26953125
9084.8544921875
9083.64453125
9083.1748046875
9083.08984375
9081.66796875
9081.572265625
9080.02734375
9078.423828125
9078.3251953125
9078.56640625
9077.4375
9075.7822265625
9074.962890625
9073.75
9073.59765625
9073.896484375
9072.158203125
9070.9853515625
9069.572265625
9068.1650390625
9067.6474609375
9067.4208984375
9067.0615234375
9065.76171875
9064.521484375
9063.46484375
9062.95703125
9062.580078125
9061.658203125
9060.7861328125
9059.748046875
9058.8359375
9058.189453125
9057.4833984375
9056.775390625
9055.8662109375
9055.00390625
9054.1982421875
9053.5537109375
9052.9453125
9052.1083984375
9051.31640625
9050.5185546875
9049.75
9049.048828125
9048.365234375
9047.630859375
9046.8447265625
9046.1171875
9045.3876953125
9044.7158203125
9044.099609375
9043.421875
9042.76171875
9042.16015625
9041.599609375
9041.1396484375
9040.7744140625
9040.5546875
9040.3994140625
9040.498046875
9040.576171875
9040.7451171875
9040.34375
9039.4482421875
9037.701171875
9035.810546875
9034.021484375
9032.8466796875
9032.107421875
9031.654296875
9031.1015625
9030.3828125
9029.498046875
9028.6123046875
9027.875
9027.267578125
9026.8232421875
9026.412109375
9026.1171875
9026.15234375
9026.57421875
9027.771484375
9028.9189453125
9030.291015625
9029.658203125
9028.044921875
9024.5419921875
9021.5068359375
9019.439453125
9018.6875
9018.5791015625
9018.3310546875
9017.6162109375
9016.3955078125
9015.298828125
9014.564453125
9014.3623046875
9014.4140625
9014.5107421875
9014.595703125
9014.6669921875
9015.0166015625
9015.5283203125
9016.123046875
9016.318359375
9016.119140625
9015.720703125
9015.630859375
9015.921875
9016.3115234375
9016.26171875
9015.5234375
9014.234375
9012.83203125
9011.818359375
9010.625
9009.5048828125
9007.681640625
9005.9052734375
9004.501953125
9003.9736328125
9004.185546875
9004.65625
9004.33203125
9003.12109375
9000.951171875
8998.76171875
8997.091796875
8996.13671875
8995.6259765625
8995.03125
8994.1806640625
8993.02734375
8992.0078125
8991.17578125
8990.732421875
8990.1650390625
8989.466796875
8988.326171875
8987.201171875
8986.1884765625
8985.609375
8985.37109375
8985.4326171875
8985.6328125
8986.0341796875
8986.552734375
8987.0546875
8987.1640625
8986.646484375
8985.4736328125
8984.0224609375
8982.6240234375
8981.51171875
8980.78515625
8980.525390625
8980.5546875
8980.615234375
8980.384765625
8979.8486328125
8979.16015625
8978.251953125
8977.2861328125
8975.9150390625
8974.310546875
8972.615234375
8971.146484375
8970.091796875
8969.1943359375
8968.32421875
8967.2041015625
8965.900390625
8964.59765625
8963.3369140625
8962.451171875
8961.84375
8961.734375
8961.8046875
8961.8837890625
8961.630859375
8961.021484375
8960.2568359375
8959.6171875
8959.388671875
8959.4638671875
8959.86328125
8960.1650390625
8960.4140625
8960.1640625
8959.5712890625
8958.349609375
8956.806640625
8955.11328125
8953.666015625
8952.6025390625
8951.9140625
8951.484375
8951.146484375
8950.880859375
8950.6015625
8950.4267578125
8950.2294921875
8950.095703125
8949.828125
8949.486328125
8948.9521484375
8948.2919921875
8947.59375
8946.818359375
8946.203125
8945.591796875
8945.1640625
8944.6552734375
8944.1591796875
8943.4814453125
8942.8115234375
8941.97265625
8941.0849609375
8939.9716796875
8938.9853515625
8938.25390625
8938.1806640625
8938.716796875
8939.46484375
8939.857421875
8938.962890625
8937.037109375
8934.3125
8932.20703125
8931.03125
8931.0966796875
8931.6650390625
8932.3076171875
8932.380859375
8932.123046875
8931.7548828125
8932.3388671875
8933.8583984375
8936.4375
8938.8310546875
8940.591796875
8940.58984375
8938.8046875
8935.3046875
8931.14453125
8927.798828125
8926.802734375
8928.173828125
8930.951171875
8933.123046875
8933.7001953125
8931.4013671875
8927.5849609375
8923.033203125
8920.2880859375
8918.947265625
8918.85546875
8918.4140625
8917.3466796875
8915.6923828125
8913.97265625
8912.6875
8911.751953125
8910.984375
8910.109375
8908.955078125
8907.7197265625
8906.4091796875
8905.41015625
8904.486328125
8903.7509765625
8903.0234375
8902.5908203125
8902.49609375
8902.76953125
8902.970703125
8902.67578125
8901.646484375
8899.8369140625
8897.8671875
8895.8134765625
8894.3046875
8892.9931640625
8892.12109375
8891.158203125
8890.2353515625
8888.9560546875
8887.763671875
8886.767578125
8886.599609375
8887.037109375
8888.146484375
8889.1171875
8889.818359375
8889.533203125
8888.62890625
8887.017578125
8885.4765625
8883.765625
8882.236328125
8880.515625
8878.86328125
8877.1650390625
8875.640625
8874.4033203125
8873.53125
8873.01953125
8872.521484375
8871.9638671875
8871.03515625
8870.1279296875
8869.1962890625
8868.57421875
8868.244140625
8868.126953125
8868.248046875
8868.4208984375
8868.75
8869.1552734375
8869.74609375
8870.4091796875
8870.7998046875
8870.4365234375
8868.986328125
8866.79296875
8864.849609375
8863.8935546875
8863.921875
8864.1904296875
8864.1669921875
8863.75
8863.4658203125
8863.396484375
8863.3857421875
8863.0126953125
8862.33984375
8861.638671875
8861.2548828125
8861.1640625
8861.3466796875
8861.85546875
8862.8125
8864.283203125
8865.9072265625
8867.5380859375
8868.0703125
8867.525390625
8864.34765625
8859.666015625
8853.8134765625
8849.294921875
8846.82421875
8846.59765625
8847.59765625
8848.4794921875
8848.400390625
8847.005859375
8844.904296875
8842.56640625
8840.54296875
8838.92578125
8837.6494140625
8836.8046875
8836.302734375
8836.28125
8836.5625
8837.087890625
8837.5458984375
8837.8935546875
8837.9755859375
8837.8857421875
8837.8125
8837.806640625
8837.84375
8837.435546875
8836.2919921875
8834.4306640625
8832.490234375
8831.2197265625
8830.1728515625
8828.98828125
8826.9052734375
8824.5283203125
8822.556640625
8821.6650390625
8821.724609375
8822.0498046875
8822.3046875
8822.26171875
8822.1572265625
8821.927734375
8821.7021484375
8821.4560546875
8821.3134765625
8821.048828125
8820.431640625
8819.34765625
8818.072265625
8817.1572265625
8816.7265625
8816.7861328125
8816.8388671875
8816.802734375
8816.515625
8816.1513671875
8815.7919921875
8815.462890625
8815.1884765625
8814.80859375
8814.310546875
8813.6767578125
8813.01953125
8812.37890625
8811.79296875
8811.4248046875
8811.2880859375
8811.580078125
8811.7900390625
8811.6884765625
8810.7509765625
8809.064453125
8807.1171875
8805.490234375
8804.61328125
8804.4169921875
8804.5390625
8804.453125
8804.0849609375
8803.47265625
8803.095703125
8803.0380859375
8803.6953125
8804.7138671875
8806.314453125
8807.9521484375
8809.8583984375
8811.3310546875
8812.4599609375
8812.513671875
8811.740234375
8810.3046875
8808.751953125
8807.541015625
8806.5634765625
8805.4111328125
8803.6318359375
8801.1904296875
8798.1708984375
8795.38671875
8792.90625
8791.63671875
8791.087890625
8791.2763671875
8791.1201171875
8790.458984375
8789.0458984375
8787.4365234375
8785.8359375
8784.572265625
8783.2900390625
8782.0361328125
8780.69921875
8779.5966796875
8778.873046875
8778.64453125
8778.6328125
8778.533203125
8778.1650390625
8777.65625
8777.30078125
8777.3818359375
8777.955078125
8778.6962890625
8779.416015625
8779.720703125
8779.66015625
8779.1484375
8778.146484375
8776.55859375
8774.7724609375
8773.4697265625
8773.33203125
8774.255859375
8775.767578125
8776.771484375
8776.8271484375
8775.5556640625
8773.7216796875
8771.796875
8770.62890625
8770.1142578125
8770.328125
8770.7138671875
8771.169921875
8771.3984375
8771.3984375
8771.181640625
8770.7021484375
8770.275390625
8769.642578125
8769.1142578125
8768.44921875
8768.2119140625
8768.3828125
8769.146484375
8770.005859375
8770.501953125
8770.35546875
8769.255859375
8767.525390625
8765.001953125
8762.1640625
8759.103515625
8756.37890625
8754.2421875
8752.95703125
8752.4365234375
8752.341796875
8752.2255859375
8751.66015625
8750.53515625
8749.015625
8747.6474609375
8746.751953125
8746.689453125
8747.2138671875
8748.259765625
8749.1640625
8749.8203125
8749.5888671875
8748.76953125
8747.2265625
8745.744140625
8744.7421875
8744.537109375
8744.80859375
8744.697265625
8744.2138671875
8743.080078125
8741.9853515625
8741.244140625
8740.73046875
8740.2705078125
8739.326171875
8738.2421875
8737.1279296875
8736.607421875
8736.1044921875
8735.630859375
8734.61328125
8733.64453125
8732.876953125
8732.9052734375
8733.41796875
8734.169921875
8734.6826171875
8734.7939453125
8734.6591796875
8734.236328125
8733.8388671875
8733.248046875
8732.8955078125
8732.6669921875
8732.783203125
8732.669921875
8732.283203125
8731.2373046875
8730.2421875
8729.521484375
8729.396484375
8729.5966796875
8729.3984375
8728.39453125
8726.060546875
8723.15234375
8720.228515625
