15768.177734375
15752.349609375
15737.775390625
15724.353515625
15711.9365234375
15700.4501953125
15689.7822265625
15679.787109375
15670.3984375
15661.4814453125
15652.990234375
15644.8154296875
15636.89453125
15629.216796875
15621.7373046875
15614.421875
15607.2802734375
15600.302734375
15593.490234375
15586.8408203125
15580.3505859375
15574.0390625
15567.8984375
15561.939453125
15556.1669921875
15550.560546875
15545.1328125
15539.869140625
15534.7802734375
15529.837890625
15525.041015625
15520.400390625
15515.89453125
15511.521484375
15507.26953125
15503.1494140625
15499.14453125
15495.24609375
15491.4736328125
15487.8056640625
15484.24609375
15480.787109375
15477.4306640625
15474.1748046875
15471.01953125
15467.9599609375
15464.9814453125
15462.0908203125
15459.2890625
15456.5625
15453.921875
15451.3544921875
15448.8671875
15446.44140625
15444.09375
15441.8046875
15439.5830078125
15437.4306640625
15435.3330078125
15433.296875
15431.3193359375
15429.40234375
15427.53125
15425.7138671875
15423.94921875
15422.2265625
15420.5615234375
15418.9326171875
15417.3525390625
15415.814453125
15414.318359375
15412.8671875
15411.44921875
15410.0703125
15408.73046875
15407.427734375
15406.15625
15404.9208984375
15403.712890625
15402.546875
15401.404296875
15400.294921875
15399.208984375
15398.15625
15397.1328125
15396.134765625
15395.16015625
15394.21875
15393.2890625
15392.388671875
15391.5166015625
15390.6669921875
15389.83984375
15389.025390625
15388.2392578125
15387.470703125
15386.71875
15385.986328125
15385.27734375
15384.5849609375
15383.9091796875
15383.25
15382.609375
15381.98046875
15381.376953125
15380.7802734375
15380.203125
15379.63671875
15379.0859375
15378.544921875
15378.0224609375
15377.513671875
15377.0146484375
15376.5302734375
15376.056640625
15375.595703125
15375.14453125
15374.70703125
15374.279296875
15373.861328125
15373.4541015625
15373.0546875
15372.6650390625
15372.283203125
15371.919921875
15371.5546875
15371.205078125
15370.8623046875
15370.52734375
15370.197265625
15369.8818359375
15369.5703125
15369.267578125
15368.9677734375
15368.677734375
15368.39453125
15368.115234375
15367.8486328125
15367.580078125
15367.3251953125
15367.072265625
15366.82421875
15366.583984375
15366.3486328125
15366.119140625
15365.8955078125
15365.67578125
15365.4609375
15365.25390625
15365.0537109375
15364.8544921875
15364.65625
15364.466796875
15364.283203125
15364.099609375
15363.9189453125
15363.74609375
15363.5751953125
15363.41015625
15363.248046875
15363.0859375
15362.931640625
15362.7802734375
15362.62890625
15362.4853515625
15362.3408203125
15362.201171875
15362.0634765625
15361.93359375
15361.7998046875
15361.671875
15361.544921875
15361.4228515625
15361.298828125
15361.1806640625
15361.0654296875
15360.94921875
15360.83984375
15360.7314453125
15360.62109375
15360.517578125
15360.4140625
15360.3125
15360.2138671875
15360.115234375
15360.0205078125
15359.92578125
15359.83203125
15359.7412109375
15359.65234375
15359.564453125
15359.478515625
15359.39453125
15359.3115234375
15359.232421875
15359.1484375
15359.0712890625
15358.9921875
15358.91796875
15358.8427734375
62530736.0
263126288.0
1054055.375
548620352.0
91495.7890625
626381.75
3300824576.0
44724559806464.0
127987.46875
313573.3125
152430736.0
1053192576.0
37815168.0
28549122.0
9136966.0
4166581.0
6983978.5
7607459.0
2448574.25
711945.25
410857.15625
491002.90625
806609.75
977854.3125
973661.0
1373533.875
3188716.5
7995709.0
14049081.0
13614693.0
8082197.0
4231258.0
2767297.0
2497498.5
2637683.25
2779010.25
2738660.0
2520234.25
2216258.5
1916480.75
1667307.875
1482132.25
1356989.375
1280514.875
1240368.0
1224115.375
1220363.25
1220451.75
1216972.625
1205432.5
1184025.25
1153032.5
1114691.0
1071463.625
1026096.75
980578.8125
936471.5625
895122.0
856682.25
821550.375
789153.5625
759655.125
732459.25
707461.0
684471.25
663193.25
643106.6875
624516.1875
607014.0
590484.1875
574779.5625
560050.8125
545980.625
532542.625
519778.53125
507608.21875
496130.0
485150.875
474593.3125
464535.875
454854.5
445573.46875
436657.53125
428138.78125
419927.53125
412115.46875
404634.6875
397433.03125
390550.4375
383854.59375
377479.125
371346.6875
365369.40625
359680.75
354136.25
348800.09375
343631.21875
338604.4375
333793.8125
329146.34375
324692.46875
320382.09375
316196.5625
312150.1875
308243.65625
304439.3125
300733.375
297150.34375
293653.21875
290260.875
286996.125
283773.625
280683.09375
277662.09375
274744.84375
271851.25
269069.75
266312.9375
263656.0625
261081.875
258552.484375
256071.71875
253670.59375
251296.453125
248987.265625
246739.328125
244503.3125
242355.546875
240262.296875
238204.703125
236173.90625
234213.875
232295.265625
230400.984375
228560.34375
226764.078125
224957.8125
223265.78125
221572.78125
219936.59375
218331.90625
216733.015625
215184.1875
213665.390625
212153.078125
210688.6875
209232.6875
207825.3125
206411.875
205054.859375
203707.53125
202378.390625
201065.203125
199797.109375
198537.078125
197283.6875
196060.71875
194862.921875
193686.03125
192539.546875
191391.5625
190275.421875
189168.09375
188070.109375
187012.15625
185961.90625
184926.375
183923.5
182923.046875
181931.890625
180966.984375
179997.203125
179056.84375
178146.921875
177242.84375
176324.53125
175444.453125
174568.53125
173715.4375
172856.0
172006.328125
171187.375
170364.96875
169562.5625
168758.828125
167983.453125
167210.15625
166439.984375
165695.546875
164943.359375
164221.65625
163503.859375
162803.90625
162095.28125
161398.890625
160719.5
160044.34375
159381.890625
158732.90625
158080.53125
157428.015625
156802.6875
156173.765625
155554.34375
154937.375
154342.59375
153734.578125
153157.671875
152573.546875
151986.0625
151421.46875
150858.078125
150304.671875
149758.53125
149206.546875
148667.453125
148132.609375
147601.859375
147091.125
146577.203125
146061.953125
145558.1875
145054.828125
144567.09375
144083.4375
143598.140625
143124.46875
142653.375
142184.765625
141723.34375
141270.171875
140823.015625
140369.375
139930.5
139487.734375
139052.875
138620.640625
138197.734375
137781.4375
137367.203125
136956.125
136540.53125
136143.140625
135739.640625
135350.1875
134955.984375
134572.203125
134186.140625
133806.140625
133424.578125
133061.078125
132697.953125
132329.65625
131972.0625
131611.484375
131258.65625
130912.6953125
130565.640625
130230.9140625
129887.7734375
129555.703125
129222.6640625
128891.0859375
128558.9609375
128233.984375
127911.140625
127597.1171875
127280.0078125
126975.8203125
126660.1796875
126353.21875
126044.7890625
125754.3046875
125454.578125
125161.015625
124878.03125
124597.6640625
124316.9375
124044.2109375
123767.015625
123500.9765625
123229.765625
122964.84375
122700.703125
122434.78125
122175.78125
121918.7265625
121664.2265625
121407.6953125
121154.859375
120902.75
120661.4296875
120409.9375
120169.859375
119928.34375
119693.46875
119456.9921875
119223.6875
118987.9375
118762.7421875
118536.6640625
118303.34375
118082.796875
117858.4375
117634.2890625
117419.1953125
117204.578125
116982.125
116762.03125
116553.359375
116337.6015625
116126.2109375
115915.703125
115706.453125
115503.5
115293.546875
115090.328125
114888.96875
114692.9296875
114489.25
114291.1953125
114097.6953125
113905.234375
113706.84375
113518.03125
113325.4375
113142.0078125
112952.6171875
112767.9296875
112583.6796875
112404.0859375
112226.0625
112043.4375
111866.96875
111688.4921875
111512.5625
111334.96875
111157.84375
110985.125
110807.625
110639.2109375
110468.6875
110303.1015625
110131.7109375
109962.7734375
109797.9921875
109635.9296875
109471.640625
109310.3203125
109148.2421875
108989.484375
108830.203125
108675.5234375
108512.3125
108362.0703125
108206.5859375
108054.8515625
107905.703125
107748.3046875
107598.640625
107446.3203125
107305.875
107153.90625
107007.7890625
106865.5625
106720.8984375
106573.296875
106429.546875
106285.921875
106141.1796875
106006.765625
105867.2578125
105725.7265625
105589.234375
105448.7109375
105313.9453125
105175.6484375
105040.875
104909.84375
104775.5546875
104643.890625
104511.265625
104381.1796875
104252.484375
104123.671875
103993.8671875
103870.984375
103742.421875
103619.953125
103490.9453125
103367.1640625
103243.2890625
103117.75
102999.4296875
102878.4921875
102755.1328125
102630.0390625
102511.1171875
102389.6875
102273.34375
102157.90625
102039.875
101920.09375
101804.7265625
101689.96875
101577.4140625
101461.296875
101348.296875
101233.9375
101125.1796875
101011.53125
100902.734375
100788.8984375
100679.3984375
100569.65625
100460.890625
100352.796875
100244.0078125
100136.1640625
100029.359375
99922.609375
99815.8984375
99711.3359375
99603.8125
99503.3125
99402.359375
99301.28125
99200.0234375
99100.640625
98995.2578125
98890.34375
98788.3828125
98688.2890625
98590.2265625
98492.953125
98394.5
98295.84375
98195.859375
98100.796875
98002.3046875
97906.765625
97813.3125
97722.6328125
97623.015625
97526.4453125
97433.46875
97341.5859375
97253.53125
97162.0703125
97068.71875
96975.078125
96879.640625
96785.8203125
96692.6640625
96608.8671875
96519.9375
96425.890625
96334.6171875
96245.6484375
96157.0703125
96074.296875
95980.640625
95894.71875
95810.9921875
95725.3359375
95639.875
95553.859375
95469.2421875
95382.53125
95297.5234375
95212.671875
95128.265625
95046.8671875
94967.21875
94884.9765625
94806.3359375
94723.8984375
94639.1171875
94550.90625
94467.359375
94389.5
94310.7890625
94233.3359375
94151.9296875
94069.0703125
93989.484375
93911.015625
93831.765625
93754.3359375
93673.578125
93595.734375
93518.8203125
93442.75
93365.796875
93287.25
93211.25
93132.8984375
93057.2890625
92981.84375
92907.4609375
92828.7578125
92753.421875
92678.5078125
92604.2578125
92531.609375
92456.8828125
92380.0078125
92308.34375
92236.03125
92164.7890625
92092.375
92023.3671875
91951.78125
91882.890625
91811.328125
91742.265625
91669.8359375
91599.6015625
91522.1953125
91452.15625
91382.046875
91312.09375
91244.890625
91175.1640625
91105.90625
91035.171875
90968.6328125
90898.2578125
90830.234375
90762.015625
90694.5
90625.6171875
90556.875
90487.703125
90422.984375
90356.046875
90290.75
90224.4140625
90155.4609375
90086.7734375
90018.8359375
89953.578125
89890.6640625
89825.6015625
89763.1484375
89697.390625
89632.7578125
89564.1875
89501.75
89437.6875
89373.375
89310.34375
89246.3984375
89183.3359375
89120.25
89058.15625
88996.5546875
88931.15625
88870.65625
88804.59375
88743.96875
88683.578125
88621.1328125
88556.9921875
88496.953125
88434.90625
88375.6015625
88312.734375
88252.46875
88191.3046875
88131.421875
88072.1953125
88011.3203125
87952.0234375
87890.765625
87829.8671875
87768.9296875
87710.34375
87654.0703125
87594.6875
87537.953125
87475.75
87414.5
87352.5
87290.3984375
87231.4765625
87175.328125
87116.90625
87060.265625
87004.046875
86944.8828125
86887.0078125
86831.3125
86775.71875
86715.1328125
86659.34375
86603.0390625
86547.484375
86487.609375
86434.703125
86380.203125
86322.84375
86264.9375
86205.34375
86149.1015625
86095.140625
86041.3359375
85984.46875
85930.9296875
85876.796875
85821.4140625
85763.296875
85708.859375
85654.0078125
85597.8515625
85544.1796875
85492.6328125
85434.2421875
85381.2734375
85326.546875
85273.6328125
85221.703125
85165.8125
85113.84375
85061.3359375
85010.0078125
84959.3828125
84907.84375
84857.5625
84804.8515625
84754.796875
84704.4765625
84653.2578125
84602.0390625
84549.703125
84496.609375
84440.8828125
84384.703125
84332.859375
84279.5859375
84231.546875
84179.125
84131.6953125
84077.859375
84022.7265625
83966.84375
83914.6015625
83865.8359375
83814.9765625
83763.0859375
83709.5078125
83657.3046875
83605.59375
83555.5703125
83506.4453125
83454.0
83403.703125
83353.1640625
83301.375
83252.5625
83203.1171875
83153.9140625
83101.09375
83052.75
83004.2578125
82953.84375
82905.8203125
82854.9296875
82805.734375
82756.8671875
82706.7734375
82660.2734375
82607.578125
82562.625
82511.2421875
82462.8671875
82416.8046875
82368.984375
82325.0078125
82275.5546875
82231.09375
82182.734375
82138.4765625
82091.8046875
82043.1875
81992.390625
81945.8203125
81896.1640625
81850.8125
81807.109375
81760.5078125
81714.7265625
81663.90625
81617.703125
81566.9140625
81520.375
81470.7109375
81423.765625
81375.1953125
81328.3359375
81280.640625
81234.53125
81189.6171875
81142.234375
81095.65625
81050.203125
81001.3828125
80954.0
80910.1796875
80862.2734375
80813.7890625
80769.0625
80723.1796875
80678.4140625
80632.5234375
80587.8984375
80543.109375
80492.328125
80445.0859375
80397.3515625
80350.5
80306.1640625
80260.1953125
80215.2890625
80173.015625
80126.5703125
80080.59375
80037.5
79993.3046875
79948.1171875
79905.0
79857.1328125
79812.328125
79767.828125
79721.125
79677.9140625
79636.9140625
79590.609375
79548.8125
79502.5390625
79459.4140625
79412.90625
79368.6875
79322.515625
79279.09375
79235.140625
79191.921875
79148.3359375
79104.2109375
79060.8046875
79016.3984375
78972.0859375
78927.1953125
78882.4140625
78843.1953125
78802.8125
78755.9296875
78714.5
78673.3515625
78629.078125
78585.65625
78544.4765625
78499.59375
78456.75
78416.1171875
78367.671875
78324.359375
78279.234375
78234.8046875
78192.21875
78150.8046875
78105.8828125
78063.40625
78020.40625
77977.375
77933.59375
77889.265625
77847.0234375
77805.203125
77762.53125
77721.546875
77676.984375
77633.7578125
77589.484375
77547.5859375
77506.0859375
77462.21875
77423.125
77383.1484375
77342.0625
77300.484375
77259.1171875
77214.671875
77176.359375
77136.109375
77098.53125
77058.5390625
77019.6484375
76979.203125
76939.515625
76896.03125
76851.9375
76807.6484375
76764.625
76722.28125
76681.6171875
76641.7265625
76602.046875
76559.1484375
76514.1171875
76469.359375
76427.234375
76390.0
76351.3203125
76313.09375
76270.5078125
76226.6015625
76184.671875
76142.03125
76100.9296875
76059.6015625
76017.171875
75979.15625
75939.1328125
75897.1171875
75856.296875
75814.0
75774.4453125
75734.75
75694.1875
75653.796875
75611.609375
75567.4296875
75528.8671875
75486.6953125
75445.625
75406.640625
75368.7265625
75327.7421875
75289.5859375
75253.171875
75217.8671875
75181.265625
75140.4375
75095.09375
75054.7890625
75016.015625
74977.2578125
74939.3203125
74892.4453125
74851.34375
74815.546875
74781.25
74740.09375
74696.828125
74657.1171875
74619.265625
74577.6015625
74536.8984375
74497.8203125
74458.9453125
74422.2109375
74380.7265625
74344.9453125
74304.1640625
74270.890625
74235.046875
74197.15625
74157.9296875
74118.4140625
74080.453125
74039.0546875
73993.53125
73952.21875
73913.3828125
73872.84375
73836.6328125
73797.59375
73759.21875
73721.3671875
73684.109375
73648.234375
73608.921875
73567.703125
73526.5703125
73490.640625
73451.2890625
73413.34375
73374.9765625
73337.8046875
73297.875
73258.8203125
73217.796875
73178.53125
73142.0234375
73103.203125
73065.3125
73030.328125
72993.03125
72951.875
72918.0625
72880.984375
72842.5390625
72805.90625
72767.453125
72731.390625
72692.6015625
72654.21875
72617.8359375
72579.9296875
72541.7734375
72504.8359375
72472.8203125
72439.125
72403.640625
72367.6328125
72326.4375
72289.3203125
72251.0546875
72214.9609375
72176.4296875
72138.75
72103.9453125
72066.7421875
72030.96875
71995.296875
71952.984375
71913.8515625
71873.6484375
71833.7421875
71794.3203125
71757.265625
71719.8046875
71680.9921875
71645.3828125
71608.203125
71571.140625
71531.6015625
71494.3203125
71458.1875
71422.9921875
71388.4609375
71349.8984375
71316.3828125
71281.5546875
71242.4140625
71206.40625
71167.28125
71128.6171875
71091.1796875
71053.1640625
71015.796875
70975.7578125
70941.90625
70906.1953125
70872.609375
70838.078125
70802.5703125
70770.453125
70736.359375
70701.3046875
70669.3828125
70633.625
70600.7890625
70565.125
70527.2890625
70487.625
70448.4609375
70407.109375
70367.5
70331.9375
70298.578125
70266.546875
70234.0859375
70200.03125
70161.1953125
70123.953125
70083.3046875
70045.0703125
70009.46875
69975.625
69938.5703125
69901.5078125
69866.5078125
69831.171875
69793.2890625
69756.484375
69719.421875
69682.1171875
69646.9375
69613.453125
69581.0390625
69546.0703125
69512.09375
69478.53125
69442.6171875
69411.453125
69374.65625
69340.515625
69303.921875
69268.375
69211.1328125
69197.0
69179.453125
69129.890625
69121.5625
69087.28125
69055.9921875
69042.78125
69001.5234375
68982.390625
68959.921875
68923.7734375
68904.6953125
68875.7578125
68850.265625
68825.75
68797.984375
68774.9296875
68748.65625
68722.6171875
68697.09375
68668.59375
68643.9296875
68618.9375
68593.1875
68567.15625
68539.875
68516.7265625
68490.7578125
68465.9609375
68441.0234375
68418.0078125
68389.5859375
68365.9609375
68339.15625
68312.84375
68291.4140625
68263.3984375
68238.671875
68212.78125
68186.484375
68163.109375
68138.6171875
68113.3203125
68085.90625
68062.828125
68032.9921875
68008.921875
67983.9453125
67954.96875
67930.4296875
67905.40625
67878.6875
67853.0
67825.34375
67800.0
67775.765625
67748.3671875
67722.421875
67699.1640625
67671.8984375
67642.0625
67618.7734375
67593.0546875
67567.4375
67541.9765625
67515.5390625
67488.1015625
67463.421875
67437.9921875
67412.0078125
67387.609375
67361.5390625
67333.78125
67308.9453125
67282.578125
67256.1953125
67230.4921875
67204.859375
67179.796875
67154.9921875
67126.4296875
67101.140625
67075.84375
67049.421875
67023.7890625
66996.7890625
66972.7265625
66945.953125
66920.71875
66893.3125
66868.1953125
66842.921875
66816.78125
66791.6171875
66766.5859375
66739.84375
66715.375
66689.25
66664.1796875
66638.90625
66612.7890625
66585.5546875
66560.34375
66534.6796875
66510.5546875
66483.234375
66459.90625
66432.515625
66406.046875
66381.609375
66355.0
66329.4453125
66305.546875
66278.328125
66252.171875
66227.6328125
66202.7109375
66175.890625
66150.34375
66124.3984375
66099.9921875
66072.0078125
66045.9765625
66021.8203125
65994.6171875
65967.921875
65945.2265625
65918.328125
65892.4921875
65866.3046875
65840.6875
65814.875
65791.5234375
65766.0546875
65739.578125
65712.609375
65686.3984375
65662.203125
65636.734375
65610.703125
65581.734375
65557.875
65530.39453125
65506.4921875
65481.9453125
65455.71484375
65430.12890625
65402.7890625
65376.265625
65353.65234375
65327.2265625
65301.078125
65274.9140625
65247.07421875
65220.015625
65198.2265625
65172.6484375
65146.28125
65119.85546875
65092.5234375
65067.234375
65042.1953125
65015.39453125
64990.078125
64964.78515625
64937.00390625
64910.75
64885.96484375
64860.16796875
64835.6484375
64807.390625
64782.359375
64756.81640625
64728.8515625
64704.13671875
64679.109375
64652.4609375
64626.5859375
64598.23046875
64572.7890625
64548.2109375
64521.80859375
64497.3984375
64470.6796875
64443.54296875
64419.6953125
64391.609375
64366.38671875
64343.38671875
64315.265625
64292.12890625
64265.328125
64237.9296875
64211.5546875
64188.04296875
64162.1875
64136.94140625
64109.9453125
64085.5625
64059.7578125
64034.4921875
64007.84375
63984.2890625
63956.1953125
63930.2890625
63906.07421875
63879.09375
63854.6484375
63828.6484375
63803.08984375
63779.640625
63750.734375
63724.01953125
63698.890625
63673.16796875
63648.65625
63622.359375
63599.296875
63570.046875
63543.98828125
63520.66796875
63500.7734375
63478.81640625
63460.30078125
63418.95703125
63404.2734375
63405.69140625
63359.4140625
63338.3125
63307.08984375
63278.0390625
63252.109375
63230.59765625
63223.8203125
63195.75390625
63172.0859375
63145.0703125
63112.0703125
63081.90234375
63052.21875
63027.34765625
63007.03125
62981.48828125
62948.38671875
62924.65234375
62893.515625
62873.76171875
62841.87109375
62811.6875
62786.9921875
62758.34375
62734.07421875
62708.1328125
62678.39453125
62656.3046875
62629.140625
62601.36328125
62573.8359375
62548.75390625
62522.52734375
62495.9375
62471.7109375
62443.21484375
62418.359375
62393.39453125
62366.62109375
62339.2109375
62311.3828125
62286.08984375
62259.96875
62234.5390625
62208.06640625
62182.08203125
62157.4921875
62128.5234375
62102.75390625
62078.7890625
62051.9140625
62028.96875
62002.31640625
61975.625
61950.1640625
61922.953125
61896.3046875
61872.62890625
61846.6171875
61820.4609375
61796.8359375
61769.44921875
61743.6328125
61719.328125
61695.1484375
61670.2421875
61642.54296875
61615.4453125
61591.53125
61569.72265625
61543.546875
61518.6796875
61490.9609375
61463.59765625
61435.67578125
61411.99609375
61389.40234375
61363.29296875
61335.4453125
61311.9296875
61284.15625
61261.48828125
61235.71484375
61211.45703125
61183.41015625
61156.28125
61132.37109375
61107.92578125
61083.08203125
61059.16796875
61033.6953125
61005.73828125
60982.51171875
60956.62109375
60931.50390625
60907.6015625
60879.9375
60854.2890625
60831.0
60810.2109375
60786.1875
60759.0859375
60731.5390625
60705.78125
60678.73046875
60656.8359375
60630.47265625
60605.9296875
60578.2734375
60552.390625
60529.6171875
60505.4921875
60478.515625
60452.921875
60423.54296875
60399.75
60376.68359375
60350.8828125
60326.015625
60298.4140625
60271.625
60250.0234375
60222.453125
60200.21875
60174.5234375
60149.78125
60122.109375
60099.6328125
60073.0
60047.7421875
60022.9609375
59997.11328125
59968.90625
59946.3046875
59922.515625
59897.31640625
59872.453125
59848.765625
59820.92578125
59795.8359375
59770.1328125
59745.43359375
59720.6640625
59694.359375
59669.27734375
59643.34375
59620.6875
59595.19140625
59570.671875
59546.18359375
59519.2734375
59493.77734375
59470.02734375
59443.59765625
59420.0859375
59393.13671875
59367.09765625
59342.66796875
59318.234375
59292.8984375
59270.5234375
59245.02734375
59216.921875
59193.32421875
59169.32421875
59144.2265625
59118.95703125
59094.28125
59068.0625
59044.4609375
59019.578125
58991.2734375
58968.71484375
58943.375
58918.421875
58893.1875
58868.984375
58844.58203125
58820.453125
58793.5
58769.35546875
58743.8359375
58719.3125
58696.07421875
58670.0703125
58644.2421875
58620.1875
58595.65625
58571.21875
58546.02734375
58519.54296875
58496.0859375
58471.58984375
58449.35546875
58425.19921875
58399.6015625
58375.65625
58349.1328125
58325.96875
58299.90625
58274.75
58248.95703125
58222.01953125
58196.2109375
58172.96875
58148.82421875
58124.2421875
58098.21484375
58073.8671875
58048.5078125
58021.765625
57997.76953125
57975.16796875
57950.0
57924.2265625
57898.15625
57874.12890625
57850.0859375
57824.85546875
57802.03515625
57775.5078125
57750.5546875
57727.5859375
57702.66015625
57678.6484375
57654.4921875
57628.109375
57604.08203125
57578.90625
57554.55078125
57531.84375
57503.515625
57480.16796875
57456.69921875
57430.98046875
57407.15625
57383.30859375
57356.8984375
57334.1484375
57308.84375
57287.24609375
57263.25
57239.3984375
57212.72265625
57188.640625
57163.02734375
57138.68359375
57111.8125
57087.5703125
57062.4609375
57038.5234375
57015.3671875
56990.98046875
56966.57421875
56941.2109375
56916.05078125
56892.4453125
56867.91015625
56844.53515625
56820.28515625
56793.9609375
56770.0625
56746.3359375
56723.87890625
56699.51953125
56676.828125
56651.8359375
56627.546875
56602.484375
56576.75390625
56553.1484375
56527.203125
56501.9921875
56479.87109375
56456.09375
56430.5
56406.6796875
56380.9921875
56357.12890625
56333.7265625
56309.234375
56283.859375
56258.04296875
56231.94921875
56207.24609375
56183.06640625
56158.5390625
56135.71875
56109.609375
56084.91015625
56062.375
56036.3359375
56012.1015625
55989.85546875
55964.265625
55940.6796875
55916.484375
55891.2109375
55867.8046875
55843.78515625
55818.68359375
55796.45703125
55771.27734375
55747.2890625
55723.171875
55698.26171875
55676.2109375
55652.3984375
55630.0
55605.921875
55582.4140625
55557.296875
55532.05859375
55507.640625
55481.07421875
55455.015625
55427.2578125
55400.2890625
55378.5390625
55353.53125
55330.15234375
55307.984375
55283.42578125
55260.69140625
55238.3125
55211.421875
55187.6171875
55159.83203125
55134.8203125
55111.2734375
55085.78125
55060.96484375
55036.88671875
55009.90625
54984.05078125
54959.31640625
54934.80078125
54911.27734375
54888.640625
54865.06640625
54840.8984375
54817.6171875
54793.21484375
54767.90625
54741.56640625
54717.3125
54694.3203125
54670.6953125
54649.0234375
54626.1015625
54599.92578125
54576.4375
54555.05859375
54530.6484375
54506.7890625
54480.38671875
54455.97265625
54431.88671875
54407.6953125
54385.33203125
54364.56640625
54341.14453125
54320.953125
54297.1953125
54273.10546875
54246.16796875
54221.2265625
54195.64453125
54171.87890625
54146.65234375
54122.1953125
54098.76953125
54073.296875
54047.609375
54026.40234375
54001.1015625
53977.9296875
53952.6953125
53926.91796875
53902.6875
53878.13671875
53853.359375
53831.62109375
53806.5546875
53784.46484375
53761.609375
53736.80078125
53712.69921875
53686.984375
53663.25390625
53639.09375
53616.01171875
53591.46484375
53564.71484375
53540.09375
53514.6484375
53491.97265625
53468.58203125
53443.54296875
53421.0859375
53397.0859375
53372.26953125
53350.96484375
53324.74609375
53300.37890625
53274.56640625
53250.05078125
53224.265625
53201.73828125
53177.50390625
53151.9140625
53127.71875
53106.4453125
53084.3203125
53058.5
53036.515625
53011.23046875
52989.328125
52967.0546875
52943.046875
52922.234375
52896.62890625
52874.33203125
52851.58203125
52826.5390625
52802.5
52778.1171875
52753.94140625
52729.16796875
52703.578125
52677.9140625
52653.04296875
52626.4921875
52603.3046875
52578.1328125
52555.31640625
52530.20703125
52506.0625
52482.30078125
52457.25
52433.90234375
52410.5
52385.62890625
52363.7734375
52338.765625
52315.03125
52290.875
52267.2890625
52241.0078125
52216.32421875
52192.96484375
52171.671875
52149.515625
52126.703125
52102.59765625
52080.44140625
52059.73828125
52038.59375
52014.3125
51992.1328125
51970.2265625
51946.578125
51918.359375
51891.32421875
51866.01171875
51839.3125
51814.359375
51789.12109375
51763.48046875
51735.56640625
51712.76953125
51690.234375
51667.4921875
51644.53515625
51621.30078125
51594.265625
51570.13671875
51546.43359375
51521.56640625
51498.9921875
51476.28125
51452.6015625
51429.34375
51406.72265625
51383.2578125
51359.375
51334.7890625
51310.34375
51285.390625
51260.0546875
51234.17578125
51208.55859375
51184.4375
51162.015625
51138.90234375
51115.78125
51091.4765625
51066.046875
51041.38671875
51017.46875
50992.5546875
50969.734375
50946.72265625
50923.7421875
50899.5078125
50876.07421875
50850.65234375
50826.54296875
50802.1953125
50777.7265625
50755.53515625
50729.546875
50705.6640625
50682.41015625
50658.0234375
50635.125
50610.7578125
50586.953125
50563.85546875
50540.75
50517.1875
50492.828125
50469.38671875
50443.39453125
50420.48828125
50396.3671875
50372.3671875
50349.95703125
50325.0
50302.28125
50278.80078125
50255.96875
50231.03125
50205.66796875
50184.6796875
50161.3828125
50138.7734375
50117.87109375
50092.4140625
50069.96875
50047.09765625
50024.11328125
50000.96875
49975.51171875
49953.4140625
49929.296875
49905.796875
49884.015625
49860.74609375
49837.8828125
49814.421875
49791.92578125
49771.19921875
49751.09375
49726.75390625
49703.546875
49677.0703125
49653.09375
49628.0234375
49603.73828125
49581.24609375
49557.21875
49532.765625
49507.44921875
49484.28125
49461.53125
49440.44140625
49419.984375
49398.02734375
49375.94140625
49352.6015625
49328.3125
49305.94921875
49284.4375
49262.69140625
49238.8828125
49216.4609375
49193.3359375
49169.21484375
49142.25
49115.5078125
49089.94921875
49064.51953125
49038.8671875
49015.28125
48990.83203125
48966.2109375
48942.5390625
48919.578125
48894.890625
48873.0234375
48849.76171875
48826.30859375
48803.64453125
48781.40234375
48758.20703125
48733.828125
48710.01171875
48688.265625
48662.58984375
48639.33984375
48613.6796875
48591.3984375
48567.25390625
48543.390625
48522.33203125
48498.015625
48475.984375
48454.3828125
48432.16015625
48412.19140625
48389.35546875
48365.48828125
48342.15625
48318.8828125
48295.47265625
48270.953125
48245.87890625
48223.07421875
48200.1328125
48179.5078125
48156.31640625
48134.8984375
48113.31640625
48091.1484375
48068.828125
48047.59375
48024.0078125
48003.0703125
47979.296875
47955.5234375
47933.16015625
47907.52734375
47882.71484375
47859.265625
47833.1484375
47811.02734375
47787.6953125
47764.09375
47740.52734375
47717.703125
47695.28125
47669.296875
47646.15234375
47625.375
47602.73046875
47581.34375
47560.828125
47537.296875
47516.015625
47492.90625
47471.109375
47447.8359375
47424.87890625
47403.4296875
47382.41796875
47360.3671875
47339.81640625
47317.18359375
47295.81640625
47274.4453125
47249.8671875
47226.24609375
47200.83984375
47177.21875
47155.40625
47133.4921875
47112.33984375
47088.734375
47066.18359375
47044.5078125
47020.19140625
46999.21875
46974.34765625
46953.19140625
46931.59375
46909.22265625
46885.71484375
46863.21484375
46838.859375
46819.140625
46795.828125
46774.5859375
46752.79296875
46727.80859375
46705.3046875
46682.23046875
46657.77734375
46635.4609375
46610.71875
46589.60546875
46566.29296875
46544.328125
46521.37890625
46498.5078125
46477.62109375
46455.61328125
46434.07421875
46411.48046875
46388.453125
46367.3828125
46346.8828125
46326.7734375
46305.9375
46283.234375
46261.2265625
46239.1640625
46216.58203125
46194.48828125
46172.18359375
46148.3359375
46125.3515625
46104.44921875
46083.02734375
46063.26953125
46041.46484375
46021.22265625
46000.44140625
45981.12890625
45960.703125
45940.8046875
45922.375
45905.07421875
45883.0390625
45862.9375
45838.5
45815.6015625
45790.91015625
45766.81640625
45745.34375
45722.0234375
45700.5625
45680.75
45660.37890625
45639.50390625
45618.66015625
45597.75
45577.0390625
45556.62890625
45536.671875
45512.046875
45487.53515625
45462.76953125
45437.421875
45412.76953125
45388.2421875
45367.046875
45343.87109375
45321.66796875
45298.2734375
45274.64453125
45252.7265625
45229.08984375
45206.88671875
45183.7734375
45162.05078125
45140.625
45118.80859375
45097.35546875
45076.3359375
45054.87890625
45033.078125
45010.28125
44989.4140625
44968.80859375
44948.1015625
44925.9765625
44904.4296875
44886.1328125
44865.0625
44843.2890625
