15768.177734375
15752.349609375
15737.775390625
15724.353515625
15711.9365234375
15700.4501953125
15689.7822265625
15679.787109375
15670.3984375
15661.4814453125
15652.990234375
15644.8154296875
15636.89453125
15629.216796875
15621.7373046875
15614.421875
15607.2802734375
15600.302734375
15593.490234375
15586.8408203125
15580.3505859375
15574.0390625
15567.8984375
15561.939453125
15556.1669921875
15550.560546875
15545.1328125
15539.869140625
15534.7802734375
15529.837890625
15525.041015625
15520.400390625
15515.89453125
15511.521484375
15507.26953125
15503.1494140625
15499.14453125
15495.24609375
15491.4736328125
15487.8056640625
15484.24609375
15480.787109375
15477.4306640625
15474.1748046875
15471.01953125
15467.9599609375
15464.9814453125
15462.0908203125
15459.2890625
15456.5625
15453.921875
15451.3544921875
15448.8671875
15446.44140625
15444.09375
15441.8046875
15439.5830078125
15437.4306640625
15435.3330078125
15433.296875
15431.3193359375
15429.40234375
15427.53125
15425.7138671875
15423.94921875
15422.2265625
15420.5615234375
15418.9326171875
15417.3525390625
15415.814453125
15414.318359375
15412.8671875
15411.44921875
15410.0703125
15408.73046875
15407.427734375
15406.15625
15404.9208984375
15403.712890625
15402.546875
15401.404296875
15400.294921875
15399.208984375
15398.15625
15397.1328125
15396.134765625
15395.16015625
15394.21875
15393.2890625
15392.388671875
15391.5166015625
15390.6669921875
15389.83984375
15389.025390625
15388.2392578125
15387.470703125
15386.71875
15385.986328125
15385.27734375
15384.5849609375
15383.9091796875
15383.25
15382.609375
15381.98046875
15381.376953125
15380.7802734375
15380.203125
15379.63671875
15379.0859375
15378.544921875
15378.0224609375
15377.513671875
15377.0146484375
15376.5302734375
15376.056640625
15375.595703125
15375.14453125
15374.70703125
15374.279296875
15373.861328125
15373.4541015625
15373.0546875
15372.6650390625
15372.283203125
15371.919921875
15371.5546875
15371.205078125
15370.8623046875
15370.52734375
15370.197265625
15369.8818359375
15369.5703125
15369.267578125
15368.9677734375
15368.677734375
15368.39453125
15368.115234375
15367.8486328125
15367.580078125
15367.3251953125
15367.072265625
15366.82421875
15366.583984375
15366.3486328125
15366.119140625
15365.8955078125
15365.67578125
15365.4609375
15365.25390625
15365.0537109375
15364.8544921875
15364.65625
15364.466796875
15364.283203125
15364.099609375
15363.9189453125
15363.74609375
15363.5751953125
15363.41015625
15363.248046875
15363.0859375
15362.931640625
15362.7802734375
15362.62890625
15362.4853515625
15362.3408203125
15362.201171875
15362.0634765625
15361.93359375
15361.7998046875
15361.671875
15361.544921875
15361.4228515625
15361.298828125
15361.1806640625
15361.0654296875
15360.94921875
15360.83984375
15360.7314453125
15360.62109375
15360.517578125
15360.4140625
15360.3125
15360.2138671875
15360.115234375
15360.0205078125
15359.92578125
15359.83203125
15359.7412109375
15359.65234375
15359.564453125
15359.478515625
15359.39453125
15359.3115234375
15359.232421875
15359.1484375
15359.0712890625
15358.9921875
15358.91796875
15358.8427734375
2385545728.0
624162.4375
129266104.0
1355450.0
152095.53125
732641.875
114284.1953125
110346.3359375
95131.78125
103903.4296875
448737.90625
75983.4140625
73495.7109375
72876.28125
72533.359375
72279.234375
71989.890625
71713.609375
71444.109375
71102.4765625
70628.8046875
70000.875
69222.4453125
68269.1171875
67155.65625
65955.046875
64718.51171875
63425.93359375
62065.609375
60632.00390625
59175.55078125
57753.0
56413.6171875
55162.45703125
53983.125
52868.3125
51780.5234375
50746.45703125
49769.60546875
48836.0
47943.046875
47090.01171875
46291.1640625
45547.65234375
44845.859375
44176.16015625
43545.44921875
42951.59765625
42392.17578125
41867.25390625
41368.28125
40889.8359375
40426.30078125
39978.14453125
39548.90625
39138.33984375
38745.484375
38367.578125
38005.9140625
37660.3203125
37331.6015625
37016.98828125
36715.796875
36427.55859375
36151.8828125
35887.35546875
35634.09375
35390.6796875
35154.546875
34926.9609375
34707.58984375
34494.828125
34288.98828125
34089.62890625
33895.875
33707.2265625
33523.53125
33344.7890625
33171.53125
33003.765625
32840.66015625
32682.23828125
32529.150390625
32379.25
32232.912109375
32090.3203125
31951.525390625
31815.689453125
31683.486328125
31553.498046875
31425.990234375
31301.375
31179.3046875
31059.869140625
30943.234375
30829.4453125
30717.611328125
30608.341796875
30501.12890625
30395.640625
30292.12890625
30190.421875
30089.890625
29991.2734375
29894.208984375
29798.439453125
29704.119140625
29611.17578125
29519.15234375
29428.3203125
29338.3515625
29249.7421875
29161.953125
29075.53515625
28989.64453125
28904.6328125
28820.7890625
28738.943359375
28656.07421875
28574.697265625
28494.064453125
28414.71875
28336.51171875
28259.7109375
28184.75390625
28108.603515625
28034.80859375
27962.775390625
27892.05078125
27822.73828125
27753.24609375
27686.19140625
27621.298828125
27555.173828125
27491.626953125
27429.83984375
27367.296875
27306.32421875
27246.845703125
27187.29296875
27128.6953125
27071.275390625
27014.30859375
26958.30078125
26902.4765625
26847.45703125
26793.52734375
26739.82421875
26686.65625
26633.90625
26581.876953125
26530.4609375
26479.4921875
26429.3125
26379.421875
26330.10546875
26281.431640625
26233.080078125
26185.697265625
26139.0546875
26093.37109375
26047.66796875
26001.814453125
25956.58203125
25912.5859375
25868.32421875
25824.3671875
25781.423828125
25738.9921875
25696.5546875
25654.7265625
25613.607421875
25572.208984375
25531.62109375
25491.224609375
25451.10546875
25411.34765625
25371.984375
25333.0390625
25294.48046875
25256.537109375
25218.69921875
25181.55859375
25144.52734375
25107.90234375
25071.63671875
25035.55859375
24999.791015625
24963.83203125
24928.267578125
24892.4609375
24856.728515625
24820.943359375
24785.216796875
24749.517578125
24714.03515625
24678.60546875
24643.5546875
24608.71875
24574.642578125
24540.0078125
24503.783203125
24467.19140625
24433.6796875
24400.04296875
24364.326171875
24329.283203125
24296.634765625
24263.26171875
24229.79296875
24197.37890625
24165.75
24133.61328125
24103.064453125
24071.94921875
24040.892578125
24010.630859375
23981.13671875
23951.21484375
23921.732421875
23893.20703125
23864.578125
23835.966796875
23807.8125
23780.02734375
23752.08984375
23724.44921875
23697.14453125
23670.3515625
23642.90625
23617.080078125
23588.5859375
23561.46875
23535.412109375
23509.42578125
23485.51953125
23455.96875
23436.419921875
23437.7734375
23413.421875
23375.505859375
23355.75
23334.685546875
23308.28125
23280.19921875
23255.328125
23245.052734375
23217.626953125
23167.947265625
23166.109375
23122.61328125
23101.640625
23052.23046875
23043.7421875
23008.09765625
22975.79296875
22947.80859375
22934.375
22895.01953125
22873.2890625
22842.046875
22819.51953125
22790.11328125
22769.1015625
22736.759765625
22712.748046875
22689.52734375
22660.96484375
22638.12890625
22612.1796875
22587.61328125
22561.8359375
22538.423828125
22513.51953125
22489.05078125
22465.25390625
22438.84765625
22414.8828125
22390.76953125
22366.921875
22343.263671875
22319.97265625
22296.4375
22273.376953125
22250.296875
22227.361328125
22204.91015625
22182.310546875
22160.28515625
22137.8984375
22116.75
22094.19140625
22072.0234375
22050.109375
22028.93359375
22007.689453125
21986.58203125
21965.76171875
21945.234375
21924.73828125
21903.84375
21883.11328125
21862.8125
21842.67578125
21822.716796875
21803.220703125
21784.162109375
21765.234375
21746.31640625
21728.13671875
21710.97265625
21695.7578125
21682.65234375
21663.6875
21637.9921875
21617.125
21605.62890625
21589.251953125
21567.76953125
21552.111328125
21532.015625
21508.5859375
21495.6484375
21481.5859375
21460.064453125
21445.310546875
21432.5859375
21412.923828125
21394.126953125
21377.00390625
21361.318359375
21347.41796875
21328.71875
21311.939453125
21298.80078125
21280.87109375
21262.064453125
21248.48046875
21235.04296875
21220.234375
21205.294921875
21189.0625
21172.05078125
21157.224609375
21143.421875
21128.7890625
21112.51171875
21096.390625
21082.84765625
21069.830078125
21052.986328125
21037.517578125
21026.626953125
21011.884765625
20999.05078125
20984.830078125
20972.48046875
20959.779296875
20945.234375
20931.02734375
20917.79296875
20904.81640625
20892.009765625
20879.8359375
20867.349609375
20853.533203125
20840.380859375
20828.3359375
20815.994140625
20802.822265625
20791.271484375
20785.96484375
20769.546875
20756.27734375
20744.06640625
20732.8203125
20721.802734375
20710.65234375
20699.306640625
20688.1796875
20677.2265625
20665.724609375
20653.8125
20642.1171875
20630.818359375
20619.53515625
20608.34375
20596.884765625
20585.48828125
20574.1171875
20562.736328125
20551.080078125
20539.021484375
20526.91796875
20515.259765625
20503.86328125
20492.869140625
20481.41015625
20470.60546875
20458.9921875
20467.19921875
20450.62109375
20427.6328125
20418.43359375
20409.2578125
20399.732421875
20389.978515625
20379.95703125
20370.15234375
20361.30078125
20352.798828125
20346.833984375
20334.35546875
20321.798828125
20309.681640625
20300.9921875
20294.4921875
20281.361328125
20268.453125
20256.759765625
20244.484375
20233.7109375
20222.685546875
20213.6484375
20203.265625
20188.52734375
20176.48828125
20167.98828125
20156.14453125
20144.19140625
20133.8125
20124.34375
20114.86328125
20106.05078125
20112.37109375
20101.376953125
20088.6640625
20075.7578125
20064.703125
20054.8515625
20046.248046875
20036.466796875
20026.4609375
20016.533203125
20007.546875
19998.9921875
19990.26953125
19980.78515625
19971.359375
19962.60546875
19954.1796875
19944.875
19934.9765625
19924.638671875
19914.669921875
19905.1953125
19896.09765625
19887.83984375
19880.162109375
19872.77734375
19862.689453125
19850.80078125
19838.9375
19829.875
19822.08984375
19813.326171875
19803.791015625
19794.388671875
19786.93359375
19791.390625
19772.04296875
19763.65234375
19755.85546875
19748.6171875
19742.20703125
19735.03125
19727.7734375
19720.6328125
19714.2578125
19707.6015625
19700.84765625
19693.00390625
19683.806640625
19673.2421875
19663.015625
19654.203125
19646.8671875
19639.330078125
19630.330078125
19619.982421875
19610.37109375
19602.4140625
19595.05078125
19586.435546875
19576.00390625
19566.1640625
19571.9140625
19563.5
19563.36328125
19562.15625
19560.79296875
19560.908203125
19560.77734375
19559.63671875
19557.3515625
19554.9296875
19551.98828125
19548.208984375
19542.927734375
19537.015625
19530.115234375
19522.35546875
19514.142578125
19505.9375
19498.109375
19488.546875
19478.66796875
19467.642578125
19457.63671875
19447.751953125
19438.3203125
19428.46875
19418.75
19409.318359375
19399.7890625
19390.2421875
19380.79296875
19371.69140625
19363.044921875
19354.564453125
19346.25
19338.07421875
19330.029296875
19321.947265625
19314.287109375
19306.93359375
19299.939453125
19293.11328125
19286.40234375
19279.740234375
19272.6953125
19265.3203125
19257.9375
19250.892578125
19243.994140625
19237.08984375
19230.103515625
19223.71875
19217.234375
19211.4921875
19204.96484375
19197.8359375
19190.021484375
19182.037109375
19175.17578125
19168.93359375
19163.076171875
19155.435546875
19145.892578125
19134.578125
19123.26953125
19112.4375
19103.0
19093.609375
19084.412109375
19074.69140625
19065.515625
19057.375
19056.46875
19064.91796875
19137.310546875
19217.015625
19291.720703125
19610.478515625
19556.046875
19818.357421875
19814.97265625
19722.82421875
19623.732421875
19557.98828125
19504.056640625
19444.158203125
19370.94921875
19264.3203125
19221.85546875
19243.765625
19180.29296875
19156.75
19136.81640625
19101.21484375
19057.05859375
19032.755859375
19019.169921875
19005.3125
18993.51953125
18979.4765625
18959.91015625
18941.537109375
18927.318359375
18920.091796875
18913.87109375
18901.6015625
18886.99609375
18873.498046875
18858.888671875
18844.408203125
18831.91796875
18820.634765625
18813.6015625
18805.90234375
18797.11328125
18788.87109375
18783.21875
18777.8984375
18771.01953125
18761.83984375
18753.42578125
18746.240234375
18739.484375
18732.98046875
18727.9921875
18723.46484375
18718.92578125
18712.677734375
18704.720703125
18695.978515625
18689.642578125
18685.185546875
18680.697265625
18674.5234375
18666.314453125
18657.900390625
18650.693359375
18644.529296875
18639.4921875
18634.22265625
18629.099609375
18623.890625
18618.79296875
18614.03125
18609.314453125
18605.265625
18601.671875
18597.826171875
18592.66796875
18585.515625
18577.72265625
18570.162109375
18564.71875
18560.1328125
18556.576171875
18552.33203125
18547.669921875
18541.75390625
18535.7109375
18529.958984375
18524.28515625
18518.05859375
18511.12890625
18504.763671875
18500.060546875
18495.5
18490.67578125
18483.953125
18477.515625
18471.5234375
18467.0
18462.716796875
18458.46484375
18454.01953125
18450.490234375
18447.5234375
18444.58203125
18439.07421875
18431.869140625
18423.4140625
18416.966796875
18412.095703125
18408.173828125
18402.806640625
18395.978515625
18388.515625
18382.640625
18378.822265625
18376.0234375
18371.953125
18365.171875
18356.42578125
18347.818359375
18341.3125
18336.578125
18332.451171875
18327.4296875
18321.142578125
18314.775390625
18309.234375
18305.197265625
18301.203125
18296.71875
18290.689453125
18284.34765625
18277.771484375
18271.921875
18266.0703125
18260.3671875
18254.17578125
18248.1328125
18242.01953125
18236.16796875
18229.978515625
18224.1953125
18218.271484375
18213.287109375
18208.59375
18204.5078125
18200.16015625
18195.458984375
18190.4296875
18185.51171875
18181.26953125
18177.912109375
18174.478515625
18171.201171875
18166.55078125
18161.984375
18156.89453125
18152.47265625
18148.8828125
18146.05078125
18144.318359375
18141.447265625
18137.81640625
18132.26171875
18127.76953125
18125.25390625
18121.9765625
18116.080078125
18106.63671875
18097.734375
18091.55859375
18088.541015625
18085.58984375
18081.158203125
18075.36328125
18070.537109375
18066.8125
18063.8515625
18059.5234375
18054.625
18049.408203125
18045.40234375
18041.6015625
18037.84375
18032.9140625
18027.8046875
18022.5
18018.064453125
18013.744140625
18009.59375
18005.24609375
18001.138671875
17997.4375
17994.21484375
17990.994140625
17987.4453125
17983.64453125
17980.2578125
17977.0
17973.94140625
17969.54296875
17965.162109375
17961.76953125
17959.421875
17957.3125
17953.892578125
17948.00390625
17940.23046875
17931.3828125
17923.982421875
17918.92578125
17916.9921875
17916.125
17915.22265625
17912.41015625
17907.77734375
17901.923828125
17896.6796875
17893.03125
17891.056640625
17889.26953125
17885.53125
17879.03515625
17870.611328125
17862.8125
17857.47265625
17854.18359375
17852.08984375
17848.8203125
17844.87890625
17839.93359375
17835.76171875
17831.986328125
17828.78515625
17825.330078125
17822.203125
17818.93359375
17816.3125
17813.546875
17811.81640625
17810.03125
17808.44921875
17803.78125
17796.8828125
17790.05859375
17786.0859375
17783.154296875
17780.08984375
17775.9921875
17772.33203125
17770.0
17767.94921875
17763.76953125
17756.29296875
17748.787109375
17744.07421875
17741.6640625
17738.724609375
17734.3125
17729.09765625
17725.189453125
17720.330078125
17716.83203125
17713.251953125
17709.361328125
17705.248046875
17701.28515625
17698.2109375
17694.515625
17690.98046875
17687.69921875
17684.8515625
17681.85546875
17679.615234375
17677.556640625
17676.3671875
17674.015625
17671.796875
17668.81640625
17665.75390625
17662.130859375
17658.6796875
17655.142578125
17652.3046875
17649.6328125
17647.359375
17644.412109375
17641.4296875
17637.330078125
17632.78515625
17626.984375
17621.55078125
17616.9453125
17614.107421875
17611.3828125
17608.19140625
17603.01953125
17597.009765625
17590.6953125
17585.8203125
17581.748046875
17578.978515625
17575.994140625
17573.349609375
17570.078125
17566.623046875
17562.30078125
17557.6015625
17552.822265625
17549.41796875
17546.90234375
17545.58984375
17543.90625
17541.982421875
17539.248046875
17536.17578125
17532.90234375
17529.6640625
17526.33203125
17522.97265625
17518.958984375
17514.876953125
17510.15234375
17506.302734375
17502.9921875
17500.705078125
17498.35546875
17495.8515625
17492.44921875
17489.10546875
17485.568359375
17482.5625
17479.466796875
17476.314453125
17472.791015625
17469.216796875
17465.623046875
17462.259765625
17458.8828125
17455.845703125
17452.802734375
17450.1640625
17447.623046875
17445.140625
17442.7109375
17439.94921875
17436.609375
17432.86328125
17429.71484375
17427.552734375
17425.787109375
17423.74609375
17420.24609375
17415.927734375
17411.126953125
17407.119140625
17403.50390625
17401.162109375
17399.30859375
17398.916015625
17398.45703125
17397.62890625
17394.64453125
17390.490234375
17385.71875
17382.8359375
17380.1171875
17377.56640625
17372.578125
17366.3828125
17360.060546875
17356.294921875
17354.740234375
17354.62890625
17352.8671875
17349.4296875
17344.8125
17342.095703125
17340.7109375
17340.56640625
17337.751953125
17332.3828125
17324.78515625
17317.87890625
17313.9375
17317.09765625
17336.626953125
17351.267578125
17327.3515625
17299.603515625
17326.189453125
17300.84375
17293.69921875
17301.060546875
17277.677734375
17288.453125
17275.126953125
17279.388671875
17271.07421875
17265.287109375
17257.830078125
17249.01953125
17247.775390625
17241.37109375
17242.5625
17235.142578125
17233.443359375
17226.51953125
17222.99609375
17218.189453125
17214.17578125
17211.087890625
17207.154296875
17204.01953125
17198.677734375
17194.431640625
17188.837890625
17185.388671875
17180.7890625
17178.50390625
17174.61328125
17174.19921875
17172.181640625
17172.32421875
17169.671875
17167.017578125
17162.044921875
17157.169921875
17152.98828125
17150.615234375
17148.95703125
17147.966796875
17122.08984375
17125.3671875
17130.703125
17110.607421875
17121.1796875
17114.09765625
17104.75390625
17112.666015625
17101.46484375
17100.08203125
17101.92578125
17092.921875
17094.0859375
17091.509765625
17085.875
17086.330078125
17082.09375
17078.837890625
17077.63671875
17073.669921875
17071.634765625
17069.2265625
17066.162109375
17064.185546875
17061.333984375
17059.05078125
17056.826171875
17053.927734375
17051.83984375
17049.498046875
17046.818359375
17044.84375
17042.30078125
17039.8515625
17037.845703125
17035.30078125
17033.013671875
17030.88671875
17028.421875
17026.1328125
17023.87890625
17021.5234375
17019.294921875
17017.103515625
17014.7265625
17012.51171875
17010.28125
17008.001953125
17005.78125
17003.58203125
17001.25390625
16999.0703125
16996.828125
16994.55859375
16992.3828125
16990.1640625
16987.9609375
16985.794921875
16983.5390625
16981.357421875
16979.0859375
16976.875
16974.673828125
16972.50390625
16970.28515625
16968.0625
16965.83984375
16963.640625
16961.48828125
16959.251953125
16956.986328125
16954.814453125
16952.5
16950.34375
16948.125
16945.93359375
16943.689453125
16941.453125
16939.23828125
16936.951171875
16934.70703125
16932.48046875
16930.2578125
16928.015625
16925.76953125
16923.578125
16921.32421875
16919.03125
16916.8125
16914.587890625
16912.369140625
16910.10546875
16907.814453125
16905.611328125
16903.369140625
16901.0859375
16898.79296875
16896.54296875
16894.3046875
16892.04296875
16889.681640625
16887.35546875
16885.02734375
16882.728515625
16880.359375
16877.998046875
16875.6640625
16873.291015625
16870.916015625
16868.578125
16866.064453125
16863.73046875
16861.388671875
16859.005859375
16856.64453125
16854.25
16851.923828125
16849.490234375
16847.0625
16844.640625
16842.234375
16839.76171875
16837.349609375
16834.921875
16832.498046875
16830.046875
16827.673828125
16825.36328125
16823.12109375
16820.8671875
16818.71875
16816.59375
16814.4140625
16812.2578125
16810.0234375
16807.806640625
16805.66015625
16803.5390625
16801.46875
16799.29296875
16797.20703125
16795.041015625
16793.0546875
16790.94140625
16788.90234375
16786.892578125
16784.853515625
16782.94921875
16780.92578125
16778.8671875
16776.6796875
16774.50390625
16772.357421875
16770.267578125
16768.24609375
16766.34765625
16764.248046875
16762.138671875
16760.0390625
16757.95703125
16755.96875
16753.974609375
16752.0390625
16749.92578125
16747.900390625
16745.841796875
16743.779296875
16741.7890625
16739.8359375
16737.8203125
16735.833984375
16733.75390625
16731.751953125
16729.76171875
16727.74609375
16725.765625
16723.734375
16721.80859375
16719.822265625
16717.87890625
16715.82421875
16713.90625
16711.9296875
16709.96484375
16708.03515625
16706.03515625
16704.1015625
16702.205078125
16700.234375
16698.29296875
16696.419921875
16694.46875
16692.55859375
16690.59765625
16688.720703125
16686.78515625
16684.888671875
16682.90625
16681.01171875
16679.14453125
16677.23046875
16675.337890625
16673.4140625
16671.521484375
16669.615234375
16667.7265625
16665.86328125
16664.01171875
16662.037109375
16660.14453125
16658.275390625
16656.3828125
16654.5390625
16652.68359375
16650.76953125
16648.86328125
16646.9453125
16645.16796875
16643.203125
16641.37109375
16639.4609375
16637.69140625
16635.734375
16633.87109375
16632.03125
16630.166015625
16628.32421875
16626.423828125
16624.640625
16622.69140625
16620.8671875
16619.021484375
16617.2109375
16615.306640625
16613.50390625
16611.626953125
16609.736328125
16607.8671875
16606.087890625
16604.234375
16602.412109375
16600.568359375
16598.76171875
16596.84765625
16595.1015625
16593.23046875
16591.388671875
16589.5859375
16587.75
16585.919921875
16584.091796875
16582.28125
16580.517578125
16578.80859375
16577.25390625
16575.728515625
16574.453125
16572.7890625
16570.62890625
16568.03125
16565.84375
16564.3515625
16562.92578125
16560.9765625
16558.7109375
16556.759765625
16555.26171875
16553.6015625
16551.515625
16549.529296875
16547.849609375
16546.109375
16544.138671875
16542.23828125
16540.515625
16538.8125
16536.92578125
16535.033203125
16533.2734375
16531.5546875
16529.703125
16527.90234375
16526.28515625
16524.78515625
16523.484375
16522.431640625
16521.654296875
16520.71484375
16518.720703125
16515.59765625
16512.123046875
16509.734375
16508.537109375
16507.478515625
16505.611328125
16502.9296875
16500.37890625
16498.537109375
16497.14453125
16495.380859375
16492.96484375
16490.505859375
16488.26171875
16486.162109375
16483.73828125
16480.693359375
16477.275390625
16473.775390625
16470.794921875
16468.5390625
16466.91015625
16465.408203125
16463.951171875
16461.734375
16459.1328125
16456.6640625
16454.37890625
16452.53515625
16450.919921875
16449.12109375
16447.189453125
16445.23828125
16443.26953125
16441.2890625
16439.26171875
16437.3984375
16435.4765625
16433.6328125
16431.77734375
16429.951171875
16428.11328125
16426.3203125
16424.435546875
16422.6875
16421.080078125
16419.65234375
16418.28125
16416.8046875
16415.154296875
16413.068359375
16410.609375
16408.015625
16405.8203125
16403.98828125
16402.4609375
16400.8125
16399.033203125
16396.916015625
16394.78125
16392.79296875
16390.93359375
16389.28125
16387.626953125
16385.80078125
16383.79296875
16381.8720703125
16379.89453125
16378.1025390625
16376.3857421875
16374.6201171875
16372.828125
16370.96875
16369.0546875
16367.1845703125
16365.3134765625
16363.55078125
16361.7724609375
16360.013671875
16358.1865234375
16356.376953125
16354.51953125
16352.69140625
16350.857421875
16349.029296875
16347.28125
16345.462890625
16343.66796875
16341.830078125
16340.03515625
16338.2109375
16336.4150390625
16334.58203125
16332.78125
16330.92578125
16329.142578125
16327.302734375
16325.51171875
16323.6982421875
16321.8984375
16320.048828125
16318.236328125
16316.451171875
16314.69140625
16312.8154296875
16310.95703125
16309.17578125
16307.37890625
16305.56640625
16303.744140625
16301.951171875
16300.115234375
16298.3515625
16296.53515625
16294.7919921875
16292.9453125
16291.1328125
16289.3115234375
16287.548828125
16285.7890625
16284.044921875
16282.2705078125
16280.4638671875
16278.65625
16276.939453125
16275.1767578125
16273.3759765625
16271.6083984375
16269.8671875
16268.115234375
16266.419921875
16264.7353515625
16263.08984375
16261.494140625
16260.09765625
16258.7109375
16257.2685546875
16255.654296875
16253.5966796875
16251.2626953125
16248.908203125
16246.9912109375
16245.3876953125
16243.998046875
16242.359375
16240.5556640625
16238.517578125
16236.65234375
16234.87109375
16233.1982421875
16231.580078125
16229.8876953125
16228.3828125
16226.787109375
16225.4404296875
16224.2333984375
16223.4765625
16222.333984375
16221.5693359375
16219.9599609375
16218.767578125
16217.61328125
16216.97265625
16215.6669921875
16213.9453125
16210.94921875
16207.470703125
16204.2548828125
16202.0830078125
16200.7275390625
16199.771484375
16198.5498046875
16196.755859375
16194.544921875
16192.2841796875
16190.482421875
16189.009765625
16187.90625
16186.57421875
16185.341796875
16183.501953125
16181.7880859375
16179.919921875
16178.76953125
16177.8388671875
16177.794921875
16177.05859375
16175.853515625
16172.673828125
16168.9169921875
16165.412109375
16163.2138671875
16162.013671875
16161.1806640625
16160.14453125
16158.58203125
16157.0009765625
16155.216796875
16152.8203125
16149.923828125
16147.080078125
16144.8974609375
16143.6748046875
16142.74609375
16141.4755859375
16139.525390625
16137.0751953125
16134.896484375
16133.2236328125
16131.8876953125
16130.4208984375
16128.890625
16127.232421875
16125.890625
16124.9189453125
16123.994140625
16122.986328125
16121.4599609375
16119.70703125
16117.67578125
16115.6796875
16113.9111328125
16112.609375
16111.73046875
16111.2978515625
16111.041015625
16110.66015625
16109.59765625
16107.5517578125
16104.5361328125
16101.625
16099.482421875
16098.3427734375
16097.7578125
16096.9267578125
16095.6787109375
16094.2080078125
16093.021484375
16092.1455078125
16091.083984375
16089.5947265625
16087.6748046875
16085.9443359375
16084.6728515625
16083.7431640625
16082.8203125
16081.76953125
16080.5390625
16079.3203125
16078.34765625
16077.5810546875
16076.6171875
16075.453125
16073.94921875
16072.46875
16070.8359375
16069.3095703125
16067.8359375
16066.271484375
16064.0869140625
16061.3251953125
16058.18359375
16055.41015625
16053.640625
16052.369140625
16051.470703125
16050.0244140625
16047.939453125
16045.453125
16043.3720703125
16041.833984375
16041.2900390625
16041.283203125
16041.3857421875
16041.3759765625
16040.435546875
16039.0322265625
16036.05859375
16032.9599609375
16029.5908203125
16027.619140625
16026.1796875
16025.291015625
16023.96875
16022.103515625
16019.7109375
16017.2890625
16015.5234375
16014.0380859375
16012.8017578125
16011.35546875
16009.634765625
16007.908203125
16006.34765625
16005.240234375
16004.9296875
16005.193359375
16005.57421875
16005.076171875
16002.583984375
15998.1640625
15993.228515625
15989.806640625
15988.27734375
15987.765625
15986.875
15984.892578125
15982.4248046875
15980.68359375
15980.0244140625
15979.8076171875
15979.087890625
15977.46484375
15975.0400390625
15972.4814453125
15970.0546875
15967.935546875
15966.0478515625
15964.341796875
15963.11328125
15962.16796875
15961.76953125
15961.3076171875
15960.671875
15959.712890625
15958.5634765625
15957.044921875
15955.1728515625
15952.794921875
15949.9013671875
15946.6513671875
15943.71484375
15941.5087890625
15940.25390625
15939.787109375
15939.4130859375
15938.7734375
15937.5029296875
15935.734375
15933.9775390625
15932.21875
15930.87109375
15929.607421875
15928.462890625
15927.0458984375
15925.53125
15923.68359375
15921.841796875
15920.2646484375
15918.984375
15917.7900390625
15916.412109375
15914.810546875
15912.87890625
15910.8388671875
15908.7724609375
15906.7197265625
15904.74609375
15902.8251953125
15901.2900390625
15899.896484375
15898.51953125
15896.994140625
15895.33984375
15893.5283203125
15891.7998046875
15889.974609375
15888.57421875
15887.0546875
15885.63671875
15883.783203125
15881.9140625
15879.8896484375
15878.1181640625
15876.470703125
15875.1796875
15873.982421875
15873.1826171875
15872.3818359375
15871.8515625
15870.96875
15869.8984375
15868.482421875
15866.9052734375
15865.416015625
15863.990234375
15862.6103515625
15861.30078125
15859.88671875
15858.48046875
15857.2275390625
15856.3037109375
15855.4541015625
15854.9140625
15853.97265625
15852.767578125
15850.779296875
15848.486328125
15846.322265625
15844.490234375
15843.060546875
15841.8359375
15840.61328125
15839.5537109375
15838.6513671875
15838.15234375
15837.865234375
15837.564453125
15836.904296875
15835.7041015625
15834.0947265625
15832.21484375
15830.189453125
15828.1474609375
15826.15234375
15824.525390625
15823.126953125
15822.0146484375
15820.7001953125
15819.232421875
15816.8251953125
15814.083984375
15810.56640625
15807.310546875
15804.5078125
15802.548828125
15801.0693359375
15799.6240234375
15797.7490234375
15795.5087890625
15793.2216796875
15791.1728515625
15789.43359375
15787.744140625
15786.138671875
15784.330078125
15782.546875
15780.70703125
15779.078125
15777.544921875
15776.2216796875
15774.9306640625
15773.966796875
15772.71875
15771.7685546875
15770.6865234375
15770.0078125
15769.4228515625
15769.130859375
15768.8271484375
15768.2587890625
15767.1025390625
15765.66015625
15763.912109375
15762.115234375
15760.587890625
15759.5693359375
15758.9560546875
15758.572265625
15758.2509765625
15757.630859375
15756.435546875
15754.6494140625
15752.53125
15750.337890625
15748.041015625
15746.2509765625
15744.6640625
15743.33984375
15741.931640625
15740.302734375
15738.55859375
15736.69921875
15735.099609375
15733.8896484375
15733.0087890625
15732.26953125
15731.4013671875
15730.2001953125
15728.345703125
15725.9990234375
15723.0791015625
15720.23046875
15717.599609375
15715.9912109375
15714.8583984375
15714.2109375
15713.2763671875
15712.154296875
15710.21875
15708.4765625
15706.5029296875
15705.2685546875
15704.4521484375
15704.15234375
15703.7734375
15703.3544921875
15702.783203125
15702.580078125
15702.693359375
15703.728515625
15705.087890625
15706.7138671875
15707.234375
15707.0263671875
15705.689453125
15704.3896484375
15702.884765625
15701.4765625
15699.580078125
15697.56640625
15694.4736328125
15691.099609375
15686.51953125
15681.9814453125
15677.34765625
15673.8017578125
15671.2001953125
15670.0458984375
15669.490234375
15668.8466796875
15667.6435546875
15665.6142578125
15662.9130859375
15660.158203125
15657.4951171875
15655.396484375
15653.6689453125
15652.578125
15651.814453125
15651.2724609375
15650.7060546875
15649.76953125
15648.25
15646.015625
15643.666015625
15641.1640625
15638.951171875
15636.8671875
15634.755859375
15632.6875
15630.59765625
15628.9384765625
15627.294921875
15626.1201171875
15624.69921875
15623.6357421875
15621.9814453125
15620.5341796875
15618.701171875
15617.19140625
15615.728515625
15614.69921875
15613.728515625
15612.87890625
15611.65625
15610.115234375
15608.419921875
15607.01953125
15606.1337890625
15605.677734375
15605.2783203125
15604.91796875
15604.080078125
15603.28515625
15602.2724609375
15601.69140625
15600.64453125
15599.775390625
15598.236328125
15596.8955078125
15595.5126953125
15594.76953125
15594.4833984375
15594.6865234375
15594.837890625
15595.0234375
15594.94921875
15594.900390625
15594.62109375
15594.21875
15593.228515625
15591.904296875
15589.82421875
15587.498046875
15584.53125
15581.8125
15578.8505859375
15576.484375
15574.95703125
15574.302734375
15576.384765625
15575.0869140625
15572.81640625
15568.2607421875
15567.6982421875
15568.8525390625
15565.9951171875
15560.8720703125
15557.30859375
15555.615234375
15552.9453125
15549.7880859375
15547.232421875
15545.078125
15542.41015625
15540.12890625
15537.9365234375
15535.787109375
15533.76171875
15532.5693359375
15531.927734375
15531.1201171875
15529.6806640625
15528.3994140625
15526.931640625
15525.03125
15522.8505859375
15521.3828125
15519.453125
15517.2265625
15514.8994140625
15513.23828125
15511.2900390625
15509.794921875
15508.68359375
15507.9404296875
15506.966796875
15506.39453125
15505.720703125
15505.203125
15504.380859375
15503.6494140625
15502.595703125
15501.5703125
15500.6669921875
15500.09375
15499.392578125
15498.88671875
15497.927734375
15496.953125
15495.19140625
15493.533203125
15491.9580078125
15491.1650390625
15491.0654296875
15491.9130859375
15493.068359375
15494.072265625
15494.66796875
15494.369140625
15493.517578125
15491.60546875
15488.94921875
15485.3955078125
15481.365234375
15477.9833984375
15476.0029296875
15475.396484375
15475.158203125
15474.4462890625
15472.7392578125
15470.53125
15468.359375
15466.59375
15465.0078125
15463.3388671875
15461.3583984375
15459.5263671875
15457.88671875
15456.71484375
15455.408203125
15454.234375
15452.921875
15452.404296875
15452.169921875
15452.333984375
15451.373046875
15449.0078125
15445.439453125
15442.1279296875
15440.0322265625
15438.96484375
15437.953125
15436.373046875
15434.1669921875
15432.1474609375
15430.7119140625
15430.0537109375
15429.3330078125
15428.30859375
15426.435546875
15424.53125
15422.37890625
15421.12109375
15419.927734375
15419.140625
15418.1484375
15417.240234375
15416.2587890625
15415.6845703125
15414.9521484375
15414.3173828125
15413.1103515625
15411.830078125
15410.4443359375
15409.541015625
15408.5029296875
15407.74609375
15406.84765625
