15768.177734375
15752.349609375
15737.775390625
15724.353515625
15711.9365234375
15700.4501953125
15689.7822265625
15679.787109375
15670.3984375
15661.4814453125
15652.990234375
15644.8154296875
15636.89453125
15629.216796875
15621.7373046875
15614.421875
15607.2802734375
15600.302734375
15593.490234375
15586.8408203125
15580.3505859375
15574.0390625
15567.8984375
15561.939453125
15556.1669921875
15550.560546875
15545.1328125
15539.869140625
15534.7802734375
15529.837890625
15525.041015625
15520.400390625
15515.89453125
15511.521484375
15507.26953125
15503.1494140625
15499.14453125
15495.24609375
15491.4736328125
15487.8056640625
15484.24609375
15480.787109375
15477.4306640625
15474.1748046875
15471.01953125
15467.9599609375
15464.9814453125
15462.0908203125
15459.2890625
15456.5625
15453.921875
15451.3544921875
15448.8671875
15446.44140625
15444.09375
15441.8046875
15439.5830078125
15437.4306640625
15435.3330078125
15433.296875
15431.3193359375
15429.40234375
15427.53125
15425.7138671875
15423.94921875
15422.2265625
15420.5615234375
15418.9326171875
15417.3525390625
15415.814453125
15414.318359375
15412.8671875
15411.44921875
15410.0703125
15408.73046875
15407.427734375
15406.15625
15404.9208984375
15403.712890625
15402.546875
15401.404296875
15400.294921875
15399.208984375
15398.15625
15397.1328125
15396.134765625
15395.16015625
15394.21875
15393.2890625
15392.388671875
15391.5166015625
15390.6669921875
15389.83984375
15389.025390625
15388.2392578125
15387.470703125
15386.71875
15385.986328125
15385.27734375
15384.5849609375
15383.9091796875
15383.25
15382.609375
15381.98046875
15381.376953125
15380.7802734375
15380.203125
15379.63671875
15379.0859375
15378.544921875
15378.0224609375
15377.513671875
15377.0146484375
15376.5302734375
15376.056640625
15375.595703125
15375.14453125
15374.70703125
15374.279296875
15373.861328125
15373.4541015625
15373.0546875
15372.6650390625
15372.283203125
15371.919921875
15371.5546875
15371.205078125
15370.8623046875
15370.52734375
15370.197265625
15369.8818359375
15369.5703125
15369.267578125
15368.9677734375
15368.677734375
15368.39453125
15368.115234375
15367.8486328125
15367.580078125
15367.3251953125
15367.072265625
15366.82421875
15366.583984375
15366.3486328125
15366.119140625
15365.8955078125
15365.67578125
15365.4609375
15365.25390625
15365.0537109375
15364.8544921875
15364.65625
15364.466796875
15364.283203125
15364.099609375
15363.9189453125
15363.74609375
15363.5751953125
15363.41015625
15363.248046875
15363.0859375
15362.931640625
15362.7802734375
15362.62890625
15362.4853515625
15362.3408203125
15362.201171875
15362.0634765625
15361.93359375
15361.7998046875
15361.671875
15361.544921875
15361.4228515625
15361.298828125
15361.1806640625
15361.0654296875
15360.94921875
15360.83984375
15360.7314453125
15360.62109375
15360.517578125
15360.4140625
15360.3125
15360.2138671875
15360.115234375
15360.0205078125
15359.92578125
15359.83203125
15359.7412109375
15359.65234375
15359.564453125
15359.478515625
15359.39453125
15359.3115234375
15359.232421875
15359.1484375
15359.0712890625
15358.9921875
15358.91796875
15358.8427734375
603678080.0
733403.8125
198217.03125
4159513.5
440385.09375
184769.09375
130852.75
99839.859375
96880.125
102001.8671875
110706.6953125
117400.171875
121972.09375
124662.1640625
124050.3359375
120685.03125
115195.7265625
109063.0703125
103215.234375
97988.8203125
93285.515625
89284.875
85798.6015625
82887.9375
80429.2890625
78286.125
76441.4296875
74757.484375
73216.6953125
71835.3828125
70601.890625
69459.359375
68370.5078125
67348.015625
66408.484375
65546.6875
64725.3359375
63912.8984375
63092.28515625
62272.5703125
61470.42578125
60703.28125
59979.5625
59290.2421875
58626.609375
57987.55078125
57373.62890625
56786.1015625
56223.23828125
55676.46875
55141.1953125
54616.72265625
54107.44140625
53617.8359375
53146.57421875
52692.42578125
52253.87109375
51830.109375
51420.58984375
51021.9375
50632.18359375
50252.4609375
49884.15625
49528.1484375
49184.2265625
48851.6328125
48529.6796875
48216.24609375
47911.65234375
47615.1015625
47327.44921875
47048.015625
46776.8671875
46513.54296875
46256.81640625
46005.4453125
45758.7109375
45517.26171875
45281.3046875
45050.78125
44826.65625
44607.6953125
44393.2578125
44184.04296875
43981.72265625
43780.5625
43589.97265625
43391.1171875
43210.7734375
43025.6796875
42854.59375
42666.77734375
42483.59375
42330.9140625
42148.125
41993.71484375
41833.23046875
41656.40234375
41504.140625
41345.12109375
41189.26171875
41045.64453125
40893.62890625
40742.078125
40610.8515625
40460.96484375
40330.9140625
40192.1953125
40049.66015625
39926.15625
39786.31640625
39660.19140625
39534.65234375
39404.41015625
39285.328125
39160.58984375
39041.55859375
38924.58203125
38806.50390625
38693.78515625
38579.859375
38469.62890625
38360.3203125
38252.18359375
38147.046875
38041.7421875
37939.74609375
37837.9453125
37738.50390625
37640.91796875
37544.51171875
37450.3828125
37356.6875
37265.26171875
37174.203125
37085.015625
36996.16015625
36908.25390625
36821.35546875
36735.2578125
36650.1875
36565.60546875
36482.2265625
36399.5078125
36318.00390625
36237.24609375
36157.34765625
36078.43359375
36000.1640625
35922.65625
35845.65234375
35769.52734375
35693.921875
35619.26171875
35544.83984375
35471.296875
35398.6171875
35326.58984375
35255.28125
35184.78125
35115.48046875
35047.19921875
34978.55078125
34909.56640625
34843.44140625
34776.57421875
34710.56640625
34646.64453125
34581.74609375
34516.1015625
34451.515625
34389.2265625
34326.61328125
34263.1796875
34202.48828125
34141.2109375
34079.734375
34019.81640625
33960.37109375
33900.421875
33841.49609375
33783.2265625
33724.5859375
33666.71484375
33609.1171875
33551.421875
33494.2421875
33437.359375
33379.6484375
33322.49609375
33265.265625
33208.31640625
33151.7109375
33096.8359375
33047.2421875
33054.8046875
33082.3359375
32908.13671875
32927.29296875
32817.71484375
32770.16796875
32739.62109375
32638.373046875
32619.708984375
32542.44140625
32491.115234375
32449.8828125
32381.953125
32342.93359375
32286.6640625
32232.48828125
32187.0546875
32131.609375
32084.341796875
32036.875
31985.130859375
31938.48046875
31889.25
31840.39453125
31793.75
31745.1171875
31698.16015625
31652.20703125
31605.97265625
31559.466796875
31514.068359375
31467.77734375
31422.462890625
31378.0078125
31333.39453125
31289.64453125
31245.30859375
31202.193359375
31158.05078125
31114.345703125
31071.53515625
31028.60546875
30986.56640625
30944.37109375
30902.5703125
30860.390625
30818.34765625
30776.7890625
30735.40234375
30694.470703125
30653.80078125
30613.125
30572.423828125
30532.390625
30491.861328125
30451.904296875
30411.96875
30372.37109375
30333.20703125
30293.765625
30255.228515625
30216.822265625
30178.66015625
30140.05078125
30101.390625
30062.46484375
30024.5390625
29987.134765625
29949.9609375
29912.66796875
29875.07421875
29837.830078125
29801.16796875
29765.037109375
29728.72265625
29692.810546875
29656.109375
29619.96875
29584.005859375
29548.326171875
29512.970703125
29477.51953125
29442.361328125
29407.30859375
29372.701171875
29338.2109375
29304.515625
29269.9296875
29236.0546875
29202.24609375
29169.33203125
29136.0
29104.412109375
29068.109375
29033.337890625
29000.775390625
28968.939453125
28937.70703125
28902.10546875
28868.837890625
28837.087890625
28805.140625
28773.05859375
28739.951171875
28708.02734375
28677.484375
28646.205078125
28614.09375
28582.748046875
28550.7734375
28519.8828125
28488.310546875
28456.86328125
28425.4140625
28394.7578125
28364.7421875
28334.62890625
28305.15625
28274.12109375
28243.951171875
28214.26953125
28184.953125
28155.845703125
28126.5546875
28097.443359375
28068.4765625
28040.765625
28012.31640625
27984.240234375
27955.01171875
27926.0390625
27897.49609375
27869.671875
27842.00390625
27814.09375
27786.59765625
27759.044921875
27732.69921875
27704.87890625
27677.181640625
27649.29296875
27622.154296875
27596.0
27569.7578125
27543.3984375
27516.45703125
27490.5
27464.2421875
27439.65625
27413.0390625
27387.677734375
27360.916015625
27335.208984375
27309.224609375
27283.962890625
27258.431640625
27233.396484375
27209.017578125
27184.494140625
27160.453125
27135.3515625
27111.265625
27087.296875
27063.619140625
27039.5625
27015.52734375
26991.236328125
26971.14453125
26945.5390625
26921.5703125
26895.369140625
26870.55078125
26847.357421875
26824.80859375
26803.767578125
26778.421875
26755.48828125
26731.84375
26708.74609375
26686.08984375
26662.873046875
26640.90625
26618.92578125
26597.46484375
26575.046875
26553.640625
26530.8671875
26510.61328125
26485.189453125
26462.501953125
26440.703125
26419.67578125
26399.6875
26377.32421875
26358.515625
26332.02734375
26312.05078125
26296.68359375
26272.662109375
26251.46484375
26233.16796875
26213.748046875
26187.357421875
26164.0
26146.859375
26122.71875
26108.037109375
26090.40625
26070.208984375
26041.9296875
26029.4765625
26001.71875
25984.685546875
25962.537109375
25946.08984375
25935.03515625
25916.7421875
25884.0546875
25882.091796875
25870.48046875
25866.259765625
25828.16796875
25794.966796875
25815.630859375
25799.328125
25832.259765625
25810.7109375
25779.39453125
25756.087890625
25727.1484375
25701.90234375
25657.390625
25634.75390625
25612.6015625
25598.044921875
25564.8828125
25545.806640625
25527.578125
25512.9140625
25492.41015625
25466.48828125
25440.201171875
25424.984375
25402.990234375
25381.771484375
25361.794921875
25344.9921875
25327.658203125
25309.390625
25290.08984375
25269.404296875
25250.3125
25233.296875
25215.498046875
25194.830078125
25178.876953125
25160.85546875
25143.662109375
25124.96875
25106.9921875
25087.107421875
25070.677734375
25052.89453125
25036.2734375
25019.34375
25001.931640625
24984.05078125
24967.833984375
24951.1484375
24934.65625
24918.03125
24900.990234375
24884.140625
24867.798828125
24851.10546875
24833.9921875
24817.1640625
24800.900390625
24784.98046875
24768.92578125
24752.076171875
24735.2421875
24718.87890625
24702.791015625
24686.53515625
24669.892578125
24652.751953125
24635.875
24619.85546875
24604.37890625
24589.0703125
24573.41796875
24557.228515625
24540.91796875
24524.4140625
24508.0390625
24492.09765625
24476.150390625
24460.53515625
24444.6796875
24428.181640625
24411.796875
24395.88671875
24380.81640625
24365.654296875
24350.4296875
24334.92578125
24319.568359375
24304.796875
24290.125
24275.43359375
24260.345703125
24245.384765625
24230.5859375
24216.22265625
24201.1171875
24185.66796875
24169.64453125
24153.900390625
24139.04296875
24124.7578125
24110.791015625
24096.26171875
24081.546875
24066.96875
24052.095703125
24038.021484375
24022.9375
24008.24609375
23993.68359375
23979.388671875
23965.2421875
23951.09375
23936.94921875
23922.802734375
23908.76953125
23894.76953125
23881.015625
23867.3125
23853.62890625
23840.212890625
23826.3125
23812.525390625
23798.2109375
23783.90234375
23769.408203125
23755.0
23741.12890625
23727.59375
23714.314453125
23700.515625
23686.4609375
23672.421875
23658.732421875
23645.3515625
23632.7421875
23620.76953125
23610.125
23599.060546875
23586.765625
23571.08203125
23553.720703125
23536.5859375
23522.818359375
23510.671875
23498.66015625
23484.34375
23469.578125
23455.654296875
23443.2734375
23428.603515625
23413.04296875
23396.96875
23383.873046875
23371.1953125
23357.61328125
23343.66796875
23331.03515625
23319.10546875
23306.41015625
23292.7421875
23279.2109375
23266.56640625
23253.28125
23240.49609375
23225.564453125
23211.875
23198.26171875
23184.11328125
23169.19140625
23154.73828125
23140.59375
23126.3203125
23111.40234375
23096.296875
23082.703125
23070.8046875
23060.26953125
23059.55859375
23039.3828125
23032.38671875
23016.072265625
23003.8515625
22989.6484375
22980.8125
22972.39453125
22962.35546875
22942.201171875
22925.6484375
22918.49609375
22903.599609375
22892.33203125
22885.421875
22866.66796875
22869.7109375
22898.935546875
22900.6015625
22879.62109375
22855.8828125
22829.75
22810.8671875
22805.3359375
22802.912109375
22783.9609375
22777.90625
22755.046875
22734.42578125
22719.79296875
22710.267578125
22700.55859375
22670.296875
22662.42578125
22657.01953125
22633.1953125
22626.33984375
22615.62109375
22598.6015625
22592.47265625
22574.1640625
22563.81640625
22550.642578125
22536.693359375
22523.078125
22511.87109375
22496.908203125
22485.404296875
22474.26953125
22461.1640625
22448.998046875
22437.060546875
22425.2734375
22414.537109375
22403.1953125
22390.76171875
22379.134765625
22367.26171875
22354.7734375
22343.0625
22331.935546875
22321.1640625
22310.615234375
22299.83203125
22289.40234375
22278.87890625
22268.193359375
22257.474609375
22247.609375
22237.283203125
22227.251953125
22216.9609375
22206.572265625
22196.41015625
22186.2578125
22176.970703125
22168.1796875
22159.78515625
22149.80859375
22138.85546875
22126.625
22114.177734375
22101.34765625
22089.09375
22078.119140625
22068.498046875
22058.9375
22048.666015625
22038.3671875
22028.564453125
22019.181640625
22008.640625
21997.423828125
21986.32421875
21975.4609375
21964.19140625
21952.4609375
21941.21484375
21931.1875
21922.1953125
21913.345703125
21904.05078125
21894.703125
21885.576171875
21876.357421875
21866.52734375
21855.27734375
21843.384765625
21831.333984375
21819.615234375
21808.396484375
21797.490234375
21786.125
21775.111328125
21764.6640625
21755.263671875
21746.578125
21737.642578125
21727.98828125
21717.791015625
21706.97265625
21696.44140625
21686.37109375
21677.203125
21668.669921875
21660.720703125
21652.498046875
21644.23828125
21634.578125
21624.37109375
21613.4765625
21603.44921875
21593.390625
21583.46875
21572.66015625
21561.40234375
21550.046875
21539.255859375
21528.669921875
21518.34765625
21507.96484375
21498.251953125
21489.609375
21481.3984375
21473.59375
21465.7421875
21458.384765625
21451.341796875
21443.30078125
21432.8828125
21420.33984375
21408.1484375
21399.0703125
21392.5078125
21386.052734375
21377.23046875
21366.65234375
21355.49609375
21345.875
21337.318359375
21328.78125
21319.166015625
21309.126953125
21299.693359375
21291.607421875
21284.103515625
21276.103515625
21267.099609375
21257.3671875
21247.84765625
21238.67578125
21231.015625
21222.87890625
21214.57421875
21204.67578125
21194.62109375
21184.28515625
21174.615234375
21164.84375
21155.1640625
21145.453125
21135.767578125
21126.05078125
21116.509765625
21107.140625
21098.4921875
21090.67578125
21083.28515625
21075.599609375
21067.388671875
21058.51953125
21049.615234375
21041.044921875
21033.00390625
21025.072265625
21017.076171875
21008.474609375
20999.234375
20989.7578125
20980.2734375
20971.21484375
20962.330078125
20953.66015625
20945.00390625
20936.65625
20928.3984375
20920.38671875
20911.9921875
20903.26953125
20894.01171875
20885.419921875
20877.6953125
20871.625
20866.33984375
20861.65625
20856.8828125
20852.166015625
20846.767578125
20840.84375
20833.26171875
20824.30078125
20814.0
20803.69140625
20793.3984375
20784.171875
20775.23046875
20767.20703125
20758.91796875
20750.466796875
20741.25390625
20731.046875
20720.091796875
20709.416015625
20700.0546875
20692.126953125
20685.04296875
20677.4453125
20668.6328125
20659.07421875
20650.21484375
20642.873046875
20636.35546875
20629.033203125
20620.072265625
20609.7421875
20599.990234375
20591.376953125
20584.33203125
20577.77734375
20570.359375
20561.55859375
20552.60546875
20544.701171875
20537.666015625
20530.046875
20521.30859375
20512.287109375
20503.6953125
20495.9453125
20488.921875
20482.5703125
20476.2109375
20469.505859375
20462.015625
20454.234375
20446.37890625
20438.65625
20431.265625
20424.4296875
20417.75390625
20411.1328125
20403.5078125
20395.541015625
20387.009765625
20378.69140625
20370.822265625
20363.5625
20356.72265625
20349.85546875
20342.75
20335.181640625
20327.587890625
20319.75390625
20312.09375
20303.904296875
20295.935546875
20287.80078125
20280.31640625
20272.544921875
20265.302734375
20258.03125
20251.591796875
20245.205078125
20238.99609375
20231.8984375
20223.767578125
20214.115234375
20204.166015625
20194.73046875
20186.599609375
20179.390625
20172.115234375
20163.984375
20155.462890625
20146.85546875
20139.294921875
20132.3203125
20125.66015625
20118.55078125
20111.26953125
20104.2734375
20098.10546875
20093.248046875
20089.3671875
20085.267578125
20079.19921875
20070.390625
20061.181640625
20054.384765625
20050.875
20049.2265625
20046.580078125
20041.84375
20035.1953125
20027.708984375
20018.478515625
20006.318359375
19992.265625
19979.3984375
19970.0
19963.478515625
19957.22265625
19949.328125
19939.57421875
19930.1484375
19922.3359375
19915.73828125
19908.525390625
19900.6171875
19892.71484375
19885.61328125
19878.73046875
19871.203125
19862.978515625
19854.6796875
19847.25390625
19840.73046875
19835.33984375
19830.0859375
19824.74609375
19818.181640625
19810.763671875
19802.703125
19795.31640625
19788.7421875
19783.30078125
19778.4140625
19773.80078125
19768.01953125
19761.115234375
19752.373046875
19740.98046875
19729.0078125
19719.486328125
19713.21484375
19707.349609375
19701.3671875
19696.408203125
19691.1328125
19683.78515625
19675.5625
19668.4453125
19660.96875
19653.63671875
19646.77734375
19640.14453125
19631.921875
19624.123046875
19617.017578125
19610.4140625
19603.76953125
19597.50390625
19590.91015625
19584.8984375
19579.189453125
19574.064453125
19568.025390625
19561.669921875
19555.048828125
19548.59375
19541.8984375
19535.5234375
19528.94921875
19522.212890625
19515.314453125
19507.94140625
19500.15234375
19492.287109375
19484.84765625
19478.51171875
19472.923828125
19468.6953125
19464.97265625
19462.435546875
19458.998046875
19455.677734375
19450.021484375
19443.822265625
19408.58203125
19412.75
19416.59375
19390.01171875
19402.41796875
19390.298828125
19378.47265625
19385.74609375
19369.447265625
19367.640625
19366.3515625
19353.6640625
19354.4921875
19347.75390625
19340.44921875
19339.4140625
19331.5859375
19327.287109375
19323.94140625
19317.0390625
19313.4921875
19308.75390625
19303.189453125
19299.46875
19294.33203125
19289.349609375
19285.2578125
19280.34765625
19275.669921875
19271.29296875
19266.43359375
19261.935546875
19257.537109375
19252.69921875
19248.330078125
19243.828125
19239.125
19234.75390625
19230.1875
19225.587890625
19221.212890625
19216.69140625
19212.140625
19207.75
19203.173828125
19198.70703125
19194.326171875
19189.771484375
19185.38671875
19180.896484375
19176.44921875
19171.94140625
19167.5546875
19163.0546875
19158.625
19154.1640625
19149.73828125
19145.29296875
19140.888671875
19136.4140625
19132.046875
19127.59375
19123.119140625
19118.716796875
19114.365234375
19109.890625
19105.54296875
19101.095703125
19096.71484375
19092.33984375
19087.9453125
19083.57421875
19079.216796875
19074.84375
19070.42578125
19066.033203125
19061.640625
19057.296875
19052.9375
19048.58984375
19044.2421875
19039.890625
19035.5234375
19031.140625
19026.84765625
19022.474609375
19018.12109375
19013.794921875
19009.501953125
19005.19140625
19000.84375
18996.55859375
18992.197265625
18987.91015625
18983.53515625
18979.296875
18974.94921875
18970.689453125
18966.37890625
18962.046875
18957.755859375
18953.462890625
18949.1640625
18944.85546875
18940.53515625
18936.2578125
18931.845703125
18927.65234375
18923.328125
18919.078125
18914.703125
18910.41796875
18906.1953125
18901.841796875
18897.59375
18893.291015625
18888.98828125
18884.66796875
18880.43359375
18876.17578125
18871.8984375
18867.591796875
18863.310546875
18859.056640625
18854.73046875
18850.484375
18846.2421875
18841.9453125
18837.689453125
18833.40234375
18829.099609375
18824.86328125
18820.5
18816.294921875
18811.9765625
18807.703125
18803.40234375
18799.19140625
18794.876953125
18790.61328125
18786.37890625
18782.09375
18777.90625
18773.591796875
18769.37109375
18765.240234375
18760.919921875
18756.734375
18752.455078125
18748.29296875
18744.091796875
18739.890625
18735.6875
18731.49609375
18727.349609375
18723.126953125
18718.908203125
18714.708984375
18710.619140625
18706.41796875
18702.26953125
18698.0625
18693.896484375
18689.759765625
18685.57421875
18681.375
18677.251953125
18673.107421875
18668.966796875
18664.791015625
18660.72265625
18656.498046875
18652.380859375
18648.255859375
18644.068359375
18639.962890625
18635.78515625
18631.71875
18627.57421875
18623.431640625
18619.333984375
18615.22265625
18611.05078125
18606.9765625
18602.83203125
18598.76171875
18594.705078125
18590.556640625
18586.408203125
18582.375
18578.2890625
18574.1875
18570.064453125
18566.001953125
18561.890625
18557.84765625
18553.759765625
18549.705078125
18545.6015625
18541.5
18537.40625
18533.40234375
18529.326171875
18525.1796875
18521.1015625
18517.083984375
18512.994140625
18508.935546875
18504.814453125
18500.75
18496.705078125
18492.642578125
18488.607421875
18484.515625
18480.498046875
18476.3984375
18472.380859375
18468.294921875
18464.23828125
18460.265625
18456.18359375
18452.1484375
18448.12890625
18444.0703125
18440.0
18436.00390625
18431.9375
18427.880859375
18423.88671875
18419.880859375
18415.822265625
18411.78515625
18407.802734375
18403.69921875
18399.7265625
18395.69921875
18391.6953125
18387.6328125
18383.607421875
18379.55859375
18375.5859375
18371.556640625
18367.576171875
18363.541015625
18359.51171875
18355.5546875
18351.51953125
18347.501953125
18343.5078125
18339.4609375
18335.474609375
18331.439453125
18327.431640625
18323.48046875
18319.46484375
18315.49609375
18311.4765625
18307.46484375
18303.435546875
18299.52734375
18295.46875
18291.546875
18287.50390625
18283.494140625
18279.494140625
18275.55078125
18271.544921875
18267.53125
18263.509765625
18259.572265625
18255.533203125
18251.5703125
18247.662109375
18243.62890625
18239.685546875
18235.68359375
18231.712890625
18227.72265625
18223.796875
18219.8125
18215.80078125
18211.880859375
18207.9453125
18203.96875
18199.9765625
18196.041015625
18192.080078125
18188.14453125
18184.1953125
18180.2421875
18176.2578125
18172.3671875
18168.396484375
18164.501953125
18160.66015625
18156.83203125
18152.94921875
18149.1640625
18145.478515625
18141.873046875
18138.220703125
18134.57421875
18130.859375
18126.85546875
18122.509765625
18118.09375
18113.640625
18109.5234375
18105.595703125
18101.8828125
18098.26171875
18094.4375
18090.474609375
18086.412109375
18082.287109375
18078.185546875
18074.27734375
18070.390625
18066.630859375
18062.7890625
18058.888671875
18054.939453125
18050.95703125
18046.95703125
18043.015625
18039.16015625
18035.328125
18031.474609375
18027.59765625
18023.734375
18019.755859375
18015.87109375
18011.9296875
18008.05078125
18004.166015625
18000.34765625
17996.435546875
17992.5703125
17988.5859375
17984.78125
17980.9453125
17977.0234375
17973.14453125
17969.29296875
17965.404296875
17961.56640625
17957.6796875
17953.7890625
17949.921875
17946.068359375
17942.185546875
17938.3671875
17934.462890625
17930.5625
17926.76171875
17922.85546875
17919.046875
17915.2265625
17911.359375
17907.49609375
17903.67578125
17899.8125
17895.98046875
17892.111328125
17888.310546875
17884.4609375
17880.646484375
17876.837890625
17873.0
17869.19140625
17865.3828125
17861.578125
17857.830078125
17854.072265625
17850.25390625
17846.4609375
17842.57421875
17838.685546875
17834.78515625
17830.8125
17826.90625
17823.12890625
17819.322265625
17815.568359375
17811.79296875
17807.912109375
17804.080078125
17800.220703125
17796.33984375
17792.51171875
17788.6875
17784.87109375
17781.083984375
17777.322265625
17773.51171875
17769.666015625
17765.8515625
17762.044921875
17758.228515625
17754.41796875
17750.7265625
17746.978515625
17743.224609375
17739.537109375
17735.9921875
17732.4375
17728.904296875
17725.42578125
17721.8828125
17718.203125
17714.30078125
17710.080078125
17705.728515625
17701.25390625
17697.025390625
17693.0859375
17689.388671875
17685.876953125
17682.3046875
17678.65625
17674.84765625
17670.98046875
17667.009765625
17663.19921875
17659.53125
17656.0
17652.55859375
17649.251953125
17645.796875
17642.359375
17638.583984375
17634.578125
17630.259765625
17625.994140625
17621.822265625
17618.1171875
17614.671875
17611.98046875
17608.94140625
17606.765625
17602.82421875
17598.625
17593.734375
17589.291015625
17585.58984375
17582.79296875
17580.724609375
17578.33203125
17575.8515625
17571.994140625
17567.083984375
17560.67578125
17554.9609375
17550.5859375
17548.0859375
17546.53515625
17544.7890625
17541.13671875
17535.328125
17529.3359375
17524.740234375
17522.765625
17518.1640625
17513.8359375
17508.333984375
17504.578125
17502.453125
17500.33203125
17504.021484375
17510.98828125
17512.083984375
17486.720703125
17485.462890625
17489.49609375
17472.1484375
17475.79296875
17470.45703125
17461.42578125
17463.884765625
17456.20703125
17452.865234375
17450.275390625
17443.2578125
17441.47265625
17435.0859375
17431.58203125
17427.279296875
17422.724609375
17419.46875
17415.234375
17411.79296875
17408.07421875
17403.916015625
17400.2734375
17395.8828125
17392.40234375
17388.568359375
17384.7265625
17381.78515625
17377.912109375
17375.013671875
17371.46484375
17368.1328125
17364.939453125
17361.345703125
17358.4765625
17354.873046875
17351.703125
17348.05859375
17344.453125
17341.05078125
17337.71875
17335.05078125
17332.126953125
17329.228515625
17325.375
17321.19921875
17316.521484375
17312.24609375
17308.5
17305.23046875
17302.201171875
17299.244140625
17296.4609375
17293.951171875
17292.103515625
17290.87890625
17290.240234375
17289.66796875
17288.548828125
17286.27734375
17282.498046875
17277.69140625
17272.59765625
17268.10546875
17264.427734375
17261.23828125
17257.880859375
17254.029296875
17249.69921875
17245.1953125
17240.765625
17236.83203125
17233.1796875
17229.796875
17226.0234375
17221.796875
17216.916015625
17211.75390625
17206.6015625
17201.853515625
17197.73046875
17193.947265625
17190.35546875
17186.65234375
17182.87890625
17178.919921875
17174.71484375
17170.3046875
17165.86328125
17161.515625
17157.328125
17153.3515625
17149.62890625
17146.140625
17142.875
17139.3046875
17135.59765625
17131.79296875
17128.373046875
17125.376953125
17122.951171875
17120.787109375
17118.81640625
17116.642578125
17113.97265625
17110.10546875
17104.87890625
17098.658203125
17092.37109375
17087.080078125
17083.279296875
17080.50390625
17078.0703125
17075.224609375
17071.884765625
17068.0625
17064.603515625
17061.455078125
17058.5703125
17055.447265625
17052.0859375
17048.60546875
17045.64453125
17043.14453125
17041.1171875
17038.51953125
17035.41015625
17030.759765625
17025.45703125
17019.630859375
17014.619140625
17010.50390625
17007.70703125
17005.26171875
17002.619140625
16999.474609375
16995.84765625
16992.49609375
16989.169921875
16986.119140625
16982.494140625
16978.67578125
16974.564453125
16970.9140625
16967.78125
16965.357421875
16963.390625
16961.46484375
16959.015625
16955.25390625
16950.21484375
16944.0390625
16938.341796875
16933.7578125
16930.66015625
16928.515625
16926.677734375
16924.75
16922.61328125
16920.58203125
16918.4453125
16915.896484375
16912.091796875
16907.19921875
16901.39453125
16896.162109375
16891.783203125
16888.337890625
16885.123046875
16881.8046875
16877.865234375
16873.591796875
16869.06640625
16864.771484375
16860.85546875
16857.48828125
16854.427734375
16851.54296875
16848.3203125
16844.7578125
16840.77734375
16836.78515625
16832.876953125
16829.263671875
16825.609375
16821.93359375
16818.044921875
16814.138671875
16810.43359375
16807.15234375
16804.37109375
16802.068359375
16800.0390625
16798.091796875
16795.75
16792.791015625
16789.05859375
16784.55078125
16779.767578125
16775.11328125
16771.2109375
16768.19921875
16765.8671875
16763.697265625
16761.46875
16758.625
16755.294921875
16751.50390625
16747.5546875
16743.544921875
16739.892578125
16735.94921875
16731.9609375
16727.36328125
16723.017578125
16718.720703125
16714.89453125
16711.337890625
16707.9296875
16704.33203125
16700.541015625
16696.849609375
16693.64453125
16691.009765625
16688.65625
16686.1640625
16683.318359375
16679.8984375
16676.2734375
16672.58984375
16669.072265625
16665.27734375
16661.39453125
16657.48828125
16654.47265625
16652.01953125
16649.943359375
16647.67578125
16645.109375
16642.12109375
16638.84375
16635.1953125
16631.029296875
16626.4765625
16622.09765625
16618.23046875
16615.12109375
16612.2109375
16609.3046875
16605.861328125
16602.01171875
16597.7890625
16593.43359375
16589.037109375
16584.84765625
16580.990234375
16577.56640625
16574.4453125
16571.359375
16568.6328125
16566.03125
16563.38671875
16560.263671875
16556.9921875
16553.62890625
16550.912109375
16548.03125
16545.11328125
16541.552734375
16537.6328125
16533.599609375
16529.828125
16526.484375
16523.80078125
16521.619140625
16519.609375
16517.08984375
16514.12109375
16510.59375
16506.595703125
16501.89453125
16496.73046875
16491.48046875
16487.015625
16483.38671875
16480.900390625
16478.3125
16475.712890625
16472.67578125
16469.369140625
16465.82421875
16461.693359375
16457.55078125
16453.056640625
16449.02734375
16444.8125
16440.90625
16436.55078125
16432.455078125
16428.189453125
16424.45703125
16420.69921875
16417.091796875
16413.349609375
16409.60546875
16405.87109375
16402.20703125
16398.7734375
16395.625
16392.623046875
16389.82421875
16386.9140625
16383.9208984375
16380.732421875
16377.6318359375
16374.3251953125
16370.900390625
16367.0107421875
16362.7265625
16358.072265625
16353.3662109375
16348.7158203125
16344.302734375
16340.28125
16336.5888671875
16333.2060546875
16330.1845703125
16327.24609375
16324.1279296875
16320.865234375
16317.576171875
16314.447265625
16311.431640625
16308.529296875
16305.685546875
16302.767578125
16300.087890625
16297.6630859375
16295.3916015625
16293.1845703125
16290.736328125
16288.203125
16285.4619140625
16282.5771484375
16279.619140625
16276.4736328125
16273.1044921875
16269.33203125
16265.1953125
16260.859375
16256.580078125
16252.54296875
16249.201171875
16246.12109375
16243.2744140625
16240.0703125
16236.603515625
16232.642578125
16228.2685546875
16223.59375
16218.6904296875
16213.9453125
16209.509765625
16205.7841796875
16202.8359375
16200.4873046875
16198.5068359375
16196.359375
16194.0400390625
16191.4130859375
16188.46875
16185.2587890625
16181.8017578125
16178.01171875
16174.0341796875
16169.818359375
16165.7998046875
16161.9853515625
16158.396484375
16154.859375
16151.44140625
16148.095703125
16145.060546875
16142.470703125
16140.451171875
16138.5576171875
16136.55078125
16133.994140625
16130.572265625
16126.146484375
16121.0859375
16115.736328125
16110.6552734375
16106.287109375
16102.560546875
16099.392578125
16096.345703125
16093.296875
16090.044921875
16086.767578125
16083.427734375
16080.2119140625
16077.1416015625
16074.12890625
16070.9130859375
16067.330078125
16062.900390625
16058.3857421875
16054.271484375
16050.953125
16048.1328125
16045.505859375
16042.8759765625
16040.0927734375
16037.5419921875
16034.880859375
16032.3134765625
16029.716796875
16027.271484375
16024.83984375
16022.2529296875
16019.35546875
16016.20703125
16013.5625
16011.6455078125
16010.638671875
16010.04296875
16009.5537109375
16008.3369140625
16005.64453125
16000.8154296875
15994.099609375
15986.513671875
15979.2919921875
15973.7841796875
15970.34375
15968.6328125
15967.4775390625
15965.900390625
15963.248046875
15959.49609375
15954.7529296875
15949.81640625
15944.9482421875
15940.591796875
15936.8828125
15933.669921875
15930.5556640625
15927.267578125
15923.673828125
15919.7001953125
15915.7265625
15911.822265625
15908.109375
15904.3935546875
15900.8291015625
15897.1904296875
15893.748046875
15890.5078125
15887.326171875
15884.09375
15880.634765625
15876.8359375
15872.9306640625
15869.1005859375
15865.68359375
15862.7646484375
15860.1953125
15857.783203125
15855.232421875
15852.6298828125
15849.748046875
15846.8271484375
15843.5849609375
15840.10546875
15836.271484375
15832.39453125
15828.794921875
15825.56640625
15822.7236328125
15820.15625
15817.7099609375
15815.2158203125
15812.6357421875
15809.86328125
15806.8271484375
15803.671875
15800.1953125
15796.7392578125
15793.1533203125
15789.560546875
15785.912109375
15782.40234375
15779.2509765625
15776.5390625
15774.236328125
15772.0810546875
15769.802734375
15766.99609375
15763.7705078125
15759.953125
15756.19140625
15752.515625
15749.51171875
15746.943359375
15744.6494140625
15742.474609375
15740.208984375
15738.1240234375
15736.142578125
15734.0283203125
15731.435546875
15727.8642578125
15723.828125
15719.4208984375
15716.3359375
15713.9765625
15712.486328125
15710.6240234375
15707.0126953125
15702.0361328125
15695.05078125
15688.9765625
15684.65625
15681.7841796875
15679.408203125
15676.4033203125
15673.0283203125
