15768.177734375
15752.349609375
15737.775390625
15724.353515625
15711.9365234375
15700.4501953125
15689.7822265625
15679.787109375
15670.3984375
15661.4814453125
15652.990234375
15644.8154296875
15636.89453125
15629.216796875
15621.7373046875
15614.421875
15607.2802734375
15600.302734375
15593.490234375
15586.8408203125
15580.3505859375
15574.0390625
15567.8984375
15561.939453125
15556.1669921875
15550.560546875
15545.1328125
15539.869140625
15534.7802734375
15529.837890625
15525.041015625
15520.400390625
15515.89453125
15511.521484375
15507.26953125
15503.1494140625
15499.14453125
15495.24609375
15491.4736328125
15487.8056640625
15484.24609375
15480.787109375
15477.4306640625
15474.1748046875
15471.01953125
15467.9599609375
15464.9814453125
15462.0908203125
15459.2890625
15456.5625
15453.921875
15451.3544921875
15448.8671875
15446.44140625
15444.09375
15441.8046875
15439.5830078125
15437.4306640625
15435.3330078125
15433.296875
15431.3193359375
15429.40234375
15427.53125
15425.7138671875
15423.94921875
15422.2265625
15420.5615234375
15418.9326171875
15417.3525390625
15415.814453125
15414.318359375
15412.8671875
15411.44921875
15410.0703125
15408.73046875
15407.427734375
15406.15625
15404.9208984375
15403.712890625
15402.546875
15401.404296875
15400.294921875
15399.208984375
15398.15625
15397.1328125
15396.134765625
15395.16015625
15394.21875
15393.2890625
15392.388671875
15391.5166015625
15390.6669921875
15389.83984375
15389.025390625
15388.2392578125
15387.470703125
15386.71875
15385.986328125
15385.27734375
15384.5849609375
15383.9091796875
15383.25
15382.609375
15381.98046875
15381.376953125
15380.7802734375
15380.203125
15379.63671875
15379.0859375
15378.544921875
15378.0224609375
15377.513671875
15377.0146484375
15376.5302734375
15376.056640625
15375.595703125
15375.14453125
15374.70703125
15374.279296875
15373.861328125
15373.4541015625
15373.0546875
15372.6650390625
15372.283203125
15371.919921875
15371.5546875
15371.205078125
15370.8623046875
15370.52734375
15370.197265625
15369.8818359375
15369.5703125
15369.267578125
15368.9677734375
15368.677734375
15368.39453125
15368.115234375
15367.8486328125
15367.580078125
15367.3251953125
15367.072265625
15366.82421875
15366.583984375
15366.3486328125
15366.119140625
15365.8955078125
15365.67578125
15365.4609375
15365.25390625
15365.0537109375
15364.8544921875
15364.65625
15364.466796875
15364.283203125
15364.099609375
15363.9189453125
15363.74609375
15363.5751953125
15363.41015625
15363.248046875
15363.0859375
15362.931640625
15362.7802734375
15362.62890625
15362.4853515625
15362.3408203125
15362.201171875
15362.0634765625
15361.93359375
15361.7998046875
15361.671875
15361.544921875
15361.4228515625
15361.298828125
15361.1806640625
15361.0654296875
15360.94921875
15360.83984375
15360.7314453125
15360.62109375
15360.517578125
15360.4140625
15360.3125
15360.2138671875
15360.115234375
15360.0205078125
15359.92578125
15359.83203125
15359.7412109375
15359.65234375
15359.564453125
15359.478515625
15359.39453125
15359.3115234375
15359.232421875
15359.1484375
15359.0712890625
15358.9921875
15358.91796875
15358.8427734375
8469025.0
2336873.5
152913.203125
85190.25
89359.828125
86374.484375
74614.0625
73572.8125
66781.046875
64213.95703125
62401.34375
60751.609375
59553.71875
58665.33984375
57818.32421875
56972.5
56127.796875
55134.73828125
54006.953125
52999.13671875
52121.06640625
51159.31640625
50014.06640625
48746.6171875
47463.53125
46229.96484375
45055.51953125
43925.328125
42848.671875
41850.64453125
40910.70703125
39981.6171875
39052.73828125
38160.12109375
37333.6328125
36560.92578125
35816.15234375
35094.27734375
34406.73046875
33762.3046875
33150.94921875
32559.6796875
31989.4375
31441.95703125
30917.0546875
30413.720703125
29927.39453125
29455.875
29002.85546875
28571.580078125
28161.861328125
27770.568359375
27397.99609375
27043.81640625
26704.66015625
26375.1640625
26054.517578125
25747.005859375
25456.51953125
25181.57421875
24916.919921875
24660.234375
24413.158203125
24177.390625
23951.24609375
23732.935546875
23522.087890625
23319.73828125
23126.1640625
22938.51171875
22755.86328125
22579.75390625
22410.28515625
22245.58203125
22085.3984375
21930.50390625
21779.58984375
21632.060546875
21488.94140625
21349.173828125
21212.8046875
21080.716796875
20951.21875
20825.244140625
20702.169921875
20582.060546875
20465.439453125
20351.38671875
20240.19140625
20130.49609375
20022.90625
19916.95703125
19813.23828125
19711.322265625
19611.63671875
19513.69140625
19417.787109375
19323.4609375
19231.017578125
19140.28125
19051.271484375
18963.9609375
18878.205078125
18794.140625
18711.65234375
18630.779296875
18551.509765625
18473.91796875
18397.951171875
18323.546875
18250.46875
18178.6015625
18107.861328125
18038.177734375
17969.5
17901.875
17835.220703125
17769.349609375
17704.30078125
17639.9609375
17576.388671875
17513.513671875
17451.224609375
17389.64453125
17329.22265625
17269.78515625
17213.265625
17149.646484375
17089.744140625
17034.38671875
16974.36328125
16915.75
16863.640625
16807.16015625
16754.322265625
16695.609375
16645.708984375
16586.140625
16537.03515625
16481.443359375
16435.666015625
16381.828125
16333.00390625
16281.45703125
16235.6494140625
16183.8701171875
16133.5185546875
16084.375
16035.212890625
15988.197265625
15939.9736328125
15893.3740234375
15846.6611328125
15800.53515625
15756.072265625
15709.8828125
15665.5322265625
15621.734375
15578.271484375
15536.0849609375
15492.7861328125
15450.9453125
15409.123046875
15368.1435546875
15327.525390625
15286.9150390625
15247.0068359375
15207.1396484375
15167.9580078125
15129.2099609375
15090.78515625
15053.169921875
15016.1220703125
14979.42578125
14943.51171875
14907.7744140625
14872.982421875
14838.1171875
14804.021484375
14770.2119140625
14736.9052734375
14704.0849609375
14671.6787109375
14639.6953125
14608.400390625
14576.90625
14547.822265625
14513.3583984375
14482.587890625
14454.271484375
14422.439453125
14393.1171875
14361.525390625
14331.6044921875
14302.4384765625
14274.37109375
14253.056640625
14215.2333984375
14224.8828125
14254.4853515625
14278.5537109375
14255.2578125
14219.4482421875
14173.240234375
14145.7177734375
14118.40234375
14086.2802734375
14047.0078125
14003.0615234375
13976.40234375
13952.66015625
13918.8125
13890.9052734375
13870.6875
13841.498046875
13798.984375
13761.162109375
13735.9892578125
13707.853515625
13674.3427734375
13646.5009765625
13618.748046875
13586.6015625
13565.26171875
13535.7080078125
13514.6572265625
13492.9609375
13463.396484375
13434.1484375
13406.931640625
13383.072265625
13362.2412109375
13338.6748046875
13315.1103515625
13294.263671875
13270.5185546875
13247.708984375
13226.80078125
13205.302734375
13184.7294921875
13162.921875
13141.685546875
13121.267578125
13100.900390625
13079.7783203125
13059.599609375
13039.5986328125
13020.2880859375
13000.935546875
12981.595703125
12962.080078125
12942.33984375
12922.708984375
12903.7470703125
12884.7607421875
12865.5791015625
12846.509765625
12827.7265625
12809.02734375
12790.509765625
12772.240234375
12753.84375
12736.1396484375
12718.35546875
12700.7021484375
12682.9677734375
12665.734375
12648.73046875
12631.9619140625
12615.4130859375
12599.521484375
12583.0791015625
12566.9150390625
12549.638671875
12533.064453125
12517.32421875
12502.05078125
12487.951171875
12471.1396484375
12454.59375
12439.1142578125
12424.34375
12410.0078125
12393.11328125
12377.8662109375
12363.931640625
12348.78515625
12333.396484375
12318.728515625
12304.3642578125
12289.69921875
12274.2265625
12259.931640625
12246.318359375
12231.6845703125
12217.20703125
12203.4189453125
12189.2236328125
12174.9833984375
12160.9658203125
12147.44140625
12133.75
12119.853515625
12106.322265625
12093.056640625
12079.412109375
12066.18359375
12053.298828125
12040.525390625
12027.818359375
12015.560546875
12003.3642578125
11990.65625
11977.0341796875
11963.0947265625
11949.232421875
11936.234375
11923.9365234375
11911.8896484375
11899.39453125
11886.73046875
11874.2578125
11863.1083984375
11850.7578125
11840.166015625
11831.796875
11826.189453125
11805.7900390625
11799.794921875
11788.01171875
11773.8125
11763.658203125
11763.21875
11742.7470703125
11736.505859375
11736.9921875
11717.814453125
11706.234375
11690.1494140625
11681.23046875
11664.365234375
11660.3271484375
11644.9736328125
11639.140625
11622.154296875
11614.009765625
11600.67578125
11592.7734375
11579.431640625
11570.6025390625
11557.541015625
11548.7041015625
11536.5625
11527.072265625
11518.880859375
11507.61328125
11496.77734375
11485.322265625
11477.025390625
11466.76953125
11457.626953125
11448.1123046875
11438.103515625
11429.923828125
11419.556640625
11409.513671875
11400.16796875
11391.904296875
11382.890625
11373.236328125
11365.224609375
11356.13671875
11347.513671875
11338.1025390625
11329.6484375
11321.2744140625
11312.685546875
11304.056640625
11294.982421875
11286.287109375
11277.986328125
11269.90234375
11261.9072265625
11253.4716796875
11245.50390625
11237.337890625
11229.123046875
11220.63671875
11212.46484375
11204.9541015625
11197.2216796875
11189.05859375
11180.630859375
11172.4921875
11164.880859375
11157.69921875
11150.9228515625
11144.125
11137.33984375
11130.1123046875
11122.2255859375
11113.0546875
11103.318359375
11093.6953125
11085.3193359375
11078.146484375
11071.46484375
11064.130859375
11055.6259765625
11046.734375
11038.4853515625
11031.33203125
11024.517578125
11017.419921875
11009.6298828125
11001.94921875
10994.4248046875
10987.3994140625
10980.212890625
10973.119140625
10965.90625
10958.78515625
10951.3671875
10944.08203125
10936.77734375
10929.8193359375
10923.017578125
10916.40625
10909.7763671875
10902.896484375
10895.470703125
10887.6064453125
10879.724609375
10872.458984375
10865.818359375
10859.7412109375
10853.5263671875
10847.10546875
10840.189453125
10832.9794921875
10825.728515625
10818.5166015625
10811.5498046875
10804.7646484375
10798.2265625
10791.8037109375
10785.271484375
10778.74609375
10772.203125
10765.7021484375
10759.412109375
10753.15625
10747.0908203125
10740.791015625
10734.404296875
10727.3681640625
10720.4765625
10713.560546875
10707.232421875
10700.7021484375
10693.974609375
10687.20703125
10681.2509765625
10675.7099609375
10669.8125
10663.0498046875
10656.255859375
10650.2177734375
10645.2548828125
10640.078125
10634.0625
10627.35546875
10620.931640625
10615.01953125
10609.4453125
10603.5361328125
10597.5615234375
10591.392578125
10585.3212890625
10578.978515625
10572.666015625
10566.6416015625
10561.1240234375
10555.998046875
10550.78125
10545.4169921875
10539.67578125
10534.1123046875
10528.2587890625
10522.9462890625
10517.3896484375
10512.251953125
10507.0927734375
10501.73828125
10496.3291015625
10490.5146484375
10485.060546875
10479.953125
10475.2763671875
10470.974609375
10466.806640625
10463.3037109375
10459.673828125
10456.1083984375
10451.2548828125
10444.779296875
10437.30859375
10430.404296875
10425.427734375
10421.5546875
10418.095703125
10412.3486328125
10406.181640625
10400.3095703125
10396.130859375
10392.1806640625
10387.67578125
10382.583984375
10378.3486328125
10374.7587890625
10372.5078125
10370.96875
10368.4990234375
10363.9091796875
10356.34765625
10348.3828125
10341.9267578125
10337.275390625
10332.869140625
10327.8935546875
10322.4521484375
10317.8564453125
10313.650390625
10309.0546875
10302.779296875
10296.60546875
10291.2978515625
10288.158203125
10285.009765625
10281.48046875
10275.6171875
10270.8232421875
10264.775390625
10260.28125
10255.8076171875
10251.3896484375
10246.970703125
10243.0087890625
10239.1689453125
10235.0078125
10229.853515625
10224.3955078125
10219.3935546875
10215.50390625
10211.9892578125
10208.443359375
10203.46875
10198.732421875
10192.80859375
10188.51953125
10184.2353515625
10180.66796875
10176.57421875
10172.3642578125
10168.521484375
10165.474609375
10162.033203125
10157.291015625
10151.1279296875
10145.04296875
10140.17578125
10136.060546875
10132.07421875
10128.1337890625
10124.296875
10121.3359375
10116.236328125
10111.5234375
10105.734375
10101.4765625
10097.7666015625
10094.0517578125
10089.8359375
10085.6767578125
10081.4453125
10077.767578125
10073.8125
10070.3173828125
10066.96875
10064.220703125
10061.44140625
10058.576171875
10055.6171875
10052.392578125
10050.0380859375
10045.703125
10042.9365234375
10039.2705078125
10037.2109375
10034.4287109375
10032.880859375
10032.103515625
10033.3662109375
10033.1669921875
10027.8974609375
10015.603515625
10006.4931640625
10004.9462890625
10007.0126953125
10002.193359375
9992.626953125
9986.041015625
9985.705078125
9985.04296875
9980.6484375
9975.9228515625
9974.853515625
9972.9501953125
9967.3623046875
9960.3603515625
9955.5546875
9953.2880859375
9949.87890625
9946.451171875
9942.271484375
9939.033203125
9935.01171875
9931.564453125
9928.78125
9926.13671875
9922.5537109375
9918.80859375
9915.85546875
9913.6044921875
9911.11328125
9908.873046875
9906.7509765625
9905.953125
9904.0771484375
9902.81640625
9899.4384765625
9895.625
9890.59375
9886.1845703125
9882.9169921875
9881.208984375
9880.349609375
9879.98046875
9880.23046875
9880.54296875
9880.052734375
9876.294921875
9869.228515625
9860.861328125
9855.8779296875
9853.2958984375
9852.1689453125
9849.16015625
9844.9375
9840.97265625
9838.76953125
9836.5625
9833.841796875
9830.654296875
9828.736328125
9827.388671875
9826.19921875
9823.025390625
9819.71875
9815.744140625
9813.8212890625
9812.109375
9810.189453125
9807.0908203125
9803.2958984375
9799.25
9795.77734375
9792.9091796875
9790.3876953125
9787.85546875
9785.140625
9782.251953125
9778.828125
9775.3310546875
9771.2607421875
9767.9970703125
9764.408203125
9761.3154296875
9758.22265625
9755.5234375
9753.2265625
9751.154296875
9748.80859375
9746.05078125
9742.7724609375
9739.7158203125
9736.2099609375
9733.177734375
9729.3447265625
9726.16015625
9722.3408203125
9719.5029296875
9716.6435546875
9713.94140625
9711.107421875
9707.705078125
9704.609375
9701.8359375
9700.083984375
9698.98046875
9697.5869140625
9694.251953125
9688.546875
9680.814453125
9673.8447265625
9671.251953125
9671.00390625
9669.5107421875
9665.962890625
9661.26171875
9658.009765625
9655.82421875
9654.21484375
9651.802734375
9649.08984375
9645.68359375
9642.4873046875
9639.330078125
9636.890625
9634.5009765625
9632.3740234375
9630.123046875
9628.60546875
9627.171875
9626.24609375
9623.7626953125
9621.888671875
9618.2265625
9615.6171875
9611.9169921875
9608.62890625
9605.1640625
9602.400390625
9600.2822265625
9598.5703125
9596.908203125
9595.14453125
9593.7333984375
9592.0302734375
9590.9208984375
9588.2470703125
9585.8896484375
9582.4736328125
9579.9306640625
9577.4052734375
9574.87109375
9571.6982421875
9568.2099609375
9565.294921875
9563.7158203125
9562.5263671875
9560.9345703125
9557.94921875
9555.0126953125
9553.009765625
9552.65625
9551.6875
9549.576171875
9545.9345703125
9542.5224609375
9539.943359375
9538.2548828125
9536.150390625
9534.2421875
9531.529296875
9529.908203125
9528.541015625
9527.03125
9524.2333984375
9519.0126953125
9512.505859375
9506.8427734375
9503.326171875
9502.076171875
9500.7734375
9498.60546875
9495.14453125
9491.49609375
9488.0478515625
9484.9580078125
9481.912109375
9479.1484375
9477.1953125
9476.17578125
9475.615234375
9475.142578125
9473.998046875
9472.5732421875
9470.2705078125
9467.8701171875
9465.09765625
9462.59765625
9459.9375
9457.3759765625
9454.1103515625
9450.580078125
9446.97265625
9444.109375
9442.2607421875
9440.7353515625
9438.6748046875
9435.4287109375
9431.048828125
9427.587890625
9425.3525390625
9425.2978515625
9425.11328125
9424.4140625
9421.5693359375
9418.0595703125
9413.943359375
9410.759765625
9407.50390625
9404.841796875
9401.517578125
9399.0146484375
9396.712890625
9395.005859375
9393.2900390625
9390.71484375
9387.7216796875
9383.83984375
9380.3359375
9377.37109375
9375.17578125
9373.279296875
9370.89453125
9368.2392578125
9364.5888671875
9361.296875
9357.701171875
9354.775390625
9351.728515625
9349.44921875
9347.1767578125
9347.1591796875
9343.3525390625
9339.7451171875
9338.23828125
9338.888671875
9341.5517578125
9347.7080078125
9347.2021484375
9352.205078125
9345.8876953125
9342.8671875
9350.2099609375
9349.3359375
9348.83984375
9345.2734375
9338.6708984375
9326.556640625
9321.833984375
9316.001953125
9311.2890625
9312.3349609375
9312.580078125
9306.0546875
9302.640625
9299.53515625
9299.2958984375
9296.6484375
9292.46484375
9289.255859375
9288.0517578125
9287.04296875
9285.5244140625
9281.5986328125
9275.392578125
9270.201171875
9267.8994140625
9268.41796875
9269.466796875
9268.3408203125
9266.580078125
9265.6953125
9264.0908203125
9259.8916015625
9253.8212890625
9249.0205078125
9246.853515625
9247.802734375
9247.2314453125
9244.615234375
9240.177734375
9236.88671875
9234.5615234375
9233.1123046875
9230.5537109375
9227.935546875
9225.3203125
9223.986328125
9222.107421875
9219.513671875
9215.4150390625
9211.80078125
9209.15234375
9208.333984375
9207.7626953125
9207.44140625
9206.341796875
9205.484375
9204.1181640625
9203.10546875
9201.6259765625
9200.3203125
9198.6875
9197.2841796875
9195.3369140625
9192.8720703125
9189.341796875
9185.373046875
9181.177734375
9177.529296875
9174.2744140625
9171.7626953125
9169.4609375
9167.646484375
9166.1689453125
9165.6865234375
9165.6552734375
9166.052734375
9165.6220703125
9164.478515625
9162.2529296875
9160.267578125
9158.5947265625
9158.451171875
9158.0888671875
9158.056640625
9155.576171875
9152.322265625
9147.6328125
9143.9677734375
9141.5302734375
9140.8203125
9140.9404296875
9141.0078125
9140.88671875
9139.3779296875
9137.29296875
9133.4736328125
9128.802734375
9123.8154296875
9118.9912109375
9116.044921875
9114.54296875
9114.3046875
9114.796875
9115.099609375
9113.9697265625
9109.978515625
9104.765625
9100.806640625
9100.68359375
9104.0029296875
9101.203125
9092.2705078125
9086.462890625
9086.8505859375
9085.16015625
9081.861328125
9081.0615234375
9079.345703125
9073.5146484375
9068.630859375
9064.0712890625
9060.2783203125
9059.60546875
9059.7314453125
9057.2451171875
9055.193359375
9051.69921875
9047.6943359375
9043.5302734375
9040.1328125
9037.2578125
9035.3203125
9033.5869140625
9031.904296875
9030.564453125
9030.7255859375
9031.23828125
9032.27734375
9032.490234375
9031.177734375
9027.09375
9022.7265625
9018.7158203125
9016.1474609375
9013.4375
8984.6767578125
8989.53125
8995.3359375
8974.283203125
8986.2705078125
8978.376953125
8970.42578125
8977.6552734375
8966.625
8966.84375
8966.9921875
8959.01953125
8961.1015625
8957.0458984375
8952.931640625
8953.5439453125
8948.5234375
8946.685546875
8945.3359375
8940.92578125
8939.8701171875
8937.16796875
8933.892578125
8932.650390625
8929.552734375
8927.25
8925.513671875
8922.671875
8920.84375
8918.771484375
8916.40234375
8914.6484375
8912.5263671875
8910.517578125
8908.740234375
8906.765625
8904.9375
8903.16796875
8901.32421875
8899.5673828125
8897.830078125
8896.06640625
8894.357421875
8892.634765625
8890.912109375
8889.2119140625
8887.5029296875
8885.8095703125
8884.1220703125
8882.416015625
8880.751953125
8879.0703125
8877.40234375
8875.74609375
8874.087890625
8872.439453125
8870.791015625
8869.15625
8867.53515625
8865.91015625
8864.306640625
8862.6953125
8861.095703125
8859.5
8857.9228515625
8856.337890625
8854.7626953125
8853.2080078125
8851.64453125
8850.1015625
8848.54296875
8847.0029296875
8845.4599609375
8843.9248046875
8842.404296875
8840.890625
8839.3681640625
8837.849609375
8836.3564453125
8834.849609375
8833.35546875
8831.861328125
8830.3828125
8828.896484375
8827.42578125
8825.953125
8824.490234375
8823.025390625
8821.5732421875
8820.115234375
8818.67578125
8817.2412109375
8815.8115234375
8814.369140625
8812.9501953125
8811.525390625
8810.1171875
8808.708984375
8807.30859375
8805.9072265625
8804.501953125
8803.119140625
8801.728515625
8800.3515625
8798.9697265625
8797.6015625
8796.2265625
8794.85546875
8793.501953125
8792.1474609375
8790.7978515625
8789.447265625
8788.099609375
8786.751953125
8785.412109375
8784.0791015625
8782.751953125
8781.42578125
8780.103515625
8778.791015625
8777.486328125
8776.1728515625
8774.875
8773.5751953125
8772.263671875
8770.9931640625
8769.6982421875
8768.42578125
8767.1455078125
8765.880859375
8764.607421875
8763.341796875
8762.076171875
8760.8291015625
8759.5751953125
8758.3359375
8757.0732421875
8755.8330078125
8754.6005859375
8753.36328125
8752.130859375
8750.92578125
8749.70703125
8748.4921875
8747.27734375
8746.0791015625
8744.8740234375
8743.6708984375
8742.4853515625
8741.2900390625
8740.1044921875
8738.9140625
8737.73828125
8736.560546875
8735.3876953125
8734.21875
8733.0576171875
8731.896484375
8730.734375
8729.578125
8728.423828125
8727.2734375
8726.138671875
8724.9931640625
8723.859375
8722.71484375
8721.5888671875
8720.455078125
8719.328125
8718.2041015625
8717.080078125
8715.958984375
8714.8408203125
8713.724609375
8712.607421875
8711.49609375
8710.39453125
8709.27734375
8708.1767578125
8707.072265625
8705.96875
8704.869140625
8703.7724609375
8702.673828125
8701.587890625
8700.4951171875
8699.404296875
8698.3173828125
8697.232421875
8696.1650390625
8695.0859375
8694.0068359375
8692.9287109375
8691.853515625
8690.77734375
8689.7060546875
8688.634765625
8687.5625
8686.5009765625
8685.43359375
8684.365234375
8683.29296875
8682.2265625
8681.1630859375
8680.1044921875
8679.029296875
8677.95703125
8676.892578125
8675.8359375
8674.775390625
8673.7080078125
8672.6435546875
8671.5791015625
8670.505859375
8669.4443359375
8668.3720703125
8667.3056640625
8666.2275390625
8665.150390625
8664.0732421875
8662.994140625
8661.908203125
8660.826171875
8659.7470703125
8658.6513671875
8657.5556640625
8656.458984375
8655.365234375
8654.275390625
8653.1796875
8652.0830078125
8650.9912109375
8649.9052734375
8648.8212890625
8647.7509765625
8646.6826171875
8645.6328125
8644.5888671875
8643.560546875
8642.548828125
8641.541015625
8640.552734375
8639.5791015625
8638.63671875
8637.755859375
8637.048828125
8636.5615234375
8637.015625
8637.2021484375
8639.3115234375
8635.8837890625
8632.24609375
8630.43359375
8630.4755859375
8631.83984375
8629.1953125
8626.736328125
8626.43359375
8626.287109375
8627.6044921875
8624.1328125
8623.591796875
8628.3828125
8623.255859375
8621.7216796875
8623.44921875
8620.4951171875
8617.998046875
8619.0302734375
8616.306640625
8614.80859375
8614.37890625
8613.638671875
8611.748046875
8610.76171875
8610.6171875
8608.8115234375
8607.328125
8607.1025390625
8605.9423828125
8604.11328125
8603.646484375
8603.052734375
8601.224609375
8600.49609375
8599.9775390625
8598.5380859375
8597.525390625
8596.9306640625
8595.7412109375
8594.791015625
8594.1064453125
8592.9677734375
8592.044921875
8591.30078125
8590.330078125
8589.26953125
8588.498046875
8587.662109375
8586.6279296875
8585.7265625
8584.9658203125
8584.03125
8583.09375
8582.265625
8581.404296875
8580.4873046875
8579.6474609375
8578.7587890625
8577.8818359375
8577.037109375
8576.1884765625
8575.28125
8574.42578125
8573.6025390625
8572.72265625
8571.853515625
8571.01953125
8570.177734375
8569.3203125
8568.4677734375
8567.630859375
8566.7802734375
8565.9375
8565.0947265625
8564.251953125
8563.412109375
8562.5732421875
8561.7353515625
8560.8984375
8560.0634765625
8559.240234375
8558.404296875
8557.57421875
8556.7490234375
8555.916015625
8555.0830078125
8554.2568359375
8553.4306640625
8552.611328125
8551.7861328125
8550.9658203125
8550.13671875
8549.314453125
8548.498046875
8547.68359375
8546.857421875
8546.0419921875
8545.232421875
8544.41015625
8543.59765625
8542.78125
8541.970703125
8541.1650390625
8540.345703125
8539.533203125
8538.7265625
8537.9111328125
8537.107421875
8536.30078125
8535.494140625
8534.6875
8533.8818359375
8533.0751953125
8532.2763671875
8531.46875
8530.662109375
8529.853515625
8529.041015625
8528.244140625
8527.4375
8526.630859375
8525.818359375
8525.0126953125
8524.20703125
8523.40234375
8522.5888671875
8521.775390625
8520.96484375
8520.16015625
8519.34765625
8518.52734375
8517.716796875
8516.9033203125
8516.08203125
8515.26953125
8514.44921875
8513.6201171875
8512.7939453125
8511.955078125
8511.1103515625
8510.244140625
8509.3916015625
8508.5244140625
8507.6552734375
8506.78125
8505.8974609375
8505.0068359375
8504.083984375
8503.1640625
8502.23046875
8501.26953125
8500.296875
8499.314453125
8498.3203125
8497.3076171875
8496.291015625
8495.271484375
8494.2578125
8493.2578125
8492.267578125
8491.2919921875
8490.326171875
8489.3837890625
8488.447265625
8487.5078125
8486.572265625
8485.62109375
8484.677734375
8483.72265625
8482.771484375
8481.8134765625
8480.853515625
8479.884765625
8478.9287109375
8477.9736328125
8477.0234375
8476.087890625
8475.158203125
8474.248046875
8473.32421875
8472.4228515625
8471.4912109375
8470.62109375
8469.67578125
8468.8583984375
8467.892578125
8467.05859375
8466.0419921875
8465.10546875
8464.099609375
8463.1640625
8462.291015625
8461.5390625
8460.9013671875
8460.513671875
8460.203125
8460.21484375
8459.6708984375
8458.9873046875
8457.1767578125
8455.359375
8454.1611328125
8453.568359375
8453.2373046875
8452.328125
8451.109375
8449.81640625
8449.0869140625
8448.8125
8448.603515625
8448.189453125
8447.5634765625
8446.740234375
8445.7265625
8444.462890625
8443.15234375
8442.23828125
8441.611328125
8441.1376953125
8440.2890625
8439.1015625
8437.8134765625
8436.8125
8436.1689453125
8435.658203125
8435.0126953125
8434.09375
8433.08984375
8432.2333984375
8431.66796875
8431.2265625
8430.7861328125
8430.1806640625
8429.6005859375
8428.9765625
8428.533203125
8427.849609375
8426.98046875
8425.77734375
8424.5283203125
8423.462890625
8422.51171875
8421.8046875
8420.880859375
8420.119140625
8419.033203125
8418.306640625
8417.42578125
8416.8515625
8416.130859375
8415.52734375
8414.890625
8414.4609375
8414.103515625
8413.875
8413.4912109375
8413.0625
8412.5419921875
8412.2568359375
8412.208984375
8412.36328125
8412.4404296875
8412.3798828125
8412.2421875
8412.255859375
8412.1240234375
8411.716796875
8410.486328125
8408.705078125
8406.4501953125
8404.400390625
8402.64453125
8401.2734375
8400.228515625
8399.5546875
8399.376953125
8399.66015625
8400.55078125
8401.7802734375
8404.90234375
8406.443359375
8409.1689453125
8408.1689453125
8406.9658203125
8405.6796875
8403.96875
8402.58984375
8402.09765625
8402.26953125
8400.677734375
8398.447265625
8396.341796875
8394.78125
8392.841796875
8391.142578125
8389.892578125
8389.083984375
8388.6240234375
8387.689453125
8386.4609375
8385.083984375
8383.6044921875
8382.1513671875
8381.060546875
8380.294921875
8379.5673828125
8378.560546875
8377.42578125
8376.6123046875
8375.923828125
8375.46875
8374.619140625
8373.818359375
8372.7177734375
8371.806640625
8370.974609375
8370.505859375
8370.087890625
8369.642578125
8368.873046875
8367.9140625
8366.955078125
8366.1357421875
8365.6650390625
8365.37109375
8365.3369140625
8365.2919921875
8365.255859375
8365.357421875
8365.62109375
8366.115234375
8366.224609375
8366.0810546875
8365.3544921875
8364.84375
8364.3203125
8364.029296875
8363.31640625
8362.416015625
8361.119140625
8360.04296875
8359.1015625
8358.6923828125
8358.744140625
8359.3076171875
8360.2197265625
8361.2998046875
8362.240234375
8362.8388671875
8362.9541015625
8362.3515625
8361.13671875
8359.32421875
8357.240234375
8355.2548828125
8353.560546875
8352.28125
8351.1796875
8350.1171875
8349.015625
8348.220703125
8348.07421875
8348.8984375
8350.92578125
8353.6318359375
8356.6044921875
8358.58984375
8358.7021484375
8356.111328125
8351.123046875
8345.1640625
8340.181640625
8337.291015625
8336.490234375
8336.8076171875
8337.1328125
8336.6064453125
8335.1455078125
8333.1708984375
8331.3330078125
8330.29296875
8329.75
8329.7958984375
8329.666015625
8329.59765625
8328.9541015625
8328.2509765625
8327.150390625
8326.115234375
8324.8798828125
8323.8896484375
8323.0087890625
8322.607421875
8322.41015625
8322.431640625
8322.205078125
8321.8349609375
8321.037109375
8320.376953125
8319.7158203125
8319.7578125
8319.998046875
8320.955078125
8321.1171875
8319.8916015625
8316.7822265625
8315.04296875
8314.7236328125
8314.4453125
8314.04296875
8314.25390625
8315.19140625
8314.4921875
8313.5009765625
8311.9677734375
8311.08984375
8309.244140625
8307.849609375
8306.69140625
8306.173828125
8305.4306640625
8305.0654296875
8304.865234375
8304.6455078125
8304.4765625
8304.2578125
8304.5283203125
8304.5791015625
8304.9345703125
8305.240234375
8305.3828125
8305.0966796875
8304.46875
8303.5556640625
8302.490234375
8301.43359375
8300.59375
8300.421875
8300.1162109375
8300.439453125
8300.1953125
8300.76953125
8300.765625
8301.4521484375
8301.587890625
8301.783203125
8301.3359375
8300.669921875
8299.544921875
8298.3408203125
8297.162109375
8296.109375
8295.291015625
8294.3203125
8293.3408203125
8292.4140625
8290.94140625
8290.0732421875
8288.05859375
8286.560546875
8284.203125
8283.060546875
8282.4609375
8282.869140625
8283.173828125
8282.716796875
8280.7314453125
8276.802734375
8273.0546875
8271.224609375
8271.404296875
8271.7744140625
8270.85546875
8268.4423828125
8266.0576171875
8264.623046875
8264.04296875
8263.158203125
8261.736328125
8260.22265625
8259.5166015625
8259.8193359375
8260.591796875
8260.9912109375
8260.544921875
8259.5166015625
8258.3994140625
8257.447265625
8256.783203125
8256.341796875
8256.642578125
8257.2890625
8258.76171875
8260.0234375
8261.3525390625
8262.09765625
8262.623046875
8262.810546875
8262.689453125
8262.126953125
8261.263671875
8260.517578125
8259.931640625
8259.9326171875
8259.833984375
8259.91015625
8259.263671875
8258.30859375
8256.80078125
8255.609375
8254.8818359375
8254.91015625
8255.4580078125
8255.990234375
8256.2470703125
8255.5908203125
8254.2548828125
8251.666015625
8248.638671875
8245.255859375
8243.048828125
8241.8408203125
8241.7802734375
8241.8349609375
8242.0
8242.021484375
8242.40625
8242.806640625
8243.0185546875
8242.82421875
8242.421875
8242.4755859375
8242.9736328125
8244.0107421875
8244.7548828125
8244.9140625
8244.181640625
8242.7587890625
8240.95703125
8238.7900390625
8236.662109375
8234.392578125
8232.634765625
8231.1650390625
8230.513671875
8230.0859375
8230.0419921875
8229.6640625
8229.02734375
8227.5595703125
8225.6123046875
8223.1669921875
8220.96484375
8219.158203125
8218.2265625
8217.798828125
8217.869140625
8217.837890625
8217.755859375
8217.30078125
8216.810546875
8216.0751953125
8215.5244140625
8214.94140625
8214.732421875
8214.533203125
8214.7265625
8214.779296875
8215.1328125
8215.1708984375
8215.408203125
8215.2822265625
8215.30078125
8214.9423828125
8214.60546875
8213.9619140625
8213.4375
8212.8818359375
8212.7451171875
8212.8349609375
8213.37109375
8213.8779296875
8214.5615234375
8214.978515625
8215.6123046875
8216.158203125
8216.939453125
8217.6396484375
8218.4501953125
8219.162109375
8219.8564453125
8220.01953125
8219.73046875
8218.1767578125
8216.0654296875
8213.2734375
8211.0810546875
8209.7373046875
8209.1015625
8208.658203125
8207.939453125
8206.7109375
8205.33984375
8203.80078125
8202.3662109375
8200.93359375
8199.6875
8198.6552734375
8197.8046875
8196.978515625
8195.826171875
8194.470703125
8192.689453125
8191.00634765625
8189.37109375
8187.93359375
8186.5751953125
8185.29931640625
8184.12158203125
8183.19384765625
8182.47412109375
8181.96875
8181.3974609375
8180.73974609375
8179.7548828125
8178.6591796875
8177.505859375
8176.626953125
8176.12548828125
8176.046875
8176.25048828125
8176.57568359375
8176.91259765625
8177.2626953125
8177.587890625
8178.0498046875
8178.4443359375
8178.84326171875
8178.947265625
8178.732421875
8178.140625
8177.15380859375
8176.03955078125
8174.787109375
8173.8203125
8173.05712890625
8172.8291015625
8172.87451171875
8173.267578125
8173.533203125
8173.59326171875
8173.0693359375
8172.27978515625
8171.2119140625
8170.58203125
8170.20166015625
8170.626953125
8171.0126953125
8171.6611328125
8171.63818359375
8171.5029296875
8170.71240234375
8170.0693359375
8169.13427734375
8168.609375
8167.982421875
8167.9384765625
8167.9580078125
8168.5126953125
8168.77001953125
8168.7392578125
8167.4892578125
8165.58447265625
8163.55322265625
8162.544921875
8162.72412109375
8163.74609375
8164.6650390625
8164.841796875
8164.1357421875
8163.0908203125
8162.3076171875
8162.2138671875
8162.40625
8162.6953125
8162.34765625
8162.0146484375
8161.4501953125
8161.70703125
8162.21923828125
8163.15966796875
8163.62939453125
8163.451171875
8162.2880859375
8160.4755859375
8158.2626953125
8156.2470703125
8154.29443359375
8152.6767578125
8151.037109375
8149.6513671875
8148.19921875
8147.15576171875
8145.9248046875
8145.0029296875
8143.52099609375
8142.142578125
8140.83251953125
8140.02978515625
8139.6806640625
8139.6962890625
8139.71240234375
8139.728515625
8139.48486328125
8139.33056640625
8138.96533203125
8138.92236328125
8138.7119140625
8138.7978515625
8138.5693359375
8138.32763671875
8137.69091796875
8136.849609375
8135.77001953125
8134.455078125
8133.2421875
8132.19482421875
8131.6904296875
8131.361328125
8131.2001953125
8130.8076171875
8130.3212890625
8129.77294921875
8129.5712890625
8129.79931640625
8130.66357421875
8131.8740234375
8133.50732421875
8135.1748046875
8137.1552734375
8138.9853515625
8140.99462890625
8142.73046875
8144.3994140625
8145.6220703125
8146.4130859375
8146.6123046875
8146.15234375
