15768.177734375
15752.349609375
15737.775390625
15724.353515625
15711.9365234375
15700.4501953125
15689.7822265625
15679.787109375
15670.3984375
15661.4814453125
15652.990234375
15644.8154296875
15636.89453125
15629.216796875
15621.7373046875
15614.421875
15607.2802734375
15600.302734375
15593.490234375
15586.8408203125
15580.3505859375
15574.0390625
15567.8984375
15561.939453125
15556.1669921875
15550.560546875
15545.1328125
15539.869140625
15534.7802734375
15529.837890625
15525.041015625
15520.400390625
15515.89453125
15511.521484375
15507.26953125
15503.1494140625
15499.14453125
15495.24609375
15491.4736328125
15487.8056640625
15484.24609375
15480.787109375
15477.4306640625
15474.1748046875
15471.01953125
15467.9599609375
15464.9814453125
15462.0908203125
15459.2890625
15456.5625
15453.921875
15451.3544921875
15448.8671875
15446.44140625
15444.09375
15441.8046875
15439.5830078125
15437.4306640625
15435.3330078125
15433.296875
15431.3193359375
15429.40234375
15427.53125
15425.7138671875
15423.94921875
15422.2265625
15420.5615234375
15418.9326171875
15417.3525390625
15415.814453125
15414.318359375
15412.8671875
15411.44921875
15410.0703125
15408.73046875
15407.427734375
15406.15625
15404.9208984375
15403.712890625
15402.546875
15401.404296875
15400.294921875
15399.208984375
15398.15625
15397.1328125
15396.134765625
15395.16015625
15394.21875
15393.2890625
15392.388671875
15391.5166015625
15390.6669921875
15389.83984375
15389.025390625
15388.2392578125
15387.470703125
15386.71875
15385.986328125
15385.27734375
15384.5849609375
15383.9091796875
15383.25
15382.609375
15381.98046875
15381.376953125
15380.7802734375
15380.203125
15379.63671875
15379.0859375
15378.544921875
15378.0224609375
15377.513671875
15377.0146484375
15376.5302734375
15376.056640625
15375.595703125
15375.14453125
15374.70703125
15374.279296875
15373.861328125
15373.4541015625
15373.0546875
15372.6650390625
15372.283203125
15371.919921875
15371.5546875
15371.205078125
15370.8623046875
15370.52734375
15370.197265625
15369.8818359375
15369.5703125
15369.267578125
15368.9677734375
15368.677734375
15368.39453125
15368.115234375
15367.8486328125
15367.580078125
15367.3251953125
15367.072265625
15366.82421875
15366.583984375
15366.3486328125
15366.119140625
15365.8955078125
15365.67578125
15365.4609375
15365.25390625
15365.0537109375
15364.8544921875
15364.65625
15364.466796875
15364.283203125
15364.099609375
15363.9189453125
15363.74609375
15363.5751953125
15363.41015625
15363.248046875
15363.0859375
15362.931640625
15362.7802734375
15362.62890625
15362.4853515625
15362.3408203125
15362.201171875
15362.0634765625
15361.93359375
15361.7998046875
15361.671875
15361.544921875
15361.4228515625
15361.298828125
15361.1806640625
15361.0654296875
15360.94921875
15360.83984375
15360.7314453125
15360.62109375
15360.517578125
15360.4140625
15360.3125
15360.2138671875
15360.115234375
15360.0205078125
15359.92578125
15359.83203125
15359.7412109375
15359.65234375
15359.564453125
15359.478515625
15359.39453125
15359.3115234375
15359.232421875
15359.1484375
15359.0712890625
15358.9921875
15358.91796875
15358.8427734375
419997220864.0
829540.8125
4376650752.0
6823044.5
5072694.0
9287852.0
39110412.0
178897472.0
158994544.0
32168256.0
7715170.5
4128868.5
3439306.5
3028131.25
2581429.75
2137737.5
1755016.75
1460494.25
1257757.0
1138712.5
1092840.5
1110661.375
1184594.375
1308649.625
1477519.0
1685085.75
1926072.75
2193825.5
2482612.0
2784425.25
3093832.25
3402431.25
3700182.75
3983806.5
4245543.5
4479763.5
4681125.5
4851505.5
4982619.5
5076081.5
5131687.0
5150736.0
5138369.5
5096124.5
5026898.0
4931453.5
4822772.0
4695529.0
4560402.5
4415707.5
4266335.5
4114958.75
3963855.25
3814316.25
3667007.5
3523741.25
3387503.25
3255473.25
3129175.75
3010068.0
2896841.0
2789323.5
2688261.0
2594368.75
2504562.75
2420980.5
2343014.25
2269304.5
2200742.5
2135823.25
2075487.625
2019389.125
1966231.5
1916428.875
1869981.125
1826237.375
1784593.5
1746657.375
1709585.5
1675464.875
1643359.75
1612388.25
1583985.25
1555982.625
1530956.25
1506137.875
1483316.0
1461228.875
1440001.0
1420206.125
1401865.75
1383641.0
1366796.0
1350168.625
1334224.875
1319521.875
1305373.875
1291613.0
1277771.5
1265271.125
1253051.625
1241307.875
1229887.5
1219147.5
1208168.75
1198405.875
1188474.125
1178593.0
1169720.5
1160349.5
1151679.0
1143432.5
1135222.125
1126995.5
1119195.625
1111728.125
1104216.75
1096978.375
1089859.5
1082749.75
1076195.375
1069519.25
1063362.0
1057066.875
1050936.375
1044682.75
1038629.625
1032728.625
1026870.5
1021357.625
1015865.8125
1010696.4375
1005139.125
999668.3125
994722.5625
989521.1875
984731.5625
979828.5625
974893.5
970224.3125
965452.625
960899.75
956269.375
951841.1875
947400.0625
942803.875
938713.4375
934476.625
930214.125
926148.8125
921948.625
917939.8125
913737.6875
909854.5625
905947.0
901967.25
898206.75
894626.875
890681.5625
887012.3125
883504.4375
879752.875
876308.125
872615.625
869097.625
865870.5
862371.4375
858799.5625
855310.625
851903.3125
848735.6875
845359.75
842128.25
838875.4375
835529.5625
832405.5
829387.5
825971.375
822916.4375
819828.75
816626.0
813618.5625
810451.6875
807471.75
804276.375
801323.5
798525.3125
795429.0
792488.0625
789650.6875
786601.375
783891.625
780947.875
777912.9375
775188.875
772279.5
769777.0
766744.375
764139.3125
761207.1875
758533.9375
755725.375
753184.0625
750486.1875
747936.25
745140.4375
742526.8125
740096.9375
737502.375
735135.0
732530.9375
729978.4375
727525.8125
724962.75
722548.9375
720073.3125
717511.5
715195.6875
712754.3125
710360.625
707990.875
705507.4375
703307.0
700898.4375
698379.3125
696230.1875
693724.3125
691524.25
689213.0625
686989.0
684811.3125
682495.4375
680045.8125
677877.4375
675706.3125
673408.9375
671189.1875
669182.6875
666762.5
664565.5
662595.375
660304.375
658284.4375
656169.1875
654100.875
651918.6875
649840.75
647795.3125
645695.5625
643563.625
641661.0
639543.1875
637588.0
635524.0625
633602.125
631536.125
629632.0
627672.75
625678.9375
623642.0
621771.5
619823.3125
617891.5625
616083.5
614112.5
612159.5625
610443.75
608505.8125
606573.8125
604658.75
602760.4375
600930.875
599053.1875
597258.9375
595561.25
593694.0625
591950.3125
590192.1875
588479.5625
586644.5
584867.125
583155.3125
581540.625
579688.4375
578097.25
576403.0
574635.4375
572976.5
571426.5
569563.125
567944.3125
566208.875
564611.6875
563007.0625
561301.375
559872.875
558210.375
556670.125
555073.0625
553540.4375
552067.4375
550468.6875
548930.125
547460.125
546013.9375
544425.5
542921.9375
541457.5625
539866.125
538302.125
537016.5
535509.5
534000.5625
532602.75
531170.4375
529589.8125
528174.75
526860.8125
525354.375
523971.03125
522611.84375
521125.96875
519656.90625
518347.1875
517001.15625
515590.15625
514207.09375
512853.34375
511419.28125
510132.8125
508843.5625
507360.65625
506250.53125
504737.71875
503443.625
502050.8125
500775.46875
499560.4375
498143.96875
496894.75
495557.3125
494327.65625
492935.28125
491710.65625
490497.59375
489176.875
487992.25
486628.125
485342.5
484239.15625
482928.875
481751.875
480401.8125
479291.59375
478077.96875
476863.5
475669.28125
474398.71875
473309.84375
472096.84375
470839.5625
469761.46875
468469.25
467314.34375
466222.96875
464975.875
463925.90625
462723.09375
461587.0
460385.75
459315.6875
458213.84375
457134.4375
455966.59375
454873.625
453742.5625
452681.5
451513.21875
450509.6875
449280.09375
448275.53125
447255.71875
446161.34375
445096.75
444006.5625
443027.125
441963.59375
440918.21875
439908.53125
438894.78125
437851.5625
436799.71875
435782.6875
434746.78125
433743.3125
432788.0625
431738.0
430857.625
429862.90625
428769.8125
427888.625
426864.53125
425882.53125
424907.21875
423958.375
423006.1875
422052.78125
421086.03125
420222.5
419221.6875
418400.25
417323.0625
416530.9375
415590.6875
414611.59375
413741.4375
412878.25
411895.75
411056.21875
410177.125
409259.5625
408367.09375
407522.15625
406629.78125
405740.5625
404858.96875
404026.6875
403207.875
402232.78125
401450.28125
400608.1875
399705.375
398918.0625
398043.1875
397295.78125
396478.625
395654.625
394801.96875
393940.5
393204.75
392409.09375
391577.375
390709.15625
389930.78125
389140.5
388356.90625
387605.0625
386723.625
385943.96875
385132.3125
384426.78125
383626.46875
382846.59375
382077.28125
381280.25
380569.65625
379802.4375
379035.6875
378212.90625
377547.6875
376873.5
376033.625
375291.34375
374564.3125
373798.9375
373049.875
372274.0
371603.25
370870.46875
370163.9375
369437.65625
368764.53125
368011.6875
367327.90625
366599.84375
365934.21875
365192.21875
364546.25
363816.21875
363137.84375
362494.5
361753.9375
361059.53125
360392.34375
359746.59375
359046.46875
358475.5
357753.53125
357036.5625
356411.6875
355745.65625
355118.84375
354445.375
353786.78125
353196.28125
352460.8125
351916.59375
351299.625
350584.8125
349958.96875
349344.125
348692.5
348085.875
347429.125
346819.65625
346197.59375
345624.71875
344909.0625
344305.1875
343753.09375
343126.21875
342484.59375
341905.34375
341340.46875
340698.5
340111.15625
339462.78125
338934.1875
338302.96875
337673.5625
337146.71875
336494.9375
335955.40625
335360.1875
334819.40625
334191.1875
333589.4375
333064.1875
332505.15625
331895.71875
331335.09375
330802.0625
330164.59375
329658.53125
329080.34375
328483.28125
327951.03125
327407.15625
326793.4375
326283.71875
325744.0625
325200.28125
324647.53125
324115.6875
323536.96875
322976.03125
322436.3125
321898.84375
321371.40625
320879.8125
320306.71875
319759.84375
319245.75
318711.34375
318224.6875
317648.5625
317212.625
316639.3125
316119.875
315610.0625
315141.71875
314577.5
314164.9375
313686.0
313102.75
312565.59375
312122.625
311632.9375
311135.375
310624.375
310155.25
309713.3125
309262.03125
308687.34375
308228.21875
307752.96875
307254.40625
306812.40625
306325.3125
305831.65625
305355.6875
304922.96875
304467.6875
303928.03125
303518.3125
303008.90625
302535.75
302072.5
301614.5625
301167.5
300766.625
300253.78125
299795.96875
299357.78125
298949.34375
298504.4375
298023.875
297598.15625
297126.625
296703.875
296272.3125
295780.46875
295382.75
294923.84375
294472.375
294061.59375
293603.875
293196.15625
292723.15625
292329.59375
291906.4375
291450.3125
291022.96875
290649.28125
290203.15625
289772.90625
289397.59375
288983.375
288540.25
288140.21875
287723.90625
287358.03125
286907.0625
286552.53125
286092.375
285701.0
285357.9375
284948.25
284554.5
284181.0625
283738.625
283381.0
282945.0
282596.1875
282163.375
281811.8125
281420.96875
281011.125
280597.15625
280226.34375
279887.53125
279498.78125
279151.65625
278711.75
278335.09375
277968.0
277581.90625
277227.28125
276876.1875
276475.90625
276086.5
275737.71875
275391.65625
274989.71875
274655.90625
274280.8125
273931.78125
273543.125
273179.6875
272829.875
272454.21875
272095.96875
271771.1875
271433.96875
271052.84375
270710.09375
270377.9375
270021.875
269708.5625
269353.59375
269029.03125
268688.90625
268354.28125
268067.53125
267640.25
267372.375
267034.4375
266693.65625
266383.71875
266030.65625
265729.90625
265404.53125
265043.4375
264774.15625
264442.25
264127.875
263767.0
263478.40625
263156.90625
262866.21875
262559.0
262230.1875
261908.703125
261610.78125
261308.734375
261000.859375
260655.1875
260369.40625
260066.734375
259736.265625
259441.421875
259167.546875
258839.265625
258536.203125
258226.71875
257944.640625
257616.625
257300.296875
257022.1875
256744.515625
256409.578125
256174.125
255830.453125
255558.53125
255229.78125
254987.75
254667.96875
254382.390625
254067.921875
253814.09375
253515.046875
253188.640625
252938.203125
252622.328125
252346.125
252086.4375
251787.765625
251525.234375
251227.296875
250941.25
250672.484375
250382.90625
250131.375
249790.0
249517.25
249268.171875
248991.328125
248700.25
248437.1875
248171.46875
247883.453125
247604.625
247359.953125
247089.203125
246772.953125
246529.96875
246243.140625
245976.921875
245704.703125
245443.3125
245156.328125
244870.03125
244658.6875
244355.28125
244105.5
243822.453125
243563.640625
243291.703125
243079.1875
242788.65625
242517.015625
242260.84375
242031.015625
241733.546875
241483.703125
241244.15625
240958.9375
240704.796875
240465.671875
240202.296875
239955.96875
239659.796875
239448.25
239220.015625
238918.34375
238685.234375
238426.09375
238165.828125
237932.390625
237649.90625
237444.9375
237206.078125
236897.625
236683.0
236444.0
236236.453125
235972.65625
235720.34375
235480.75
235253.296875
234972.3125
234748.4375
234532.421875
234269.375
234052.875
233788.75
233574.0625
233333.890625
233071.921875
232844.46875
232628.8125
232382.765625
232157.734375
231915.125
231670.203125
231458.59375
231183.859375
230963.90625
230724.8125
230514.34375
230271.5625
230029.1875
229799.609375
229519.125
229332.15625
229109.03125
228914.75
228649.1875
228455.390625
228217.96875
228003.125
227761.03125
227538.03125
227310.4375
227154.3125
226842.953125
226643.859375
226416.984375
226207.984375
225993.25
225799.609375
225574.5625
225374.9375
225169.3125
224956.375
224758.515625
224514.515625
224307.671875
224074.5
223894.09375
223683.890625
223480.578125
223260.3125
223061.78125
222844.5625
222647.640625
222400.015625
222234.78125
222031.96875
221827.5
221638.40625
221408.296875
221254.75
221030.15625
220840.734375
220609.9375
220443.453125
220238.578125
220034.6875
219820.609375
219649.484375
219472.484375
219251.46875
219079.703125
218883.640625
218681.59375
218492.234375
218306.34375
218126.390625
217951.765625
217756.640625
217570.46875
217392.671875
217219.140625
217009.65625
216820.96875
216651.71875
216451.921875
216285.4375
216098.21875
215914.4375
215756.625
215554.890625
215377.5
215207.46875
215026.140625
214853.109375
214640.8125
214469.234375
214306.140625
214139.5625
213974.359375
213767.125
213605.90625
213413.25
213210.015625
213046.4375
212888.828125
212740.90625
212547.109375
212381.265625
212242.015625
212029.375
211865.953125
211665.8125
211496.1875
211316.328125
211150.59375
210989.875
210796.65625
210634.4375
210463.09375
210287.203125
210124.4375
209962.40625
209797.046875
209615.5625
209465.484375
209262.984375
209110.265625
208921.53125
208760.59375
208581.984375
208429.296875
208262.71875
208101.15625
207955.25
207774.3125
207633.28125
207431.65625
207288.421875
207112.125
206977.703125
206806.46875
206636.71875
206491.40625
206314.625
206152.875
205988.1875
205837.625
205637.015625
205501.140625
205341.84375
205156.34375
205000.59375
204852.5625
204690.453125
204514.609375
204382.5625
204222.734375
204057.234375
203896.125
203747.390625
203589.578125
203423.890625
203268.703125
203117.234375
202982.390625
202810.84375
202637.8125
202479.53125
202349.828125
202167.3125
202029.078125
201888.59375
201714.515625
201576.40625
201433.515625
201268.1875
201101.40625
200932.90625
200800.328125
200659.625
200476.1875
200334.046875
200191.125
200063.5625
199897.03125
199738.5
199607.109375
199455.765625
199311.5
199127.34375
199009.296875
198851.78125
198709.234375
198543.765625
198413.078125
198267.75
198114.640625
197953.6875
197809.578125
197672.9375
197547.40625
197403.46875
197236.5
197077.4375
196930.828125
196796.046875
196641.0
196512.765625
196373.28125
196288.0
196189.328125
196089.125
195971.609375
195849.484375
195755.859375
195662.703125
195531.59375
195448.1875
195364.5625
195221.375
195131.796875
195023.390625
194926.0
194796.0
194708.484375
194620.53125
194502.171875
194409.515625
194287.125
194184.875
194079.578125
193997.40625
193881.5
193787.6875
193681.046875
193589.59375
193475.34375
193358.53125
193278.21875
193169.03125
193083.8125
192962.21875
192874.359375
192767.609375
192669.578125
192534.875
192453.140625
192369.21875
192256.0625
192170.0625
192047.0625
191951.0625
191839.046875
191751.703125
191639.84375
191568.4375
191465.0
191371.046875
191248.34375
191140.546875
191047.28125
190947.75
190860.578125
190763.90625
190647.265625
190564.171875
190453.3125
190362.453125
190275.859375
190166.421875
190076.046875
189947.28125
189878.265625
189783.0625
189678.8125
189572.9375
189482.03125
189388.71875
189285.765625
189178.625
189075.40625
188993.59375
188904.65625
188793.484375
188681.21875
188607.703125
188508.734375
188426.640625
188338.734375
188245.78125
188107.21875
188033.15625
187930.734375
187836.390625
187722.234375
187656.71875
187542.265625
187456.875
187352.03125
187272.671875
187181.0
187089.484375
186977.53125
186872.71875
186793.015625
186688.0
186585.46875
186498.765625
186424.453125
186316.015625
186215.984375
186116.0
186027.25
185939.59375
185872.875
185755.1875
185680.453125
185564.671875
185488.109375
185396.890625
185328.1875
185231.796875
185132.40625
185034.78125
184948.640625
184836.71875
184750.859375
184675.203125
184589.453125
184497.59375
184413.796875
184300.546875
184215.828125
184144.3125
184046.046875
183947.265625
183867.921875
183795.765625
183706.46875
183606.71875
183513.203125
183419.578125
183343.484375
183260.859375
183155.203125
183073.09375
183005.15625
182891.9375
182812.1875
182725.25
182633.078125
182543.109375
182462.296875
182386.0625
182275.6875
182209.5
182121.65625
182017.015625
181935.171875
181845.296875
181776.9375
181678.4375
181594.5625
181486.9375
181417.71875
181330.046875
181242.234375
181146.4375
181062.59375
180982.625
180911.9375
180820.75
180731.96875
180651.140625
180572.921875
180491.6875
180411.046875
180310.78125
180207.53125
180138.125
180052.5
179971.359375
179888.890625
179807.59375
179682.5625
179621.4375
179543.375
179447.234375
179372.46875
179301.734375
179192.171875
179117.3125
179030.96875
178959.09375
178866.484375
178798.796875
178696.515625
178611.828125
178534.65625
178468.703125
178379.71875
178290.625
178202.453125
178132.28125
178042.09375
177955.546875
177866.53125
177795.5625
177720.59375
177639.5
177558.03125
177447.015625
177367.4375
177290.984375
177208.53125
177133.09375
177066.03125
176985.671875
176880.359375
176792.75
176733.21875
176645.546875
176568.28125
176479.765625
176389.53125
176319.46875
176238.515625
176152.765625
176081.1875
176006.640625
175908.453125
175831.9375
175759.578125
175659.90625
175579.5
175515.265625
175444.109375
175365.546875
175267.84375
175191.59375
175105.25
175022.46875
174956.421875
174879.234375
174803.078125
174706.296875
174626.75
174569.09375
174475.796875
174388.203125
174335.3125
174234.484375
174154.296875
174081.390625
174017.78125
173951.265625
173845.640625
173773.4375
173683.796875
173621.578125
173533.453125
173444.703125
173368.109375
173297.234375
173226.140625
173131.71875
173070.484375
172983.765625
172904.96875
172834.375
172753.828125
172678.28125
172597.28125
172521.828125
172439.3125
172373.359375
172292.0625
172216.78125
172138.078125
172047.125
171968.03125
171897.484375
171835.640625
171757.515625
171680.265625
171595.109375
171514.234375
171442.96875
171372.125
171294.078125
171225.3125
171151.21875
171069.375
170989.21875
170910.0
170848.890625
170761.578125
170701.640625
170632.421875
170547.53125
170458.96875
170379.96875
170298.984375
170225.203125
170162.359375
170082.40625
170011.890625
169929.15625
169841.75
169785.34375
169715.46875
169644.625
169567.515625
169495.015625
169395.34375
169325.671875
169265.78125
169182.4375
169130.640625
169048.71875
168972.0
168904.5625
168815.875
168735.4375
168656.125
168599.21875
168539.203125
168443.953125
168381.890625
168299.84375
168248.671875
168165.0625
168095.4375
168027.671875
167955.28125
167860.703125
167776.375
167725.328125
167662.875
167580.0
167509.0
167447.140625
167357.859375
167289.859375
167216.21875
167150.703125
167084.671875
167010.84375
166918.828125
166854.125
166777.1875
166712.0625
166650.453125
166579.109375
166514.5
166439.515625
166348.46875
166277.1875
166204.984375
166141.65625
166070.109375
166012.296875
165937.15625
165860.046875
165787.640625
165715.609375
165649.84375
165585.125
165523.625
165440.40625
165369.859375
165282.53125
165220.15625
165150.625
165090.953125
165031.890625
164954.203125
164883.3125
164822.03125
164738.3125
164664.90625
164609.078125
164536.515625
164461.3125
164392.234375
164317.375
164247.9375
164193.359375
164118.203125
164049.703125
163981.421875
163908.046875
163856.6875
163777.75
163699.53125
163626.078125
163567.671875
163496.046875
163445.734375
163361.21875
163295.21875
163226.203125
163160.25
163099.265625
163024.0625
162953.328125
162881.171875
162817.75
162743.546875
162678.96875
162622.734375
162545.546875
162476.671875
162399.40625
162337.53125
162281.15625
162199.4375
162144.5
162074.1875
162006.75
161953.125
161870.53125
161828.328125
161733.3125
161656.09375
161608.96875
161556.484375
161475.671875
161417.28125
161316.265625
161270.125
161219.984375
161142.34375
161086.171875
161016.5625
160945.640625
160885.21875
160804.53125
160749.671875
160686.984375
160614.953125
160550.59375
160485.421875
160414.65625
160360.125
160291.359375
160237.75
160164.0625
160088.546875
160034.75
159968.421875
159899.125
159817.609375
159749.6875
159688.4375
159635.09375
159571.234375
159501.65625
159446.34375
159380.109375
159308.734375
159252.625
159185.953125
159116.078125
159073.703125
158986.265625
158926.0625
158854.53125
158805.0625
158740.90625
158672.5
158595.40625
158543.0625
158476.671875
158409.375
158355.21875
158282.046875
158234.25
158172.0625
158093.75
158035.484375
157972.6875
157905.25
157848.703125
157795.0
157724.9375
157671.21875
157595.1875
157537.1875
157461.40625
157396.46875
157344.375
157284.09375
157221.9375
157153.46875
157091.203125
157026.5
156973.828125
156912.953125
156853.828125
156793.296875
156741.171875
156657.328125
156599.4375
156531.015625
156466.625
156417.53125
156349.890625
156287.234375
156219.484375
156163.78125
156092.25
156052.21875
155992.25
155916.59375
155862.515625
155800.671875
155744.359375
155672.1875
155612.78125
155550.421875
155491.40625
155437.828125
155384.328125
155295.1875
155247.859375
155185.78125
155125.765625
155069.3125
155018.3125
154963.71875
154912.640625
154821.296875
154765.296875
154722.21875
154667.671875
154585.078125
154527.328125
154474.90625
154398.0
154342.125
154285.0625
154228.046875
154171.28125
154108.8125
154043.671875
154003.65625
153925.359375
153870.53125
153809.625
153749.171875
153697.96875
153632.15625
153579.125
153523.8125
153455.890625
153398.15625
153339.59375
153282.546875
153221.84375
153159.5
153092.421875
153035.265625
152980.484375
152920.046875
152868.96875
152811.21875
152746.96875
152680.609375
152648.453125
152570.234375
152528.796875
152495.3125
152401.328125
152359.25
152327.484375
152263.984375
152183.5
152140.125
152057.78125
152010.140625
151939.265625
151893.8125
151845.515625
151770.3125
151709.296875
151666.171875
151614.90625
151562.546875
151508.65625
151431.875
151372.25
151319.46875
151255.359375
151205.375
151148.984375
151098.765625
151026.515625
150981.59375
150920.8125
150842.703125
150796.015625
150752.484375
150684.46875
150619.578125
150570.96875
150515.296875
150444.640625
150388.5
150337.8125
150277.8125
150226.9375
150164.046875
150105.15625
150047.6875
149999.515625
149944.4375
149882.859375
149825.609375
149765.46875
149717.859375
149654.234375
149603.125
149551.984375
149486.328125
149425.0
149391.765625
149319.21875
149264.296875
149216.4375
149160.5625
149104.640625
149045.8125
148989.109375
148927.140625
148885.734375
148829.4375
148770.953125
148713.34375
148669.875
148589.25
148542.484375
148491.546875
148433.640625
148412.0
148348.28125
148294.90625
148203.796875
148161.96875
148146.015625
148232.203125
148121.796875
148125.71875
148040.203125
147971.78125
147930.890625
147853.78125
147782.0
147718.71875
147670.25
147611.53125
147549.625
147491.828125
147424.90625
147368.25
147317.6875
147254.703125
147213.234375
147167.09375
147082.796875
147029.9375
146973.3125
146924.5
146875.453125
146816.6875
146769.078125
146707.609375
146667.796875
146613.265625
146547.109375
146503.828125
146451.328125
146380.796875
146337.546875
146267.546875
146229.8125
146157.421875
146101.546875
146056.96875
146002.0
145950.78125
145902.390625
145842.296875
145781.015625
145726.96875
145660.84375
145602.15625
145543.59375
145494.375
145437.640625
145387.15625
145339.96875
145296.703125
145224.265625
145185.3125
145136.265625
145079.859375
145018.875
144970.875
144928.296875
144868.0
144806.34375
144749.109375
144701.859375
144654.859375
144610.265625
144552.640625
144502.34375
144453.015625
144398.078125
144344.9375
144288.65625
144239.375
144187.046875
144143.734375
144088.609375
144040.90625
143983.875
143925.8125
143881.53125
143833.40625
143776.03125
143736.859375
143665.453125
143614.765625
143576.46875
143522.40625
143464.65625
143414.03125
143377.6875
143318.078125
143279.65625
143222.9375
143166.625
143122.71875
143073.546875
143023.28125
142975.890625
142911.140625
142874.0
142820.03125
142782.46875
142729.234375
142680.921875
142628.875
142585.96875
142537.234375
142476.09375
142431.34375
142379.5
142326.0625
142264.0625
142217.703125
142172.046875
142127.546875
142081.90625
142037.734375
141977.890625
141944.21875
141886.546875
141834.109375
141782.953125
141732.109375
141682.34375
141645.078125
141586.28125
141534.9375
141482.328125
141432.15625
141386.765625
141346.484375
141293.203125
141238.53125
141193.21875
141146.671875
141105.8125
141048.03125
141000.75
140955.796875
140900.890625
140848.765625
140809.21875
140756.765625
140702.75
140655.046875
140610.375
140552.75
140521.90625
140475.1875
140406.9375
140370.984375
140325.75
140268.828125
140223.46875
140177.921875
140121.25
140080.6875
140036.6875
139984.46875
139941.53125
139909.359375
139853.015625
139811.3125
139759.265625
139698.96875
139650.078125
139620.453125
139578.625
139525.984375
139462.09375
139427.3125
139370.046875
139328.609375
139282.890625
139240.03125
139187.84375
139134.953125
139088.484375
139036.59375
138994.3125
138954.46875
138892.875
138855.828125
138820.4375
138762.40625
138724.671875
138665.234375
138615.8125
138576.5625
138532.25
138489.921875
138440.0625
138403.40625
138345.40625
138307.4375
138253.828125
138202.84375
138160.5
138113.546875
138056.890625
138011.28125
137971.390625
137942.046875
137884.796875
137830.15625
137792.65625
137743.078125
137695.53125
137652.640625
137615.125
137562.5625
137522.0
137465.90625
137413.28125
137386.9375
137332.0625
137297.8125
137233.0
137192.015625
137144.15625
137108.515625
137067.296875
137002.828125
136965.375
136929.765625
136884.65625
136832.1875
136799.359375
136743.1875
136692.46875
136654.375
136607.9375
136569.875
136515.734375
136470.265625
136432.5
136390.234375
136334.46875
136298.125
136249.15625
136184.375
136156.21875
136109.375
136064.703125
136029.546875
135984.65625
135940.75
135883.1875
135835.640625
135789.5
135752.9375
135712.390625
135673.546875
135631.296875
135585.546875
135540.03125
135490.34375
135446.578125
135404.734375
135366.28125
135314.515625
135277.6875
135235.4375
135183.546875
135154.078125
135107.03125
135065.890625
135020.046875
134970.296875
134925.75
134881.34375
134851.015625
134802.125
134757.265625
134707.59375
134659.96875
134622.21875
134567.65625
134529.890625
134485.015625
134452.75
134403.5625
134367.671875
134319.953125
134273.3125
134239.28125
134181.8125
134144.59375
134089.453125
134049.0625
134011.625
133972.453125
133924.265625
133884.859375
133851.109375
133795.484375
133753.75
133713.53125
133673.984375
133633.75
133585.21875
133545.1875
133511.5625
133484.8125
133432.609375
133379.46875
133342.578125
133299.28125
133256.296875
133220.765625
133162.953125
133124.703125
133089.53125
133035.46875
133006.671875
132963.875
132922.828125
132895.078125
132849.421875
132792.828125
132747.375
132707.1875
132669.3125
132629.65625
132572.734375
132528.46875
132491.65625
132449.609375
132397.4375
132357.25
132322.578125
132278.90625
132230.78125
132186.0
132156.953125
132118.046875
132078.75
132036.3125
131990.8125
131947.609375
131906.234375
131869.265625
131832.609375
131785.859375
131746.234375
131719.40625
131672.25
131631.875
131586.6875
131542.484375
131513.625
131468.40625
131427.953125
131392.078125
131357.71875
131312.828125
131264.921875
