15768.177734375
15752.349609375
15737.775390625
15724.353515625
15711.9365234375
15700.4501953125
15689.7822265625
15679.787109375
15670.3984375
15661.4814453125
15652.990234375
15644.8154296875
15636.89453125
15629.216796875
15621.7373046875
15614.421875
15607.2802734375
15600.302734375
15593.490234375
15586.8408203125
15580.3505859375
15574.0390625
15567.8984375
15561.939453125
15556.1669921875
15550.560546875
15545.1328125
15539.869140625
15534.7802734375
15529.837890625
15525.041015625
15520.400390625
15515.89453125
15511.521484375
15507.26953125
15503.1494140625
15499.14453125
15495.24609375
15491.4736328125
15487.8056640625
15484.24609375
15480.787109375
15477.4306640625
15474.1748046875
15471.01953125
15467.9599609375
15464.9814453125
15462.0908203125
15459.2890625
15456.5625
15453.921875
15451.3544921875
15448.8671875
15446.44140625
15444.09375
15441.8046875
15439.5830078125
15437.4306640625
15435.3330078125
15433.296875
15431.3193359375
15429.40234375
15427.53125
15425.7138671875
15423.94921875
15422.2265625
15420.5615234375
15418.9326171875
15417.3525390625
15415.814453125
15414.318359375
15412.8671875
15411.44921875
15410.0703125
15408.73046875
15407.427734375
15406.15625
15404.9208984375
15403.712890625
15402.546875
15401.404296875
15400.294921875
15399.208984375
15398.15625
15397.1328125
15396.134765625
15395.16015625
15394.21875
15393.2890625
15392.388671875
15391.5166015625
15390.6669921875
15389.83984375
15389.025390625
15388.2392578125
15387.470703125
15386.71875
15385.986328125
15385.27734375
15384.5849609375
15383.9091796875
15383.25
15382.609375
15381.98046875
15381.376953125
15380.7802734375
15380.203125
15379.63671875
15379.0859375
15378.544921875
15378.0224609375
15377.513671875
15377.0146484375
15376.5302734375
15376.056640625
15375.595703125
15375.14453125
15374.70703125
15374.279296875
15373.861328125
15373.4541015625
15373.0546875
15372.6650390625
15372.283203125
15371.919921875
15371.5546875
15371.205078125
15370.8623046875
15370.52734375
15370.197265625
15369.8818359375
15369.5703125
15369.267578125
15368.9677734375
15368.677734375
15368.39453125
15368.115234375
15367.8486328125
15367.580078125
15367.3251953125
15367.072265625
15366.82421875
15366.583984375
15366.3486328125
15366.119140625
15365.8955078125
15365.67578125
15365.4609375
15365.25390625
15365.0537109375
15364.8544921875
15364.65625
15364.466796875
15364.283203125
15364.099609375
15363.9189453125
15363.74609375
15363.5751953125
15363.41015625
15363.248046875
15363.0859375
15362.931640625
15362.7802734375
15362.62890625
15362.4853515625
15362.3408203125
15362.201171875
15362.0634765625
15361.93359375
15361.7998046875
15361.671875
15361.544921875
15361.4228515625
15361.298828125
15361.1806640625
15361.0654296875
15360.94921875
15360.83984375
15360.7314453125
15360.62109375
15360.517578125
15360.4140625
15360.3125
15360.2138671875
15360.115234375
15360.0205078125
15359.92578125
15359.83203125
15359.7412109375
15359.65234375
15359.564453125
15359.478515625
15359.39453125
15359.3115234375
15359.232421875
15359.1484375
15359.0712890625
15358.9921875
15358.91796875
15358.8427734375
2017530.375
1088644.125
69123.96875
249756.296875
73796.84375
67012.1640625
67274.0546875
66379.6484375
65396.640625
64519.69921875
63551.96875
62717.41796875
62232.83203125
61863.45703125
61156.6484375
59927.8046875
58353.8359375
56823.75390625
55429.37109375
54122.9609375
52853.86328125
51583.5703125
50361.05859375
49203.69140625
48066.90234375
46972.1484375
45921.16015625
44926.91015625
43977.01953125
43070.3984375
42207.3515625
41375.18359375
40574.84375
39798.0234375
39023.03125
38273.6484375
37559.26953125
36863.74609375
36191.3515625
35549.01171875
34934.7734375
34340.41796875
33761.51953125
33199.4765625
32654.87109375
32127.111328125
31616.5859375
31128.48828125
30669.548828125
30234.68359375
29814.40234375
29409.15234375
29023.359375
28653.2578125
28294.37109375
27947.15625
27612.580078125
27288.9296875
26974.7421875
26668.578125
26372.900390625
26088.44140625
25812.8203125
25543.85546875
25281.9375
25028.21875
24783.3046875
24545.55859375
24313.7265625
24087.94921875
23868.982421875
23657.12109375
23452.88671875
23254.87109375
23076.4140625
22865.7421875
22730.958984375
22566.78125
22472.01953125
22244.736328125
22065.642578125
21900.96484375
21735.98046875
21573.13671875
21419.013671875
21279.21484375
21133.701171875
20983.98046875
20844.94140625
20705.466796875
20564.6171875
20433.14453125
20305.833984375
20177.734375
20053.033203125
19934.267578125
19814.6171875
19696.5234375
19583.953125
19479.712890625
19361.984375
19254.79296875
19150.91796875
19048.376953125
18948.716796875
18850.908203125
18757.193359375
18688.619140625
18586.35546875
18488.12890625
18411.1875
18301.39453125
18230.337890625
18127.78515625
18087.19921875
17998.541015625
17965.12890625
17873.490234375
17796.7734375
17717.21875
17620.5625
17532.224609375
17451.0234375
17366.01953125
17282.83984375
17201.9375
17120.60546875
17037.671875
16957.658203125
16880.705078125
16806.931640625
16740.28515625
16671.10546875
16608.51171875
16542.98828125
16481.20703125
16419.02734375
16353.599609375
16293.3173828125
16235.052734375
16173.056640625
16114.126953125
16055.638671875
15999.4345703125
15943.3408203125
15885.607421875
15830.8642578125
15778.578125
15725.7275390625
15673.6572265625
15621.455078125
15571.2939453125
15522.53515625
15474.103515625
15426.7265625
15380.0166015625
15334.8857421875
15290.1748046875
15245.9384765625
15203.037109375
15160.982421875
15119.640625
15078.634765625
15038.529296875
14998.951171875
14959.7431640625
14921.318359375
14883.3115234375
14845.3671875
14807.6337890625
14770.73828125
14734.2265625
14697.6005859375
14661.3828125
14625.732421875
14590.4873046875
14555.380859375
14520.6318359375
14486.3984375
14452.3671875
14418.765625
14385.44921875
14352.48046875
14319.724609375
14287.328125
14255.30078125
14223.5
14191.9267578125
14160.6796875
14129.7314453125
14099.0185546875
14068.599609375
14038.5712890625
14008.66796875
13978.689453125
13948.7255859375
13919.419921875
13890.677734375
13862.146484375
13833.79296875
13805.876953125
13778.9208984375
13751.1103515625
13722.451171875
13694.09765625
13666.48828125
13640.2265625
13612.9521484375
13585.1328125
13558.642578125
13532.8994140625
13506.8271484375
13479.9521484375
13453.9833984375
13428.8134765625
13403.466796875
13378.11328125
13352.6484375
13327.4052734375
13302.501953125
13277.783203125
13253.001953125
13227.70703125
13202.8330078125
13178.533203125
13154.6669921875
13131.26171875
13108.22265625
13085.5830078125
13063.1572265625
13040.927734375
13018.7783203125
12996.634765625
12974.4921875
12952.544921875
12930.7373046875
12909.0517578125
12887.623046875
12866.4814453125
12845.4404296875
12824.318359375
12803.33203125
12782.6845703125
12762.1767578125
12741.73046875
12721.3076171875
12701.015625
12680.966796875
12661.1044921875
12641.3701171875
12621.767578125
12602.294921875
12582.9912109375
12563.9140625
12545.0849609375
12526.49609375
12508.1806640625
12489.9765625
12471.5341796875
12452.5419921875
12433.6279296875
12415.48828125
12398.021484375
12380.38671875
12362.2109375
12344.234375
12326.935546875
12309.9013671875
12292.47265625
12274.98046875
12257.84375
12241.07421875
12224.01171875
12206.8837890625
12189.9541015625
12173.3671875
12156.763671875
12140.1220703125
12123.623046875
12107.3046875
12091.0732421875
12074.810546875
12058.634765625
12042.5556640625
12026.57421875
12010.515625
11994.59375
11978.68359375
11962.921875
11947.298828125
11931.7978515625
11916.1923828125
11900.2421875
11884.580078125
11869.8857421875
11856.330078125
11841.30078125
11825.296875
11811.2724609375
11796.8564453125
11781.3115234375
11767.28125
11752.89453125
11739.025390625
11725.84765625
11711.2998046875
11697.4150390625
11684.033203125
11670.5849609375
11657.4892578125
11642.9482421875
11628.89453125
11615.00390625
11601.5791015625
11588.564453125
11575.1591796875
11562.1220703125
11548.880859375
11535.716796875
11522.77734375
11509.8525390625
11497.1240234375
11484.2998046875
11471.310546875
11458.5078125
11445.7353515625
11433.287109375
11420.904296875
11408.56640625
11396.2001953125
11383.732421875
11371.5556640625
11359.62890625
11347.736328125
11335.2841796875
11322.046875
11308.9326171875
11296.677734375
11285.244140625
11273.9091796875
11261.966796875
11249.857421875
11238.0654296875
11227.255859375
11217.1591796875
11207.291015625
11196.267578125
11183.2744140625
11169.462890625
11157.5830078125
11147.9990234375
11138.361328125
11126.814453125
11114.291015625
11103.150390625
11093.498046875
11083.7021484375
11072.298828125
11060.1162109375
11047.8232421875
11036.419921875
11025.8984375
11016.26171875
11006.455078125
10995.8017578125
10984.326171875
10973.736328125
10964.02734375
10954.47265625
10943.958984375
10933.3466796875
10923.638671875
10914.59375
10905.3388671875
10895.662109375
10886.0166015625
10876.76171875
10867.4423828125
10858.046875
10848.6953125
10839.220703125
10830.044921875
10820.5634765625
10810.841796875
10800.7958984375
10791.578125
10783.1259765625
10775.06640625
10766.783203125
10756.908203125
10747.59375
10740.7353515625
10734.1455078125
10725.953125
10714.078125
10702.408203125
10694.6796875
10688.1640625
10679.64453125
10669.044921875
10660.392578125
10653.79296875
10646.234375
10636.5625
10627.4248046875
10619.201171875
10610.763671875
10601.330078125
10592.888671875
10585.30859375
10577.4033203125
10568.6640625
10559.8896484375
10551.7529296875
10543.923828125
10536.330078125
10528.9306640625
10521.4375
10513.4921875
10505.517578125
10497.119140625
10488.62890625
10480.30859375
10472.716796875
10465.4189453125
10457.734375
10449.5859375
10441.744140625
10434.6044921875
10427.8837890625
10420.5966796875
10412.541015625
10403.751953125
10395.1201171875
10387.203125
10379.591796875
10371.814453125
10363.8828125
10356.26171875
10348.99609375
10341.427734375
10333.314453125
10325.0234375
10317.18359375
10309.81640625
10302.1806640625
10294.259765625
10286.0576171875
10278.3037109375
10270.607421875
10263.416015625
10255.625
10247.7802734375
10239.4453125
10231.376953125
10223.337890625
10215.400390625
10207.611328125
10200.212890625
10193.193359375
10186.28125
10179.4462890625
10172.63671875
10165.955078125
10158.849609375
10151.30859375
10143.23046875
10135.57421875
10128.232421875
10121.65234375
10114.798828125
10107.888671875
10100.71875
10093.6591796875
10086.80859375
10080.1640625
10073.619140625
10066.9794921875
10060.322265625
10053.712890625
10047.162109375
10040.62109375
10034.0830078125
10027.537109375
10021.07421875
10014.74609375
10008.64453125
10002.783203125
9997.1201171875
9991.6005859375
9985.98046875
9980.2548828125
9974.0703125
9967.84375
9961.6650390625
9955.7626953125
9950.068359375
9944.4365234375
9938.94140625
9933.5458984375
9928.7734375
9924.63671875
9921.3515625
9917.859375
9913.119140625
9905.521484375
9897.609375
9891.6259765625
9888.2236328125
9883.880859375
9876.8779296875
9868.34375
9861.7802734375
9857.3154296875
9852.537109375
9846.072265625
9839.66015625
9834.9921875
9831.1572265625
9826.494140625
9821.0634765625
9816.345703125
9812.623046875
9808.20703125
9802.1748046875
9795.30859375
9789.31640625
9784.0087890625
9778.330078125
9771.681640625
9765.0068359375
9759.130859375
9753.9765625
9748.650390625
9742.87890625
9736.9365234375
9731.3134765625
9726.193359375
9721.421875
9716.78515625
9712.0869140625
9707.4306640625
9702.708984375
9698.013671875
9693.04296875
9688.1591796875
9683.5478515625
9679.6044921875
9675.896484375
9672.087890625
9667.263671875
9661.287109375
9654.50390625
9648.2490234375
9642.767578125
9638.330078125
9633.802734375
9628.853515625
9623.1689453125
9617.35546875
9612.0263671875
9607.333984375
9602.845703125
9598.0
9592.8740234375
9587.8125
9583.5859375
9579.2685546875
9574.85546875
9569.6181640625
9565.1533203125
9561.4228515625
9558.556640625
9555.4453125
9551.1953125
9546.099609375
9539.4111328125
9533.337890625
9528.3515625
9523.671875
9518.802734375
9513.599609375
9508.3916015625
9502.83203125
9499.44140625
9497.255859375
9494.77734375
9491.439453125
9483.126953125
9479.0009765625
9477.9599609375
9474.2001953125
9467.0693359375
9460.826171875
9459.841796875
9457.646484375
9452.87109375
9447.61328125
9444.6201171875
9440.13671875
9435.72265625
9431.79296875
9429.17578125
9425.107421875
9420.0078125
9415.61328125
9412.2900390625
9407.9208984375
9402.3935546875
9396.80078125
9392.3203125
9389.00390625
9385.974609375
9382.4345703125
9378.3564453125
9374.4384765625
9370.6005859375
9366.61328125
9362.68359375
9359.3203125
9355.9609375
9352.546875
9347.9443359375
9342.9296875
9337.42578125
9332.8955078125
9329.1572265625
9325.56640625
9321.556640625
9317.494140625
9314.1044921875
9311.5146484375
9309.3369140625
9306.8701171875
9303.8203125
9299.7890625
9295.0244140625
9290.212890625
9286.162109375
9283.119140625
9280.736328125
9278.619140625
9276.33984375
9273.6787109375
9270.060546875
9265.8671875
9261.7109375
9258.8916015625
9257.3232421875
9256.708984375
9255.7373046875
9254.3740234375
9252.4208984375
9250.2490234375
9247.23046875
9242.763671875
9236.8779296875
9230.81640625
9226.2431640625
9223.52734375
9222.3505859375
9220.6953125
9217.82421875
9212.9091796875
9207.7978515625
9202.8818359375
9199.89453125
9197.8984375
9196.400390625
9194.28125
9191.6728515625
9189.0869140625
9186.91015625
9184.955078125
9181.888671875
9177.6142578125
9171.673828125
9165.87109375
9160.619140625
9156.74609375
9153.74609375
9150.9375
9148.0703125
9144.91796875
9141.658203125
9137.931640625
9134.31640625
9130.5
9127.4482421875
9124.9501953125
9122.4345703125
9119.1328125
9115.099609375
9111.265625
9108.392578125
9107.05859375
9105.744140625
9104.875
9102.87109375
9100.91796875
9098.0625
9094.78125
9090.6552734375
9086.560546875
9083.4580078125
9081.462890625
9080.560546875
9079.1474609375
9077.25390625
9074.5078125
9071.5693359375
9068.875
9066.6796875
9064.466796875
9061.685546875
9058.52734375
9054.986328125
9052.3515625
9050.248046875
9048.576171875
9046.61328125
9043.939453125
9041.2421875
9039.1953125
9038.0634765625
9036.9462890625
9036.20703125
9034.6220703125
9033.005859375
9030.2470703125
9026.5634765625
9022.2900390625
9018.3125
9015.240234375
9012.705078125
9010.8125
9007.7744140625
9004.75390625
9000.98046875
8997.8046875
8995.7451171875
8995.193359375
8996.21875
8997.697265625
8999.2412109375
8998.150390625
8995.046875
8988.59375
8981.806640625
8976.8671875
8975.19140625
8975.400390625
8974.390625
8971.55078125
8967.0390625
8964.611328125
8963.34765625
8961.7939453125
8958.244140625
8954.3427734375
8952.400390625
8952.4296875
8952.619140625
8950.771484375
8947.66796875
8943.9931640625
8940.953125
8938.646484375
8936.654296875
8934.76953125
8932.4384765625
8930.4892578125
8928.416015625
8927.060546875
8925.7392578125
8924.6142578125
8922.7744140625
8919.8583984375
8916.154296875
8912.767578125
8911.0693359375
8911.2490234375
8912.9091796875
8914.634765625
8913.2138671875
8907.8837890625
8900.9970703125
8898.912109375
8901.048828125
8902.07421875
8898.86328125
8895.46875
8895.314453125
8896.9013671875
8894.5322265625
8889.609375
8885.310546875
8883.119140625
8880.05078125
8876.130859375
8873.533203125
8872.771484375
8871.599609375
8869.244140625
8867.58203125
8866.142578125
8863.951171875
8859.724609375
8855.498046875
8851.9951171875
8848.994140625
8846.2724609375
8844.212890625
8843.0732421875
8841.888671875
8840.4169921875
8838.5927734375
8836.888671875
8834.8916015625
8832.6298828125
8829.884765625
8827.03515625
8823.9140625
8821.259765625
8819.482421875
8818.9775390625
8818.845703125
8818.3564453125
8816.7880859375
8814.6162109375
8812.2900390625
8810.9189453125
8810.1123046875
8809.9658203125
8808.759765625
8807.080078125
8805.0078125
8803.291015625
8802.15234375
8801.0078125
8799.771484375
8798.462890625
8798.14453125
8798.470703125
8798.9443359375
8798.75
8797.486328125
8795.9619140625
8794.46875
8793.68359375
8793.2919921875
8792.904296875
8791.814453125
8790.3662109375
8788.337890625
8785.3505859375
8780.3583984375
8773.958984375
8767.7041015625
8763.373046875
8761.080078125
8760.41015625
8760.279296875
8760.1708984375
8759.5380859375
8758.7841796875
8757.8505859375
8757.625
8757.49609375
8757.857421875
8757.3583984375
8756.5625
8754.5234375
8752.287109375
8749.2119140625
8745.9814453125
8742.1337890625
8738.4912109375
8735.3095703125
8733.021484375
8731.39453125
8730.0234375
8728.896484375
8728.0283203125
8727.724609375
8727.7412109375
8727.3671875
8726.30078125
8724.3037109375
8722.587890625
8721.0595703125
8720.205078125
8718.751953125
8716.8994140625
8714.087890625
8711.32421875
8708.689453125
8707.078125
8705.9296875
8705.671875
8704.5126953125
8703.021484375
8699.501953125
8695.9140625
8692.435546875
8690.681640625
8689.7578125
8688.8984375
8687.41796875
8685.4140625
8684.0107421875
8682.73828125
8682.3759765625
8681.22265625
8680.3310546875
8678.01953125
8675.5791015625
8672.8525390625
8671.1005859375
8670.779296875
8671.8740234375
8673.8828125
8675.41015625
8675.4794921875
8672.85546875
8669.8525390625
8666.970703125
8667.56640625
8667.794921875
8668.390625
8666.1171875
8662.921875
8659.556640625
8657.91015625
8658.3720703125
8659.2080078125
8660.599609375
8658.2685546875
8655.4169921875
8651.7216796875
8649.0419921875
8646.19921875
8642.30859375
8639.150390625
8638.7724609375
8646.3662109375
8648.9267578125
8644.6171875
8635.474609375
8632.3359375
8634.861328125
8632.0283203125
8626.2197265625
8625.921875
8628.234375
8634.326171875
8630.73046875
8625.89453125
8626.0263671875
8621.615234375
8617.388671875
8616.330078125
8607.068359375
8607.4609375
8603.607421875
8603.6005859375
8600.236328125
8597.009765625
8599.9091796875
8604.1806640625
8600.646484375
8596.0400390625
8592.740234375
8587.416015625
8589.12109375
8594.107421875
8588.646484375
8585.53125
8583.9541015625
8580.6328125
8576.0400390625
8578.4921875
8575.328125
8572.720703125
8573.873046875
8569.6083984375
8569.2978515625
8568.4287109375
8566.5146484375
8566.6142578125
8563.0009765625
8563.3134765625
8562.826171875
8561.8271484375
8564.0341796875
8563.9365234375
8565.7626953125
8568.537109375
8569.7646484375
8571.736328125
8571.6708984375
8540.7451171875
8547.103515625
8555.9560546875
8532.4951171875
8547.869140625
8540.8525390625
8531.41015625
8542.908203125
8530.7666015625
8531.830078125
8535.064453125
8525.798828125
8530.384765625
8527.681640625
8523.5654296875
8526.771484375
8522.345703125
8521.734375
8522.2890625
8518.7880859375
8519.271484375
8518.109375
8516.05078125
8516.255859375
8514.576171875
8513.453125
8513.0712890625
8511.544921875
8510.765625
8510.01171875
8508.7509765625
8508.005859375
8507.09765625
8506.0087890625
8505.232421875
8504.28515625
8503.2958984375
8502.4638671875
8501.513671875
8500.56640625
8499.7001953125
8498.74609375
8497.8154296875
8496.9267578125
8495.9755859375
8495.05859375
8494.142578125
8493.1953125
8492.265625
8491.33984375
8490.39453125
8489.4697265625
8488.5380859375
8487.599609375
8486.66796875
8485.736328125
8484.798828125
8483.869140625
8482.947265625
8482.025390625
8481.103515625
8480.197265625
8479.2734375
8478.3642578125
8477.46875
8476.56640625
8475.666015625
8474.7646484375
8473.8642578125
8472.9580078125
8472.04296875
8471.12109375
8470.1884765625
8469.216796875
8468.2314453125
8467.19921875
8466.1328125
8465.021484375
8463.86328125
8462.66015625
8461.4453125
8460.2568359375
8459.158203125
8458.1884765625
8457.3447265625
8456.560546875
8455.76171875
8454.912109375
8454.015625
8453.080078125
8452.111328125
8451.134765625
8450.1669921875
8449.224609375
8448.302734375
8447.3955078125
8446.5087890625
8445.6181640625
8444.732421875
8443.83203125
8442.9296875
8442.015625
8441.111328125
8440.205078125
8439.3125
8438.421875
8437.5322265625
8436.650390625
8435.75390625
8434.8642578125
8433.96484375
8433.064453125
8432.17578125
8431.2861328125
8430.4052734375
8429.521484375
8428.634765625
8427.7578125
8426.875
8425.9853515625
8425.1005859375
8424.220703125
8423.3330078125
8422.453125
8421.5712890625
8420.6923828125
8419.8173828125
8418.9375
8418.0615234375
8417.181640625
8416.306640625
8415.421875
8414.544921875
8413.669921875
8412.796875
8411.91796875
8411.0439453125
8410.1708984375
8409.2978515625
8408.419921875
8407.54296875
8406.66796875
8405.787109375
8404.9169921875
8404.044921875
8403.171875
8402.298828125
8401.419921875
8400.544921875
8399.6708984375
8398.8056640625
8397.9287109375
8397.048828125
8396.1796875
8395.30078125
8394.4345703125
8393.556640625
8392.68359375
8391.8134765625
8390.9384765625
8390.0546875
8389.185546875
8388.310546875
8387.4326171875
8386.556640625
8385.685546875
8384.806640625
8383.927734375
8383.052734375
8382.177734375
8381.3017578125
8380.4296875
8379.5546875
8378.677734375
8377.802734375
8376.923828125
8376.0439453125
8375.169921875
8374.294921875
8373.41796875
8372.54296875
8371.6669921875
8370.79296875
8369.9169921875
8369.037109375
8368.166015625
8367.29296875
8366.4208984375
8365.5478515625
8364.67578125
8363.8046875
8362.943359375
8362.064453125
8361.19921875
8360.3291015625
8359.46484375
8358.5927734375
8357.7275390625
8356.861328125
8355.9990234375
8355.13671875
8354.2783203125
8353.416015625
8352.5576171875
8351.7060546875
8350.8388671875
8349.98046875
8349.1240234375
8348.2763671875
8347.42578125
8346.5830078125
8345.732421875
8344.884765625
8344.046875
8343.2041015625
8342.36328125
8341.52734375
8340.6943359375
8339.8623046875
8339.0234375
8338.1953125
8337.365234375
8336.5419921875
8335.71484375
8334.89453125
8334.072265625
8333.2529296875
8332.4375
8331.619140625
8330.810546875
8330.0
8329.18359375
8328.3818359375
8327.5703125
8326.76953125
8325.966796875
8325.1640625
8324.3642578125
8323.5654296875
8322.775390625
8321.9833984375
8321.193359375
8320.40625
8319.615234375
8318.83203125
8318.0517578125
8317.2666015625
8316.4765625
8315.7001953125
8314.9169921875
8314.138671875
8313.3671875
8312.591796875
8311.822265625
8311.052734375
8310.2861328125
8309.5166015625
8308.751953125
8307.990234375
8307.2294921875
8306.48046875
8305.72265625
8304.966796875
8304.2109375
8303.455078125
8302.7060546875
8301.95703125
8301.21484375
8300.47265625
8299.7294921875
8299.00390625
8298.28515625
8297.609375
8296.9951171875
8296.5458984375
8296.26953125
8296.3623046875
8295.916015625
8294.7958984375
8292.818359375
8291.67578125
8291.611328125
8291.3984375
8290.3212890625
8288.84375
8288.140625
8287.947265625
8287.2080078125
8286.021484375
8285.142578125
8284.7236328125
8284.16015625
8283.166015625
8282.244140625
8281.681640625
8281.125
8280.3134765625
8279.419921875
8278.740234375
8278.173828125
8277.4814453125
8276.673828125
8275.9296875
8275.31640625
8274.6962890625
8273.939453125
8273.12109375
8272.33984375
8271.6328125
8270.9609375
8270.259765625
8269.5400390625
8268.826171875
8268.1201171875
8267.4287109375
8266.724609375
8266.0087890625
8265.291015625
8264.59765625
8263.9072265625
8263.220703125
8262.52734375
8261.83203125
8261.138671875
8260.451171875
8259.759765625
8259.05859375
8258.357421875
8257.658203125
8256.96484375
8256.2822265625
8255.603515625
8254.9296875
8254.25
8253.580078125
8252.9189453125
8252.2822265625
8251.685546875
8251.16015625
8250.744140625
8250.5341796875
8250.4794921875
8250.44921875
8249.72265625
8248.1474609375
8246.376953125
8245.5068359375
8245.490234375
8245.330078125
8244.3505859375
8242.984375
8242.16796875
8241.919921875
8241.5244140625
8240.580078125
8239.5390625
8238.90625
8238.541015625
8237.9404296875
8237.056640625
8236.244140625
8235.693359375
8235.201171875
8234.50390625
8233.701171875
8232.986328125
8232.4091796875
8231.8232421875
8231.126953125
8230.400390625
8229.755859375
8229.173828125
8228.560546875
8227.8779296875
8227.1806640625
8226.54296875
8225.94140625
8225.3271484375
8224.67578125
8224.009765625
8223.373046875
8222.765625
8222.146484375
8221.5087890625
8220.8583984375
8220.228515625
8219.6142578125
8218.9990234375
8218.376953125
8217.736328125
8217.107421875
8216.4912109375
8215.876953125
8215.2578125
8214.63671875
8214.0078125
8213.3857421875
8212.767578125
8212.15234375
8211.5380859375
8210.921875
8210.30078125
8209.677734375
8209.0625
8208.455078125
8207.837890625
8207.2275390625
8206.6123046875
8205.99609375
8205.38671875
8204.7734375
8204.15625
8203.541015625
8202.931640625
8202.314453125
8201.69921875
8201.0888671875
8200.4765625
8199.86328125
8199.2490234375
8198.6396484375
8198.0234375
8197.4072265625
8196.7890625
8196.169921875
8195.556640625
8194.9375
8194.3173828125
8193.7001953125
8193.0791015625
8192.455078125
8191.83837890625
8191.2158203125
8190.59814453125
8189.9892578125
8189.38623046875
8188.79443359375
8188.2587890625
8187.8125
8187.50634765625
8187.38623046875
8187.2021484375
8186.6064453125
8185.30224609375
8183.978515625
8183.3203125
8183.20654296875
8182.87646484375
8181.91748046875
8180.8544921875
8180.283203125
8180.0439453125
8179.599609375
8178.833984375
8178.185546875
8177.8232421875
8177.39892578125
8176.63671875
8175.771484375
8175.28271484375
8175.17578125
8175.15625
8174.8681640625
8174.375
8173.5712890625
8172.654296875
8171.4501953125
8170.3603515625
8169.494140625
8168.955078125
8168.54541015625
8168.130859375
8167.7119140625
8167.3466796875
8167.1162109375
8166.8779296875
8166.6591796875
8166.3525390625
8165.9091796875
8165.181640625
8164.1494140625
8163.0302734375
8162.173828125
8161.6953125
8161.43408203125
8161.08056640625
8160.44140625
8159.505859375
8158.5166015625
8157.712890625
8157.17822265625
8156.810546875
8156.43017578125
8155.9228515625
8155.330078125
8154.79833984375
8154.43017578125
8154.2861328125
8154.26318359375
8154.34912109375
8154.3486328125
8154.3671875
8154.291015625
8154.41064453125
8154.6845703125
8155.2880859375
8155.86572265625
8156.0263671875
8155.5810546875
8154.234375
8153.04150390625
8152.0654296875
8152.255859375
8153.12744140625
8154.6171875
8156.0419921875
8157.328125
8158.3037109375
8159.05224609375
8159.4560546875
8159.1953125
8158.1435546875
8156.0439453125
8153.720703125
8151.1962890625
8149.5693359375
8148.53515625
8148.486328125
8148.9091796875
8149.65576171875
8150.4052734375
8150.98095703125
8151.1396484375
8150.65771484375
8149.68359375
8148.5537109375
8147.8349609375
8147.6982421875
8148.09765625
8148.66259765625
8149.181640625
8149.482421875
8149.912109375
8149.77001953125
8149.1376953125
8146.970703125
8144.0654296875
8140.96728515625
8138.72265625
8137.451171875
8136.78271484375
8136.173828125
8135.205078125
8133.90185546875
8132.533203125
8131.583984375
8131.052734375
8130.9375
8130.64208984375
8130.14599609375
8129.18994140625
8128.20703125
8127.21875
8126.50732421875
8125.7685546875
8125.0400390625
8124.1201171875
8123.34619140625
8122.7490234375
8122.5087890625
8122.3486328125
8122.22900390625
8121.86376953125
8121.47119140625
8120.90966796875
8120.52294921875
8120.228515625
8120.26171875
8120.419921875
8120.9912109375
8121.55859375
8122.5185546875
8123.30859375
8124.21630859375
8124.595703125
8124.60400390625
8123.7470703125
8122.52001953125
8120.892578125
8119.599609375
8118.58984375
8118.26025390625
8118.1943359375
8118.56689453125
8118.88916015625
8119.32861328125
8119.5400390625
8119.603515625
8119.2646484375
8118.4365234375
8117.08837890625
8115.3349609375
8113.5185546875
8111.970703125
8110.8798828125
8110.31982421875
8110.0517578125
8110.03759765625
8109.900390625
8109.83984375
8109.6689453125
8109.8779296875
8110.359375
8111.39453125
8112.55810546875
8113.71875
8114.26318359375
8114.0048828125
8112.544921875
8110.22119140625
8107.5361328125
8105.3349609375
8104.1005859375
8103.68701171875
8103.740234375
8103.68359375
8103.31201171875
8102.5361328125
8101.8515625
8101.37548828125
8101.46630859375
8101.82177734375
8102.373046875
8102.70068359375
8103.025390625
8103.0625
8103.0419921875
8102.494140625
8101.47802734375
8099.794921875
8097.8974609375
8096.1435546875
8095.02294921875
8094.71875
8095.12744140625
8095.95068359375
8096.7392578125
8097.2119140625
8097.2568359375
8097.0224609375
8096.83642578125
8096.7548828125
8096.88134765625
8096.68408203125
8096.2470703125
8095.14453125
8093.88916015625
8092.30322265625
8091.08837890625
8089.962890625
8089.58740234375
8089.26416015625
8089.2587890625
8088.75048828125
8088.21826171875
8087.26416015625
8086.5322265625
8085.79248046875
8085.38134765625
8084.93359375
8084.61328125
8084.22509765625
8084.16015625
8084.228515625
8084.57421875
8084.73583984375
8084.6552734375
8084.1904296875
8083.50244140625
8082.85546875
8082.494140625
8082.58984375
8083.0322265625
8083.69091796875
8084.2607421875
8084.7041015625
8084.8623046875
8084.8955078125
8084.68017578125
8084.322265625
8083.6484375
8082.77490234375
8081.73291015625
8080.63427734375
8079.6484375
8078.80859375
8078.28515625
8078.11083984375
8078.2744140625
8078.5234375
8078.5859375
8078.158203125
8077.2900390625
8076.09228515625
8074.97265625
8074.00830078125
8073.3837890625
8072.83203125
8072.2470703125
8071.3369140625
8070.16015625
8068.72802734375
8067.376953125
8066.38671875
8065.97900390625
8066.2412109375
8066.9501953125
8067.93408203125
8068.78466796875
8069.416015625
8069.619140625
8069.47265625
8068.89599609375
8068.0615234375
8067.11181640625
8066.37939453125
8066.056640625
8066.1953125
8066.68505859375
8067.0859375
8067.2021484375
8066.6904296875
8065.875
8065.07421875
8064.6142578125
8064.7060546875
8065.0703125
8065.50048828125
8065.7470703125
8065.67822265625
8065.47265625
8065.23681640625
8065.2353515625
8065.5703125
8065.93896484375
8066.29248046875
8065.8251953125
8064.83349609375
8062.931640625
8061.10546875
8059.6357421875
8059.302734375
8060.0966796875
8061.705078125
8063.580078125
8065.0576171875
8065.99609375
8066.05859375
8065.2255859375
8062.9833984375
8059.6875
8056.22314453125
8053.67236328125
8052.54931640625
8052.2666015625
8052.125
8051.30810546875
8049.93212890625
8048.2685546875
8047.01611328125
8046.3857421875
8046.455078125
8047.0244140625
8047.6865234375
8048.1943359375
8048.2333984375
8047.744140625
8046.67919921875
8045.287109375
8043.962890625
8043.208984375
8043.2783203125
8044.14501953125
8045.5634765625
8047.19287109375
8048.76123046875
8049.90234375
8050.306640625
8049.72314453125
8048.4599609375
8047.115234375
8046.62060546875
8047.10498046875
8048.310546875
8049.33349609375
8049.501953125
8048.58056640625
8046.6513671875
8044.4580078125
8042.4453125
8041.361328125
8041.1318359375
8041.88134765625
8042.7412109375
8043.61474609375
8043.7578125
8043.78076171875
8043.28466796875
8043.1279296875
8042.8388671875
8043.00537109375
8042.96875
8042.84326171875
8042.029296875
8040.78173828125
8038.99658203125
8037.32470703125
8035.82568359375
8035.10107421875
8034.69677734375
8034.5888671875
8034.12744140625
8033.4052734375
8032.486328125
8031.82470703125
8031.66845703125
8032.009765625
8032.6748046875
8033.2509765625
8033.6396484375
8033.33447265625
8032.708984375
8031.521484375
8030.48681640625
8029.515625
8028.88916015625
8028.40234375
8027.8154296875
8027.17919921875
8026.29931640625
8025.60888671875
8025.052734375
8024.9423828125
8025.09326171875
8025.4775390625
8025.79345703125
8025.955078125
8025.787109375
8025.2236328125
8024.35791015625
8023.1845703125
8022.185546875
8021.369140625
8021.0888671875
8021.078125
8021.470703125
8021.876953125
8022.626953125
8023.19873046875
8023.83935546875
8023.9912109375
8023.6015625
8022.36474609375
8020.4169921875
8018.6650390625
8018.07958984375
8018.87451171875
8020.1669921875
8020.8505859375
8020.56591796875
8019.763671875
8019.3291015625
8019.15966796875
8018.98779296875
8018.2783203125
8017.58837890625
8017.1103515625
8017.1259765625
8016.8466796875
8016.03564453125
8014.5146484375
8013.2607421875
8012.923828125
8013.73828125
8015.1083984375
8016.46923828125
8017.47705078125
8018.15234375
8018.77734375
8019.51025390625
8020.3056640625
8020.7333984375
8020.68359375
8020.0068359375
8019.5244140625
8019.26171875
8019.8720703125
8020.3203125
8020.552734375
8019.3583984375
8017.255859375
8014.3515625
8011.87109375
8010.185546875
8009.462890625
8009.2236328125
8008.81787109375
8008.0166015625
8006.685546875
8005.41943359375
8004.61181640625
8004.70166015625
8005.4580078125
8006.58349609375
8007.486328125
8008.01171875
8007.921875
8007.6435546875
8007.25244140625
8007.3408203125
8007.51611328125
8007.927734375
8007.95458984375
8007.7119140625
8007.119140625
8006.439453125
8005.751953125
8005.1806640625
8004.79345703125
8004.77490234375
8005.02197265625
8005.31982421875
8005.16796875
8004.2119140625
8002.59619140625
8000.65234375
7998.9296875
7997.6650390625
7996.83056640625
7996.3076171875
7995.6630859375
7994.8037109375
7993.66015625
7992.54443359375
7991.5302734375
7990.70263671875
7989.93310546875
7989.232421875
7988.62451171875
7988.3193359375
7988.39306640625
7988.7890625
7989.4619140625
7990.35693359375
7991.5244140625
7992.90234375
7994.37109375
7995.66943359375
7996.55712890625
7996.79052734375
7996.1962890625
7994.9287109375
7993.4423828125
7992.24658203125
7991.68896484375
7991.1474609375
7990.49609375
7989.41455078125
7988.5087890625
7987.93701171875
7987.78125
7987.78515625
7987.70703125
7987.5625
7987.71728515625
7988.30078125
7989.384765625
7990.376953125
7990.9072265625
7990.58447265625
7989.7412109375
7988.60400390625
7987.60107421875
7986.69921875
7985.78271484375
7984.8046875
7983.6962890625
7982.6259765625
7981.638671875
7980.7021484375
7979.7744140625
7978.771484375
7977.8974609375
7977.25537109375
7977.1123046875
7977.3212890625
7977.953125
7978.75390625
7979.857421875
