7368.43896484375
7363.666015625
7359.32373046875
7355.3623046875
7351.73681640625
7348.41015625
7345.333984375
7342.45703125
7339.73291015625
7337.13916015625
7334.64208984375
7332.2314453125
7329.89990234375
7327.64111328125
7325.46044921875
7323.34814453125
7321.3115234375
7319.337890625
7317.4365234375
7315.595703125
7313.81103515625
7312.0751953125
7310.3857421875
7308.740234375
7307.13623046875
7305.5703125
7304.04638671875
7302.5634765625
7301.1181640625
7299.71142578125
7298.3427734375
7297.01220703125
7295.7158203125
7294.45458984375
7293.2236328125
7292.025390625
7290.85693359375
7289.71923828125
7288.60791015625
7287.5263671875
7286.4736328125
7285.4462890625
7284.4482421875
7283.47265625
7282.52099609375
7281.5927734375
7280.68701171875
7279.80419921875
7278.9423828125
7278.10009765625
7277.2783203125
7276.47607421875
7275.69140625
7274.92724609375
7274.18310546875
7273.4541015625
7272.744140625
7272.046875
7271.369140625
7270.70556640625
7270.056640625
7269.421875
7268.8017578125
7268.19580078125
7267.6025390625
7267.0234375
7266.45458984375
7265.9013671875
7265.359375
7264.83154296875
7264.3134765625
7263.8046875
7263.30712890625
7262.82080078125
7262.34228515625
7261.8759765625
7261.41796875
7260.970703125
7260.533203125
7260.10498046875
7259.685546875
7259.2734375
7258.87158203125
7258.4794921875
7258.0908203125
7257.712890625
7257.3427734375
7256.9775390625
7256.62158203125
7256.2734375
7255.93115234375
7255.5966796875
7255.2685546875
7254.9462890625
7254.630859375
7254.322265625
7254.017578125
7253.720703125
7253.4287109375
7253.1416015625
7252.86083984375
7252.58447265625
7252.3154296875
7252.05078125
7251.7919921875
7251.5361328125
7251.28759765625
7251.0419921875
7250.802734375
7250.56591796875
7250.3359375
7250.10791015625
7249.884765625
7249.666015625
7249.45068359375
7249.24072265625
7249.0341796875
7248.8310546875
7248.63134765625
7248.4365234375
7248.2451171875
7248.056640625
7247.8720703125
7247.69091796875
7247.51171875
7247.33642578125
7247.16455078125
7246.994140625
7246.830078125
7246.66748046875
7246.50732421875
7246.3515625
7246.1962890625
7246.0439453125
7245.89599609375
7245.74853515625
7245.607421875
7245.46337890625
7245.32470703125
7245.1884765625
7245.05615234375
7244.9208984375
7244.79150390625
7244.66552734375
7244.5390625
7244.416015625
7244.2958984375
7244.1787109375
7244.0615234375
7243.94775390625
7243.83544921875
7243.72412109375
7243.61474609375
7243.50341796875
7243.3974609375
7243.2919921875
7243.189453125
7243.08935546875
7242.98828125
7242.890625
7242.79248046875
7242.6982421875
7242.60498046875
7242.51318359375
7242.42236328125
7242.33203125
7242.24365234375
7242.154296875
7242.0712890625
7241.98681640625
7241.9033203125
7241.8203125
7241.740234375
7241.66259765625
7241.58251953125
7241.5048828125
7241.4306640625
7241.35498046875
7241.28173828125
7241.208984375
7241.13720703125
7241.0673828125
7240.9970703125
7240.92724609375
7240.8583984375
7240.79052734375
7240.72314453125
7240.65869140625
7240.59375
7240.52978515625
7240.4658203125
7240.40380859375
7240.341796875
7240.28125
7240.22021484375
7240.16015625
7240.1015625
7240.0439453125
7239.98828125
7239.93115234375
3202242.25
80361.8359375
53483.9296875
85307.28125
46307.85546875
43874.67578125
41475.67578125
39362.76171875
38652.9609375
38503.4140625
37865.21484375
36848.1328125
36057.81640625
35653.33984375
35334.9296875
34817.80859375
34012.73046875
33041.765625
32076.546875
31192.361328125
30340.099609375
29505.681640625
28743.328125
28037.123046875
27338.57421875
26586.478515625
25803.91015625
25040.865234375
24334.88671875
23670.189453125
23029.13671875
22394.98828125
21848.455078125
21197.46484375
20646.794921875
20136.130859375
19640.8203125
19143.5078125
18649.328125
18173.779296875
17721.568359375
17288.900390625
16876.0078125
16487.29296875
16121.607421875
15774.8125
15445.4462890625
15134.541015625
14842.013671875
14566.3974609375
14304.46875
14053.4287109375
13811.3212890625
13576.4091796875
13349.0068359375
13130.8779296875
12922.7314453125
12723.0478515625
12530.9140625
12346.91015625
12170.564453125
12000.95703125
11838.32421875
11682.4892578125
11531.58984375
11384.5703125
11242.640625
11105.9443359375
10972.9609375
10843.333984375
10717.33984375
10594.8466796875
10475.4677734375
10359.0341796875
10245.625
10134.9033203125
10026.1640625
9919.357421875
9814.8828125
9712.5341796875
9611.8984375
9512.9716796875
9415.8369140625
9320.3583984375
9226.30078125
9133.6484375
9042.4404296875
8952.7109375
8864.525390625
8777.9443359375
8692.962890625
8609.3779296875
8527.1513671875
8446.32421875
8366.92578125
8288.98046875
8212.517578125
8137.5234375
8064.0380859375
7992.0869140625
7921.63818359375
7852.595703125
7784.9072265625
7718.5634765625
7653.50830078125
7589.6015625
7526.7783203125
7464.95556640625
7404.0537109375
7344.041015625
7284.9375
7226.75390625
7169.48876953125
7113.1875
7057.8779296875
7003.62451171875
6950.541015625
6898.63671875
6847.8642578125
6798.1318359375
6749.33642578125
6701.2607421875
6653.701171875
6606.62451171875
6559.9814453125
6513.80859375
6468.2001953125
6423.359375
6379.4140625
6336.37548828125
6294.154296875
6252.77197265625
6212.25244140625
6172.380859375
6133.1142578125
6094.54736328125
6056.56005859375
6019.1884765625
5982.4130859375
5946.150390625
5910.4541015625
5875.17041015625
5840.14208984375
5805.6181640625
5771.7548828125
5738.33203125
5705.150390625
5672.5107421875
5640.4755859375
5608.759765625
5577.4013671875
5546.611328125
5516.2861328125
5486.2548828125
5456.64892578125
5427.4814453125
5398.3232421875
5369.4306640625
5341.0546875
5313.01171875
5284.95947265625
5257.5859375
5230.88427734375
5203.99462890625
5177.32421875
5151.26953125
5125.44287109375
5099.77490234375
5074.4501953125
5049.25341796875
5024.24609375
4999.61279296875
4975.0546875
4950.5888671875
4926.466796875
4902.54638671875
4878.705078125
4855.0986328125
4832.21240234375
4825.423828125
4805.42626953125
4784.41455078125
4763.056640625
4741.5224609375
4719.8095703125
4697.9423828125
4676.04638671875
4654.1396484375
4632.2373046875
4610.43212890625
4588.81640625
4567.3818359375
4546.166015625
4525.17529296875
4504.423828125
4483.9296875
4463.6884765625
4443.69189453125
4423.9228515625
4404.34765625
4384.892578125
4365.62548828125
4346.49560546875
4326.94580078125
4307.39404296875
4288.46044921875
4269.20751953125
4249.5380859375
4230.140625
4210.1787109375
4189.580078125
4169.87646484375
4153.39990234375
4138.04296875
4117.0830078125
4098.185546875
4082.0341796875
4066.0537109375
4049.19970703125
4031.67333984375
4013.42236328125
3995.890625
3982.6103515625
3963.103515625
3948.0498046875
3933.26953125
3916.60986328125
3899.30029296875
3888.15234375
3873.10107421875
3862.29833984375
3849.24169921875
3835.60546875
3822.2509765625
3807.990234375
3789.9970703125
3770.85595703125
3762.1806640625
3740.93701171875
3728.71337890625
3716.20947265625
3702.2978515625
3687.42431640625
3672.30859375
3657.001953125
3642.94775390625
3630.32666015625
3615.03759765625
3602.30322265625
3591.65869140625
3578.41650390625
3560.267578125
3544.23828125
3536.12841796875
3520.634765625
3506.125
3492.65869140625
3480.53955078125
3466.849609375
3453.82275390625
3448.01806640625
3444.81787109375
3437.2451171875
3428.9267578125
3417.7451171875
3406.35693359375
3395.791015625
3384.17333984375
3374.2138671875
3364.48779296875
3352.4736328125
3335.3955078125
3325.1884765625
3314.59228515625
3295.3837890625
3287.4501953125
3276.37060546875
3259.9521484375
3246.9560546875
3235.923828125
3222.07373046875
3212.03076171875
3200.3994140625
3188.49462890625
3177.98486328125
3165.9921875
3156.11669921875
3144.4892578125
3134.11572265625
3123.0498046875
3112.4111328125
3101.5400390625
3091.5634765625
3081.04296875
3070.80859375
3060.6748046875
3050.875
3041.328125
3031.71630859375
3021.52685546875
3011.32568359375
3001.73828125
2992.7724609375
2984.16845703125
2974.71044921875
2964.5478515625
2953.64501953125
2943.8818359375
2935.01123046875
2926.2705078125
2916.75927734375
2906.96875
2897.91650390625
2889.27783203125
2880.1875
2870.587890625
2861.6005859375
2853.18115234375
2844.951171875
2836.29833984375
2827.5556640625
2818.6962890625
2809.76611328125
2800.8662109375
2792.1279296875
2783.4775390625
2774.62744140625
2766.1337890625
2758.00146484375
2749.70166015625
2740.9638671875
2732.78857421875
2725.60986328125
2718.708984375
2710.896484375
2701.49951171875
2692.23486328125
2685.3056640625
2679.41552734375
2671.5224609375
2662.33251953125
2652.77001953125
2643.41943359375
2635.193359375
2628.8154296875
2621.91357421875
2612.80810546875
2604.84619140625
2599.10791015625
2591.958984375
2582.2158203125
2572.7041015625
2565.35400390625
2559.046875
2551.62939453125
2542.46142578125
2533.7919921875
2527.59228515625
2521.94287109375
2514.205078125
2505.43359375
2497.5712890625
2490.31494140625
2482.7900390625
2475.525390625
2469.05810546875
2462.94189453125
2457.02197265625
2449.71435546875
2441.45703125
2432.67724609375
2425.06298828125
2418.6396484375
2411.5947265625
2403.6875
2396.0419921875
2389.51611328125
2383.14794921875
2375.6767578125
2367.96044921875
2360.89404296875
2353.857421875
2346.25341796875
2338.794921875
2332.08935546875
2325.5712890625
2318.29150390625
2310.76171875
2302.73681640625
2294.84814453125
2286.13623046875
2278.61962890625
2271.0673828125
2264.4697265625
2258.1455078125
2251.4296875
2244.3115234375
2236.4951171875
2229.68505859375
2223.783203125
2219.27734375
2215.48388671875
2211.453125
2206.263671875
2197.064453125
2187.06884765625
2181.00146484375
2177.99609375
2172.65380859375
2163.0771484375
2154.5419921875
2149.7451171875
2144.6376953125
2136.314453125
2127.67626953125
2120.951171875
2114.09814453125
2105.859375
2097.8681640625
2091.29345703125
2085.04052734375
2078.09228515625
2071.52001953125
2066.20849609375
2060.82470703125
2054.533203125
2048.73046875
2043.6240234375
2037.7978515625
2031.44921875
2025.7880859375
2020.78662109375
2015.79150390625
2010.7255859375
2005.8173828125
2001.64697265625
1998.1171875
1994.6796875
1990.00146484375
1983.20654296875
1975.44091796875
1969.681640625
1966.52587890625
1963.5966796875
1958.9716796875
1953.6484375
1948.712890625
1943.759765625
1938.39990234375
1933.52978515625
1929.65234375
1925.21337890625
1919.23681640625
1913.216796875
1909.1455078125
1906.31689453125
1902.640625
1898.1796875
1894.44091796875
1891.52978515625
1887.86083984375
1882.70703125
1876.46923828125
1870.23681640625
1864.61376953125
1860.40380859375
1858.02685546875
1856.37939453125
1853.26513671875
1847.5
1841.1484375
1836.18115234375
1831.8310546875
1826.87841796875
1821.95263671875
1818.7470703125
1816.6875
1813.40576171875
1808.154296875
1802.76513671875
1798.796875
1795.35205078125
1791.39501953125
1787.25537109375
1784.0830078125
1781.4169921875
1777.9443359375
1772.45654296875
1767.11474609375
1763.4765625
1761.07861328125
1758.58740234375
1754.86376953125
1750.4736328125
1746.25830078125
1742.60400390625
1739.06005859375
1734.8916015625
1731.416015625
1728.5087890625
1726.806640625
1723.7724609375
1719.92138671875
1715.35009765625
1711.2158203125
1707.4658203125
1704.23828125
1701.83642578125
1699.65185546875
1697.8154296875
1695.7294921875
1693.23046875
1689.7587890625
1685.2802734375
1680.3232421875
1675.2880859375
1670.9267578125
1667.49267578125
1664.84814453125
1661.67578125
1657.1298828125
1651.81640625
1647.64697265625
1645.16650390625
1642.88232421875
1639.4951171875
1635.26220703125
1631.62158203125
1628.82568359375
1626.05419921875
1622.71484375
1619.2255859375
1616.27392578125
1613.96044921875
1612.03125
1610.451171875
1609.400390625
1609.04248046875
1609.03759765625
1608.67041015625
1607.01708984375
1603.53369140625
1598.3291015625
1591.95068359375
1585.88916015625
1581.0556640625
1577.7890625
1575.6787109375
1574.25439453125
1572.29443359375
1568.65478515625
1563.43896484375
1557.759765625
1553.5185546875
1551.412109375
1550.470703125
1549.1455078125
1546.24853515625
1542.556640625
1539.337890625
1537.79638671875
1537.6396484375
1537.77685546875
1536.78173828125
1534.158203125
1530.025390625
1525.24267578125
1520.71875
1516.462890625
1512.7236328125
1510.03759765625
1508.33154296875
1506.431640625
1503.314453125
1499.6123046875
1497.08203125
1495.7734375
1494.716796875
1492.08740234375
1488.9951171875
1485.55224609375
1482.7822265625
1480.4921875
1478.36962890625
1475.8974609375
1472.7421875
1469.51318359375
1466.54052734375
1464.30859375
1461.95703125
1459.77978515625
1457.7880859375
1456.2392578125
1455.1162109375
1454.41943359375
1454.19140625
1454.2001953125
1454.04931640625
1452.564453125
1449.203125
1444.53076171875
1439.69091796875
1435.783203125
1432.99658203125
1431.4091796875
1430.103515625
1428.33544921875
1425.2490234375
1421.16796875
1417.39794921875
1415.236328125
1414.9580078125
1415.51123046875
1416.0439453125
1415.9482421875
1415.3662109375
1413.720703125
1410.86669921875
1406.6435546875
1401.548828125
1396.884765625
1393.60400390625
1391.9091796875
1390.84130859375
1389.345703125
1386.796875
1383.5908203125
1380.46728515625
1377.82421875
1375.70068359375
1373.95654296875
1372.84716796875
1372.16943359375
1372.0947265625
1371.5341796875
1371.24072265625
1369.52734375
1367.765625
1364.45068359375
1361.58203125
1359.7744140625
1359.7802734375
1360.896484375
1360.19189453125
1356.41162109375
1350.17333984375
1345.5498046875
1343.03857421875
1341.80126953125
1339.7744140625
1336.97265625
1334.90185546875
1333.8291015625
1332.658203125
1330.380859375
1327.845703125
1325.34619140625
1322.4560546875
1319.19384765625
1316.8046875
1316.50537109375
1317.50244140625
1318.4853515625
1318.82275390625
1319.587890625
1321.0576171875
1321.95556640625
1320.54833984375
1317.10498046875
1313.9326171875
1313.5810546875
1315.83740234375
1319.04052734375
1319.14892578125
1315.7666015625
1308.4423828125
1301.166015625
1296.2509765625
1295.06103515625
1297.04150390625
1300.18603515625
1301.88134765625
1298.88134765625
1292.1201171875
1284.37109375
1278.9140625
1276.2060546875
1275.17822265625
1274.80224609375
1274.10693359375
1271.97412109375
1268.3505859375
1265.48486328125
1264.79736328125
1265.25439453125
1265.095703125
1264.1572265625
1263.95654296875
1264.38916015625
1264.6474609375
1263.29345703125
1260.67822265625
1257.5634765625
1255.2158203125
1254.31982421875
1254.6552734375
1255.349609375
1255.45556640625
1254.3046875
1252.27734375
1249.5146484375
1246.72412109375
1243.64599609375
1240.2666015625
1236.5791015625
1233.47607421875
1231.83349609375
1232.2939453125
1234.44970703125
1237.3583984375
1239.2490234375
1238.13330078125
1233.685546875
1228.08154296875
1223.86181640625
1222.10693359375
1220.2607421875
1217.1328125
1212.50732421875
1209.03369140625
1208.01708984375
1208.50048828125
1208.044921875
1205.6484375
1202.83642578125
1201.427734375
1201.4150390625
1201.31982421875
1199.98193359375
1197.59326171875
1195.4072265625
1194.16796875
1193.7861328125
1193.7138671875
1193.40283203125
1193.35546875
1193.76171875
1194.36962890625
1193.75830078125
1189.99609375
1183.78564453125
1177.7705078125
1175.0625
1176.1552734375
1178.98828125
1180.9267578125
1180.49658203125
1178.443359375
1176.57861328125
1176.39599609375
1178.46826171875
1182.02734375
1185.88671875
1187.87939453125
1186.69677734375
1182.0361328125
1176.37451171875
1172.86083984375
1172.08447265625
1172.89111328125
1172.24853515625
1169.57177734375
1165.26171875
1162.080078125
1160.822265625
1161.0224609375
1160.69873046875
1159.05419921875
1156.85107421875
1155.689453125
1156.13525390625
1157.2216796875
1157.10107421875
1154.28564453125
1148.8232421875
1142.67333984375
1138.83154296875
1138.9189453125
1140.85302734375
1141.48779296875
1138.73828125
1134.23583984375
1130.7314453125
1129.74755859375
1130.21044921875
1130.4892578125
1129.74560546875
1128.06591796875
1125.615234375
1123.06494140625
1121.34033203125
1120.703125
1120.64306640625
1120.1474609375
1119.41259765625
1118.63232421875
1118.23486328125
1117.48779296875
1116.2998046875
1114.5185546875
1112.91748046875
1111.74365234375
1111.2822265625
1111.4326171875
1112.2236328125
1112.94775390625
1113.08837890625
1111.77294921875
1109.640625
1107.1201171875
1105.68603515625
1105.58056640625
1106.6875
1107.646484375
1107.08984375
1104.33056640625
1099.966796875
1095.50537109375
1092.15869140625
1090.20068359375
1088.85205078125
1087.22265625
1084.994140625
1082.46728515625
1080.48095703125
1079.43505859375
1079.23974609375
1079.34228515625
1079.2607421875
1078.98046875
1078.5400390625
1078.24267578125
1078.0576171875
1078.07421875
1078.7490234375
1080.2548828125
1082.70263671875
1085.1162109375
1087.208984375
1087.90869140625
1087.99169921875
1086.373046875
1084.2060546875
1080.7255859375
1077.921875
1075.5107421875
1075.162109375
1075.330078125
1076.29931640625
1076.58544921875
1076.94140625
1076.76416015625
1076.0166015625
1073.5771484375
1068.79052734375
1062.333984375
1055.912109375
1051.73583984375
1050.32177734375
1050.30810546875
1049.81591796875
1048.76513671875
1048.19287109375
1049.10986328125
1050.357421875
1049.81396484375
1046.39599609375
1042.205078125
1040.806640625
1043.33251953125
1047.4453125
1049.13818359375
1046.76171875
1041.890625
1037.3642578125
1033.9873046875
1030.208984375
1025.6904296875
1021.490234375
1019.5556640625
1019.41064453125
1018.88720703125
1015.5751953125
1009.697265625
1003.89111328125
1001.0693359375
1001.75830078125
1004.0283203125
1005.5400390625
1005.439453125
1004.501953125
1003.5126953125
1002.328125
1000.07373046875
996.7705078125
993.681640625
992.3125
993.265625
995.28955078125
997.16943359375
996.9833984375
995.517578125
992.912109375
991.451171875
990.6298828125
991.01416015625
990.90576171875
990.775390625
989.95849609375
989.6142578125
989.2783203125
989.2919921875
989.1328125
988.9091796875
988.90673828125
989.02099609375
989.64697265625
990.07861328125
990.9228515625
991.74365234375
993.28515625
994.90966796875
996.677734375
997.44970703125
996.6787109375
994.099609375
990.58154296875
987.21533203125
984.486328125
982.0830078125
979.73583984375
977.732421875
976.8837890625
977.68017578125
980.01513671875
982.45849609375
983.5458984375
981.63623046875
976.89599609375
970.7890625
965.61181640625
961.82568359375
959.060546875
956.5400390625
954.8505859375
954.32666015625
954.52294921875
954.6240234375
954.14013671875
953.029296875
951.6787109375
950.77783203125
950.529296875
950.2431640625
949.10400390625
947.02197265625
944.57373046875
942.3896484375
940.65185546875
939.28466796875
938.0439453125
937.09912109375
936.6376953125
937.2490234375
938.6328125
940.43212890625
941.15478515625
940.77001953125
939.11962890625
937.7353515625
937.14501953125
938.33642578125
941.0625
945.30859375
949.53759765625
952.3193359375
950.7763671875
945.41943359375
938.8583984375
936.228515625
936.85400390625
938.34619140625
937.0595703125
933.943359375
931.45361328125
931.4501953125
933.0732421875
935.05029296875
937.0009765625
939.3681640625
941.28369140625
906.3984375
914.634765625
924.4169921875
898.83154296875
917.31689453125
908.197265625
900.2744140625
912.36279296875
898.96728515625
902.40380859375
904.34912109375
895.92138671875
901.41357421875
897.7734375
895.30859375
898.05126953125
893.97119140625
894.42626953125
894.36767578125
892.0087890625
892.66748046875
891.52587890625
890.5439453125
890.53515625
889.48828125
888.9794921875
888.5556640625
887.826171875
887.34130859375
886.83251953125
886.2783203125
885.740234375
885.2900390625
884.7646484375
884.23291015625
883.8447265625
883.2900390625
882.81640625
882.42822265625
881.869140625
881.470703125
881.03173828125
880.51611328125
880.1484375
879.6689453125
879.21435546875
878.826171875
878.349609375
877.93505859375
877.51806640625
877.068359375
876.6591796875
876.23876953125
875.80224609375
875.39599609375
874.96875
874.5517578125
874.14013671875
873.72607421875
873.3125
872.90087890625
872.4873046875
872.080078125
871.67236328125
871.263671875
870.859375
870.45458984375
870.0458984375
869.64697265625
869.240234375
868.83642578125
868.43896484375
868.037109375
867.63330078125
867.2421875
866.837890625
866.443359375
866.04833984375
865.650390625
865.255859375
864.8603515625
864.46533203125
864.07568359375
863.67529296875
863.2861328125
862.89697265625
862.505859375
862.1162109375
861.7265625
861.3369140625
860.9482421875
860.5625
860.17529296875
859.7861328125
859.396484375
859.00390625
858.61279296875
858.22802734375
857.84228515625
857.455078125
857.07470703125
856.68798828125
856.30224609375
855.91845703125
855.53955078125
855.15673828125
854.7763671875
854.3974609375
854.0146484375
853.6337890625
853.2509765625
852.87060546875
852.48828125
852.10498046875
851.7255859375
851.34765625
850.96484375
850.58203125
850.203125
849.82958984375
849.44775390625
849.07080078125
848.69287109375
848.314453125
847.935546875
847.55615234375
847.1806640625
846.8017578125
846.42578125
846.04833984375
845.67138671875
845.30029296875
844.921875
844.54638671875
844.16943359375
843.7900390625
843.41552734375
843.03857421875
842.66015625
842.283203125
841.90283203125
841.52880859375
841.15185546875
840.7744140625
840.3955078125
840.01708984375
839.63916015625
839.26416015625
838.8828125
838.5029296875
838.119140625
837.740234375
837.36328125
836.982421875
836.60302734375
836.220703125
835.83642578125
835.4541015625
835.06982421875
834.68701171875
834.29931640625
833.91259765625
833.5283203125
833.14013671875
832.74951171875
832.359375
831.9677734375
831.5791015625
831.1865234375
830.7978515625
830.40283203125
830.01171875
829.623046875
829.22607421875
828.83056640625
828.43994140625
828.04541015625
827.65576171875
827.265625
826.87939453125
826.49072265625
826.0986328125
825.71484375
825.33056640625
824.951171875
824.572265625
824.19873046875
823.8203125
823.4501953125
823.08349609375
822.71728515625
822.353515625
821.9921875
821.63525390625
821.279296875
820.931640625
820.58251953125
820.236328125
819.89501953125
819.5576171875
819.224609375
818.892578125
818.56298828125
818.23681640625
817.91162109375
817.58984375
817.26953125
816.953125
816.63671875
816.3232421875
816.01171875
815.70166015625
815.39306640625
815.08740234375
814.7822265625
814.4755859375
814.1728515625
813.86962890625
813.57080078125
813.271484375
812.97412109375
812.67724609375
812.37890625
812.0849609375
811.78955078125
811.49755859375
811.2001953125
810.90625
810.61474609375
810.3232421875
810.03173828125
809.7451171875
809.45947265625
809.16845703125
808.88037109375
808.5908203125
808.3017578125
808.01123046875
807.7294921875
807.44140625
807.15576171875
806.87353515625
806.58984375
806.3046875
806.0234375
805.7421875
805.45849609375
805.17529296875
804.896484375
804.6171875
804.33935546875
804.068359375
803.79833984375
803.53369140625
803.27490234375
803.04541015625
802.85888671875
802.74658203125
802.77587890625
802.97265625
803.380859375
803.64990234375
803.470703125
802.34326171875
800.95556640625
800.19482421875
800.33642578125
800.7060546875
800.44921875
799.609375
798.8564453125
798.6962890625
798.80859375
798.60205078125
798.02880859375
797.49169921875
797.291015625
797.2216796875
796.9580078125
796.509765625
796.11865234375
795.90869140625
795.73486328125
795.44384765625
795.06884765625
794.7490234375
794.52978515625
794.31103515625
794.01513671875
793.67626953125
793.38916015625
793.15673828125
792.9169921875
792.625
792.3203125
792.0419921875
791.7939453125
791.54736328125
791.26611328125
790.97509765625
790.6982421875
790.447265625
790.19921875
789.9306640625
789.65478515625
789.3857421875
789.12744140625
788.8798828125
788.62939453125
788.3759765625
788.115234375
787.85791015625
787.60986328125
787.36962890625
787.12548828125
786.875
786.63134765625
786.40283203125
786.197265625
786.00732421875
785.84326171875
785.7041015625
785.5908203125
785.44384765625
785.23681640625
784.87939453125
784.43701171875
783.978515625
783.61572265625
783.3720703125
783.21142578125
783.08056640625
782.9111328125
782.66015625
782.32421875
781.96923828125
781.64990234375
781.39404296875
781.19677734375
781.0107421875
780.80224609375
780.54345703125
780.2529296875
779.96533203125
779.69482421875
779.4541015625
779.2412109375
779.0234375
778.7890625
778.53759765625
778.27099609375
778.009765625
777.76025390625
777.5263671875
777.2978515625
777.06884765625
776.833984375
776.58642578125
776.3359375
776.08935546875
775.84619140625
775.60888671875
775.37744140625
775.138671875
774.9013671875
774.66162109375
774.41943359375
774.17724609375
773.93603515625
773.7001953125
773.4619140625
773.22314453125
772.98779296875
772.7431640625
772.5048828125
772.2646484375
772.0234375
771.78515625
771.5458984375
771.3056640625
771.06787109375
770.83203125
770.591796875
770.35693359375
770.11962890625
769.8828125
769.64208984375
769.4013671875
769.162109375
768.9208984375
768.68359375
768.44384765625
768.2001953125
767.955078125
767.712890625
767.470703125
767.22607421875
766.986328125
766.744140625
766.50146484375
766.25732421875
766.01318359375
765.7685546875
765.52001953125
765.2724609375
765.02685546875
764.7763671875
764.52685546875
764.27099609375
764.01806640625
763.76318359375
763.5126953125
763.2548828125
762.99609375
762.7451171875
762.5029296875
762.27392578125
762.06640625
761.900390625
761.7685546875
761.6396484375
761.3876953125
760.962890625
760.41748046875
760.00146484375
759.79931640625
759.6796875
759.451171875
759.0771484375
758.74072265625
758.5966796875
758.6611328125
758.78662109375
759.1181640625
759.380859375
760.0029296875
759.5380859375
758.89453125
757.4453125
756.533203125
756.1630859375
756.32177734375
756.83740234375
757.27099609375
757.58056640625
756.9990234375
755.96044921875
754.7822265625
754.16845703125
754.37890625
754.97119140625
755.40966796875
755.27490234375
754.89404296875
754.482421875
753.615234375
752.7548828125
752.865234375
753.45947265625
753.06396484375
751.8564453125
751.15478515625
751.2783203125
751.50048828125
751.71875
751.8212890625
752.22802734375
752.1982421875
751.89892578125
751.1767578125
750.470703125
749.49365234375
748.28564453125
747.54833984375
747.20654296875
747.02587890625
747.03173828125
747.111328125
746.83544921875
746.2763671875
745.75048828125
745.17041015625
744.65673828125
744.38623046875
744.322265625
744.349609375
744.4755859375
744.5908203125
744.74853515625
744.8291015625
744.8662109375
744.75830078125
744.55712890625
744.26513671875
743.7509765625
743.39013671875
743.03564453125
742.9951171875
742.72412109375
742.48046875
742.14111328125
742.197265625
742.8916015625
744.1650390625
745.7353515625
746.90234375
747.1201171875
746.28271484375
745.4912109375
745.869140625
747.6083984375
749.8837890625
751.6328125
752.43115234375
752.44482421875
752.15234375
751.51708984375
750.7626953125
750.2265625
750.86181640625
753.0791015625
755.955078125
757.625
756.33203125
752.85009765625
749.56494140625
749.06201171875
751.248046875
754.8369140625
757.11279296875
756.9306640625
754.205078125
750.9404296875
748.25146484375
746.6396484375
745.78076171875
745.9658203125
747.97998046875
751.0703125
753.900390625
754.20849609375
752.970703125
751.44921875
751.5048828125
751.97509765625
751.6708984375
749.65966796875
747.45751953125
746.39697265625
747.1689453125
747.9775390625
747.08984375
744.27978515625
741.1015625
739.25439453125
739.4326171875
740.63525390625
741.73046875
741.6328125
740.73486328125
739.1689453125
737.94677734375
737.08447265625
736.84423828125
736.7119140625
736.47119140625
735.99072265625
735.46630859375
734.96337890625
734.41796875
733.7568359375
732.9482421875
732.173828125
731.49755859375
731.05029296875
730.78564453125
730.814453125
731.1083984375
731.85009765625
733.0712890625
734.93701171875
737.17236328125
739.486328125
740.990234375
741.361328125
740.25146484375
738.349609375
736.1650390625
734.4833984375
733.7998046875
734.1376953125
734.8251953125
734.86572265625
733.5849609375
730.8779296875
727.6787109375
724.88671875
723.263671875
722.671875
722.7578125
722.810546875
722.3974609375
721.5029296875
720.55908203125
720.22802734375
720.77783203125
721.98291015625
723.21826171875
724.1357421875
724.505859375
724.50146484375
724.009765625
723.1826171875
722.11181640625
721.1416015625
720.66943359375
720.88134765625
721.7236328125
722.79541015625
723.66357421875
723.97509765625
723.76904296875
723.30078125
723.05859375
723.23486328125
723.6796875
723.892578125
723.78564453125
723.14404296875
722.80859375
722.72900390625
723.62744140625
724.83642578125
726.4208984375
727.73046875
728.4951171875
728.6767578125
728.10107421875
727.0712890625
725.78173828125
724.1357421875
722.09619140625
719.6123046875
716.75732421875
714.08154296875
712.00830078125
711.0126953125
710.98193359375
711.52978515625
711.91650390625
711.7900390625
711.00927734375
710.248046875
709.7373046875
709.78759765625
709.94091796875
710.0537109375
709.95703125
709.64453125
709.37255859375
708.9580078125
708.74267578125
708.42236328125
708.53369140625
708.77001953125
709.46044921875
710.03271484375
710.50048828125
710.60205078125
710.3134765625
709.9404296875
709.646484375
709.7802734375
710.22314453125
710.7470703125
710.86474609375
710.4228515625
709.49560546875
708.5869140625
708.1162109375
708.18310546875
708.1728515625
707.61376953125
706.52685546875
705.7763671875
705.74365234375
706.224609375
706.47900390625
706.35302734375
706.05419921875
706.189453125
706.724609375
707.3193359375
707.49658203125
707.19287109375
706.73486328125
706.3232421875
706.232421875
706.23876953125
706.64697265625
707.16796875
708.18798828125
709.4150390625
711.34375
713.7412109375
716.59228515625
719.28564453125
721.20166015625
721.56298828125
719.83740234375
716.23046875
711.638671875
707.5546875
704.947265625
704.02392578125
704.32568359375
704.8984375
705.44775390625
705.31787109375
704.8681640625
703.849609375
702.66162109375
700.85595703125
698.73291015625
696.56396484375
695.29296875
695.388671875
696.630859375
698.1611328125
698.9423828125
698.43017578125
696.55078125
694.12255859375
691.92578125
690.62646484375
690.31982421875
690.6875
691.2890625
691.638671875
691.5791015625
691.23876953125
690.91455078125
691.0029296875
691.4638671875
692.2119140625
692.875
693.2646484375
693.26953125
692.89208984375
692.13427734375
691.06298828125
689.5791015625
687.79345703125
685.89306640625
684.34033203125
683.4345703125
683.2880859375
683.49658203125
683.78076171875
683.6884765625
683.26953125
682.498046875
681.70703125
681.08349609375
680.94775390625
681.39990234375
682.50537109375
684.14404296875
686.16552734375
688.21923828125
689.763671875
689.9306640625
688.42529296875
685.78125
683.7001953125
682.990234375
683.888671875
685.66259765625
687.52099609375
688.2958984375
687.79052734375
685.88671875
683.76318359375
682.904296875
684.056640625
686.5732421875
689.2021484375
690.9169921875
691.35498046875
690.1904296875
687.79052734375
684.90283203125
683.171875
682.79296875
684.21630859375
685.16748046875
685.31689453125
682.53759765625
678.6142578125
675.30078125
673.451171875
672.14013671875
669.70166015625
666.83837890625
664.95361328125
664.48291015625
664.55859375
663.56396484375
661.888671875
660.36767578125
659.94287109375
660.21484375
660.41650390625
660.5615234375
660.966796875
662.0126953125
663.2646484375
664.19384765625
664.41259765625
663.865234375
662.6416015625
661.05615234375
659.53076171875
658.69140625
658.57275390625
658.92724609375
659.04443359375
658.68603515625
657.44482421875
655.7041015625
653.6953125
652.16845703125
651.3564453125
651.4677734375
652.16943359375
653.36767578125
654.71630859375
656.3671875
657.93310546875
659.572265625
660.77587890625
661.55126953125
661.51123046875
661.00732421875
660.13330078125
659.39990234375
658.88525390625
658.72509765625
658.8212890625
658.85205078125
658.787109375
658.82373046875
659.48388671875
661.02734375
663.17529296875
665.35791015625
666.72021484375
666.6982421875
665.19482421875
662.82958984375
660.64990234375
658.9462890625
657.8740234375
656.90234375
655.93017578125
654.74609375
653.78515625
653.06103515625
653.1455078125
653.5126953125
654.28857421875
654.7197265625
654.98095703125
654.94140625
654.8115234375
654.48388671875
653.73193359375
652.2138671875
649.783203125
646.591796875
643.27294921875
640.64013671875
639.310546875
639.44384765625
640.552734375
642.0126953125
643.12060546875
643.6787109375
643.59228515625
643.02734375
642.130859375
641.2177734375
640.70263671875
641.0556640625
642.40576171875
644.40869140625
646.4833984375
648.0791015625
649.0
649.13134765625
648.6162109375
647.4716796875
646.30029296875
645.60888671875
645.87744140625
646.75
647.5888671875
647.75244140625
647.17529296875
646.3037109375
645.67333984375
645.60693359375
646.11328125
646.9892578125
647.998046875
648.7138671875
649.52490234375
649.830078125
650.328125
650.22265625
649.90869140625
649.00439453125
648.10888671875
647.443359375
646.912109375
645.9423828125
644.49462890625
643.38720703125
643.26953125
643.744140625
643.8359375
643.0546875
641.8837890625
641.068359375
641.111328125
641.3935546875
641.650390625
641.873046875
643.7783203125
644.25
639.45849609375
638.03857421875
638.236328125
634.583984375
633.79931640625
632.79443359375
629.55322265625
629.40283203125
628.03271484375
626.13671875
626.6982421875
625.6728515625
624.609375
625.099609375
624.93994140625
624.5576171875
624.796875
624.37548828125
623.9775390625
623.70703125
623.1806640625
622.91455078125
622.26904296875
621.64501953125
621.75048828125
622.0107421875
623.12060546875
625.02099609375
627.052734375
629.22412109375
630.625
630.802734375
629.90087890625
628.35302734375
627.1494140625
626.94921875
627.4755859375
628.1484375
627.72607421875
625.98193359375
623.1806640625
620.2822265625
618.1923828125
617.44873046875
617.49169921875
617.8310546875
617.72265625
617.123046875
616.4365234375
615.98974609375
615.96240234375
616.03271484375
616.03857421875
616.0
616.33642578125
617.0966796875
618.4853515625
619.83349609375
621.33349609375
