7368.43896484375
7363.666015625
7359.32373046875
7355.3623046875
7351.73681640625
7348.41015625
7345.333984375
7342.45703125
7339.73291015625
7337.13916015625
7334.64208984375
7332.2314453125
7329.89990234375
7327.64111328125
7325.46044921875
7323.34814453125
7321.3115234375
7319.337890625
7317.4365234375
7315.595703125
7313.81103515625
7312.0751953125
7310.3857421875
7308.740234375
7307.13623046875
7305.5703125
7304.04638671875
7302.5634765625
7301.1181640625
7299.71142578125
7298.3427734375
7297.01220703125
7295.7158203125
7294.45458984375
7293.2236328125
7292.025390625
7290.85693359375
7289.71923828125
7288.60791015625
7287.5263671875
7286.4736328125
7285.4462890625
7284.4482421875
7283.47265625
7282.52099609375
7281.5927734375
7280.68701171875
7279.80419921875
7278.9423828125
7278.10009765625
7277.2783203125
7276.47607421875
7275.69140625
7274.92724609375
7274.18310546875
7273.4541015625
7272.744140625
7272.046875
7271.369140625
7270.70556640625
7270.056640625
7269.421875
7268.8017578125
7268.19580078125
7267.6025390625
7267.0234375
7266.45458984375
7265.9013671875
7265.359375
7264.83154296875
7264.3134765625
7263.8046875
7263.30712890625
7262.82080078125
7262.34228515625
7261.8759765625
7261.41796875
7260.970703125
7260.533203125
7260.10498046875
7259.685546875
7259.2734375
7258.87158203125
7258.4794921875
7258.0908203125
7257.712890625
7257.3427734375
7256.9775390625
7256.62158203125
7256.2734375
7255.93115234375
7255.5966796875
7255.2685546875
7254.9462890625
7254.630859375
7254.322265625
7254.017578125
7253.720703125
7253.4287109375
7253.1416015625
7252.86083984375
7252.58447265625
7252.3154296875
7252.05078125
7251.7919921875
7251.5361328125
7251.28759765625
7251.0419921875
7250.802734375
7250.56591796875
7250.3359375
7250.10791015625
7249.884765625
7249.666015625
7249.45068359375
7249.24072265625
7249.0341796875
7248.8310546875
7248.63134765625
7248.4365234375
7248.2451171875
7248.056640625
7247.8720703125
7247.69091796875
7247.51171875
7247.33642578125
7247.16455078125
7246.994140625
7246.830078125
7246.66748046875
7246.50732421875
7246.3515625
7246.1962890625
7246.0439453125
7245.89599609375
7245.74853515625
7245.607421875
7245.46337890625
7245.32470703125
7245.1884765625
7245.05615234375
7244.9208984375
7244.79150390625
7244.66552734375
7244.5390625
7244.416015625
7244.2958984375
7244.1787109375
7244.0615234375
7243.94775390625
7243.83544921875
7243.72412109375
7243.61474609375
7243.50341796875
7243.3974609375
7243.2919921875
7243.189453125
7243.08935546875
7242.98828125
7242.890625
7242.79248046875
7242.6982421875
7242.60498046875
7242.51318359375
7242.42236328125
7242.33203125
7242.24365234375
7242.154296875
7242.0712890625
7241.98681640625
7241.9033203125
7241.8203125
7241.740234375
7241.66259765625
7241.58251953125
7241.5048828125
7241.4306640625
7241.35498046875
7241.28173828125
7241.208984375
7241.13720703125
7241.0673828125
7240.9970703125
7240.92724609375
7240.8583984375
7240.79052734375
7240.72314453125
7240.65869140625
7240.59375
7240.52978515625
7240.4658203125
7240.40380859375
7240.341796875
7240.28125
7240.22021484375
7240.16015625
7240.1015625
7240.0439453125
7239.98828125
7239.93115234375
245692848.0
187622.015625
69606.2421875
6885368.0
73834.609375
51836.4921875
49989.296875
49773.26171875
50366.21484375
50329.27734375
49120.1171875
47980.828125
47272.02734375
47121.5625
47037.06640625
46529.91796875
45517.13671875
44272.671875
43074.578125
41892.30859375
40622.09375
39339.81640625
38157.171875
37117.55078125
36216.1875
35409.1171875
34607.265625
33826.94140625
33034.01953125
32285.9609375
31554.48046875
30848.841796875
30172.625
29527.701171875
28924.787109375
28365.501953125
27827.64453125
27282.84375
26736.953125
26221.638671875
25751.291015625
25316.623046875
24910.90234375
24528.52734375
24162.111328125
23821.0703125
23510.294921875
23213.30859375
22923.03125
22645.859375
22386.568359375
22140.505859375
21901.51953125
21669.833984375
21447.625
21236.125
21034.8046875
20839.830078125
20650.8203125
20470.06640625
20295.625
20127.1875
19965.841796875
19810.0546875
19657.955078125
19509.56640625
19365.99609375
19227.43359375
19093.69140625
18964.435546875
18839.466796875
18718.66796875
18601.21875
18486.9609375
18376.064453125
18268.65625
18164.630859375
18063.71484375
17965.748046875
17870.453125
17777.515625
17686.822265625
17598.26953125
17511.7734375
17427.24609375
17344.58203125
17263.70703125
17184.46875
17106.853515625
17030.916015625
16956.58203125
16883.736328125
16812.38671875
16742.55859375
16674.17578125
16607.099609375
16541.41796875
16477.17578125
16414.33984375
16352.833984375
16292.62109375
16233.6025390625
16175.7138671875
16118.9404296875
16063.244140625
16008.59765625
15954.9453125
15902.2626953125
15850.544921875
15799.7109375
15749.7431640625
15700.5888671875
15652.220703125
15604.6025390625
15557.6865234375
15511.453125
15465.880859375
15420.92578125
15376.591796875
15332.8984375
15289.80859375
15247.3203125
15205.421875
15164.109375
15123.3583984375
15083.169921875
15043.486328125
15004.2861328125
14965.54296875
14927.2158203125
14889.2841796875
14851.755859375
14814.62890625
14777.8701171875
14741.4990234375
14705.5234375
14669.96484375
14634.802734375
14600.0361328125
14565.638671875
14531.650390625
14498.0283203125
14464.783203125
14431.892578125
14399.3515625
14367.125
14335.224609375
14303.6728515625
14272.4248046875
14241.482421875
14210.84375
14180.458984375
14150.3603515625
14120.513671875
14090.93359375
14061.580078125
14032.4765625
14003.599609375
13974.939453125
13946.5087890625
13918.326171875
13890.34375
13862.53125
13834.8671875
13807.484375
13780.43359375
13753.4853515625
13726.638671875
13700.123046875
13673.93359375
13647.8076171875
13621.8193359375
13596.173828125
13570.712890625
13545.3447265625
13520.203125
13495.30078125
13470.4921875
13445.85546875
13421.416015625
13397.103515625
13372.884765625
13348.8564453125
13324.982421875
13301.23046875
13277.5771484375
13253.826171875
13230.185546875
13206.78125
13183.279296875
13159.736328125
13136.34765625
13112.6923828125
13088.4482421875
13063.7763671875
13039.068359375
13014.587890625
12990.2705078125
12966.46484375
12943.9326171875
12922.318359375
12900.810546875
12879.517578125
12858.1533203125
12836.3515625
12814.583984375
12793.3583984375
12772.4296875
12751.44140625
12730.3291015625
12709.0712890625
12687.8984375
12667.134765625
12646.7568359375
12626.34765625
12605.7939453125
12585.341796875
12565.103515625
12545.095703125
12525.2490234375
12505.38671875
12485.51171875
12465.74609375
12446.087890625
12426.4990234375
12406.958984375
12387.44140625
12367.9345703125
12348.4599609375
12329.107421875
12309.8876953125
12290.724609375
12271.591796875
12252.5263671875
12233.52734375
12214.5771484375
12195.705078125
12176.8828125
12158.0888671875
12139.3291015625
12120.62109375
12101.98046875
12083.419921875
12064.935546875
12046.54296875
12028.1337890625
12009.640625
11991.091796875
11972.7333984375
11954.61328125
11936.5634765625
11918.4375
11900.359375
11882.494140625
11864.7001953125
11846.7890625
11828.8515625
11811.1875
11793.748046875
11776.2607421875
11758.697265625
11741.287109375
11723.9677734375
11706.61328125
11689.3056640625
11672.22265625
11655.2529296875
11638.23828125
11621.19921875
11604.341796875
11587.62890625
11570.9462890625
11554.267578125
11537.685546875
11521.220703125
11504.830078125
11488.5068359375
11472.236328125
11456.04296875
11439.966796875
11424.025390625
11408.197265625
11392.50390625
11376.943359375
11361.3671875
11345.5126953125
11329.3095703125
11313.109375
11297.5302734375
11282.779296875
11268.58984375
11254.181640625
11238.634765625
11222.66796875
11207.666015625
11193.171875
11177.875
11161.9833984375
11147.111328125
11133.015625
11118.134765625
11102.5869140625
11087.74609375
11073.3564453125
11059.0
11044.951171875
11030.58203125
11015.7265625
11001.03515625
10986.498046875
10972.052734375
10958.0595703125
10943.96484375
10929.443359375
10915.1865234375
10901.2626953125
10887.1748046875
10872.96484375
10858.9375
10845.203125
10831.5390625
10817.76171875
10803.951171875
10790.1552734375
10776.2958984375
10762.435546875
10748.544921875
10734.6259765625
10720.837890625
10707.42578125
10694.0556640625
10680.28125
10666.044921875
10651.845703125
10638.111328125
10624.826171875
10611.6171875
10598.3388671875
10585.0390625
10572.00390625
10559.5986328125
10547.83203125
10535.939453125
10522.865234375
10508.8203125
10494.91796875
10481.888671875
10469.40234375
10457.220703125
10444.876953125
10433.220703125
10419.888671875
10406.865234375
10394.56640625
10383.1923828125
10371.8359375
10359.4873046875
10348.03125
10335.318359375
10323.427734375
10312.232421875
10300.2060546875
10288.6494140625
10276.6845703125
10265.1982421875
10254.3662109375
10242.7607421875
10231.3642578125
10220.478515625
10210.1083984375
10200.1298828125
10189.9375
10179.703125
10169.08203125
10157.34375
10144.818359375
10133.1171875
10122.818359375
10113.1279296875
10102.673828125
10091.419921875
10080.3125
10069.9453125
10059.9306640625
10049.5263671875
10038.7275390625
10028.318359375
10018.482421875
10008.640625
9998.171875
9987.40625
9976.9208984375
9966.7802734375
9956.75
9946.767578125
9937.029296875
9927.521484375
9917.9833984375
9907.69921875
9896.537109375
9884.9736328125
9873.8974609375
9863.783203125
9854.27734375
9844.6494140625
9834.443359375
9824.10546875
9814.228515625
9805.01171875
9795.927734375
9786.541015625
9776.90625
9767.52734375
9758.638671875
9750.140625
9741.88671875
9733.630859375
9724.9375
9715.384765625
9705.12109375
9694.9150390625
9684.974609375
9675.353515625
9666.1640625
9657.3642578125
9648.8603515625
9640.1142578125
9630.7265625
9620.80859375
9611.1416015625
9601.8837890625
9592.7236328125
9583.3154296875
9573.796875
9564.6396484375
9555.62890625
9546.05859375
9535.5810546875
9524.5263671875
9513.541015625
9502.5341796875
9490.7734375
9477.474609375
9462.724609375
9448.296875
9437.1328125
9428.91796875
9419.318359375
9406.53515625
9392.822265625
9380.857421875
9371.486328125
9363.62890625
9354.2841796875
9343.7421875
9333.8310546875
9324.2314453125
9313.609375
9304.14453125
9296.45703125
9288.109375
9278.560546875
9269.078125
9260.0048828125
9250.3544921875
9239.90625
9230.0595703125
9220.48828125
9210.673828125
9200.9951171875
9191.9423828125
9182.443359375
9172.89453125
9163.79296875
9157.80078125
9149.04296875
9139.24609375
9128.015625
9118.431640625
9108.9609375
9096.8134765625
9088.33203125
9080.9453125
9070.1689453125
9062.89453125
9055.30078125
9043.595703125
9034.908203125
9024.7138671875
9011.46484375
9004.546875
8995.443359375
8983.744140625
8976.88671875
8965.6171875
8952.1572265625
8945.529296875
8937.275390625
8927.89453125
8921.5693359375
8912.0078125
8899.0986328125
8893.408203125
8882.8056640625
8871.85546875
8865.421875
8855.7919921875
8847.427734375
8841.3984375
8831.0927734375
8821.951171875
8815.224609375
8805.056640625
8797.66015625
8788.6162109375
8779.8115234375
8772.43359375
8764.5869140625
8756.470703125
8748.681640625
8740.326171875
8733.0869140625
8725.419921875
8717.431640625
8709.4736328125
8701.291015625
8693.080078125
8685.73828125
8678.322265625
8671.51171875
8664.638671875
8657.3203125
8649.361328125
8641.490234375
8633.9326171875
8627.2060546875
8620.666015625
8613.7255859375
8606.134765625
8598.056640625
8589.8994140625
8581.998046875
8574.3876953125
8567.3662109375
8560.625
8554.01953125
8547.474609375
8540.8125
8534.63671875
8529.3837890625
8525.765625
8521.810546875
8516.9921875
8506.099609375
8494.9697265625
8488.23828125
8483.69140625
8478.2978515625
8469.416015625
8460.57421875
8454.619140625
8450.90625
8448.705078125
8443.8466796875
8433.921875
8422.083984375
8413.716796875
8409.541015625
8406.30078125
8401.728515625
8396.416015625
8389.7802734375
8381.7294921875
8372.8203125
8364.462890625
8356.44140625
8348.626953125
8340.982421875
8333.7099609375
8326.2548828125
8318.00390625
8309.13671875
8300.39453125
8292.767578125
8286.4375
8280.580078125
8274.1015625
8266.916015625
8260.068359375
8254.2109375
8248.744140625
8242.671875
8235.5234375
8227.6640625
8219.435546875
8211.337890625
8203.845703125
8197.3349609375
8191.41015625
8185.6171875
8179.1376953125
8172.5244140625
8165.986328125
8160.11328125
8154.193359375
8147.54150390625
8140.3271484375
8133.541015625
8127.580078125
8122.18701171875
8116.25634765625
8109.36181640625
8101.23828125
8093.0322265625
8085.7646484375
8079.65185546875
8074.07421875
8068.30224609375
8062.4013671875
8056.60693359375
8051.59912109375
8046.24169921875
8039.56396484375
8030.5830078125
8021.400390625
8013.947265625
8008.47265625
8003.4453125
7997.3359375
7990.40625
7983.52783203125
7977.13525390625
7970.96484375
7964.9150390625
7959.10888671875
7953.07861328125
7945.939453125
7937.52978515625
7928.9091796875
7921.16162109375
7914.38525390625
7907.8505859375
7901.25830078125
7894.84814453125
7888.685546875
7882.62744140625
7876.3310546875
7869.685546875
7863.01416015625
7856.53955078125
7851.1787109375
7847.849609375
7850.75048828125
7858.3037109375
7867.16845703125
7840.5400390625
7841.90234375
7828.2880859375
7812.04296875
7811.4033203125
7796.92333984375
7793.8427734375
7781.25634765625
7777.703125
7772.1083984375
7765.4033203125
7756.90283203125
7745.78955078125
7740.1826171875
7732.86279296875
7725.87548828125
7720.3017578125
7714.169921875
7710.17138671875
7706.46826171875
7703.990234375
7701.7568359375
7695.65283203125
7685.5078125
7673.3974609375
7665.85546875
7660.224609375
7654.18505859375
7644.287109375
7633.92236328125
7626.5576171875
7622.818359375
7619.16455078125
7612.5888671875
7604.205078125
7597.44287109375
7593.373046875
7589.97705078125
7585.4716796875
7579.40576171875
7572.95361328125
7565.4345703125
7557.25439453125
7549.30615234375
7543.0673828125
7538.095703125
7532.5927734375
7525.29638671875
7516.66015625
7509.0263671875
7503.0791015625
7498.275390625
7492.916015625
7486.6240234375
7480.1484375
7474.70166015625
7470.79150390625
7467.8896484375
7464.9853515625
7460.2939453125
7452.83984375
7443.0380859375
7433.53271484375
7427.92626953125
7424.658203125
7421.87548828125
7416.392578125
7409.27880859375
7403.11376953125
7398.85205078125
7393.47314453125
7386.19140625
7379.77587890625
7373.99560546875
7367.099609375
7360.6240234375
7355.39794921875
7349.4990234375
7342.044921875
7336.5771484375
7332.04443359375
7326.59619140625
7320.5146484375
7314.10693359375
7306.06298828125
7298.90576171875
7292.14501953125
7285.72509765625
7278.625
7271.8291015625
7264.7373046875
7257.85302734375
7251.91259765625
7246.92431640625
7242.16748046875
7236.97802734375
7231.12060546875
7224.775390625
7219.14892578125
7213.537109375
7206.83642578125
7198.91845703125
7190.76171875
7183.255859375
7177.06591796875
7171.478515625
7166.10546875
7160.5830078125
7155.4580078125
7150.333984375
7145.01953125
7138.724609375
7131.51513671875
7123.96240234375
7117.1630859375
7111.77685546875
7107.20751953125
7103.03076171875
7098.85400390625
7095.40771484375
7092.56298828125
7090.5625
7087.4501953125
7083.33740234375
7078.06103515625
7073.0927734375
7067.9091796875
7061.9111328125
7053.7763671875
7044.5908203125
7035.958984375
7029.921875
7025.93896484375
7023.2099609375
7018.83203125
7012.912109375
7005.3642578125
6998.60107421875
6993.32861328125
6989.7744140625
6986.56787109375
6982.71484375
6977.66845703125
6972.2177734375
6967.04638671875
6963.05859375
6959.74658203125
6957.26318359375
6954.7529296875
6952.29931640625
6949.10205078125
6945.20068359375
6940.68701171875
6936.4267578125
6932.423828125
6928.44140625
6924.27294921875
6920.1298828125
6916.2490234375
6912.111328125
6907.51806640625
6901.71728515625
6895.38818359375
6888.79248046875
6882.98779296875
6877.71484375
6872.9775390625
6868.5048828125
6864.53076171875
6860.86279296875
6857.57861328125
6854.66455078125
6852.392578125
6851.091796875
6849.7294921875
6847.431640625
6841.65625
6833.6953125
6826.1787109375
6821.57763671875
6818.82373046875
6815.685546875
6810.607421875
6804.7177734375
6799.966796875
6797.26416015625
6795.29345703125
6792.9677734375
6790.333984375
6789.13330078125
6790.31298828125
6792.123046875
6791.48388671875
6784.876953125
6775.03515625
6767.4677734375
6765.77099609375
6766.79345703125
6766.080078125
6761.279296875
6755.6611328125
6752.34521484375
6752.26171875
6751.5966796875
6748.658203125
6743.5712890625
6739.18701171875
6735.998046875
6733.32275390625
6729.47705078125
6724.93798828125
6720.34765625
6716.60693359375
6713.25390625
6710.2529296875
6707.76708984375
6706.0888671875
6705.2529296875
6704.70361328125
6704.4208984375
6703.18701171875
6701.41845703125
6697.02978515625
6691.7705078125
6687.0810546875
6683.9501953125
6682.638671875
6681.47900390625
6680.08447265625
6677.6513671875
6675.3603515625
6673.3896484375
6671.5673828125
6669.099609375
6666.0947265625
6662.98095703125
6660.32177734375
6657.626953125
6653.98095703125
6648.951171875
6642.5146484375
6636.80517578125
6631.29833984375
6627.83544921875
6625.265625
6623.78662109375
6622.43701171875
6620.5908203125
6618.0458984375
6614.55419921875
6610.81591796875
6607.29345703125
6605.00439453125
6603.7548828125
6602.869140625
6601.12255859375
6597.62744140625
6592.84033203125
6587.4169921875
6582.73291015625
6579.046875
6576.572265625
6574.568359375
6572.59912109375
6570.4306640625
6568.19189453125
6565.9208984375
6563.4404296875
6560.61279296875
6557.7001953125
6554.94873046875
6553.05126953125
6551.78466796875
6551.16357421875
6549.841796875
6547.46533203125
6543.634765625
6539.423828125
6535.552734375
6532.77197265625
6530.7138671875
6529.408203125
6527.7900390625
6525.1259765625
6520.783203125
6516.97119140625
6513.99072265625
6511.66796875
6508.7626953125
6506.3115234375
6504.3447265625
6502.8076171875
6500.69921875
6498.353515625
6496.1357421875
6494.306640625
6492.3349609375
6490.771484375
6489.86669921875
6490.07373046875
6490.0498046875
6488.8330078125
6485.568359375
6480.412109375
6474.23193359375
6468.5400390625
6465.5615234375
6465.6435546875
6468.1513671875
6469.89013671875
6469.00634765625
6463.60546875
6455.328125
6446.841796875
6441.740234375
6440.1806640625
6439.68798828125
6438.04931640625
6433.92919921875
6430.75439453125
6438.1806640625
6442.734375
6423.0380859375
6436.53125
6424.90283203125
6429.3876953125
6415.37744140625
6414.884765625
6405.1396484375
6409.595703125
6406.2978515625
6412.1103515625
6408.9912109375
6411.18115234375
6405.5751953125
6404.75390625
6398.3564453125
6396.1083984375
6390.14111328125
6387.65380859375
6384.43310546875
6381.8134765625
6376.69677734375
6371.232421875
6364.67529296875
6360.28857421875
6337.0966796875
6341.2021484375
6344.52880859375
6328.529296875
6337.189453125
6330.45361328125
6324.5341796875
6329.03955078125
6320.76123046875
6320.3994140625
6319.87353515625
6314.35302734375
6314.5986328125
6312.0380859375
6308.78515625
6308.15185546875
6305.4892578125
6303.05419921875
6301.9599609375
6299.404296875
6297.3310546875
6296.06982421875
6293.48779296875
6291.78173828125
6290.25927734375
6287.7666015625
6286.34716796875
6284.45947265625
6282.28173828125
6280.861328125
6278.8037109375
6276.908203125
6275.34912109375
6273.283203125
6271.5625
6269.841796875
6267.861328125
6266.17333984375
6264.37109375
6262.47998046875
6260.78662109375
6258.94921875
6257.11474609375
6255.3935546875
6253.55224609375
6251.7607421875
6250.00341796875
6248.16650390625
6246.3896484375
6244.6162109375
6242.791015625
6241.02880859375
6239.23974609375
6237.4375
6235.66064453125
6233.86669921875
6232.07177734375
6230.2861328125
6228.4951171875
6226.69921875
6224.91845703125
6223.12158203125
6221.3232421875
6219.54150390625
6217.7509765625
6215.95166015625
6214.16455078125
6212.36328125
6210.564453125
6208.7666015625
6206.96533203125
6205.1650390625
6203.3701171875
6201.5703125
6199.76318359375
6197.9560546875
6196.1455078125
6194.34375
6192.53662109375
6190.7197265625
6188.90283203125
6187.0927734375
6185.2744140625
6183.4580078125
6181.6376953125
6179.81640625
6177.99462890625
6176.18017578125
6174.36083984375
6172.537109375
6170.708984375
6168.89013671875
6167.0595703125
6165.2294921875
6163.400390625
6161.564453125
6159.7353515625
6157.900390625
6156.06689453125
6154.22314453125
6152.38525390625
6150.5419921875
6148.7021484375
6146.865234375
6145.01708984375
6143.16357421875
6141.3095703125
6139.458984375
6137.60302734375
6135.744140625
6133.8896484375
6132.0244140625
6130.16552734375
6128.294921875
6126.43359375
6124.564453125
6122.69091796875
6120.82568359375
6118.9521484375
6117.0703125
6115.189453125
6113.31201171875
6111.4306640625
6109.537109375
6107.6533203125
6105.75927734375
6103.869140625
6101.96923828125
6100.0732421875
6098.1728515625
6096.26806640625
6094.36572265625
6092.44873046875
6090.5361328125
6088.62255859375
6086.70751953125
6084.78173828125
6082.86083984375
6080.93408203125
6079.0068359375
6077.07275390625
6075.1455078125
6073.2099609375
6071.263671875
6069.318359375
6067.37939453125
6065.42431640625
6063.47705078125
6061.5244140625
6059.56591796875
6057.603515625
6055.6435546875
6053.6806640625
6051.7021484375
6049.73193359375
6047.75244140625
6045.7685546875
6043.7890625
6041.79833984375
6039.8095703125
6037.8212890625
6035.82275390625
6033.818359375
6031.81640625
6029.80908203125
6027.798828125
6025.7802734375
6023.759765625
6021.74267578125
6019.71435546875
6017.68798828125
6015.654296875
6013.6142578125
6011.5771484375
6009.53564453125
6007.4873046875
6005.431640625
6003.3740234375
6001.3173828125
5999.2431640625
5997.17236328125
5995.1005859375
5993.0302734375
5990.9482421875
5988.8681640625
5986.77734375
5984.6884765625
5982.59619140625
5980.486328125
5978.3876953125
5976.275390625
5974.1669921875
5972.046875
5969.91943359375
5967.79541015625
5965.66748046875
5963.52734375
5961.39453125
5959.2490234375
5957.1044921875
5954.95068359375
5952.7998046875
5950.64208984375
5948.47900390625
5946.3134765625
5944.142578125
5941.9658203125
5939.78076171875
5937.59521484375
5935.4091796875
5933.2216796875
5931.0263671875
5928.82177734375
5926.6220703125
5924.416015625
5922.203125
5919.98876953125
5917.76904296875
5915.552734375
5913.32470703125
5911.09326171875
5908.85595703125
5906.61669921875
5904.37548828125
5902.13427734375
5899.880859375
5897.63720703125
5895.3798828125
5893.123046875
5890.86083984375
5888.5947265625
5886.3291015625
5884.0625
5881.7861328125
5879.51513671875
5877.23046875
5874.94921875
5872.66552734375
5870.38037109375
5868.0927734375
5865.80126953125
5863.51708984375
5861.2197265625
5858.91943359375
5856.62451171875
5854.326171875
5852.02880859375
5849.732421875
5847.427734375
5845.12353515625
5842.8203125
5840.5205078125
5838.2177734375
5835.91259765625
5833.6171875
5831.326171875
5829.0439453125
5826.79248046875
5824.6552734375
5822.6171875
5821.26611328125
5819.259765625
5818.76220703125
5813.9736328125
5810.828125
5809.30419921875
5807.67236328125
5805.92138671875
5801.939453125
5799.40185546875
5798.05078125
5795.74609375
5793.26025390625
5790.2138671875
5788.23388671875
5786.80078125
5783.9150390625
5781.1201171875
5778.9453125
5777.041015625
5774.9140625
5772.130859375
5769.75
5767.83447265625
5765.541015625
5763.11572265625
5760.6640625
5758.501953125
5756.453125
5754.08447265625
5751.677734375
5749.38818359375
5747.25390625
5745.10107421875
5742.740234375
5740.4130859375
5738.21728515625
5736.08642578125
5733.95166015625
5731.76171875
5729.650390625
5727.64892578125
5725.6337890625
5723.40478515625
5720.8623046875
5718.2255859375
5715.81201171875
5713.6865234375
5711.68115234375
5709.5556640625
5707.21240234375
5704.78515625
5702.46728515625
5700.32568359375
5698.236328125
5696.037109375
5693.72119140625
5691.3984375
5689.17431640625
5687.04345703125
5684.8896484375
5682.66748046875
5680.39306640625
5678.142578125
5675.95947265625
5673.806640625
5671.623046875
5669.39892578125
5667.17578125
5664.9697265625
5662.79443359375
5660.6171875
5658.427734375
5656.21826171875
5654.0166015625
5651.83544921875
5649.66650390625
5647.48974609375
5645.2998046875
5643.10693359375
5640.91796875
5638.73876953125
5636.56591796875
5634.3857421875
5632.2060546875
5630.01806640625
5627.841796875
5625.6630859375
5623.49560546875
5621.318359375
5619.14453125
5616.95947265625
5614.7880859375
5612.6064453125
5610.44140625
5608.271484375
5606.10595703125
5603.94482421875
5601.79296875
5599.67724609375
5597.5673828125
5595.57958984375
5593.5244140625
5591.84326171875
5589.541015625
5587.7294921875
5584.9140625
5582.41455078125
5579.9873046875
5577.80908203125
5575.8095703125
5573.83203125
5572.0810546875
5569.685546875
5567.51220703125
5564.91650390625
5562.52978515625
5560.32763671875
5558.302734375
5556.38525390625
5554.251953125
5552.2060546875
5549.8388671875
5547.537109375
5545.23046875
5542.978515625
5540.7783203125
5538.54736328125
5536.36572265625
5534.03662109375
5531.7724609375
5529.47509765625
5527.271484375
5525.1064453125
5522.95263671875
5520.74169921875
5518.40380859375
5516.00537109375
5513.54052734375
5511.14892578125
5508.806640625
5506.53857421875
5504.27880859375
5501.97900390625
5499.6435546875
5497.26171875
5494.87890625
5492.5126953125
5490.1884765625
5487.84375
5485.5166015625
5483.12060546875
5480.71142578125
5478.2529296875
5475.80859375
5473.35595703125
5470.91162109375
5468.462890625
5466.00048828125
5463.52978515625
5461.02978515625
5458.51318359375
5455.9951171875
5453.466796875
5450.93408203125
5448.38720703125
5445.822265625
5443.2490234375
5440.66259765625
5438.0693359375
5435.5
5432.9296875
5430.50146484375
5428.08740234375
5426.25537109375
5424.7451171875
5425.8740234375
5428.41796875
5433.1142578125
5421.61181640625
5409.97119140625
5410.5859375
5411.228515625
5406.25341796875
5401.23193359375
5400.529296875
5397.865234375
5393.93505859375
5393.44677734375
5393.48828125
5390.4990234375
5387.10595703125
5380.666015625
5375.1904296875
5374.9619140625
5372.45751953125
5367.48193359375
5365.1376953125
5361.43798828125
5357.7646484375
5356.48193359375
5352.7373046875
5349.14599609375
5347.9345703125
5346.62744140625
5344.43310546875
5341.8916015625
5340.13818359375
5336.51123046875
5330.7294921875
5325.1640625
5321.29443359375
5319.52197265625
5318.35107421875
5315.888671875
5311.93798828125
5307.7216796875
5304.26123046875
5301.20556640625
5298.45703125
5295.68701171875
5292.1162109375
5288.521484375
5285.732421875
5283.353515625
5280.89892578125
5278.00927734375
5274.80615234375
5271.8544921875
5269.22802734375
5266.86767578125
5264.3271484375
5261.62841796875
5258.9130859375
5256.47021484375
5253.98193359375
5251.47412109375
5248.4521484375
5245.1123046875
5241.5693359375
5238.322265625
5235.302734375
5232.3525390625
5229.24951171875
5225.955078125
5222.79443359375
5219.7841796875
5217.2578125
5214.92431640625
5212.7900390625
5210.35888671875
5207.56884765625
5204.3046875
5200.8896484375
5197.79833984375
5195.39697265625
5193.625
5192.16015625
5190.5654296875
5188.603515625
5186.32861328125
5184.234375
5182.6767578125
5181.5654296875
5180.0458984375
5177.08544921875
5172.80419921875
5168.84521484375
5167.1025390625
5167.1953125
5167.7197265625
5166.03369140625
5162.2734375
5157.35205078125
5153.5361328125
5151.05078125
5149.64990234375
5147.7236328125
5145.77490234375
5143.39697265625
5141.66845703125
5139.3408203125
5136.57470703125
5132.10107421875
5126.83056640625
5120.9765625
5116.1171875
5112.6591796875
5110.92578125
5109.806640625
5108.7060546875
5106.3720703125
5102.90185546875
5098.4609375
5094.23828125
5090.94677734375
5088.4140625
5085.93017578125
5082.70703125
5078.6943359375
5074.3583984375
5070.478515625
5066.97412109375
5064.0439453125
5061.13671875
5058.29248046875
5055.498046875
5052.8544921875
5050.4453125
5047.87646484375
5045.13818359375
5041.900390625
5038.3662109375
5034.71728515625
5031.33642578125
5028.3759765625
5025.8583984375
5023.6279296875
5021.4052734375
5019.0654296875
5016.58740234375
5014.05419921875
5011.529296875
5009.10302734375
5006.544921875
5003.9501953125
5000.7509765625
4997.27587890625
4993.1533203125
4989.16455078125
4985.3828125
4982.31298828125
4979.8564453125
4977.7763671875
4975.6806640625
4973.23046875
4970.4521484375
4967.56005859375
4964.9658203125
4962.88134765625
4961.3173828125
4960.0185546875
4958.63818359375
4956.94140625
4954.77978515625
4952.19580078125
4949.25146484375
4945.96630859375
4942.4228515625
4938.6767578125
4935.00732421875
4931.59619140625
4928.65185546875
4926.1708984375
4924.150390625
4922.5830078125
4921.49267578125
4920.8759765625
4920.54248046875
4920.30224609375
4919.77392578125
4918.70458984375
4916.8525390625
4914.427734375
4911.458984375
4908.31103515625
4904.7607421875
4901.16650390625
4897.28271484375
4893.27978515625
4888.9130859375
4884.60595703125
4880.72216796875
4877.884765625
4875.99072265625
4874.59765625
4873.0166015625
4870.5283203125
4867.0947265625
4862.89990234375
4858.6201171875
4854.74609375
4851.517578125
4848.8984375
4846.443359375
4844.0673828125
4841.388671875
4838.74169921875
4835.89697265625
4833.4033203125
4831.01171875
4829.1982421875
4827.57958984375
4826.46630859375
4825.376953125
4824.466796875
4823.1640625
4821.36328125
4818.7783203125
4815.509765625
4812.2314453125
4808.97265625
4806.232421875
4803.365234375
4800.58154296875
4797.58837890625
4794.93505859375
4792.77001953125
4791.5625
4790.810546875
4789.8564453125
4787.095703125
4782.2314453125
4776.1728515625
4770.99072265625
4767.7666015625
4766.0166015625
4764.4853515625
4761.98486328125
4758.69482421875
4755.404296875
4753.1923828125
4751.96240234375
4750.9921875
4749.4814453125
4747.43408203125
4745.498046875
4743.99755859375
4742.421875
4739.87744140625
4736.1572265625
4732.267578125
4729.47119140625
4728.39892578125
4728.52294921875
4728.9931640625
4729.1259765625
4728.8095703125
4728.0986328125
4726.73974609375
4724.49658203125
4720.716796875
4716.13134765625
4710.87890625
4706.38037109375
4702.54150390625
4699.35302734375
4696.125
4692.3291015625
4687.91796875
4683.27001953125
4679.1171875
4675.8173828125
4673.40234375
4671.42822265625
4669.56005859375
4667.51611328125
4665.3642578125
4663.14892578125
4661.0283203125
4659.07421875
4657.18359375
4655.3251953125
4653.2470703125
4651.09130859375
4648.82373046875
4646.7822265625
4644.87548828125
4643.166015625
4641.37158203125
4639.41162109375
4637.18310546875
4634.8017578125
4632.31591796875
4629.927734375
4627.57470703125
4625.42041015625
4623.32373046875
4621.3046875
4619.0615234375
4616.61181640625
4613.69775390625
4610.927734375
4607.9892578125
4605.65478515625
4603.07666015625
4600.865234375
4598.09765625
4595.404296875
4592.357421875
4589.79736328125
4587.66650390625
4586.3720703125
4585.22802734375
4584.13330078125
4582.2685546875
4579.77490234375
4576.8623046875
4574.09716796875
4572.1728515625
4571.1416015625
4570.685546875
4569.97412109375
4568.28564453125
4565.06591796875
4560.46044921875
4555.1787109375
4550.29443359375
4546.55029296875
4544.2666015625
4542.89794921875
4542.140625
4541.259765625
4540.27294921875
4538.8359375
4536.87255859375
4534.1005859375
4530.875
4527.69482421875
4525.4189453125
4524.3154296875
4524.166015625
4524.2763671875
4523.9736328125
4522.84326171875
4520.8330078125
4518.18408203125
4514.962890625
4511.70068359375
4508.0048828125
4504.67822265625
4501.2392578125
4498.50048828125
4496.0126953125
4493.9189453125
4491.7744140625
4489.3525390625
4486.6796875
4483.759765625
4481.2119140625
4479.12158203125
4478.0009765625
4477.1376953125
4476.35400390625
4474.693359375
4472.107421875
4468.50537109375
4464.35498046875
4460.12255859375
4456.3203125
4453.23193359375
4450.8857421875
4449.19580078125
4447.86669921875
4446.82373046875
4445.87109375
4445.07373046875
4444.2392578125
4443.35888671875
4441.9951171875
4440.08837890625
4437.42724609375
4434.3828125
4431.29541015625
4428.68701171875
4426.8076171875
4425.79833984375
4425.23046875
4425.017578125
4424.109375
4422.55615234375
4419.291015625
4415.138671875
4410.57958984375
4406.513671875
4403.146484375
4400.32275390625
4397.80712890625
4395.4580078125
4393.17236328125
4391.02783203125
4388.75537109375
4386.689453125
4384.5166015625
4382.5595703125
4380.52783203125
4378.8271484375
4377.40283203125
4376.3486328125
4375.109375
4373.10400390625
4370.037109375
4366.1904296875
4362.44384765625
4359.48779296875
4357.5986328125
4356.5068359375
4355.68408203125
4354.697265625
4353.17578125
4351.23974609375
4349.09521484375
4347.32421875
4346.10498046875
4345.5791015625
4345.25732421875
4344.7734375
4343.39599609375
4340.94384765625
4337.36767578125
4333.6376953125
4330.234375
4328.1142578125
4326.3251953125
4325.19921875
4323.5390625
4321.80078125
4319.85595703125
4318.248046875
4316.970703125
4316.45751953125
4316.02978515625
4316.140625
4315.64208984375
4315.208984375
4314.0546875
4312.7138671875
4311.07421875
4308.68896484375
4305.63916015625
4301.12939453125
4296.29052734375
4291.8037109375
4288.49462890625
4286.24658203125
4284.86279296875
4283.744140625
4282.71240234375
4281.43798828125
4279.93408203125
4278.130859375
4276.04541015625
4273.87255859375
4271.64892578125
4269.646484375
4267.85986328125
4266.16162109375
4264.1083984375
4261.64990234375
4258.6962890625
4255.548828125
4252.5615234375
4250.189453125
4248.4697265625
4246.8486328125
4244.4052734375
4240.58837890625
4235.8583984375
4231.25390625
4227.86376953125
4225.70458984375
4224.10595703125
4222.16943359375
4219.48681640625
4216.193359375
4212.7529296875
4209.69482421875
4207.28662109375
4205.58203125
4204.1943359375
4202.8251953125
4201.107421875
4199.08447265625
4196.8935546875
4194.671875
4192.52978515625
4190.28369140625
4188.00390625
4185.6044921875
4183.40771484375
4181.2412109375
4179.2890625
4177.384765625
4175.77392578125
4174.28515625
4173.04248046875
4171.951171875
4171.14453125
4170.37158203125
4169.4560546875
4168.0634765625
4166.07958984375
4163.62646484375
4160.921875
4158.50537109375
4156.06103515625
4153.7978515625
4151.20556640625
4148.791015625
4146.62548828125
4145.22314453125
4144.38623046875
4144.0693359375
4143.71484375
4143.0498046875
4141.599609375
4139.537109375
4137.0498046875
4134.7080078125
4132.572265625
4130.51806640625
4128.271484375
4125.85986328125
4123.5126953125
4121.52783203125
4119.65185546875
4117.68701171875
4115.1376953125
4112.0498046875
4108.3701171875
4104.69873046875
4101.279296875
4098.7666015625
4097.0712890625
4096.08154296875
4095.24658203125
4094.14697265625
4092.4638671875
4090.1923828125
4087.498046875
4084.7138671875
4082.07275390625
4079.806640625
4077.8916015625
4076.4013671875
4075.11474609375
4074.0556640625
4072.83984375
4071.58984375
