7368.43896484375
7363.666015625
7359.32373046875
7355.3623046875
7351.73681640625
7348.41015625
7345.333984375
7342.45703125
7339.73291015625
7337.13916015625
7334.64208984375
7332.2314453125
7329.89990234375
7327.64111328125
7325.46044921875
7323.34814453125
7321.3115234375
7319.337890625
7317.4365234375
7315.595703125
7313.81103515625
7312.0751953125
7310.3857421875
7308.740234375
7307.13623046875
7305.5703125
7304.04638671875
7302.5634765625
7301.1181640625
7299.71142578125
7298.3427734375
7297.01220703125
7295.7158203125
7294.45458984375
7293.2236328125
7292.025390625
7290.85693359375
7289.71923828125
7288.60791015625
7287.5263671875
7286.4736328125
7285.4462890625
7284.4482421875
7283.47265625
7282.52099609375
7281.5927734375
7280.68701171875
7279.80419921875
7278.9423828125
7278.10009765625
7277.2783203125
7276.47607421875
7275.69140625
7274.92724609375
7274.18310546875
7273.4541015625
7272.744140625
7272.046875
7271.369140625
7270.70556640625
7270.056640625
7269.421875
7268.8017578125
7268.19580078125
7267.6025390625
7267.0234375
7266.45458984375
7265.9013671875
7265.359375
7264.83154296875
7264.3134765625
7263.8046875
7263.30712890625
7262.82080078125
7262.34228515625
7261.8759765625
7261.41796875
7260.970703125
7260.533203125
7260.10498046875
7259.685546875
7259.2734375
7258.87158203125
7258.4794921875
7258.0908203125
7257.712890625
7257.3427734375
7256.9775390625
7256.62158203125
7256.2734375
7255.93115234375
7255.5966796875
7255.2685546875
7254.9462890625
7254.630859375
7254.322265625
7254.017578125
7253.720703125
7253.4287109375
7253.1416015625
7252.86083984375
7252.58447265625
7252.3154296875
7252.05078125
7251.7919921875
7251.5361328125
7251.28759765625
7251.0419921875
7250.802734375
7250.56591796875
7250.3359375
7250.10791015625
7249.884765625
7249.666015625
7249.45068359375
7249.24072265625
7249.0341796875
7248.8310546875
7248.63134765625
7248.4365234375
7248.2451171875
7248.056640625
7247.8720703125
7247.69091796875
7247.51171875
7247.33642578125
7247.16455078125
7246.994140625
7246.830078125
7246.66748046875
7246.50732421875
7246.3515625
7246.1962890625
7246.0439453125
7245.89599609375
7245.74853515625
7245.607421875
7245.46337890625
7245.32470703125
7245.1884765625
7245.05615234375
7244.9208984375
7244.79150390625
7244.66552734375
7244.5390625
7244.416015625
7244.2958984375
7244.1787109375
7244.0615234375
7243.94775390625
7243.83544921875
7243.72412109375
7243.61474609375
7243.50341796875
7243.3974609375
7243.2919921875
7243.189453125
7243.08935546875
7242.98828125
7242.890625
7242.79248046875
7242.6982421875
7242.60498046875
7242.51318359375
7242.42236328125
7242.33203125
7242.24365234375
7242.154296875
7242.0712890625
7241.98681640625
7241.9033203125
7241.8203125
7241.740234375
7241.66259765625
7241.58251953125
7241.5048828125
7241.4306640625
7241.35498046875
7241.28173828125
7241.208984375
7241.13720703125
7241.0673828125
7240.9970703125
7240.92724609375
7240.8583984375
7240.79052734375
7240.72314453125
7240.65869140625
7240.59375
7240.52978515625
7240.4658203125
7240.40380859375
7240.341796875
7240.28125
7240.22021484375
7240.16015625
7240.1015625
7240.0439453125
7239.98828125
7239.93115234375
461045.59375
2041372.25
44501.28125
59285.65234375
166164.515625
117706.609375
52894.578125
39385.34765625
36727.42578125
36177.13671875
35390.2734375
34188.71875
33000.32421875
32008.037109375
31031.94921875
29885.3515625
28591.283203125
27389.640625
26365.13671875
25424.34375
24480.5078125
23513.935546875
22565.3359375
21677.48828125
20862.275390625
20108.7890625
19393.24609375
18697.4140625
18026.6640625
17405.638671875
16849.52734375
16349.6943359375
15878.27734375
15437.095703125
15028.8701171875
14640.638671875
14260.4443359375
13892.04296875
13543.55078125
13211.74609375
12891.064453125
12584.666015625
12299.25
12035.4287109375
11786.880859375
11547.357421875
11311.904296875
11079.51953125
10855.083984375
10641.884765625
10438.9541015625
10245.21484375
10059.921875
9881.603515625
9708.619140625
9541.44921875
9380.443359375
9224.826171875
9073.6953125
8928.6875
8791.36328125
8659.4140625
8530.9345703125
8405.884765625
8285.369140625
8170.01171875
8059.3564453125
7951.4462890625
7845.326171875
7742.0
7641.89453125
7544.30126953125
7448.875
7356.0634765625
7265.8798828125
7177.7802734375
7091.421875
7007.05322265625
6924.87744140625
6844.4794921875
6765.5849609375
6688.26318359375
6612.73779296875
6539.044921875
6466.99853515625
6396.26611328125
6326.6650390625
6258.095703125
6190.5986328125
6124.20263671875
6058.7744140625
5994.154296875
5930.25830078125
5867.0546875
5804.60498046875
5743.0625
5682.5390625
5623.2373046875
5565.30419921875
5508.8125
5453.77001953125
5400.2353515625
5348.2353515625
5297.69921875
5248.5400390625
5200.70703125
5154.11669921875
5108.7177734375
5064.48193359375
5021.41796875
4979.5087890625
4938.72607421875
4899.037109375
4860.44775390625
4822.99755859375
4786.7587890625
4751.70849609375
4717.68212890625
4684.4990234375
4652.25146484375
4620.85595703125
4590.205078125
4560.2255859375
4530.923828125
4502.2880859375
4474.21484375
4446.7412109375
4419.88916015625
4393.63525390625
4367.98193359375
4342.9423828125
4318.53955078125
4294.73681640625
4271.5234375
4248.87158203125
4226.7333984375
4205.06640625
4183.83740234375
4162.966796875
4142.43701171875
4122.2216796875
4102.2890625
4082.61279296875
4063.1796875
4043.99365234375
4025.0458984375
4006.337890625
3987.89111328125
3969.6884765625
3951.7470703125
3934.0673828125
3916.6640625
3899.6337890625
3883.400390625
3869.314453125
3857.412109375
3838.5419921875
3816.54248046875
3804.7509765625
3788.33447265625
3769.26123046875
3757.48876953125
3739.6533203125
3724.5205078125
3711.1982421875
3693.8544921875
3681.2822265625
3665.78076171875
3651.2490234375
3638.4296875
3623.29150390625
3611.26904296875
3597.01904296875
3582.31640625
3568.583984375
3554.5078125
3542.58935546875
3528.8291015625
3514.9228515625
3502.5576171875
3489.59521484375
3476.9794921875
3463.8056640625
3451.2841796875
3439.4130859375
3426.42138671875
3414.13037109375
3402.205078125
3389.98388671875
3377.9423828125
3365.830078125
3354.13916015625
3342.45654296875
3330.4765625
3319.01708984375
3307.67724609375
3296.13623046875
3284.705078125
3273.19091796875
3261.81787109375
3250.67578125
3239.56494140625
3228.5361328125
3217.5244140625
3206.517578125
3195.7685546875
3185.10546875
3174.3525390625
3163.732421875
3153.27734375
3142.86572265625
3132.51220703125
3122.228515625
3112.072265625
3102.015625
3091.9775390625
3081.97216796875
3072.1123046875
3062.373046875
3052.68017578125
3043.0595703125
3033.52197265625
3024.046875
3014.65234375
3005.33251953125
2996.0810546875
2986.88037109375
2977.736328125
2968.6376953125
2959.6025390625
2950.64404296875
2941.71240234375
2932.826171875
2924.00732421875
2915.26220703125
2906.5732421875
2897.94921875
2889.39404296875
2880.921875
2872.53955078125
2864.244140625
2856.0263671875
2847.9384765625
2840.0224609375
2832.302734375
2824.583984375
2816.4873046875
2808.18017578125
2800.3955078125
2793.08837890625
2785.52978515625
2777.6640625
2770.162109375
2762.9931640625
2755.53955078125
2748.0263671875
2740.89404296875
2733.85205078125
2726.59716796875
2719.38671875
2712.2626953125
2704.96923828125
2697.6142578125
2690.40771484375
2683.25732421875
2676.10693359375
2669.09033203125
2662.060546875
2654.92041015625
2647.9228515625
2641.18505859375
2634.5458984375
2628.06298828125
2621.869140625
2615.595703125
2608.154296875
2599.810546875
2592.083984375
2585.767578125
2579.66552734375
2572.603515625
2565.38623046875
2559.0341796875
2552.84033203125
2545.9013671875
2538.94970703125
2532.783203125
2526.837890625
2520.28662109375
2513.6318359375
2507.55908203125
2501.55859375
2495.10888671875
2488.70751953125
2482.8779296875
2477.2255859375
2471.265625
2465.36572265625
2459.64453125
2453.8447265625
2447.47412109375
2440.85546875
2433.7890625
2426.7021484375
2420.07958984375
2414.3369140625
2408.66357421875
2402.47412109375
2395.9267578125
2389.8251953125
2384.09765625
2378.3037109375
2372.07861328125
2365.0546875
2357.5625
2350.56396484375
2344.6259765625
2339.10791015625
2333.01611328125
2326.31591796875
2319.92236328125
2314.9306640625
2313.9990234375
2307.31103515625
2297.3046875
2288.3994140625
2287.287109375
2284.29443359375
2270.0751953125
2268.888671875
2264.47412109375
2250.53662109375
2252.93212890625
2246.40576171875
2236.24365234375
2237.314453125
2224.2431640625
2221.3583984375
2212.904296875
2206.54345703125
2204.93212890625
2196.61328125
2191.5048828125
2182.88037109375
2178.560546875
2174.361328125
2168.50390625
2164.7197265625
2157.86279296875
2151.26953125
2144.37841796875
2139.59228515625
2136.26171875
2129.90625
2124.32080078125
2118.9892578125
2115.1611328125
2110.59228515625
2103.75537109375
2098.84521484375
2093.98095703125
2089.19287109375
2083.38330078125
2078.18798828125
2074.1279296875
2069.150390625
2064.107421875
2059.47314453125
2055.236328125
2050.5986328125
2046.11279296875
2041.76611328125
2037.7822265625
2033.38037109375
2028.521484375
2022.78369140625
2017.380859375
2013.0439453125
2009.4853515625
2005.5927734375
2001.0830078125
1996.7705078125
1992.798828125
1989.61767578125
1985.44482421875
1980.57421875
1974.75830078125
1969.529296875
1965.27099609375
1961.44873046875
1957.51904296875
1953.12353515625
1948.51513671875
1943.9228515625
1939.7373046875
1935.9111328125
1932.13671875
1928.17041015625
1924.06884765625
1919.58984375
1915.67919921875
1911.53515625
1907.58544921875
1903.3408203125
1899.431640625
1896.24609375
1893.91064453125
1891.9892578125
1889.7568359375
1887.11328125
1884.921875
1882.626953125
1878.80517578125
1872.2353515625
1864.50439453125
1859.41650390625
1856.24609375
1853.50732421875
1847.0849609375
1841.1142578125
1837.4365234375
1834.83642578125
1831.56982421875
1827.60498046875
1824.7275390625
1819.9306640625
1815.357421875
1812.27392578125
1809.1005859375
1804.87060546875
1798.18603515625
1793.390625
1792.0625
1789.1015625
1784.3828125
1778.63525390625
1774.48828125
1771.1376953125
1767.046875
1762.79736328125
1759.083984375
1755.7216796875
1751.42724609375
1747.888671875
1744.1201171875
1740.89013671875
1737.3466796875
1733.90673828125
1730.63623046875
1727.259765625
1723.49755859375
1719.7001953125
1716.67724609375
1713.37646484375
1710.5771484375
1707.01025390625
1703.7822265625
1700.509765625
1697.26416015625
1694.1796875
1691.4072265625
1689.0029296875
1686.453125
1684.16796875
1680.81982421875
1677.7880859375
1673.701171875
1670.4462890625
1667.365234375
1664.4169921875
1661.07470703125
1657.7900390625
1654.92578125
1652.41845703125
1650.19091796875
1647.32958984375
1644.96435546875
1641.8291015625
1639.1279296875
1636.18017578125
1633.44091796875
1630.8388671875
1628.41162109375
1625.92041015625
1623.6318359375
1621.83544921875
1620.27001953125
1618.833984375
1616.34326171875
1614.3017578125
1612.603515625
1611.74462890625
1610.75146484375
1608.26171875
1604.39306640625
1599.80029296875
1596.00390625
1593.791015625
1592.162109375
1590.1552734375
1587.67138671875
1584.701171875
1581.8115234375
1578.31298828125
1575.91455078125
1574.21630859375
1571.9052734375
1568.37255859375
1564.0400390625
1560.1064453125
1557.49072265625
1556.24853515625
1555.05908203125
1553.287109375
1550.302734375
1548.19677734375
1546.0517578125
1544.9091796875
1543.9892578125
1543.1728515625
1542.31982421875
1541.1533203125
1539.00537109375
1535.63818359375
1532.376953125
1529.1669921875
1526.6728515625
1523.1318359375
1519.74951171875
1517.0927734375
1514.67626953125
1512.83447265625
1510.3203125
1507.71826171875
1505.1025390625
1502.88623046875
1500.49169921875
1498.4755859375
1495.6318359375
1493.23974609375
1490.84423828125
1488.55126953125
1486.44970703125
1484.34326171875
1482.34130859375
1480.38330078125
1478.5888671875
1476.90576171875
1475.6904296875
1474.2392578125
1473.400390625
1471.7451171875
1469.7998046875
1466.83251953125
1463.0615234375
1459.76171875
1457.76171875
1457.05224609375
1456.54931640625
1455.689453125
1454.4482421875
1454.29296875
1454.8359375
1456.41015625
1455.966796875
1453.142578125
1447.78076171875
1442.69775390625
1439.7783203125
1438.53564453125
1436.935546875
1433.45263671875
1429.1240234375
1426.123046875
1426.0419921875
1426.90625
1427.25146484375
1425.26123046875
1423.2666015625
1422.9423828125
1425.15673828125
1428.23876953125
1429.03076171875
1424.7919921875
1416.876953125
1410.6484375
1409.36767578125
1411.84130859375
1410.9697265625
1407.0751953125
1401.43994140625
1400.16015625
1401.06103515625
1401.16943359375
1397.74462890625
1393.576171875
1390.89404296875
1389.9990234375
1389.68359375
1387.94091796875
1385.4697265625
1381.86572265625
1378.60400390625
1376.10791015625
1374.244140625
1372.47021484375
1370.63330078125
1369.443359375
1369.57275390625
1369.341796875
1368.86474609375
1367.00732421875
1366.69287109375
1367.12890625
1367.82421875
1366.4228515625
1363.07275390625
1357.923828125
1352.83642578125
1348.7958984375
1346.53271484375
1345.6435546875
1345.44580078125
1345.05078125
1343.66552734375
1341.294921875
1338.66015625
1336.75537109375
1336.60205078125
1336.51025390625
1337.28955078125
1336.6748046875
1336.92578125
1337.42822265625
1337.90380859375
1336.4951171875
1332.220703125
1327.05126953125
1323.96923828125
1324.26416015625
1325.0498046875
1324.40625
1320.640625
1317.7607421875
1315.96728515625
1314.71484375
1311.6357421875
1307.07080078125
1303.61865234375
1302.93310546875
1303.810546875
1303.4501953125
1301.19580078125
1296.96484375
1293.94140625
1291.1396484375
1289.93408203125
1288.9384765625
1287.88525390625
1286.41650390625
1285.00146484375
1283.81298828125
1283.10400390625
1282.65283203125
1281.8349609375
1281.189453125
1279.31396484375
1278.11962890625
1276.724609375
1275.45458984375
1273.61083984375
1272.03955078125
1270.6748046875
1269.6025390625
1267.9541015625
1265.861328125
1263.7802734375
1262.13671875
1261.23291015625
1259.8310546875
1258.7666015625
1256.064453125
1254.0751953125
1252.4453125
1251.5498046875
1250.6689453125
1249.96435546875
1249.5263671875
1250.00146484375
1250.5576171875
1250.95263671875
1250.1240234375
1249.20166015625
1248.13525390625
1247.841796875
1247.68798828125
1248.17724609375
1249.3779296875
1250.70068359375
1253.42333984375
1255.859375
1256.5888671875
1253.1015625
1244.11328125
1233.6806640625
1227.1171875
1225.9345703125
1227.43115234375
1227.38623046875
1225.265625
1221.4072265625
1220.4169921875
1220.4189453125
1222.09912109375
1223.310546875
1224.541015625
1224.693359375
1223.2412109375
1219.1123046875
1214.123046875
1210.17333984375
1208.40771484375
1206.93701171875
1205.1826171875
1200.158203125
1195.990234375
1193.830078125
1194.33349609375
1196.19091796875
1197.3359375
1196.197265625
1192.64501953125
1188.052734375
1183.6318359375
1180.5263671875
1178.3017578125
1177.2109375
1175.86083984375
1175.75927734375
1173.34521484375
1171.4345703125
1169.7138671875
1168.57861328125
1168.19775390625
1167.9560546875
1167.75244140625
1165.82861328125
1164.71533203125
1160.49658203125
1158.044921875
1156.82763671875
1156.63427734375
1157.64697265625
1155.59033203125
1153.4736328125
1151.5576171875
1150.6396484375
1150.3818359375
1149.939453125
1148.99951171875
1146.818359375
1144.0234375
1141.08251953125
1139.8828125
1139.4306640625
1141.0966796875
1141.4404296875
1142.068359375
1142.3828125
1142.087890625
1141.43017578125
1139.8818359375
1138.0322265625
1134.25537109375
1131.3818359375
1127.958984375
1126.0810546875
1124.73095703125
1123.9404296875
1122.84423828125
1122.2060546875
1121.3447265625
1120.5830078125
1118.22314453125
1116.74658203125
1115.412109375
1114.8662109375
1113.95166015625
1111.9443359375
1110.6689453125
1110.15966796875
1110.10595703125
1109.6533203125
1107.8740234375
1106.93994140625
1106.32568359375
1108.44580078125
1111.20458984375
1113.3251953125
1113.7060546875
1112.798828125
1111.4296875
1110.765625
1111.1845703125
1112.41650390625
1110.67041015625
1106.16162109375
1099.6123046875
1095.36474609375
1094.75048828125
1096.3037109375
1096.62158203125
1095.78076171875
1093.79052734375
1093.2080078125
1092.2412109375
1092.583984375
1092.53125
1093.2958984375
1093.4462890625
1094.4111328125
1095.3662109375
1097.5390625
1098.099609375
1096.28662109375
1089.85546875
1081.359375
1074.150390625
1071.7998046875
1073.0771484375
1075.6611328125
1075.59765625
1073.88525390625
1070.65576171875
1069.583984375
1069.04833984375
1068.04248046875
1064.84521484375
1061.158203125
1058.57958984375
1058.7021484375
1059.6171875
1060.6611328125
1059.62060546875
1058.44287109375
1057.45947265625
1058.078125
1058.669921875
1059.1552734375
1057.6904296875
1056.51708984375
1054.62890625
1055.4345703125
1056.76611328125
1060.11572265625
1062.3720703125
1063.4462890625
1060.65771484375
1055.4970703125
1050.2509765625
1049.02783203125
1051.13525390625
1053.95263671875
1053.2724609375
1049.10888671875
1043.181640625
1038.837890625
1035.853515625
1034.125
1032.3291015625
1031.89404296875
1032.056640625
1032.8076171875
1032.068359375
1029.82080078125
1026.76318359375
1024.46728515625
1023.03466796875
1022.2294921875
1021.001953125
1020.208984375
1019.95751953125
1021.173828125
1023.28271484375
1025.70068359375
1027.32958984375
1027.8251953125
1026.4775390625
1024.30810546875
1021.2666015625
1019.40185546875
1017.85888671875
1017.55712890625
1016.7255859375
1015.9287109375
1014.2578125
1012.84765625
1011.28564453125
1010.20703125
1008.71435546875
1007.0830078125
1004.69677734375
1002.072265625
999.11279296875
996.91552734375
995.40234375
994.77880859375
994.09326171875
993.404296875
992.29638671875
991.40966796875
990.404296875
990.109375
989.77294921875
989.97607421875
989.673828125
989.4482421875
988.57470703125
988.10546875
987.79736328125
988.72265625
990.50537109375
993.95166015625
998.802734375
1004.947265625
1009.50537109375
1008.77880859375
1003.00146484375
996.65380859375
993.8037109375
994.0146484375
993.6708984375
991.1552734375
986.88916015625
985.173828125
987.55859375
990.12939453125
989.26171875
985.52880859375
982.240234375
979.4306640625
975.68408203125
971.009765625
966.6259765625
966.28173828125
968.85888671875
971.1044921875
969.875
968.064453125
966.73974609375
966.62841796875
965.93603515625
965.06787109375
963.2666015625
960.544921875
957.3095703125
955.05908203125
954.32763671875
954.68212890625
955.00146484375
955.0302734375
954.26318359375
953.2431640625
951.08984375
948.44091796875
945.232421875
942.595703125
940.365234375
938.7822265625
937.5830078125
937.001953125
936.818359375
937.0732421875
937.17626953125
937.21533203125
937.02490234375
937.3583984375
938.0791015625
939.0966796875
939.560546875
939.13525390625
938.31982421875
937.6865234375
938.27490234375
940.04833984375
942.62353515625
944.7900390625
944.73388671875
942.54345703125
939.873046875
939.37548828125
941.67529296875
946.65478515625
951.32861328125
953.96044921875
952.76416015625
950.59423828125
949.5947265625
951.00048828125
951.36572265625
948.65234375
900.400390625
916.35302734375
924.02734375
892.916015625
918.83203125
902.40283203125
896.81494140625
910.07763671875
892.35498046875
899.279296875
899.00634765625
890.5048828125
896.7587890625
891.52978515625
890.197265625
891.62060546875
887.53955078125
887.90283203125
886.5126953125
884.8544921875
884.47412109375
882.88916015625
882.1943359375
881.21630859375
880.2626953125
879.4052734375
878.662109375
877.86767578125
876.9365234375
876.53515625
875.53955078125
874.8779296875
874.4228515625
873.39892578125
872.97314453125
872.2861328125
871.47216796875
871.04443359375
870.2490234375
869.65625
869.095703125
868.3720703125
867.86376953125
867.2001953125
866.58642578125
866.0517578125
865.38330078125
864.845703125
864.24951171875
863.63037109375
863.09814453125
862.47021484375
861.89990234375
861.333984375
860.71630859375
860.16796875
859.5751953125
858.986328125
858.43017578125
857.830078125
857.25830078125
856.68798828125
856.091796875
855.53271484375
854.955078125
854.3759765625
853.8046875
853.21337890625
852.6328125
852.0556640625
851.4697265625
850.89208984375
850.310546875
849.7265625
849.1435546875
848.5595703125
847.97216796875
847.3818359375
846.79638671875
846.2060546875
845.615234375
845.01953125
844.41943359375
843.82080078125
843.2197265625
842.6201171875
842.01611328125
841.400390625
840.78662109375
840.173828125
839.556640625
838.93115234375
838.30615234375
837.6767578125
837.0458984375
836.40087890625
835.76123046875
835.12109375
834.46875
833.8154296875
833.1533203125
832.48779296875
831.8203125
831.15478515625
830.4755859375
829.7939453125
829.11376953125
828.43408203125
827.74072265625
827.0478515625
826.35400390625
825.66357421875
824.9697265625
824.27490234375
823.583984375
822.8935546875
822.20849609375
821.51904296875
820.8369140625
820.1533203125
819.47119140625
818.796875
818.1259765625
817.4599609375
816.798828125
816.13720703125
815.47998046875
814.82666015625
814.18896484375
813.54248046875
812.9091796875
812.2783203125
811.650390625
811.02294921875
810.40283203125
809.7822265625
809.1669921875
808.55419921875
807.9423828125
807.3330078125
806.7265625
806.119140625
805.5185546875
804.9140625
804.32177734375
803.72509765625
803.12646484375
802.53271484375
801.9404296875
801.349609375
800.755859375
800.16796875
799.58056640625
798.9951171875
798.40625
797.814453125
797.22216796875
796.62939453125
796.03857421875
795.453125
794.86767578125
794.279296875
793.69091796875
793.10205078125
792.51708984375
791.9306640625
791.34423828125
790.7509765625
790.166015625
789.57373046875
788.9794921875
788.39306640625
787.8095703125
787.22119140625
786.63037109375
786.04736328125
785.46240234375
784.87060546875
784.28369140625
783.69677734375
783.119140625
782.537109375
781.95458984375
781.37744140625
780.8017578125
780.22607421875
779.6533203125
779.0830078125
778.52001953125
777.95361328125
777.38720703125
776.82763671875
776.271484375
775.71630859375
775.16162109375
774.611328125
774.06591796875
773.5244140625
772.984375
772.44921875
771.9248046875
771.42919921875
770.9921875
770.63623046875
770.2919921875
769.71630859375
768.92431640625
768.25
767.78857421875
767.35693359375
766.82568359375
766.1884765625
765.61083984375
765.1904296875
764.69775390625
764.06103515625
763.52587890625
763.09423828125
762.54931640625
761.98046875
761.4970703125
760.9931640625
760.46044921875
759.951171875
759.42919921875
758.91845703125
758.427734375
757.8994140625
757.37890625
756.8876953125
756.37890625
755.85791015625
755.35595703125
754.85205078125
754.3447265625
753.83984375
753.337890625
752.8359375
752.33349609375
751.8330078125
751.326171875
750.82666015625
750.33447265625
749.83154296875
749.3359375
748.84326171875
748.34765625
747.85595703125
747.36669921875
746.87548828125
746.3876953125
745.89794921875
745.41015625
744.919921875
744.43798828125
743.95068359375
743.46826171875
742.98681640625
742.5087890625
742.0302734375
741.55224609375
741.07373046875
740.6025390625
740.12744140625
739.6572265625
739.185546875
738.712890625
738.23779296875
737.765625
737.29345703125
736.81982421875
736.3515625
735.8818359375
735.40771484375
734.93896484375
734.46533203125
733.98876953125
733.515625
733.037109375
732.5595703125
732.0751953125
731.59326171875
731.1083984375
730.61962890625
730.1259765625
729.62646484375
729.1181640625
728.60205078125
728.08740234375
727.56005859375
727.02294921875
726.4736328125
725.919921875
725.34716796875
724.78076171875
724.19921875
723.6220703125
723.03857421875
722.45458984375
721.86865234375
721.28125
720.69140625
720.095703125
719.49755859375
718.90673828125
718.34619140625
717.91455078125
718.03173828125
719.9697265625
723.69091796875
723.70458984375
717.275390625
715.525390625
718.21826171875
716.3505859375
713.42578125
714.669921875
713.71826171875
711.509765625
712.0654296875
711.3349609375
709.416015625
709.75
709.533203125
707.568359375
707.4912109375
707.61572265625
706.14404296875
705.68896484375
705.69970703125
704.64453125
704.10302734375
704.06982421875
703.2158203125
702.60888671875
702.560546875
701.8828125
701.25537109375
701.11669921875
700.603515625
699.919921875
699.6484375
699.21923828125
698.54150390625
698.1455078125
697.73681640625
697.2197265625
696.873046875
696.4931640625
695.93505859375
695.4970703125
695.13330078125
694.6669921875
694.2548828125
693.8740234375
693.3974609375
692.94775390625
692.5693359375
692.158203125
691.72900390625
691.33154296875
690.89892578125
690.47021484375
690.08984375
689.70751953125
689.2939453125
688.908203125
688.56640625
688.26416015625
688.08056640625
688.0869140625
688.3310546875
688.845703125
689.32421875
689.19677734375
688.01171875
686.53271484375
685.4921875
685.51806640625
685.390625
684.818359375
683.70068359375
682.77490234375
682.5224609375
682.59521484375
682.61376953125
681.8583984375
680.96923828125
680.3125
680.04443359375
679.89111328125
679.51953125
679.001953125
678.38623046875
677.9482421875
677.61767578125
677.2685546875
676.8388671875
676.400390625
676.02587890625
675.67431640625
675.298828125
674.853515625
674.38330078125
673.94677734375
673.5859375
673.26416015625
672.921875
672.5380859375
672.12841796875
671.7177734375
671.33447265625
670.96728515625
670.60546875
670.2421875
669.87158203125
669.49365234375
669.12451171875
668.7451171875
668.361328125
667.97705078125
667.59912109375
667.22900390625
666.87060546875
666.51806640625
666.1640625
665.796875
665.42431640625
665.05126953125
664.68408203125
664.33056640625
663.974609375
663.6171875
663.25244140625
662.88916015625
662.53125
662.17626953125
661.8232421875
661.47607421875
661.1220703125
660.763671875
660.41357421875
660.0595703125
659.7109375
659.357421875
659.005859375
658.6552734375
658.30712890625
657.96240234375
657.62451171875
657.28662109375
656.962890625
656.6484375
656.35546875
656.08935546875
655.8583984375
655.6474609375
655.435546875
655.16650390625
654.80908203125
654.3427734375
653.86328125
653.43701171875
653.13427734375
652.93896484375
652.822265625
652.73193359375
652.6337890625
652.5224609375
652.3671875
652.10107421875
651.66552734375
651.11767578125
650.50048828125
650.103515625
649.71337890625
649.6611328125
649.3017578125
649.06298828125
648.49951171875
647.99609375
647.5087890625
647.09228515625
646.728515625
646.35693359375
646.0244140625
645.6435546875
645.35986328125
644.9658203125
644.595703125
644.138671875
643.68994140625
643.29248046875
643.00830078125
642.845703125
642.7587890625
642.732421875
642.763671875
642.9599609375
643.44189453125
644.2607421875
645.44482421875
646.62548828125
647.5556640625
647.5263671875
646.318359375
644.09375
641.9287109375
640.98193359375
641.6865234375
643.44189453125
645.47900390625
646.97314453125
647.89892578125
647.4091796875
645.75537109375
642.9775390625
640.76953125
640.29443359375
641.93408203125
644.65087890625
647.1884765625
648.3701171875
648.50927734375
647.9248046875
647.4208984375
647.02880859375
646.71435546875
646.9091796875
647.5
649.0185546875
650.923828125
652.84228515625
654.0107421875
653.76123046875
652.24560546875
650.22021484375
648.9921875
649.01806640625
650.208984375
651.73291015625
654.04638671875
656.6279296875
659.71240234375
660.3017578125
657.2001953125
650.9033203125
644.63720703125
641.7021484375
642.37255859375
644.763671875
646.33251953125
646.021484375
643.19091796875
639.044921875
635.3154296875
633.62451171875
634.0693359375
635.1943359375
635.53564453125
634.48583984375
632.958984375
632.060546875
632.34375
633.109375
633.5302734375
633.12744140625
632.4248046875
632.23486328125
632.88427734375
633.86572265625
634.310546875
633.9609375
633.07080078125
632.43994140625
632.21533203125
632.42724609375
632.431640625
632.3134765625
631.9853515625
632.072265625
632.650390625
633.87353515625
634.95703125
635.802734375
636.0078125
636.2216796875
635.93701171875
634.9189453125
632.53564453125
629.322265625
626.080078125
624.08544921875
623.841796875
624.923828125
626.45654296875
627.486328125
627.90673828125
627.6923828125
627.23828125
626.490234375
625.54052734375
624.4560546875
623.5625
623.123046875
623.15576171875
623.2001953125
622.916015625
621.99853515625
620.8935546875
619.763671875
619.08447265625
618.70166015625
618.6962890625
618.76123046875
618.72607421875
618.47265625
618.16455078125
618.19580078125
618.7255859375
619.60791015625
620.45947265625
620.7158203125
620.14599609375
618.5185546875
616.3056640625
613.814453125
611.86279296875
610.70703125
610.544921875
610.9013671875
611.40185546875
611.53515625
611.27783203125
610.7314453125
610.32861328125
610.11181640625
610.25244140625
610.341796875
610.43505859375
610.14697265625
609.87158203125
609.4443359375
609.31103515625
609.125
609.07568359375
608.92578125
608.90576171875
609.0751953125
609.53076171875
610.38525390625
611.36376953125
612.67138671875
613.732421875
614.56396484375
614.7197265625
614.134765625
613.19140625
612.0771484375
611.419921875
611.37939453125
611.99951171875
612.939453125
613.7568359375
614.1103515625
613.9697265625
613.57470703125
613.3779296875
613.7509765625
614.89404296875
616.81396484375
618.990234375
620.92578125
621.6865234375
620.82421875
618.095703125
614.15234375
610.1181640625
606.9814453125
605.1572265625
604.40625
604.259765625
604.115234375
603.80126953125
603.17919921875
602.7021484375
602.38623046875
602.46337890625
602.55517578125
602.69873046875
602.55126953125
602.35400390625
601.962890625
601.7998046875
601.68359375
601.97607421875
602.298828125
602.8681640625
603.2724609375
603.63330078125
603.64013671875
603.37060546875
602.46044921875
601.16845703125
599.3779296875
597.81982421875
596.48486328125
595.94970703125
595.8408203125
596.3037109375
596.80859375
597.53662109375
598.2421875
599.208984375
600.31005859375
601.6669921875
602.94921875
603.89404296875
603.89208984375
602.83544921875
600.95361328125
599.11767578125
598.099609375
598.3212890625
599.609375
601.1875
601.87939453125
600.9677734375
599.19970703125
598.1181640625
598.392578125
598.9501953125
598.37646484375
596.11767578125
593.2578125
591.373046875
591.091796875
591.7666015625
592.39794921875
592.51416015625
592.44580078125
592.41064453125
592.55712890625
592.47314453125
592.404296875
592.38671875
593.162109375
594.4765625
596.33251953125
597.98193359375
599.12890625
599.5048828125
599.189453125
598.4892578125
597.80078125
597.3369140625
597.28759765625
597.44677734375
597.31201171875
596.38818359375
594.560546875
592.13232421875
590.51123046875
589.98193359375
590.70458984375
591.6220703125
591.89794921875
591.296875
590.32666015625
589.82421875
590.10791015625
591.12841796875
592.1044921875
592.3916015625
591.79052734375
590.49169921875
589.0908203125
588.03515625
587.62646484375
587.80029296875
588.53515625
589.55517578125
590.57763671875
590.95068359375
590.43212890625
589.05126953125
587.64794921875
586.78466796875
586.68310546875
586.89892578125
586.95751953125
586.40478515625
585.3486328125
583.986328125
582.92626953125
582.2470703125
582.14501953125
582.05078125
581.94873046875
581.32958984375
580.71728515625
580.0205078125
579.9169921875
580.16259765625
581.0498046875
582.26953125
583.6708984375
584.65380859375
584.7255859375
583.63427734375
581.6396484375
579.43701171875
577.66650390625
576.63720703125
576.18310546875
575.92041015625
575.568359375
575.09326171875
574.8134765625
575.20751953125
576.333984375
578.115234375
579.3291015625
579.75048828125
578.51513671875
576.70654296875
574.7724609375
574.05517578125
574.43359375
575.9033203125
577.29833984375
578.05126953125
577.5625
576.14453125
574.67236328125
574.08056640625
574.92822265625
576.71337890625
578.9189453125
580.58837890625
581.69775390625
582.11572265625
582.4169921875
582.59765625
582.66552734375
582.05712890625
580.64501953125
578.3515625
576.02587890625
574.27880859375
573.93359375
574.95068359375
576.77685546875
578.3740234375
578.65478515625
577.10302734375
573.96728515625
570.234375
567.044921875
565.1005859375
564.5166015625
564.87158203125
565.65234375
566.201171875
566.48583984375
566.5087890625
566.99462890625
568.28564453125
570.50830078125
572.865234375
573.4931640625
571.443359375
568.0009765625
566.47705078125
568.55224609375
572.14208984375
574.408203125
573.72802734375
572.111328125
571.490234375
572.28857421875
572.31640625
570.80126953125
568.451171875
567.4580078125
568.0908203125
569.40625
570.08154296875
569.9326171875
569.5
569.00341796875
568.412109375
567.49462890625
566.603515625
566.04541015625
565.99658203125
566.08251953125
566.318359375
566.7431640625
567.69189453125
568.72314453125
569.5380859375
569.7880859375
569.8759765625
570.404296875
571.7607421875
573.99169921875
576.02099609375
577.09375
575.8515625
573.0185546875
569.5908203125
567.03515625
565.470703125
564.41455078125
563.1552734375
561.634765625
560.341796875
559.9599609375
560.49462890625
561.44677734375
562.17822265625
562.5205078125
562.802734375
563.19091796875
563.60693359375
563.5205078125
562.77099609375
561.5546875
560.60791015625
560.19384765625
560.33349609375
560.24072265625
559.56298828125
558.09033203125
556.337890625
554.79345703125
553.81396484375
553.47119140625
553.41650390625
553.54833984375
553.5322265625
553.60986328125
553.73974609375
554.26220703125
555.21044921875
556.5927734375
558.26904296875
559.708984375
560.72509765625
560.59423828125
559.58984375
557.4833984375
555.1533203125
553.0078125
551.9072265625
551.986328125
553.0869140625
554.21533203125
554.68310546875
553.69921875
551.818359375
549.49853515625
548.15771484375
547.87548828125
548.921875
550.32763671875
551.7705078125
552.6591796875
553.1796875
553.35498046875
553.5009765625
553.7939453125
554.4375
555.41796875
556.599609375
557.6142578125
558.29638671875
558.4658203125
558.25
557.60986328125
556.49853515625
554.7783203125
552.57177734375
550.31298828125
548.5869140625
547.78466796875
547.93994140625
548.83740234375
549.7958984375
550.75390625
551.1044921875
551.27294921875
550.955078125
550.607421875
549.8916015625
549.26171875
548.45849609375
548.1875
