7368.43896484375
7363.666015625
7359.32373046875
7355.3623046875
7351.73681640625
7348.41015625
7345.333984375
7342.45703125
7339.73291015625
7337.13916015625
7334.64208984375
7332.2314453125
7329.89990234375
7327.64111328125
7325.46044921875
7323.34814453125
7321.3115234375
7319.337890625
7317.4365234375
7315.595703125
7313.81103515625
7312.0751953125
7310.3857421875
7308.740234375
7307.13623046875
7305.5703125
7304.04638671875
7302.5634765625
7301.1181640625
7299.71142578125
7298.3427734375
7297.01220703125
7295.7158203125
7294.45458984375
7293.2236328125
7292.025390625
7290.85693359375
7289.71923828125
7288.60791015625
7287.5263671875
7286.4736328125
7285.4462890625
7284.4482421875
7283.47265625
7282.52099609375
7281.5927734375
7280.68701171875
7279.80419921875
7278.9423828125
7278.10009765625
7277.2783203125
7276.47607421875
7275.69140625
7274.92724609375
7274.18310546875
7273.4541015625
7272.744140625
7272.046875
7271.369140625
7270.70556640625
7270.056640625
7269.421875
7268.8017578125
7268.19580078125
7267.6025390625
7267.0234375
7266.45458984375
7265.9013671875
7265.359375
7264.83154296875
7264.3134765625
7263.8046875
7263.30712890625
7262.82080078125
7262.34228515625
7261.8759765625
7261.41796875
7260.970703125
7260.533203125
7260.10498046875
7259.685546875
7259.2734375
7258.87158203125
7258.4794921875
7258.0908203125
7257.712890625
7257.3427734375
7256.9775390625
7256.62158203125
7256.2734375
7255.93115234375
7255.5966796875
7255.2685546875
7254.9462890625
7254.630859375
7254.322265625
7254.017578125
7253.720703125
7253.4287109375
7253.1416015625
7252.86083984375
7252.58447265625
7252.3154296875
7252.05078125
7251.7919921875
7251.5361328125
7251.28759765625
7251.0419921875
7250.802734375
7250.56591796875
7250.3359375
7250.10791015625
7249.884765625
7249.666015625
7249.45068359375
7249.24072265625
7249.0341796875
7248.8310546875
7248.63134765625
7248.4365234375
7248.2451171875
7248.056640625
7247.8720703125
7247.69091796875
7247.51171875
7247.33642578125
7247.16455078125
7246.994140625
7246.830078125
7246.66748046875
7246.50732421875
7246.3515625
7246.1962890625
7246.0439453125
7245.89599609375
7245.74853515625
7245.607421875
7245.46337890625
7245.32470703125
7245.1884765625
7245.05615234375
7244.9208984375
7244.79150390625
7244.66552734375
7244.5390625
7244.416015625
7244.2958984375
7244.1787109375
7244.0615234375
7243.94775390625
7243.83544921875
7243.72412109375
7243.61474609375
7243.50341796875
7243.3974609375
7243.2919921875
7243.189453125
7243.08935546875
7242.98828125
7242.890625
7242.79248046875
7242.6982421875
7242.60498046875
7242.51318359375
7242.42236328125
7242.33203125
7242.24365234375
7242.154296875
7242.0712890625
7241.98681640625
7241.9033203125
7241.8203125
7241.740234375
7241.66259765625
7241.58251953125
7241.5048828125
7241.4306640625
7241.35498046875
7241.28173828125
7241.208984375
7241.13720703125
7241.0673828125
7240.9970703125
7240.92724609375
7240.8583984375
7240.79052734375
7240.72314453125
7240.65869140625
7240.59375
7240.52978515625
7240.4658203125
7240.40380859375
7240.341796875
7240.28125
7240.22021484375
7240.16015625
7240.1015625
7240.0439453125
7239.98828125
7239.93115234375
431091.71875
4413132.5
51229.671875
49347.36328125
82443.6796875
166966.953125
51113.078125
42151.7890625
40682.06640625
39487.45703125
37895.0625
36247.6484375
34833.46484375
33547.46875
32362.80078125
30940.33984375
29347.73046875
27845.19921875
26601.671875
25559.125
24590.52734375
23634.392578125
22705.33984375
21842.43359375
21052.646484375
20299.2890625
19543.94140625
18792.50390625
18071.650390625
17403.578125
16785.037109375
16199.501953125
15641.158203125
15113.759765625
14616.7373046875
14140.556640625
13678.310546875
13234.0390625
12818.0390625
12427.7578125
12044.822265625
11664.38671875
11355.9482421875
10975.9970703125
10684.560546875
10398.47265625
10122.869140625
9873.3681640625
9621.6181640625
9390.50390625
9161.3955078125
8944.755859375
8769.263671875
8584.9306640625
8415.587890625
8251.529296875
8149.158203125
7985.0498046875
7901.34228515625
7815.9482421875
7703.0517578125
7568.72265625
7606.748046875
7382.4384765625
7391.90625
7418.8515625
7439.734375
7431.3623046875
7374.46875
7264.75927734375
7111.244140625
6931.09814453125
6741.80419921875
6555.892578125
6382.1689453125
6225.37060546875
6087.9208984375
5970.37548828125
5871.2578125
5789.18212890625
5722.4150390625
5667.6337890625
5619.5458984375
5572.47509765625
5522.30126953125
5466.197265625
5403.1689453125
5334.9912109375
5265.29345703125
5197.64697265625
5134.3544921875
5075.9814453125
5021.953125
4970.91943359375
4921.78515625
4874.26708984375
4828.4892578125
4784.3349609375
4741.6357421875
4700.15087890625
4659.2548828125
4618.0498046875
4576.0986328125
4533.6865234375
4491.52783203125
4450.376953125
4410.80517578125
4373.03662109375
4336.91845703125
4302.25
4268.826171875
4236.388671875
4204.79736328125
4173.91796875
4143.63525390625
4113.74365234375
4084.128662109375
4054.866455078125
4026.07177734375
3997.778076171875
3970.00830078125
3942.73828125
3915.942626953125
3889.654541015625
3863.899658203125
3838.597412109375
3813.6083984375
3788.80712890625
3764.16796875
3739.6279296875
3715.177734375
3690.83984375
3666.572265625
3642.34619140625
3618.09033203125
3593.73583984375
3569.275390625
3544.669921875
3519.9130859375
3495.029296875
3470.0546875
3445.09521484375
3420.318359375
3395.93017578125
3372.1748046875
3349.2470703125
3327.28564453125
3306.35205078125
3286.40283203125
3267.31201171875
3248.94140625
3231.13720703125
3213.798828125
3196.791015625
3180.091796875
3163.69287109375
3147.56689453125
3131.6923828125
3116.0498046875
3100.60107421875
3085.2978515625
3070.1396484375
3055.11083984375
3040.25830078125
3025.6103515625
3011.193359375
2997.01708984375
2983.08837890625
2969.3994140625
2955.9296875
2942.6513671875
2929.52783203125
2916.53369140625
2903.65234375
2890.88671875
2878.23388671875
2865.72998046875
2853.388671875
2841.21923828125
2829.24267578125
2817.4453125
2805.8359375
2794.39013671875
2783.1572265625
2772.1650390625
2761.3505859375
2750.33740234375
2738.9873046875
2727.8671875
2717.4111328125
2707.2177734375
2696.7646484375
2686.23779296875
2676.17919921875
2666.4716796875
2656.65869140625
2646.75390625
2637.162109375
2627.8779296875
2618.57275390625
2609.20654296875
2600.0576171875
2591.1611328125
2582.30126953125
2573.42626953125
2564.703125
2556.19677734375
2547.77978515625
2539.3916015625
2531.0830078125
2522.8603515625
2514.67138671875
2506.54248046875
2498.583984375
2490.76513671875
2482.97509765625
2475.1923828125
2467.517578125
2459.9697265625
2452.46923828125
2445.01123046875
2437.63134765625
2430.3544921875
2423.1162109375
2415.916015625
2408.806640625
2401.76904296875
2394.77197265625
2387.80126953125
2380.91015625
2374.0947265625
2367.32763671875
2360.59326171875
2353.900390625
2347.2880859375
2340.73095703125
2334.22509765625
2327.7861328125
2321.4140625
2315.095703125
2308.83203125
2302.63720703125
2296.50830078125
2290.443359375
2284.44140625
2278.49755859375
2272.603515625
2266.76171875
2260.990234375
2255.2529296875
2249.578125
2243.96630859375
2238.4404296875
2233.02490234375
2227.734375
2222.45654296875
2216.87255859375
2210.93603515625
2205.13916015625
2199.88134765625
2194.7919921875
2189.36572265625
2183.7626953125
2178.478515625
2173.4267578125
2168.1279296875
2162.62060546875
2157.39599609375
2152.4609375
2147.41552734375
2142.15869140625
2137.03173828125
2132.1279296875
2127.15576171875
2122.0078125
2116.85107421875
2111.767578125
2106.64013671875
2101.4404296875
2096.322265625
2091.37548828125
2086.5224609375
2081.75146484375
2077.20947265625
2073.00390625
2068.86962890625
2064.18310546875
2059.27880859375
2055.3359375
2051.96337890625
2047.97607421875
2043.6708984375
2039.6083984375
2035.18408203125
2030.57080078125
2026.58203125
2022.7373046875
2018.7060546875
2015.02392578125
2011.30712890625
2007.08349609375
2003.02734375
1999.5810546875
1996.66748046875
1994.2568359375
1990.53759765625
1985.26806640625
1981.50439453125
1978.6826171875
1974.3603515625
1970.63623046875
1967.67578125
1963.34765625
1959.97412109375
1956.7626953125
1952.94287109375
1949.68408203125
1946.22216796875
1942.44287109375
1939.37109375
1935.86962890625
1932.505859375
1929.259765625
1925.71533203125
1922.47998046875
1919.18505859375
1915.794921875
1912.734375
1909.51953125
1906.30419921875
1903.08154296875
1899.5615234375
1896.10595703125
1892.66943359375
1889.29443359375
1886.01416015625
1882.64306640625
1879.216796875
1875.84521484375
1872.33642578125
1868.771484375
1865.1005859375
1861.46728515625
1857.9853515625
1854.50048828125
1850.966796875
1847.49560546875
1844.11376953125
1840.85205078125
1837.62158203125
1834.3447265625
1831.091796875
1827.83984375
1824.59375
1821.40185546875
1818.27490234375
1815.1748046875
1812.02294921875
1808.7666015625
1805.53466796875
1802.43212890625
1799.431640625
1796.4482421875
1793.4521484375
1790.42138671875
1787.1435546875
1783.44287109375
1779.796875
1776.7470703125
1774.25830078125
1771.1416015625
1767.67724609375
1764.740234375
1762.58447265625
1760.5908203125
1757.52734375
1753.24267578125
1748.06982421875
1743.70654296875
1741.1220703125
1739.42626953125
1736.9501953125
1733.11328125
1729.28955078125
1726.453125
1724.01220703125
1720.8056640625
1716.86328125
1713.16455078125
1710.37353515625
1707.4951171875
1703.7744140625
1699.890625
1696.68359375
1693.95458984375
1690.53076171875
1685.984375
1680.87890625
1675.81396484375
1670.91357421875
1666.1337890625
1661.48876953125
1656.7431640625
1651.7900390625
1647.76806640625
1649.974609375
1674.43115234375
1681.68701171875
1638.28857421875
1643.67138671875
1643.53515625
1621.7900390625
1635.39306640625
1614.59423828125
1623.9072265625
1610.4990234375
1610.6591796875
1606.18017578125
1600.32763671875
1601.458984375
1592.92578125
1595.66357421875
1586.46728515625
1587.146484375
1578.29150390625
1576.35546875
1570.9404296875
1568.734375
1566.783203125
1562.77099609375
1561.7158203125
1556.21728515625
1554.89306640625
1550.38720703125
1549.044921875
1546.4228515625
1544.4287109375
1541.82275390625
1537.853515625
1534.84619140625
1531.49267578125
1530.11572265625
1527.736328125
1525.27001953125
1522.2255859375
1519.51025390625
1517.580078125
1515.09765625
1512.56640625
1509.80908203125
1507.56640625
1505.4970703125
1503.21875
1500.9892578125
1498.77197265625
1496.7158203125
1494.3671875
1491.900390625
1489.47607421875
1487.15625
1484.8876953125
1482.6708984375
1480.53857421875
1478.71240234375
1476.9677734375
1475.359375
1473.72216796875
1471.93798828125
1469.76611328125
1467.0673828125
1464.42919921875
1462.412109375
1460.9423828125
1459.34130859375
1456.88720703125
1453.91015625
1451.07080078125
1448.7568359375
1446.88232421875
1445.11279296875
1443.35009765625
1441.65576171875
1440.37939453125
1439.37109375
1438.54150390625
1436.78515625
1434.859375
1433.98779296875
1435.3974609375
1437.4052734375
1437.75390625
1433.8525390625
1427.1396484375
1421.353515625
1418.07763671875
1416.83544921875
1416.69677734375
1418.27197265625
1420.3564453125
1417.08544921875
1406.884765625
1401.13037109375
1403.77587890625
1403.4833984375
1397.4765625
1394.7919921875
1395.37158203125
1394.4365234375
1393.02490234375
1388.8408203125
1385.7265625
1383.8828125
1378.43017578125
1375.61962890625
1373.234375
1369.6376953125
1368.2353515625
1364.4794921875
1362.23388671875
1360.359375
1357.58251953125
1356.22705078125
1353.7314453125
1351.3447265625
1348.37109375
1346.1572265625
1344.16796875
1342.078125
1341.5029296875
1340.08251953125
1339.07177734375
1337.986328125
1336.1904296875
1334.69189453125
1332.7509765625
1329.39501953125
1324.978515625
1322.34619140625
1321.03125
1318.74072265625
1315.58447265625
1313.3544921875
1312.90966796875
1311.85595703125
1309.44873046875
1306.9326171875
1305.16015625
1302.86328125
1299.7158203125
1297.6640625
1296.4794921875
1294.98583984375
1293.02880859375
1291.21435546875
1290.1103515625
1289.17138671875
1288.533203125
1289.10302734375
1290.90625
1290.02294921875
1284.4306640625
1278.37451171875
1278.0029296875
1279.1591796875
1275.7744140625
1271.7646484375
1272.05810546875
1271.3896484375
1268.177734375
1267.19677734375
1268.69921875
1267.5859375
1264.72998046875
1264.81005859375
1263.8486328125
1259.681640625
1256.396484375
1255.41552734375
1255.5390625
1254.98583984375
1252.6865234375
1248.685546875
1246.3173828125
1246.849609375
1247.06640625
1245.35302734375
1243.259765625
1242.28857421875
1241.740234375
1241.17919921875
1240.482421875
1239.57177734375
1237.76318359375
1234.05517578125
1229.5244140625
1226.0888671875
1225.23974609375
1226.4990234375
1228.00732421875
1228.64599609375
1226.0400390625
1223.0791015625
1219.55908203125
1218.84130859375
1219.29052734375
1218.86474609375
1217.71826171875
1214.384765625
1213.080078125
1210.1083984375
1208.39892578125
1206.94775390625
1203.98486328125
1201.380859375
1198.083984375
1196.1533203125
1195.2841796875
1194.677734375
1193.74853515625
1190.56787109375
1187.22900390625
1184.4326171875
1182.7705078125
1181.98046875
1180.7138671875
1179.90185546875
1179.220703125
1179.26708984375
1178.5927734375
1176.52099609375
1173.1826171875
1170.087890625
1168.505859375
1168.0361328125
1167.9228515625
1167.05517578125
1165.123046875
1162.82373046875
1160.74267578125
1159.21484375
1157.443359375
1155.4384765625
1152.76953125
1150.3681640625
1148.61328125
1147.16796875
1145.6474609375
1143.8779296875
1142.3603515625
1141.34521484375
1140.87841796875
1140.4052734375
1139.40869140625
1137.84765625
1136.0009765625
1134.50537109375
1133.5927734375
1133.19921875
1132.9833984375
1132.41015625
1130.9580078125
1128.62109375
1126.0
1123.953125
1122.71044921875
1121.93212890625
1121.08251953125
1120.08740234375
1119.2890625
1118.7060546875
1117.857421875
1116.07275390625
1113.92822265625
1112.47021484375
1112.67822265625
1114.2001953125
1115.3076171875
1114.4892578125
1110.45703125
1105.33349609375
1101.56103515625
1100.0576171875
1099.3369140625
1098.2021484375
1097.09912109375
1097.05224609375
1097.5400390625
1096.56103515625
1093.14501953125
1088.755859375
1085.6220703125
1084.58935546875
1084.44140625
1083.5517578125
1081.4873046875
1079.38330078125
1078.205078125
1078.19921875
1078.2060546875
1078.10107421875
1077.51708984375
1077.2900390625
1076.51513671875
1076.06689453125
1075.9072265625
1076.3447265625
1075.76904296875
1073.7666015625
1070.98095703125
1068.990234375
1067.83544921875
1066.27392578125
1063.10888671875
1059.05322265625
1055.3359375
1053.98095703125
1054.3125
1055.6943359375
1055.666015625
1054.34619140625
1051.88623046875
1049.47119140625
1047.306640625
1045.7705078125
1044.8974609375
1044.4501953125
1043.6171875
1041.8720703125
1039.33349609375
1037.0869140625
1035.70361328125
1035.76708984375
1035.79833984375
1036.1572265625
1035.13623046875
1034.15625
1032.99658203125
1030.92236328125
1027.87451171875
1023.81494140625
1021.369140625
1021.03564453125
1021.14208984375
1020.0986328125
1018.40380859375
1017.5830078125
1018.39111328125
1018.107421875
1016.23974609375
1013.17333984375
1011.15234375
1010.10107421875
1009.32666015625
1008.525390625
1008.53955078125
1009.27490234375
1010.404296875
1011.0986328125
1011.78369140625
1011.95849609375
1010.37353515625
1006.8271484375
1002.8984375
1001.26220703125
1002.79150390625
1006.48583984375
1010.1796875
1012.5849609375
1013.19384765625
1013.4013671875
1014.5576171875
1017.7705078125
1021.6708984375
1024.3173828125
1022.78564453125
1016.3798828125
1005.98681640625
995.7890625
989.091796875
987.3408203125
988.046875
988.5439453125
986.86376953125
983.8076171875
980.662109375
978.4892578125
976.9130859375
975.7353515625
974.68310546875
974.13720703125
973.6357421875
973.3076171875
972.91650390625
973.23828125
973.767578125
974.189453125
973.38330078125
972.3583984375
972.205078125
973.8388671875
975.95263671875
976.58642578125
974.79638671875
971.203125
967.85791015625
966.50390625
966.52978515625
967.27197265625
967.205078125
966.6474609375
965.0498046875
963.34375
961.2548828125
959.138671875
956.88671875
955.3203125
954.7109375
954.990234375
955.88623046875
956.57666015625
956.326171875
954.2626953125
951.23095703125
948.6240234375
947.14013671875
946.107421875
944.4443359375
941.87548828125
939.38818359375
938.169921875
938.33544921875
939.08251953125
939.38818359375
938.96435546875
938.02783203125
936.92041015625
935.7080078125
934.08251953125
932.37841796875
930.5517578125
929.19189453125
928.00341796875
927.34130859375
927.38525390625
928.52783203125
929.76953125
930.07666015625
930.8037109375
932.552734375
932.9609375
932.0986328125
933.00537109375
935.12109375
936.29296875
936.7861328125
936.9697265625
934.12255859375
929.7841796875
925.7783203125
923.06494140625
922.8408203125
923.732421875
923.50439453125
922.234375
920.9990234375
919.71044921875
918.61181640625
917.89697265625
918.7548828125
922.90625
930.7978515625
939.470703125
945.60888671875
946.66162109375
942.23486328125
935.24951171875
928.67041015625
925.146484375
921.3828125
917.0361328125
914.5732421875
916.3603515625
919.27392578125
918.9375
913.1298828125
906.08642578125
903.93505859375
906.89990234375
909.69970703125
909.42041015625
907.32275390625
905.89990234375
904.2548828125
899.62939453125
893.5498046875
890.5498046875
892.43212890625
895.93359375
896.787109375
893.98388671875
890.47900390625
887.98779296875
886.68017578125
884.96923828125
883.03369140625
881.1845703125
880.0927734375
879.68603515625
879.25732421875
878.6005859375
876.69384765625
874.751953125
872.666015625
871.60888671875
871.5595703125
872.341796875
873.5615234375
874.98291015625
876.7392578125
878.3427734375
878.68212890625
877.0537109375
874.31884765625
872.099609375
871.31298828125
871.21484375
871.17529296875
870.7041015625
870.630859375
871.1376953125
872.22216796875
872.52783203125
871.8232421875
869.82958984375
867.57373046875
865.73828125
864.6826171875
864.23291015625
863.77490234375
863.34326171875
862.9970703125
863.048828125
863.3408203125
863.4541015625
862.90380859375
861.6865234375
860.2314453125
859.54248046875
859.74755859375
860.89306640625
861.404296875
860.67236328125
858.515625
855.92578125
854.18017578125
853.64306640625
854.16845703125
854.423828125
853.27734375
850.318359375
846.51123046875
843.45703125
841.70703125
841.09716796875
840.63525390625
840.23193359375
839.34521484375
839.12255859375
839.1298828125
840.31103515625
841.685546875
843.3740234375
844.23291015625
843.60791015625
841.2060546875
837.42333984375
833.64111328125
830.85888671875
829.8876953125
829.99658203125
830.7822265625
831.30810546875
831.3515625
831.2255859375
831.08544921875
832.115234375
832.98193359375
834.4345703125
834.28955078125
833.99609375
833.66796875
833.4287109375
832.8310546875
831.81640625
830.93798828125
830.068359375
828.3212890625
825.3603515625
822.85009765625
822.62548828125
824.705078125
804.0078125
808.3359375
814.52783203125
798.67041015625
809.9521484375
804.1806640625
799.2255859375
806.4619140625
798.11572265625
800.08203125
801.04345703125
795.91748046875
798.91796875
796.7578125
795.03759765625
796.5244140625
794.0947265625
793.978515625
794.05322265625
792.345703125
792.568359375
791.91162109375
790.95703125
790.9794921875
790.1435546875
789.64794921875
789.3544921875
788.66357421875
788.30322265625
787.84326171875
787.3349609375
786.9287109375
786.47705078125
786.0341796875
785.58837890625
785.18701171875
784.73681640625
784.31640625
783.921875
783.46875
783.07763671875
782.671875
782.2373046875
781.8505859375
781.4384765625
781.033203125
780.6484375
780.2421875
779.84228515625
779.45361328125
779.04931640625
778.662109375
778.2724609375
777.8720703125
777.4912109375
777.1005859375
776.7119140625
776.33203125
775.94287109375
775.56005859375
775.17919921875
774.79052734375
774.408203125
774.02197265625
773.64208984375
773.265625
772.880859375
772.5048828125
772.12890625
771.7470703125
771.37060546875
770.9951171875
770.61962890625
770.24755859375
769.87158203125
769.4990234375
769.126953125
768.75390625
768.37744140625
768.00439453125
767.6328125
767.26220703125
766.88525390625
766.51318359375
766.14013671875
765.77099609375
765.40478515625
765.03466796875
764.66796875
764.30078125
763.93115234375
763.5625
763.1962890625
762.82666015625
762.46044921875
762.09521484375
761.7333984375
761.36669921875
761.001953125
760.63623046875
760.275390625
759.912109375
759.54736328125
759.185546875
758.82763671875
758.46728515625
758.10546875
757.7451171875
757.38330078125
757.02392578125
756.66259765625
756.3056640625
755.9501953125
755.59228515625
755.234375
754.87939453125
754.52099609375
754.16748046875
753.810546875
753.455078125
753.1025390625
752.7421875
752.3876953125
752.0390625
751.685546875
751.3369140625
750.986328125
750.6328125
750.28125
749.9287109375
749.580078125
749.2275390625
748.87353515625
748.52294921875
748.173828125
747.82421875
747.47265625
747.1201171875
746.765625
746.4140625
746.0634765625
745.70751953125
745.35546875
745.0009765625
744.642578125
744.2861328125
743.9306640625
743.57470703125
743.216796875
742.86279296875
742.5078125
742.14794921875
741.78662109375
741.42333984375
741.0615234375
740.7001953125
740.33447265625
739.9658203125
739.5966796875
739.22705078125
738.85498046875
738.47705078125
738.09814453125
737.716796875
737.3349609375
736.951171875
736.5625
736.1689453125
735.7685546875
735.37353515625
734.966796875
734.55908203125
734.14599609375
733.72265625
733.29736328125
732.8671875
732.42919921875
731.982421875
731.52783203125
731.064453125
730.58447265625
730.09912109375
729.5986328125
729.08447265625
728.5576171875
728.013671875
727.45068359375
726.8701171875
726.279296875
725.67041015625
725.05078125
724.41845703125
723.77294921875
723.123046875
722.4775390625
721.83154296875
721.193359375
720.5556640625
719.92919921875
719.3271484375
718.74072265625
718.1748046875
717.62353515625
717.09619140625
716.59423828125
716.109375
715.64501953125
715.201171875
714.77685546875
714.36279296875
713.966796875
713.5771484375
713.19677734375
712.8349609375
712.4716796875
712.11767578125
711.7705078125
711.42529296875
711.08544921875
710.74609375
710.41259765625
710.0810546875
709.7490234375
709.4228515625
709.09228515625
708.767578125
708.44091796875
708.119140625
707.7958984375
707.4755859375
707.1552734375
706.83740234375
706.517578125
706.201171875
705.89306640625
705.57666015625
705.263671875
704.94921875
704.642578125
704.33154296875
704.0224609375
703.71630859375
703.41259765625
703.1025390625
702.80029296875
702.49560546875
702.19384765625
701.88818359375
701.58935546875
701.2900390625
700.98828125
700.6904296875
700.38720703125
700.0859375
699.78662109375
699.48681640625
699.18603515625
698.88671875
698.583984375
698.287109375
697.98974609375
697.69580078125
697.39697265625
697.1005859375
696.79931640625
696.50439453125
696.2119140625
695.9169921875
695.62255859375
695.33056640625
695.03271484375
694.7373046875
694.4423828125
694.15234375
693.8564453125
693.55908203125
693.2626953125
692.97119140625
692.681640625
692.3857421875
692.0927734375
691.798828125
691.5
691.20751953125
690.91943359375
690.62890625
690.3349609375
690.037109375
689.744140625
689.44970703125
689.15478515625
688.865234375
688.57568359375
688.27978515625
687.98828125
687.68994140625
687.39794921875
687.1044921875
686.81298828125
686.5224609375
686.2314453125
685.9384765625
685.64453125
685.3544921875
685.0595703125
684.76904296875
684.47900390625
684.18505859375
683.89453125
683.6005859375
683.3037109375
683.01025390625
682.7177734375
682.4228515625
682.13623046875
681.84619140625
681.548828125
681.25634765625
680.96337890625
680.67138671875
680.37890625
680.08447265625
679.7900390625
679.50244140625
679.2119140625
678.92041015625
678.62451171875
678.330078125
678.03857421875
677.74072265625
677.44677734375
677.15185546875
676.85302734375
676.560546875
676.265625
675.9716796875
675.67724609375
675.3779296875
675.083984375
674.7890625
674.4921875
674.19775390625
673.8994140625
673.603515625
673.30859375
673.0146484375
672.71875
672.4267578125
672.15283203125
671.89990234375
671.70166015625
671.62890625
671.7802734375
672.38720703125
673.4599609375
674.97998046875
675.8544921875
675.0478515625
672.50634765625
669.79736328125
668.71875
669.4765625
670.61376953125
670.44677734375
668.80322265625
667.24853515625
666.98095703125
667.5478515625
667.73681640625
666.9775390625
665.84765625
665.25048828125
665.34765625
665.52099609375
665.17822265625
664.44775390625
663.91357421875
663.8720703125
664.033203125
663.9482421875
663.49169921875
662.83349609375
662.2490234375
661.8173828125
661.4873046875
661.18408203125
660.88427734375
660.6044921875
660.31201171875
659.9609375
659.56640625
659.1943359375
658.88623046875
658.62890625
658.36767578125
658.07763671875
657.7578125
657.4638671875
657.2138671875
657.04296875
656.89794921875
656.75146484375
656.48388671875
656.09765625
655.56591796875
655.03466796875
654.6083984375
654.3349609375
654.1552734375
653.94287109375
653.63427734375
653.232421875
652.82763671875
652.48291015625
652.2109375
651.96630859375
651.68701171875
651.369140625
651.013671875
650.67724609375
650.37744140625
650.10009765625
649.82861328125
649.53271484375
649.23291015625
648.93310546875
648.6630859375
648.42529296875
648.21728515625
648.02392578125
647.85205078125
647.7119140625
647.6123046875
647.55712890625
647.5400390625
647.52392578125
647.443359375
647.2158203125
646.759765625
646.11279296875
645.34814453125
644.62939453125
644.06494140625
643.71240234375
643.58203125
643.63037109375
643.8134765625
644.033203125
644.21044921875
644.07275390625
643.5166015625
642.46923828125
641.404296875
640.78173828125
640.7294921875
640.9482421875
641.01806640625
640.865234375
640.63671875
640.61767578125
640.75341796875
641.0263671875
641.43896484375
642.3271484375
643.60107421875
645.03759765625
645.4716796875
644.484375
642.21630859375
639.611328125
637.828125
637.39453125
637.814453125
638.0771484375
637.61865234375
636.6904296875
635.98388671875
635.6787109375
635.5673828125
635.18505859375
634.5283203125
634.0068359375
634.060546875
634.7490234375
635.58544921875
635.9658203125
635.484375
634.275390625
632.95361328125
632.185546875
632.04052734375
632.369140625
632.59716796875
632.9384765625
632.765625
632.5341796875
631.98486328125
631.86376953125
632.27978515625
633.3271484375
634.0791015625
634.560546875
634.26904296875
634.611328125
635.5576171875
637.3388671875
639.08837890625
640.041015625
640.1162109375
639.2431640625
638.41455078125
637.35546875
636.2099609375
635.19580078125
634.125
633.3857421875
632.65966796875
631.97900390625
630.97216796875
630.12109375
629.63427734375
629.890625
630.75927734375
631.8056640625
632.66015625
632.66064453125
632.89453125
632.0849609375
632.57763671875
631.78759765625
632.00634765625
632.013671875
632.71826171875
634.01416015625
636.0458984375
638.48388671875
640.13134765625
640.01904296875
637.474609375
633.88037109375
631.201171875
630.39599609375
630.826171875
630.97412109375
630.1103515625
628.33203125
626.64453125
625.8359375
625.92919921875
626.14990234375
625.6982421875
624.525390625
623.169921875
622.41357421875
622.390625
622.77392578125
622.86279296875
622.6572265625
622.20703125
622.349609375
622.86669921875
623.8896484375
624.8623046875
625.638671875
626.36083984375
626.59228515625
626.50830078125
625.85205078125
625.13037109375
624.7919921875
625.607421875
627.97412109375
631.5029296875
634.60888671875
635.6630859375
633.73583984375
630.42822265625
627.55322265625
626.51611328125
626.962890625
627.36328125
626.046875
622.6181640625
618.5234375
615.56591796875
614.80419921875
615.48193359375
616.4296875
616.29833984375
615.13525390625
613.47705078125
612.1865234375
611.46875
611.10205078125
610.865234375
610.74951171875
610.8701171875
611.15234375
611.28466796875
610.85546875
609.80810546875
608.7861328125
608.306640625
609.0478515625
610.1455078125
611.60888671875
611.97216796875
611.53125
609.75830078125
607.50390625
605.720703125
605.16455078125
606.1083984375
607.39208984375
608.359375
607.76416015625
606.33203125
604.2333984375
602.83837890625
602.19873046875
602.52783203125
603.21923828125
603.9599609375
604.31298828125
604.30078125
603.9453125
603.525390625
603.28271484375
603.38037109375
604.10888671875
605.17041015625
606.3623046875
606.95556640625
606.70654296875
605.89599609375
604.3505859375
603.009765625
602.22314453125
602.52197265625
603.5546875
604.76806640625
605.37158203125
605.1796875
604.2265625
602.89306640625
601.62060546875
600.75439453125
600.74755859375
601.3564453125
602.57275390625
603.4599609375
603.99169921875
603.6376953125
602.86376953125
601.8623046875
600.95556640625
600.326171875
600.16943359375
600.57373046875
601.64208984375
603.1650390625
604.9599609375
606.447265625
607.5341796875
607.88671875
607.84619140625
607.05322265625
605.6669921875
603.4365234375
600.81103515625
598.17138671875
596.1865234375
594.9775390625
594.49755859375
594.19677734375
593.6669921875
592.67578125
591.4912109375
590.513671875
590.1494140625
590.3359375
590.80908203125
591.22705078125
591.39990234375
591.4267578125
591.45263671875
591.56103515625
591.8125
591.95458984375
592.02001953125
591.72216796875
591.36669921875
590.80322265625
590.53125
590.1416015625
590.0185546875
589.7294921875
589.79443359375
589.92724609375
590.560546875
591.2978515625
592.44189453125
593.55029296875
594.73291015625
595.38330078125
595.4248046875
594.4541015625
592.7421875
590.49365234375
588.23486328125
586.453125
585.47265625
585.32861328125
585.7646484375
586.56396484375
587.56591796875
588.37939453125
588.46630859375
587.2607421875
585.74462890625
585.36865234375
586.7734375
588.86181640625
590.53662109375
590.97021484375
591.16162109375
591.0166015625
590.97802734375
589.47705078125
587.5205078125
585.16357421875
584.08251953125
584.1220703125
585.12060546875
586.201171875
587.080078125
587.32958984375
587.08447265625
586.119140625
584.7763671875
583.44775390625
582.638671875
582.6611328125
583.3017578125
584.2373046875
584.763671875
584.59814453125
583.6806640625
582.56494140625
581.6171875
580.931640625
580.43115234375
579.943359375
579.74560546875
579.51318359375
579.7861328125
579.84228515625
580.50244140625
580.68798828125
580.76318359375
579.80126953125
578.25537109375
576.3330078125
574.57421875
573.2666015625
572.40966796875
572.02197265625
571.9140625
571.93505859375
571.90869140625
571.810546875
571.73388671875
571.7041015625
571.66845703125
571.50146484375
571.13330078125
570.6552734375
570.0244140625
569.52685546875
569.009765625
568.84326171875
568.81982421875
569.2119140625
569.5458984375
570.06787109375
570.2392578125
570.64697265625
571.03369140625
571.9091796875
572.79150390625
573.7333984375
574.09228515625
574.07958984375
573.43408203125
572.76171875
572.06494140625
571.7568359375
571.7900390625
572.09814453125
572.4453125
572.5986328125
572.5703125
572.29833984375
572.01904296875
571.69580078125
571.34912109375
570.8486328125
570.05908203125
569.61865234375
570.06591796875
571.5986328125
573.818359375
576.30419921875
578.66064453125
580.46923828125
581.00439453125
579.7646484375
577.0712890625
574.0791015625
572.0869140625
571.76708984375
572.5546875
574.07177734375
575.12744140625
575.966796875
575.86279296875
575.61328125
574.55078125
573.2998046875
571.37841796875
569.154296875
566.56201171875
564.11376953125
562.0771484375
560.81103515625
560.21875
560.0966796875
560.001953125
559.68798828125
559.02587890625
558.14501953125
557.19970703125
556.30078125
555.546875
554.95458984375
554.6328125
554.57763671875
554.8212890625
555.1806640625
555.58740234375
555.7802734375
555.91357421875
555.83837890625
556.017578125
556.30859375
557.16748046875
558.173828125
559.4189453125
560.208984375
560.57568359375
560.40673828125
560.505859375
561.205078125
562.814453125
562.802734375
560.89404296875
558.85546875
559.45361328125
560.6923828125
560.65673828125
559.818359375
560.435546875
560.564453125
559.90673828125
558.66552734375
559.0166015625
560.04296875
560.71875
560.533203125
561.07421875
561.66259765625
561.625
560.498046875
560.10595703125
560.49658203125
561.74072265625
563.634765625
566.455078125
568.8486328125
569.2021484375
567.02880859375
563.17236328125
559.60986328125
557.5302734375
557.408203125
558.3076171875
559.35205078125
559.37890625
558.24169921875
556.32958984375
554.51806640625
553.00439453125
551.56103515625
550.11669921875
549.00048828125
548.58544921875
548.9765625
549.68115234375
550.2197265625
550.03759765625
549.3349609375
548.22265625
547.1162109375
546.0595703125
545.2119140625
544.6796875
544.62451171875
545.248046875
546.40576171875
547.904296875
549.1904296875
550.001953125
550.1201171875
549.68505859375
548.77001953125
547.6845703125
546.515625
545.4775390625
544.6572265625
544.10888671875
544.0341796875
543.90283203125
543.64208984375
542.73876953125
542.8544921875
544.716796875
547.47216796875
549.16259765625
549.18017578125
548.16162109375
547.5732421875
546.79248046875
546.04541015625
544.451171875
543.65234375
542.58740234375
542.46875
541.63232421875
541.45849609375
541.1015625
540.8310546875
540.3427734375
539.98583984375
540.0078125
540.1953125
540.25537109375
539.71240234375
538.95849609375
538.05029296875
537.42431640625
536.841796875
536.56982421875
536.11328125
535.62255859375
534.609375
533.447265625
532.35693359375
531.810546875
531.841796875
532.34375
532.98828125
533.6005859375
534.076171875
534.4755859375
534.8837890625
535.4462890625
536.14990234375
536.92236328125
537.55078125
537.99072265625
538.2734375
538.60986328125
539.2421875
540.26904296875
541.7919921875
543.62060546875
545.26708984375
546.1982421875
545.74169921875
543.9931640625
541.64208984375
539.4931640625
538.2666015625
537.7734375
537.78173828125
537.673828125
537.16064453125
536.384765625
535.32861328125
