7368.43896484375
7363.666015625
7359.32373046875
7355.3623046875
7351.73681640625
7348.41015625
7345.333984375
7342.45703125
7339.73291015625
7337.13916015625
7334.64208984375
7332.2314453125
7329.89990234375
7327.64111328125
7325.46044921875
7323.34814453125
7321.3115234375
7319.337890625
7317.4365234375
7315.595703125
7313.81103515625
7312.0751953125
7310.3857421875
7308.740234375
7307.13623046875
7305.5703125
7304.04638671875
7302.5634765625
7301.1181640625
7299.71142578125
7298.3427734375
7297.01220703125
7295.7158203125
7294.45458984375
7293.2236328125
7292.025390625
7290.85693359375
7289.71923828125
7288.60791015625
7287.5263671875
7286.4736328125
7285.4462890625
7284.4482421875
7283.47265625
7282.52099609375
7281.5927734375
7280.68701171875
7279.80419921875
7278.9423828125
7278.10009765625
7277.2783203125
7276.47607421875
7275.69140625
7274.92724609375
7274.18310546875
7273.4541015625
7272.744140625
7272.046875
7271.369140625
7270.70556640625
7270.056640625
7269.421875
7268.8017578125
7268.19580078125
7267.6025390625
7267.0234375
7266.45458984375
7265.9013671875
7265.359375
7264.83154296875
7264.3134765625
7263.8046875
7263.30712890625
7262.82080078125
7262.34228515625
7261.8759765625
7261.41796875
7260.970703125
7260.533203125
7260.10498046875
7259.685546875
7259.2734375
7258.87158203125
7258.4794921875
7258.0908203125
7257.712890625
7257.3427734375
7256.9775390625
7256.62158203125
7256.2734375
7255.93115234375
7255.5966796875
7255.2685546875
7254.9462890625
7254.630859375
7254.322265625
7254.017578125
7253.720703125
7253.4287109375
7253.1416015625
7252.86083984375
7252.58447265625
7252.3154296875
7252.05078125
7251.7919921875
7251.5361328125
7251.28759765625
7251.0419921875
7250.802734375
7250.56591796875
7250.3359375
7250.10791015625
7249.884765625
7249.666015625
7249.45068359375
7249.24072265625
7249.0341796875
7248.8310546875
7248.63134765625
7248.4365234375
7248.2451171875
7248.056640625
7247.8720703125
7247.69091796875
7247.51171875
7247.33642578125
7247.16455078125
7246.994140625
7246.830078125
7246.66748046875
7246.50732421875
7246.3515625
7246.1962890625
7246.0439453125
7245.89599609375
7245.74853515625
7245.607421875
7245.46337890625
7245.32470703125
7245.1884765625
7245.05615234375
7244.9208984375
7244.79150390625
7244.66552734375
7244.5390625
7244.416015625
7244.2958984375
7244.1787109375
7244.0615234375
7243.94775390625
7243.83544921875
7243.72412109375
7243.61474609375
7243.50341796875
7243.3974609375
7243.2919921875
7243.189453125
7243.08935546875
7242.98828125
7242.890625
7242.79248046875
7242.6982421875
7242.60498046875
7242.51318359375
7242.42236328125
7242.33203125
7242.24365234375
7242.154296875
7242.0712890625
7241.98681640625
7241.9033203125
7241.8203125
7241.740234375
7241.66259765625
7241.58251953125
7241.5048828125
7241.4306640625
7241.35498046875
7241.28173828125
7241.208984375
7241.13720703125
7241.0673828125
7240.9970703125
7240.92724609375
7240.8583984375
7240.79052734375
7240.72314453125
7240.65869140625
7240.59375
7240.52978515625
7240.4658203125
7240.40380859375
7240.341796875
7240.28125
7240.22021484375
7240.16015625
7240.1015625
7240.0439453125
7239.98828125
7239.93115234375
3690151.75
60306.53515625
46092.703125
46613.27734375
48660.7109375
47211.546875
44092.1171875
41599.2265625
40281.21875
39382.1328125
38105.14453125
36427.55078125
34854.22265625
33534.62890625
32286.205078125
30890.115234375
29417.03515625
28137.6328125
27156.8828125
26310.763671875
25403.6171875
24400.9609375
23366.80859375
22381.28125
21484.07421875
20657.591796875
19858.326171875
19059.283203125
18274.3203125
17534.705078125
16844.234375
16193.90234375
15588.025390625
15032.111328125
14520.11328125
14043.9208984375
13601.37109375
13184.96484375
12784.7890625
12405.556640625
12051.8701171875
11717.302734375
11395.689453125
11089.912109375
10801.517578125
10526.431640625
10261.3935546875
10005.287109375
9753.90625
9503.4140625
9259.212890625
9026.88671875
8804.7255859375
8590.4521484375
8384.04296875
8188.009765625
8004.716796875
7831.291015625
7664.04541015625
7502.3291015625
7347.13525390625
7197.748046875
7052.9423828125
6913.73974609375
6781.3212890625
6654.919921875
6533.421875
6416.501953125
6304.3525390625
6196.564453125
6092.51025390625
5992.005859375
5895.55224609375
5802.9453125
5713.490234375
5626.8427734375
5542.93994140625
5461.74609375
5383.0478515625
5306.92578125
5233.31201171875
5161.7890625
5092.2578125
5024.78759765625
4959.3759765625
4895.9619140625
4834.470703125
4774.7509765625
4716.6015625
4659.8974609375
4604.6689453125
4550.9990234375
4498.8076171875
4447.96484375
4398.42041015625
4350.2421875
4303.599609375
4258.568359375
4215.02197265625
4172.69482421875
4131.53955078125
4091.595703125
4052.74853515625
4014.8125
3977.6943359375
3941.36767578125
3905.81005859375
3871.02734375
3837.09521484375
3804.21240234375
3772.32958984375
3741.2392578125
3710.8125
3680.978515625
3651.70703125
3623.04443359375
3594.98828125
3567.52197265625
3540.58154296875
3514.12255859375
3488.14208984375
3462.65673828125
3437.615234375
3412.99365234375
3388.79443359375
3364.98974609375
3341.51806640625
3318.42626953125
3295.69189453125
3273.33154296875
3251.2919921875
3229.5654296875
3208.15966796875
3187.07470703125
3166.298828125
3145.8154296875
3125.6357421875
3105.76220703125
3086.16650390625
3066.7900390625
3047.65625
3028.87451171875
3010.46142578125
2992.2666015625
2974.3203125
2956.724609375
2939.41796875
2922.31298828125
2905.48095703125
2888.9267578125
2872.56005859375
2856.42431640625
2840.53515625
2824.818359375
2809.2939453125
2793.9765625
2778.8388671875
2763.845703125
2749.0478515625
2734.4150390625
2719.92138671875
2705.5849609375
2691.40185546875
2677.3466796875
2663.4130859375
2649.6279296875
2635.94677734375
2622.38232421875
2608.9267578125
2595.56396484375
2582.294921875
2569.10595703125
2555.9990234375
2542.94677734375
2529.96533203125
2517.01806640625
2504.09912109375
2491.1728515625
2478.220703125
2465.2021484375
2452.037109375
2438.67578125
2425.0048828125
2410.974609375
2396.63330078125
2382.6376953125
2370.44580078125
2358.818359375
2346.873046875
2335.63671875
2325.091796875
2317.76611328125
2308.21484375
2291.853515625
2281.09326171875
2272.8193359375
2258.375
2249.4794921875
2239.14892578125
2226.87158203125
2218.87255859375
2207.42578125
2197.474609375
2188.8740234375
2177.498046875
2168.904296875
2159.1689453125
2148.94482421875
2140.56884765625
2130.42236328125
2121.5693359375
2112.775390625
2103.43798828125
2095.34423828125
2086.19384765625
2077.11181640625
2068.0888671875
2059.0634765625
2051.177734375
2042.43798828125
2033.47216796875
2025.28759765625
2016.9658203125
2008.7353515625
2000.5107421875
1992.998046875
1985.93994140625
1980.09375
1970.46240234375
1960.740234375
1952.03173828125
1945.4541015625
1940.369140625
1930.71142578125
1921.40673828125
1914.201171875
1907.92138671875
1901.37109375
1891.29296875
1886.0859375
1882.84765625
1870.8505859375
1869.37939453125
1866.443359375
1857.0732421875
1846.1083984375
1844.4365234375
1831.3837890625
1829.310546875
1817.07275390625
1811.8515625
1804.3369140625
1795.66357421875
1790.47216796875
1782.689453125
1775.3681640625
1768.3349609375
1761.25341796875
1753.7685546875
1747.4052734375
1740.2958984375
1733.87353515625
1727.85986328125
1721.607421875
1716.69287109375
1710.755859375
1704.2890625
1698.9912109375
1694.03515625
1688.21435546875
1682.78466796875
1677.36328125
1671.86669921875
1666.85107421875
1661.9873046875
1656.65625
1651.931640625
1647.0537109375
1642.21484375
1637.486328125
1632.578125
1627.9013671875
1623.478515625
1618.64794921875
1614.17626953125
1609.6025390625
1605.1796875
1600.85302734375
1596.44287109375
1591.9375
1587.5166015625
1582.93701171875
1578.65380859375
1574.28125
1569.8994140625
1565.67822265625
1561.791015625
1558.55810546875
1556.275390625
1555.052734375
1550.5283203125
1543.98779296875
1539.1474609375
1535.61083984375
1530.17138671875
1524.751953125
1522.7568359375
1519.4970703125
1512.2099609375
1508.4931640625
1506.43505859375
1501.009765625
1496.5732421875
1494.3203125
1490.16259765625
1484.958984375
1481.2236328125
1477.302734375
1472.9677734375
1469.4208984375
1465.4541015625
1461.35009765625
1458.1171875
1454.763671875
1450.75732421875
1445.9775390625
1441.40087890625
1437.84130859375
1434.8154296875
1431.10400390625
1426.74169921875
1423.4541015625
1421.34423828125
1418.83154296875
1415.9404296875
1412.3876953125
1408.23681640625
1403.59619140625
1399.64990234375
1396.63037109375
1393.5048828125
1389.63623046875
1385.38427734375
1381.82080078125
1378.892578125
1375.5517578125
1371.6826171875
1368.1923828125
1365.4091796875
1362.48974609375
1358.9052734375
1355.3203125
1352.30126953125
1349.513671875
1346.3564453125
1342.83349609375
1339.47314453125
1336.59033203125
1334.0673828125
1331.537109375
1328.6201171875
1325.28564453125
1321.99072265625
1319.32470703125
1317.193359375
1315.07568359375
1312.65673828125
1310.14111328125
1307.83251953125
1305.66015625
1302.748046875
1298.4404296875
1294.85107421875
1293.1416015625
1290.87158203125
1286.87451171875
1283.775390625
1282.16796875
1279.396484375
1275.44384765625
1272.49560546875
1270.08642578125
1267.10302734375
1264.35009765625
1261.80322265625
1258.576171875
1255.3837890625
1252.9423828125
1250.2373046875
1247.11865234375
1244.32275390625
1241.724609375
1238.96728515625
1236.41064453125
1234.1630859375
1231.6572265625
1228.98779296875
1226.412109375
1223.92041015625
1221.484375
1219.29638671875
1217.1669921875
1214.80322265625
1212.18212890625
1209.85546875
1207.44482421875
1205.32861328125
1203.06982421875
1201.03173828125
1198.955078125
1196.9384765625
1195.439453125
1194.24951171875
1193.4306640625
1190.96923828125
1188.1904296875
1185.19921875
1183.2119140625
1181.625
1179.28369140625
1176.4541015625
1173.43359375
1171.5009765625
1169.6513671875
1167.47314453125
1165.10693359375
1163.08203125
1161.48583984375
1159.70068359375
1157.9697265625
1156.63232421875
1155.3095703125
1154.25927734375
1152.2734375
1150.59423828125
1148.6796875
1147.7158203125
1146.533203125
1146.3203125
1143.2021484375
1140.4287109375
1137.0078125
1135.00732421875
1134.58251953125
1133.5458984375
1131.91357421875
1128.90673828125
1126.38623046875
1125.365234375
1125.03564453125
1124.87744140625
1124.00244140625
1123.2158203125
1122.1796875
1120.4638671875
1118.27587890625
1115.9404296875
1114.853515625
1114.013671875
1111.9326171875
1108.6513671875
1106.00146484375
1105.5205078125
1105.2998046875
1103.4833984375
1099.69580078125
1095.99462890625
1093.8603515625
1093.26171875
1092.986328125
1091.90673828125
1088.7744140625
1085.78369140625
1082.24951171875
1080.91455078125
1080.25830078125
1079.03466796875
1077.01904296875
1074.67041015625
1073.51953125
1071.427734375
1069.59423828125
1067.841796875
1066.41650390625
1066.14404296875
1065.513671875
1065.85791015625
1065.85888671875
1065.2880859375
1062.91455078125
1060.880859375
1058.037109375
1064.8994140625
1055.31201171875
1056.1044921875
1061.7119140625
1047.83203125
1065.5126953125
1106.39892578125
1073.3251953125
1066.10693359375
1075.6044921875
1060.1240234375
1069.66552734375
1060.634765625
1048.12548828125
1056.8671875
1046.10595703125
1049.00048828125
1042.189453125
1038.18359375
1034.2587890625
1031.56884765625
1029.7333984375
1026.75
1026.52392578125
1023.0224609375
1023.47216796875
1020.14453125
1014.15087890625
1014.95166015625
1009.267578125
1009.68701171875
1008.80859375
1006.27734375
1005.0029296875
1002.2607421875
1000.2685546875
998.986328125
997.11328125
996.10498046875
994.4765625
992.32958984375
989.68896484375
987.5048828125
985.98193359375
985.54833984375
984.2978515625
982.544921875
980.70556640625
978.61474609375
977.8505859375
976.66455078125
975.2607421875
973.56689453125
971.81689453125
970.7578125
970.1142578125
969.568359375
968.97314453125
968.56396484375
968.03515625
967.8740234375
966.5791015625
965.32373046875
963.22998046875
962.185546875
961.97021484375
961.75390625
960.66015625
958.8603515625
957.66796875
958.2548828125
961.53466796875
964.60693359375
968.31640625
967.27685546875
963.23095703125
956.39794921875
952.04150390625
951.6337890625
953.9775390625
957.57177734375
963.1083984375
968.201171875
962.06494140625
947.79248046875
942.873046875
948.19287109375
948.47216796875
941.7724609375
940.888671875
942.85009765625
939.53466796875
935.61376953125
936.04150390625
935.5263671875
931.6025390625
930.27294921875
931.07177734375
930.1708984375
927.83056640625
926.5712890625
924.24365234375
920.42578125
918.02783203125
916.541015625
915.2919921875
914.2509765625
913.9521484375
912.58447265625
911.38720703125
910.1005859375
909.740234375
909.8193359375
909.88232421875
909.1015625
908.06787109375
906.25244140625
904.638671875
903.96337890625
904.0107421875
904.26708984375
902.95458984375
900.107421875
896.865234375
894.82763671875
894.103515625
893.736328125
893.2724609375
892.1494140625
891.1533203125
890.1552734375
889.42578125
888.26904296875
886.9912109375
885.58203125
884.86669921875
884.18798828125
883.9501953125
882.970703125
882.13525390625
881.072265625
880.53564453125
880.291015625
880.36279296875
880.390625
880.5068359375
880.515625
880.6767578125
880.49609375
880.431640625
880.41650390625
881.18505859375
882.99755859375
886.1083984375
890.2822265625
893.80078125
894.826171875
891.30810546875
884.525390625
878.150390625
875.693359375
877.20703125
879.73486328125
880.27734375
877.82568359375
875.23388671875
874.03515625
875.607421875
876.4453125
875.6259765625
872.08203125
869.0830078125
867.2685546875
868.0458984375
868.7509765625
868.22607421875
865.6435546875
862.349609375
859.29248046875
857.90625
857.7236328125
857.88232421875
857.49072265625
856.0439453125
854.80908203125
853.73193359375
853.51806640625
852.8251953125
851.494140625
849.4375
847.31298828125
845.95458984375
845.85693359375
846.87939453125
847.990234375
848.71533203125
848.0634765625
846.7900390625
844.2646484375
842.359375
841.35791015625
841.31787109375
840.96728515625
839.9208984375
839.16748046875
839.6962890625
841.9775390625
843.9921875
844.49267578125
843.318359375
841.02783203125
839.17041015625
837.916015625
837.6279296875
837.6455078125
837.935546875
837.8603515625
837.1416015625
836.84521484375
835.771484375
834.6650390625
832.1455078125
829.05712890625
826.408203125
825.34326171875
826.15673828125
828.1103515625
829.904296875
830.91650390625
831.3017578125
830.8330078125
830.87744140625
830.44677734375
830.06298828125
829.0029296875
827.72314453125
826.7880859375
826.43603515625
826.8828125
826.78564453125
826.28955078125
825.09375
824.703125
824.99609375
825.28369140625
824.30859375
821.8662109375
819.017578125
817.36083984375
817.51806640625
818.74072265625
819.4091796875
818.6591796875
816.8486328125
815.12158203125
814.265625
813.7744140625
812.552734375
810.30908203125
807.755859375
806.08203125
805.3388671875
805.12255859375
804.767578125
804.359375
804.5576171875
805.91748046875
808.4580078125
811.35498046875
813.9794921875
815.26708984375
815.73828125
814.474609375
812.08251953125
807.3056640625
802.087890625
798.2080078125
796.4541015625
796.02099609375
795.79638671875
795.6845703125
796.056640625
797.291015625
798.7041015625
800.048828125
801.0185546875
803.447265625
806.55712890625
809.88720703125
809.9443359375
804.99951171875
798.33349609375
793.51904296875
794.30517578125
796.96337890625
798.5556640625
797.01318359375
794.7080078125
793.095703125
792.3984375
792.3759765625
793.0771484375
794.9189453125
797.451171875
800.44921875
802.38671875
804.044921875
802.7666015625
800.18115234375
797.03515625
796.6728515625
796.9453125
795.3798828125
791.5087890625
789.30859375
790.43359375
792.87109375
794.193359375
794.623046875
795.1259765625
793.32177734375
789.6201171875
785.3193359375
783.326171875
783.48583984375
784.5615234375
785.39404296875
783.93310546875
780.07421875
773.93115234375
769.17529296875
767.14892578125
767.607421875
768.33837890625
768.50390625
767.78759765625
766.75830078125
765.6416015625
765.154296875
764.91943359375
765.078125
764.796875
764.68896484375
764.86669921875
766.06640625
768.2783203125
771.501953125
774.9892578125
777.38818359375
776.59375
772.23779296875
766.44091796875
762.833984375
761.82666015625
761.5048828125
760.46630859375
758.16162109375
757.33056640625
758.0361328125
759.146484375
758.75537109375
756.841796875
755.52197265625
755.7548828125
757.51904296875
758.75244140625
759.1318359375
758.931640625
759.2919921875
759.80615234375
760.35400390625
760.001953125
760.08544921875
760.1083984375
760.68701171875
760.53564453125
759.75927734375
758.138671875
756.34521484375
754.83251953125
754.02001953125
754.30712890625
755.685546875
758.10791015625
760.986328125
764.1162109375
766.228515625
767.583984375
767.84375
768.85546875
770.50048828125
773.0244140625
774.6025390625
774.79443359375
772.36865234375
767.27392578125
761.43212890625
757.154296875
755.318359375
754.7236328125
753.96533203125
752.90185546875
752.66162109375
753.68310546875
755.126953125
756.7490234375
757.29296875
758.1826171875
757.05029296875
755.525390625
751.8466796875
748.0869140625
743.8408203125
740.740234375
739.6162109375
740.220703125
742.09814453125
743.2646484375
742.5224609375
739.86669921875
736.2822265625
733.53515625
732.55322265625
732.955078125
734.26904296875
735.134765625
736.0791015625
736.419921875
737.52587890625
738.798828125
740.3076171875
741.14892578125
741.0712890625
740.20849609375
739.0732421875
738.35693359375
738.1005859375
738.8349609375
739.92578125
741.400390625
741.5537109375
741.02392578125
739.373046875
738.27490234375
737.36572265625
737.2529296875
736.35107421875
734.88916015625
732.3720703125
731.0615234375
730.92431640625
731.65673828125
731.453125
730.34521484375
728.84912109375
727.82080078125
727.0244140625
725.92578125
724.0078125
721.39697265625
718.3916015625
716.193359375
715.07080078125
715.12841796875
715.396484375
715.72119140625
715.751953125
715.712890625
715.50537109375
716.138671875
717.3994140625
719.8017578125
721.70361328125
722.86279296875
721.97705078125
720.09765625
717.7802734375
717.22802734375
717.68359375
719.38427734375
719.76513671875
719.4873046875
717.44384765625
715.41796875
712.91064453125
711.64599609375
710.99951171875
711.31640625
711.3115234375
710.7177734375
709.28564453125
707.587890625
705.98388671875
704.693359375
703.65087890625
702.91796875
702.66015625
702.93359375
703.68408203125
704.8505859375
706.53369140625
708.89599609375
711.6728515625
714.20849609375
715.44287109375
714.77685546875
712.17529296875
708.6826171875
705.7041015625
683.26171875
689.76953125
694.7783203125
679.240234375
690.87353515625
684.9609375
680.04443359375
687.72314453125
679.26025390625
681.265625
682.90380859375
677.18896484375
680.884765625
678.79296875
676.7763671875
679.09375
676.22802734375
676.4560546875
676.88427734375
674.876953125
675.662109375
674.97509765625
674.0615234375
674.50732421875
673.56982421875
673.3154296875
673.2724609375
672.54541015625
672.47705078125
672.14794921875
671.69677734375
671.5634765625
671.1787109375
670.8876953125
670.6611328125
670.322265625
670.07666015625
669.79833984375
669.515625
669.26708984375
668.990234375
668.7353515625
668.4697265625
668.21435546875
667.96484375
667.70361328125
667.45263671875
667.20263671875
666.9443359375
666.70654296875
666.45263671875
666.201171875
665.9638671875
665.71044921875
665.466796875
665.22119140625
664.9716796875
664.73046875
664.48876953125
664.2412109375
664.00146484375
663.76220703125
663.51953125
663.28173828125
663.03759765625
662.7978515625
662.56494140625
662.3271484375
662.08984375
661.857421875
661.61669921875
661.37890625
661.1435546875
660.9052734375
660.6708984375
660.4365234375
660.19970703125
659.96630859375
659.7353515625
659.498046875
659.26708984375
659.03759765625
658.80126953125
658.5673828125
658.3359375
658.0986328125
657.86767578125
657.638671875
657.4033203125
657.1708984375
656.94140625
656.70654296875
656.47900390625
656.2421875
656.00927734375
655.775390625
655.5458984375
655.3173828125
655.08544921875
654.85400390625
654.62451171875
654.3935546875
654.16455078125
653.939453125
653.7080078125
653.484375
653.2587890625
653.0322265625
652.80712890625
652.5791015625
652.3564453125
652.125
651.90185546875
651.6748046875
651.4501953125
651.22509765625
650.99462890625
650.76953125
650.54541015625
650.32080078125
650.09619140625
649.87451171875
649.64892578125
649.4287109375
649.20556640625
648.98193359375
648.75927734375
648.5361328125
648.3134765625
648.09033203125
647.8701171875
647.64990234375
647.42724609375
647.2060546875
646.98095703125
646.7626953125
646.54052734375
646.318359375
646.09912109375
645.8720703125
645.65087890625
645.4287109375
645.21240234375
644.9921875
644.77490234375
644.55419921875
644.3369140625
644.1171875
643.896484375
643.6767578125
643.4580078125
643.244140625
643.0234375
642.8046875
642.5869140625
642.36865234375
642.15234375
641.9345703125
641.7177734375
641.49951171875
641.283203125
641.06591796875
640.849609375
640.63330078125
640.4208984375
640.2001953125
639.9853515625
639.76904296875
639.5517578125
639.3349609375
639.12109375
638.90576171875
638.689453125
638.46875
638.248046875
638.0302734375
637.8125
637.5986328125
637.38037109375
637.16552734375
636.951171875
636.7294921875
636.51318359375
636.29443359375
636.080078125
635.85986328125
635.64208984375
635.4248046875
635.20458984375
634.98828125
634.77294921875
634.55322265625
634.3369140625
634.11474609375
633.89990234375
633.68408203125
633.46435546875
633.24951171875
633.03076171875
632.810546875
632.5927734375
632.37109375
632.1533203125
631.9306640625
631.70947265625
631.48779296875
631.26611328125
631.046875
630.82666015625
630.60009765625
630.3818359375
630.15869140625
629.935546875
629.71240234375
629.4892578125
629.263671875
629.0400390625
628.81787109375
628.59521484375
628.37158203125
628.14599609375
627.92138671875
627.7001953125
627.47900390625
627.2578125
627.0390625
626.8193359375
626.59375
626.3779296875
626.14990234375
625.93408203125
625.71142578125
625.49365234375
625.27392578125
625.05517578125
624.8330078125
624.6142578125
624.39404296875
624.17578125
623.962890625
623.74072265625
623.5244140625
623.31201171875
623.095703125
622.88623046875
622.6748046875
622.46044921875
622.25
622.0400390625
621.82763671875
621.61181640625
621.40087890625
621.189453125
620.9794921875
620.77001953125
620.5595703125
620.3505859375
620.14208984375
619.92529296875
619.7158203125
619.50830078125
619.302734375
619.09521484375
618.8935546875
618.68212890625
618.474609375
618.2724609375
618.0673828125
617.8603515625
617.654296875
617.44873046875
617.24462890625
617.041015625
616.83837890625
616.6416015625
616.4384765625
616.23046875
616.03173828125
615.828125
615.626953125
615.42138671875
615.2236328125
615.029296875
614.8369140625
614.66748046875
614.525390625
614.458984375
614.5244140625
614.8349609375
615.37451171875
615.966796875
615.658203125
614.328125
612.96142578125
612.892578125
613.57568359375
613.46826171875
612.48828125
611.96923828125
612.359375
612.54638671875
612.03759765625
611.6259765625
611.705078125
611.39111328125
610.65380859375
610.2919921875
610.462890625
610.43017578125
609.9619140625
609.59912109375
609.4736328125
609.29296875
609.044921875
608.880859375
608.69091796875
608.3779296875
608.13720703125
608.0478515625
607.89794921875
607.59814453125
607.3291015625
607.18505859375
607.0361328125
606.81103515625
606.5791015625
606.38134765625
606.19287109375
606.00244140625
605.81591796875
605.61767578125
605.4033203125
605.19921875
605.0205078125
604.8388671875
604.64306640625
604.43310546875
604.23876953125
604.05859375
603.87646484375
603.68212890625
603.48486328125
603.2939453125
603.1015625
602.91015625
602.71826171875
602.525390625
602.3310546875
602.1357421875
601.94970703125
601.76220703125
601.568359375
601.3759765625
601.1845703125
600.9931640625
600.8037109375
600.61083984375
600.42333984375
600.23193359375
600.041015625
599.8505859375
599.65869140625
599.4677734375
599.279296875
599.087890625
598.8984375
598.70361328125
598.51513671875
598.32275390625
598.134765625
597.94189453125
597.74853515625
597.556640625
597.36376953125
597.17724609375
596.98876953125
596.798828125
596.6064453125
596.41552734375
596.2294921875
596.03857421875
595.8466796875
595.65869140625
595.46875
595.27783203125
595.08837890625
594.900390625
594.705078125
594.51416015625
594.3251953125
594.1337890625
593.951171875
593.77197265625
593.5908203125
593.423828125
593.2607421875
593.11767578125
592.986328125
592.84619140625
592.67431640625
592.4501953125
592.1689453125
591.87890625
591.63720703125
591.458984375
591.314453125
591.16064453125
590.96142578125
590.724609375
590.486328125
590.28271484375
590.11328125
589.94384765625
589.75048828125
589.5390625
589.31689453125
589.11572265625
588.93701171875
588.75634765625
588.57080078125
588.36865234375
588.15625
587.9560546875
587.77392578125
587.5908203125
587.40234375
587.20263671875
587.00390625
586.80908203125
586.619140625
586.43212890625
586.244140625
586.04638671875
585.85546875
585.6630859375
585.4765625
585.29296875
585.10546875
584.9228515625
584.73486328125
584.546875
584.36279296875
584.17724609375
583.990234375
583.806640625
583.6240234375
583.439453125
583.25439453125
583.0693359375
582.88623046875
582.705078125
582.52490234375
582.34326171875
582.162109375
581.984375
581.80712890625
581.6328125
581.4580078125
581.2919921875
581.1298828125
580.98681640625
580.8701171875
580.80126953125
580.80517578125
580.9150390625
581.1640625
581.4931640625
581.87890625
582.0751953125
582.08056640625
581.89111328125
581.4111328125
580.8955078125
580.23388671875
580.015625
579.7236328125
579.85205078125
579.54150390625
579.345703125
579.0078125
578.80029296875
578.8056640625
578.4833984375
578.3125
577.8173828125
577.59521484375
577.46484375
577.60400390625
577.87255859375
578.32080078125
578.99609375
579.8955078125
580.87353515625
581.5595703125
581.5673828125
580.8134765625
579.61572265625
578.82958984375
578.505859375
578.478515625
578.01904296875
577.10546875
576.4169921875
575.93408203125
575.92626953125
575.74853515625
575.72314453125
575.57373046875
575.2841796875
574.7041015625
574.48974609375
574.6201171875
574.986328125
575.00830078125
575.2177734375
575.82958984375
576.91162109375
578.28857421875
580.30419921875
583.06884765625
586.47314453125
590.00048828125
593.51708984375
596.5712890625
599.61767578125
602.69873046875
604.6572265625
604.3310546875
601.02734375
596.70361328125
593.0068359375
591.966796875
592.54638671875
593.4140625
592.77197265625
590.74755859375
588.7451171875
587.9736328125
588.57470703125
589.20458984375
589.2451171875
588.55615234375
588.060546875
588.0029296875
588.6103515625
589.41162109375
590.16650390625
590.1865234375
589.32080078125
587.75634765625
586.080078125
584.31884765625
582.26171875
580.35693359375
579.20263671875
579.63671875
580.7978515625
581.8291015625
581.220703125
579.076171875
576.2353515625
573.94775390625
573.146484375
573.61865234375
574.55810546875
574.96435546875
574.63427734375
573.875
573.3046875
573.099609375
572.93603515625
572.34814453125
571.3515625
570.0341796875
568.9072265625
568.171875
568.25244140625
568.90185546875
569.9091796875
570.57470703125
570.90234375
571.2353515625
571.9140625
573.3037109375
574.8701171875
576.52734375
577.6474609375
578.4248046875
578.47607421875
578.28515625
577.5615234375
576.8662109375
575.74609375
574.70263671875
573.67822265625
573.03515625
572.26708984375
571.2314453125
569.85546875
568.76318359375
568.16259765625
568.11279296875
568.27197265625
568.50048828125
568.81787109375
569.60791015625
570.72216796875
571.7783203125
572.0068359375
571.21435546875
569.38623046875
567.2763671875
565.34130859375
564.0400390625
563.21435546875
562.7138671875
562.18359375
561.8291015625
561.49853515625
561.6923828125
562.31396484375
563.7783203125
565.5
567.2236328125
568.24072265625
568.36083984375
567.66796875
566.45361328125
565.10009765625
563.9912109375
563.244140625
562.8583984375
562.6376953125
562.23193359375
561.751953125
560.978515625
560.53076171875
560.134765625
559.98974609375
559.65966796875
559.23876953125
558.662109375
558.28369140625
558.12158203125
558.3681640625
558.8955078125
559.6591796875
560.4248046875
560.96728515625
561.1669921875
560.9052734375
560.2783203125
559.4736328125
558.552734375
557.8046875
557.1845703125
556.77490234375
556.5478515625
556.453125
556.52197265625
556.55126953125
556.54248046875
556.23779296875
555.82421875
555.07275390625
554.18603515625
553.30029296875
553.0634765625
553.7724609375
555.47900390625
557.85791015625
560.3212890625
562.75
564.68408203125
566.57958984375
568.05517578125
569.1669921875
569.4384765625
568.8798828125
567.859375
566.61376953125
565.51708984375
563.9443359375
562.29736328125
559.9130859375
557.46875
554.39453125
551.72119140625
549.314453125
548.18017578125
548.13525390625
549.03271484375
549.9130859375
550.2060546875
549.37158203125
547.77978515625
546.05859375
545.03076171875
545.00390625
545.70263671875
546.33984375
546.51318359375
545.95361328125
545.25341796875
544.78857421875
544.9384765625
545.3994140625
545.8505859375
545.86279296875
545.53955078125
544.97509765625
544.634765625
544.51171875
544.8505859375
545.15283203125
545.53955078125
545.37744140625
545.0693359375
544.26904296875
543.5751953125
542.82568359375
542.4990234375
542.43798828125
542.947265625
543.90234375
545.34619140625
546.8486328125
548.05615234375
548.705078125
549.486328125
551.19384765625
553.69189453125
556.1943359375
557.32568359375
557.333984375
556.4755859375
555.86279296875
555.00390625
553.60791015625
551.4091796875
549.1875
547.78955078125
547.54345703125
548.03564453125
548.5986328125
548.78076171875
548.67041015625
548.1103515625
547.8232421875
547.009765625
546.74365234375
546.1748046875
546.189453125
546.30859375
546.76806640625
546.93798828125
546.990234375
546.38623046875
545.4697265625
544.330078125
543.56201171875
543.04248046875
542.626953125
541.8955078125
540.68115234375
539.15673828125
537.64111328125
536.55419921875
535.9072265625
535.8525390625
536.0302734375
536.34912109375
536.3359375
535.84619140625
534.6728515625
533.13623046875
531.75390625
531.30029296875
531.79931640625
533.01416015625
533.990234375
534.26708984375
533.650390625
532.7275390625
532.12109375
532.271484375
533.0830078125
534.20458984375
535.4501953125
536.62158203125
537.94189453125
539.31396484375
540.6611328125
541.7880859375
542.35546875
542.49072265625
542.36474609375
542.51904296875
543.0263671875
543.82373046875
544.48193359375
544.8544921875
544.7646484375
544.3828125
543.75439453125
543.10107421875
542.35302734375
541.6357421875
540.93017578125
540.3212890625
539.81787109375
539.44287109375
539.08251953125
538.48291015625
537.4990234375
535.65869140625
533.314453125
530.7451171875
528.85107421875
528.1884765625
528.5224609375
529.37109375
529.79833984375
529.779296875
529.21484375
528.71533203125
528.42529296875
528.4580078125
528.736328125
529.19384765625
529.96240234375
530.86474609375
531.78662109375
532.20703125
532.02099609375
531.1240234375
529.99951171875
529.0224609375
528.60498046875
528.75
529.3974609375
530.2685546875
531.056640625
531.314453125
530.83251953125
529.67236328125
528.64306640625
528.55908203125
530.15673828125
533.0126953125
536.2666015625
538.46630859375
538.82177734375
536.96728515625
533.8916015625
530.591796875
528.27490234375
527.08642578125
526.8876953125
527.123046875
527.46142578125
527.66796875
527.6630859375
527.39404296875
526.72802734375
525.6533203125
524.12646484375
522.46533203125
520.87060546875
519.78125
519.17822265625
519.19873046875
519.56103515625
520.20263671875
520.796875
521.271484375
521.51220703125
521.5048828125
521.46875
521.3291015625
521.505859375
521.81591796875
522.6708984375
523.64599609375
524.728515625
525.4638671875
525.74658203125
525.79833984375
525.75927734375
526.02783203125
526.35693359375
526.619140625
526.36376953125
525.6376953125
524.513671875
523.4072265625
522.3564453125
521.53173828125
520.7919921875
520.2958984375
520.06494140625
520.29833984375
520.92431640625
521.8779296875
522.7392578125
523.2275390625
522.947265625
522.13134765625
520.7509765625
519.58447265625
518.6962890625
518.58251953125
519.0732421875
520.21923828125
521.83984375
523.80126953125
525.8681640625
527.6171875
528.7158203125
528.69140625
527.62939453125
525.6201171875
523.32470703125
521.2958984375
520.0302734375
519.6201171875
519.77197265625
519.9599609375
519.7578125
519.0673828125
518.01904296875
516.93212890625
515.9345703125
515.11181640625
514.57666015625
514.4365234375
514.9091796875
516.14111328125
518.01416015625
520.43798828125
522.95458984375
525.232421875
526.19580078125
525.52734375
523.69775390625
522.2724609375
522.32421875
523.32470703125
524.46044921875
525.1259765625
524.99267578125
524.7509765625
523.76953125
522.99267578125
521.89453125
520.95849609375
519.291015625
517.42041015625
515.494140625
514.52587890625
514.291015625
514.2822265625
513.84765625
513.06494140625
512.33544921875
511.91162109375
511.77001953125
511.71533203125
511.65625
511.5322265625
511.140625
510.33447265625
509.1640625
507.7841796875
506.6865234375
505.93505859375
505.9384765625
506.55322265625
507.79833984375
509.14501953125
510.13671875
510.2919921875
509.6259765625
508.4833984375
507.57080078125
507.46044921875
508.64892578125
511.02001953125
514.4716796875
518.3623046875
522.14208984375
524.82080078125
525.69921875
524.74267578125
522.525390625
520.2392578125
518.052734375
516.3193359375
514.1201171875
