7368.43896484375
7363.666015625
7359.32373046875
7355.3623046875
7351.73681640625
7348.41015625
7345.333984375
7342.45703125
7339.73291015625
7337.13916015625
7334.64208984375
7332.2314453125
7329.89990234375
7327.64111328125
7325.46044921875
7323.34814453125
7321.3115234375
7319.337890625
7317.4365234375
7315.595703125
7313.81103515625
7312.0751953125
7310.3857421875
7308.740234375
7307.13623046875
7305.5703125
7304.04638671875
7302.5634765625
7301.1181640625
7299.71142578125
7298.3427734375
7297.01220703125
7295.7158203125
7294.45458984375
7293.2236328125
7292.025390625
7290.85693359375
7289.71923828125
7288.60791015625
7287.5263671875
7286.4736328125
7285.4462890625
7284.4482421875
7283.47265625
7282.52099609375
7281.5927734375
7280.68701171875
7279.80419921875
7278.9423828125
7278.10009765625
7277.2783203125
7276.47607421875
7275.69140625
7274.92724609375
7274.18310546875
7273.4541015625
7272.744140625
7272.046875
7271.369140625
7270.70556640625
7270.056640625
7269.421875
7268.8017578125
7268.19580078125
7267.6025390625
7267.0234375
7266.45458984375
7265.9013671875
7265.359375
7264.83154296875
7264.3134765625
7263.8046875
7263.30712890625
7262.82080078125
7262.34228515625
7261.8759765625
7261.41796875
7260.970703125
7260.533203125
7260.10498046875
7259.685546875
7259.2734375
7258.87158203125
7258.4794921875
7258.0908203125
7257.712890625
7257.3427734375
7256.9775390625
7256.62158203125
7256.2734375
7255.93115234375
7255.5966796875
7255.2685546875
7254.9462890625
7254.630859375
7254.322265625
7254.017578125
7253.720703125
7253.4287109375
7253.1416015625
7252.86083984375
7252.58447265625
7252.3154296875
7252.05078125
7251.7919921875
7251.5361328125
7251.28759765625
7251.0419921875
7250.802734375
7250.56591796875
7250.3359375
7250.10791015625
7249.884765625
7249.666015625
7249.45068359375
7249.24072265625
7249.0341796875
7248.8310546875
7248.63134765625
7248.4365234375
7248.2451171875
7248.056640625
7247.8720703125
7247.69091796875
7247.51171875
7247.33642578125
7247.16455078125
7246.994140625
7246.830078125
7246.66748046875
7246.50732421875
7246.3515625
7246.1962890625
7246.0439453125
7245.89599609375
7245.74853515625
7245.607421875
7245.46337890625
7245.32470703125
7245.1884765625
7245.05615234375
7244.9208984375
7244.79150390625
7244.66552734375
7244.5390625
7244.416015625
7244.2958984375
7244.1787109375
7244.0615234375
7243.94775390625
7243.83544921875
7243.72412109375
7243.61474609375
7243.50341796875
7243.3974609375
7243.2919921875
7243.189453125
7243.08935546875
7242.98828125
7242.890625
7242.79248046875
7242.6982421875
7242.60498046875
7242.51318359375
7242.42236328125
7242.33203125
7242.24365234375
7242.154296875
7242.0712890625
7241.98681640625
7241.9033203125
7241.8203125
7241.740234375
7241.66259765625
7241.58251953125
7241.5048828125
7241.4306640625
7241.35498046875
7241.28173828125
7241.208984375
7241.13720703125
7241.0673828125
7240.9970703125
7240.92724609375
7240.8583984375
7240.79052734375
7240.72314453125
7240.65869140625
7240.59375
7240.52978515625
7240.4658203125
7240.40380859375
7240.341796875
7240.28125
7240.22021484375
7240.16015625
7240.1015625
7240.0439453125
7239.98828125
7239.93115234375
40359710720.0
2791373333856256.0
313202168561664.0
740993.8125
273687392.0
35948388.0
56685036.0
221033984.0
57634756.0
93645672.0
100827432.0
15977585.0
1784319.75
368691.3125
179187.84375
351905.6875
1958086.875
13917942.0
95513768.0
438224416.0
347316672.0
69010352.0
12965553.0
3551748.75
2584679.25
5123543.0
13240698.0
33210238.0
70940144.0
109173152.0
104829712.0
67861408.0
36686752.0
19311304.0
10650193.0
6345080.0
4125119.75
2923561.75
2238733.75
1826976.5
1565140.875
1388487.375
1261690.25
1164880.5
1086674.625
1020449.5
962382.5625
910128.8125
862396.8125
818419.375
777646.6875
739810.0
704705.625
672113.1875
641959.625
614060.875
588292.6875
564511.8125
542610.25
522431.5625
503849.71875
486744.78125
470974.375
456456.03125
443076.4375
430722.8125
419331.65625
408799.125
399062.5625
390046.40625
381676.125
373916.5625
366696.03125
359978.09375
353721.0625
347872.1875
342403.53125
337286.28125
332482.875
327973.15625
323726.34375
319738.375
315965.21875
312407.03125
309034.75
305843.78125
302815.3125
299936.8125
297195.1875
294589.1875
292098.375
289721.40625
287446.8125
285266.40625
283175.5625
281176.96875
279250.625
277393.6875
275608.25
273884.5625
272226.75
270620.84375
269067.625
267564.9375
266109.84375
264697.21875
263325.1875
261994.734375
260701.171875
259440.109375
258214.53125
257021.203125
255855.3125
254722.796875
253613.203125
252530.03125
251470.015625
250438.15625
249425.125
248435.84375
247464.453125
246514.859375
245585.03125
244671.25
243773.390625
242895.984375
242036.484375
241188.0
240353.5625
239535.15625
238733.0
237940.84375
237159.703125
236396.3125
235640.578125
234901.484375
234171.09375
233448.75
232739.109375
232041.890625
231350.96875
230668.171875
229998.53125
229336.015625
228683.796875
228036.40625
227401.53125
226770.71875
226150.109375
225540.34375
224933.375
224338.34375
223748.15625
223160.5625
222585.59375
222013.1875
221449.359375
220891.640625
220340.765625
219794.484375
219255.65625
218718.09375
218192.96875
217670.328125
217148.984375
216638.828125
216130.6875
215630.109375
215130.9375
214636.875
214145.953125
213662.765625
213183.515625
212707.28125
212235.484375
211770.140625
211308.5
210847.671875
210391.546875
209942.296875
209495.65625
209052.875
208614.375
208176.09375
207746.5
207318.875
206892.65625
206470.3125
206052.9375
205636.828125
205224.015625
204813.453125
204407.484375
204002.78125
203601.25
203203.21875
202807.421875
202413.28125
202023.828125
201635.0
201251.515625
200868.015625
200488.109375
200110.828125
199732.84375
199360.734375
198991.71875
198624.234375
198256.984375
197893.765625
197536.140625
197176.09375
196820.953125
196465.953125
196115.15625
195767.0
195421.75
195075.9375
194735.28125
194394.328125
194054.625
193718.46875
193384.9375
193053.71875
192724.59375
192395.4375
192069.625
191742.0625
191418.875
191095.53125
190777.109375
190458.96875
190141.140625
189826.28125
189514.8125
189202.140625
188893.4375
188584.84375
188279.125
187973.515625
187670.484375
187366.75
187068.125
186766.90625
186467.609375
186172.046875
185874.671875
185582.328125
185289.53125
184996.296875
184703.65625
184413.90625
184124.53125
183839.34375
183553.578125
183267.296875
182982.828125
182701.484375
182419.71875
182140.703125
181863.0
181585.390625
181311.0
181039.609375
180762.609375
180485.84375
180217.1875
179947.59375
179676.40625
179409.15625
179142.765625
178872.6875
178609.046875
178346.125
178082.96875
177822.171875
177561.65625
177299.34375
177039.03125
176780.3125
176522.6875
176267.65625
176013.28125
175755.296875
175501.734375
175247.765625
174996.0625
174744.828125
174494.796875
174245.609375
173994.84375
173748.640625
173498.609375
173252.171875
173006.71875
172760.53125
172516.375
172273.21875
172031.234375
171790.75
171548.328125
171307.328125
171068.1875
170829.375
170592.140625
170356.078125
170119.75
169884.03125
169647.28125
169413.875
169182.0625
168949.390625
168715.34375
168485.234375
168254.78125
168025.78125
167795.515625
167565.046875
167337.734375
167110.84375
166884.625
166656.34375
166432.390625
166204.796875
165981.484375
165757.234375
165533.984375
165312.046875
165089.796875
164869.765625
164648.65625
164426.796875
164208.859375
163989.1875
163772.953125
163554.46875
163337.421875
163118.96875
162904.65625
162691.46875
162474.703125
162261.421875
162045.953125
161833.390625
161619.9375
161407.46875
161193.5625
160983.65625
160774.109375
160564.34375
160354.90625
160144.828125
159938.015625
159731.171875
159523.140625
159313.875
159105.53125
158898.25
158693.359375
158486.328125
158283.90625
158078.03125
157874.890625
157669.25
157465.328125
157263.125
157061.90625
156861.40625
156659.859375
156457.859375
156258.421875
156058.703125
155859.203125
155661.125
155463.40625
155263.625
155065.953125
154869.46875
154674.765625
154477.65625
154281.96875
154087.34375
153892.84375
153701.46875
153509.3125
153314.28125
153118.984375
152926.546875
152733.15625
152541.28125
152352.25
152159.65625
151969.46875
151779.25
151589.21875
151402.078125
151214.734375
151027.59375
150841.203125
150651.765625
150460.453125
150277.40625
150092.84375
149908.0625
149721.296875
149534.4375
149350.875
149168.78125
148983.515625
148800.5
148619.5
148438.171875
148255.21875
148073.578125
147892.8125
147712.625
147533.15625
147353.171875
147176.296875
146996.015625
146813.828125
146634.234375
146455.3125
146277.421875
146096.890625
145920.140625
145744.171875
145565.609375
145390.859375
145214.171875
145038.796875
144862.21875
144687.671875
144511.734375
144338.984375
144166.46875
143993.765625
143819.5625
143647.125
143475.109375
143302.8125
143131.40625
142958.9375
142789.78125
142618.765625
142448.703125
142279.40625
142109.984375
141942.09375
141773.859375
141605.828125
141438.71875
141271.71875
141105.0
140939.1875
140770.171875
140604.53125
140437.171875
140273.578125
140108.75
139946.359375
139778.515625
139611.96875
139446.34375
139283.609375
139122.578125
138958.640625
138795.796875
138631.921875
138468.125
138304.5625
138141.171875
137977.15625
137816.546875
137659.125
137496.765625
137333.34375
137174.015625
137014.703125
136856.46875
136697.734375
136540.5625
136384.8125
136227.953125
136069.59375
135910.890625
135752.84375
135596.515625
135440.90625
135283.234375
135124.75
134967.65625
134812.4375
134657.28125
134502.21875
134348.515625
134194.046875
134038.859375
133886.09375
133732.671875
133581.65625
133428.765625
133277.609375
133124.34375
132971.5625
132821.265625
132670.1875
132519.625
132368.84375
132218.625
132069.703125
131919.921875
131769.625
131620.484375
131473.046875
131326.578125
131177.15625
131030.671875
130882.4140625
130732.5703125
130586.5390625
130439.84375
130293.9140625
130145.4765625
130000.5625
129856.8046875
129709.796875
129565.609375
129420.2578125
129276.5
129133.234375
128990.171875
128849.421875
128706.0703125
128561.2109375
128413.6796875
128269.296875
128125.8984375
127984.6015625
127843.6484375
127702.1796875
127560.9765625
127417.2265625
127276.0234375
127133.59375
126993.2578125
126853.515625
126713.6171875
126574.2109375
126435.0390625
126296.5234375
126154.828125
126013.375
125873.25
125733.1875
125596.7734375
125457.953125
125319.9296875
125182.609375
125044.8828125
124909.234375
124772.75
124637.453125
124500.921875
124364.296875
124228.875
124094.5390625
123960.6328125
123826.4296875
123691.5390625
123554.7421875
123418.4140625
123283.6953125
123151.1640625
123017.359375
122884.4921875
122750.3046875
122617.4921875
122485.9765625
122354.875
122223.75
122090.28125
121955.84375
121822.4453125
121687.9921875
121555.7890625
121425.0
121294.21875
121163.3671875
121032.84375
120902.5
120771.125
120641.078125
120510.9296875
120379.96875
120252.15625
120125.203125
119995.8359375
119867.390625
119738.265625
119610.265625
119483.5703125
119356.328125
119229.8046875
119104.4140625
118977.1171875
118851.2109375
118723.328125
118596.8203125
118473.5625
118347.4765625
118223.109375
118096.03125
117968.578125
117840.1875
117713.9609375
117589.71875
117468.859375
117346.1796875
117221.3671875
117098.8515625
116976.2578125
116854.0
116731.171875
116609.875
116484.34375
116361.0078125
116236.578125
116116.421875
115996.0546875
115876.34375
115753.1328125
115631.171875
115510.234375
115389.4296875
115269.0234375
115145.109375
115022.6953125
114902.6328125
114785.421875
114666.75
114546.578125
114426.5703125
114306.3359375
114186.0625
114063.7890625
113946.53125
113827.9453125
113709.9375
113593.71875
113476.6953125
113356.1953125
113240.765625
113122.3671875
113004.2421875
112886.5859375
112769.4609375
112652.453125
112535.0078125
112420.9453125
112304.375
112188.078125
112068.671875
111954.078125
111837.1328125
111723.1875
111610.25
111497.46875
111382.5859375
111266.5078125
111147.953125
111029.7734375
110914.6484375
110802.484375
110691.3046875
110577.234375
110462.0625
110346.796875
110234.1015625
110123.328125
110010.0234375
109896.671875
109783.7578125
109671.46875
109560.9765625
109450.1171875
109338.9140625
109226.6328125
109115.796875
109004.6328125
108894.1875
108783.078125
108671.9921875
108561.6640625
108453.140625
108342.5625
108233.1640625
108124.0625
108019.3046875
107912.65625
107806.953125
107702.3671875
107593.90625
107483.3125
107370.2109375
107260.328125
107152.6328125
107049.46875
106945.7265625
106838.1171875
106725.5234375
106610.6953125
106496.7578125
106389.7734375
106285.640625
106180.0078125
106072.296875
105962.5234375
105855.0078125
105748.4921875
105644.2890625
105539.4609375
105431.4140625
105323.5
105214.7265625
105107.578125
105001.6484375
104896.265625
104792.5234375
104689.40625
104585.234375
104480.9765625
104377.7890625
104274.65625
104173.0703125
104068.5546875
103964.09375
103856.53125
103753.015625
103650.078125
103547.4140625
103445.328125
103342.1875
103240.1875
103138.3046875
103036.109375
102935.640625
102834.8046875
102732.4296875
102629.5546875
102527.59375
102424.203125
102320.5390625
102218.5703125
102116.609375
102015.0234375
101915.6875
101815.0390625
101714.7421875
101612.78125
101511.5625
101409.140625
101309.5703125
101208.7578125
101108.84375
101009.21875
100912.4765625
100813.125
100716.2890625
100618.6953125
100522.125
100424.09375
100325.546875
100227.21875
100127.2265625
100029.03125
99932.421875
99835.3046875
99739.9921875
99641.328125
99542.8359375
99442.3828125
99344.46875
99247.0234375
99153.6015625
99058.5625
98966.7265625
98870.5546875
98775.265625
98680.453125
98586.84375
98492.578125
98395.015625
98297.359375
98198.03125
98099.234375
98003.109375
97906.875
97813.546875
97718.8125
97624.4609375
97530.3046875
97435.234375
97340.484375
97245.96875
97152.65625
97059.015625
96966.4453125
96873.3046875
96780.6015625
96689.234375
96596.5703125
96502.40625
96409.5234375
96316.125
96222.6796875
96130.203125
96038.609375
95948.40625
95858.6171875
95767.390625
95677.4375
95587.1484375
95499.9296875
95411.578125
95319.8515625
95223.640625
95128.9765625
95037.8046875
94954.875
94869.765625
94782.09375
94690.171875
94599.828125
94508.765625
94416.328125
94323.28125
94233.6796875
94146.3203125
94060.90625
93973.296875
93883.453125
93792.5078125
93703.890625
93616.625
93528.015625
93438.71875
93348.09375
93259.3984375
93173.7421875
93087.8203125
93000.828125
92912.5625
92824.078125
92735.1796875
92648.6484375
92562.7265625
92477.28125
92390.609375
92303.3515625
92215.921875
92131.4453125
92048.4765625
91963.703125
91878.8671875
91791.5078125
91703.6640625
91615.375
91527.8203125
91441.78125
91355.890625
91272.046875
91189.21875
91105.4609375
91021.71875
90936.3984375
90849.8984375
90763.6171875
90675.9140625
90591.2421875
90507.1953125
90425.3984375
90344.171875
90262.015625
90179.3828125
90095.7109375
90011.7890625
89927.9609375
89846.6328125
89766.359375
89686.453125
89605.875
89524.6484375
89441.515625
89357.453125
89275.71875
89195.0703125
89116.578125
89037.4453125
88955.9765625
88874.0625
88793.234375
88715.078125
88635.984375
88555.09375
88472.5703125
88386.8515625
88303.28125
88218.2109375
88135.1875
88055.1796875
87977.2265625
87900.6875
87824.8359375
87744.7734375
87665.9296875
87583.921875
87502.1953125
87422.6953125
87344.71875
87264.4375
87182.015625
87096.5390625
87012.9453125
86934.1328125
86858.1640625
86784.3046875
86707.546875
86629.71875
86552.7109375
86475.609375
86399.2890625
86323.0859375
86245.0
86165.421875
86087.4296875
86008.859375
85930.875
85853.71875
85776.3828125
85698.671875
85620.3125
85541.859375
85462.8984375
85386.0625
85309.71875
85233.6328125
85159.21875
85084.5859375
85008.7265625
84932.75
84858.34375
84783.8203125
84708.3828125
84631.0234375
84552.6328125
84476.4453125
84399.3203125
84321.3515625
84242.3671875
84163.421875
84087.4453125
84012.4140625
83940.0078125
83868.2109375
83793.5625
83717.9453125
83643.7890625
83570.3203125
83498.4609375
83426.265625
83353.2421875
83279.0859375
83203.3203125
83127.8671875
83052.609375
82978.3828125
82903.8203125
82831.6796875
82758.9375
82686.953125
82616.5078125
82544.4375
82473.765625
82404.484375
82335.8125
82268.3359375
82198.3359375
82127.7421875
82056.828125
81986.015625
81916.6484375
81845.3203125
81774.4921875
81700.140625
81624.34375
81548.625
81474.4375
81401.3359375
81329.328125
81259.0
81185.2890625
81143.8046875
81100.828125
81035.1796875
80999.0
80943.5625
80890.4921875
80850.3359375
80792.40625
80746.40625
80699.1796875
80644.953125
80599.953125
80549.9453125
80500.3046875
80453.546875
80402.1328125
80354.09375
80306.40625
80256.90625
80208.8984375
80160.4375
80111.640625
80064.7421875
80015.546875
79966.828125
79919.4375
79871.0546875
79822.9921875
79775.0859375
79727.1796875
79679.4921875
79631.515625
79583.2734375
79536.109375
79488.03125
79440.1328125
79392.8828125
79344.0859375
79297.8828125
79249.90625
79202.34375
79154.640625
79107.7734375
79059.796875
79012.5234375
78965.03125
78918.0078125
78870.75
78822.8828125
78775.90625
78728.7109375
78681.3984375
78634.0
78587.4140625
78540.546875
78492.8828125
78446.6328125
78399.65625
78352.75
78306.0078125
78258.921875
78212.2109375
78165.1484375
78118.75
78071.796875
78025.2890625
77978.671875
77932.3125
77885.328125
77839.421875
77792.8671875
77746.5546875
77699.9765625
77653.8515625
77607.6015625
77560.90625
77514.703125
77468.9296875
77421.7265625
77376.546875
77330.171875
77283.6015625
77237.9375
77191.4765625
77145.7890625
77100.484375
77053.75
77008.109375
76962.5625
76916.2578125
76869.953125
76824.765625
76778.890625
76732.46875
76687.2421875
76641.484375
76595.84375
76550.609375
76504.65625
76459.6484375
76413.75
76369.234375
76322.9296875
76278.015625
76232.1796875
76187.0703125
76142.5390625
76096.625
76052.0703125
76007.03125
75961.375
75915.671875
75871.2109375
75826.15625
75781.296875
75735.203125
75691.28125
75646.6484375
75601.46875
75557.703125
75512.0390625
75467.5625
75423.40625
75377.859375
75333.59375
75288.7578125
75244.703125
75199.5
75154.75
75110.921875
75066.7421875
75022.0546875
74977.6484375
74933.5390625
74888.7734375
74844.734375
74800.6953125
74757.3984375
74713.125
74668.984375
74624.34375
74580.71875
74536.3671875
74493.015625
74448.5859375
74405.765625
74361.5625
74317.5703125
74273.75
74230.7890625
74186.3046875
74143.328125
74099.1640625
74056.375
74012.7265625
73969.109375
73925.28125
73883.2265625
73838.84375
73795.9765625
73752.0
73709.7109375
73665.890625
73623.1328125
73580.25
73536.671875
73493.578125
73450.7421875
73407.296875
73364.203125
73322.484375
73278.7734375
73234.9296875
73192.078125
73149.2421875
73107.0546875
73064.625
73021.34375
72977.671875
72935.515625
72892.8125
72850.046875
72807.1953125
72764.703125
72721.96875
72679.578125
72637.2890625
72594.6015625
72551.984375
72509.046875
72467.3359375
72424.625
72381.6796875
72339.421875
72297.046875
72255.3828125
72212.8203125
72170.7734375
72128.3203125
72086.375
72044.2890625
72002.296875
71960.5859375
71918.671875
71876.4140625
71834.25
71792.3125
71751.2734375
71709.3828125
71667.953125
71625.953125
71583.640625
71542.9453125
71501.5625
71460.1875
71418.453125
71376.671875
71335.671875
71294.28125
71252.328125
71211.7890625
71169.9921875
71129.1171875
71087.328125
71046.15625
71005.2734375
70964.0546875
70922.484375
70881.328125
70840.7109375
70799.2109375
70758.03125
70716.96875
70676.2578125
70635.203125
70593.8828125
70553.8359375
70512.5078125
70471.390625
70430.375
70389.515625
70349.5859375
70308.6640625
70268.140625
70227.1796875
70186.9609375
70146.25
70105.546875
70064.8515625
70025.203125
69984.8046875
69943.671875
69903.390625
69862.8671875
69822.9140625
69782.7734375
69742.359375
69702.4609375
69662.875
69621.6796875
69581.890625
69541.8359375
69502.109375
69461.9609375
69421.53125
69381.859375
69341.9296875
69302.1015625
69262.3046875
69222.5390625
69182.2265625
69142.2734375
69102.921875
69063.7421875
69024.2265625
68984.1328125
68944.03125
68904.515625
68864.9140625
68825.9375
68786.9765625
68747.1640625
68707.859375
68667.3828125
68628.796875
68588.765625
68549.3828125
68509.5546875
68469.7734375
68430.828125
68391.5859375
68351.609375
68312.359375
68274.484375
68235.359375
68196.3203125
68157.25
68117.34375
68076.78125
68036.4609375
67997.2421875
67958.8203125
67919.59375
67880.109375
67840.2109375
67801.328125
67762.9609375
67723.4296875
67684.7734375
67644.796875
67605.9609375
67567.625
67528.0234375
67488.9296875
67450.0625
67411.1484375
67371.9140625
67333.671875
67294.703125
67255.4609375
67216.59375
67177.96875
67139.0703125
67101.0
67061.8828125
67023.171875
66984.796875
66945.96875
66907.578125
66868.9140625
66830.140625
66791.3828125
66753.484375
66714.9765625
66676.6875
66638.390625
66599.765625
66561.734375
66523.859375
66485.265625
66447.2578125
66408.4765625
66370.9375
66332.21875
66295.4453125
66257.171875
66219.21875
66180.9140625
66142.796875
66105.203125
66067.0546875
66029.296875
65991.9296875
65953.9140625
65916.875
65878.15625
65841.5
65803.28125
65766.3671875
65728.2421875
65690.953125
65653.484375
65616.2734375
65578.8515625
65541.1953125
65503.4140625
65465.99609375
65429.05078125
65391.984375
65355.00390625
65318.41796875
65280.2890625
65243.8125
65207.26171875
65170.609375
65133.26171875
65096.29296875
65058.8515625
65021.0546875
64984.87890625
64947.60546875
64910.52734375
64873.9296875
64837.08203125
64800.609375
64763.5
64727.16796875
64690.6171875
64653.515625
64617.2421875
64580.9921875
64543.87890625
64506.94921875
64470.8515625
64434.51171875
64397.71875
64361.50390625
64325.13671875
64288.5546875
64252.3828125
64216.9375
64180.671875
64144.5859375
64109.1328125
64073.140625
64037.74609375
64001.98828125
63965.34375
63929.76171875
63893.0078125
63857.21484375
63821.62890625
63785.546875
63750.453125
63714.6796875
63679.06640625
63643.2265625
63607.4765625
63571.640625
63536.484375
63500.7890625
63465.03125
63429.65234375
63394.3671875
63359.109375
63323.8828125
63288.22265625
63253.17578125
63217.3828125
63182.3671875
63146.953125
63112.17578125
63076.74609375
63041.79296875
63006.83984375
62971.68359375
62936.703125
62902.83984375
62867.5859375
62833.21484375
62798.21484375
62763.06640625
62727.5234375
62692.59375
62657.40234375
62622.69921875
62588.3046875
62553.42578125
62519.328125
62484.640625
62449.76171875
62415.3984375
62379.9921875
62345.65234375
62310.71484375
62276.34765625
62241.9296875
62207.17578125
62172.7890625
62138.68359375
62104.625
62070.4140625
62036.5234375
62002.2265625
61968.08984375
61934.046875
61899.7734375
61864.84375
61830.265625
61796.47265625
61765.09375
61735.2421875
61705.80078125
61667.625
61627.96875
61596.12890625
61562.95703125
61525.71484375
61492.3828125
61460.14453125
61424.04296875
61391.453125
61359.2421875
61323.75390625
61289.7109375
61256.8359375
61220.6953125
61187.25390625
61153.765625
61120.015625
61087.14453125
61053.78515625
61019.2578125
60986.03125
60952.515625
60919.67578125
60887.0078125
60853.44921875
60821.23828125
60788.578125
60755.99609375
60724.19921875
60691.12890625
60658.12109375
60625.0390625
60591.5859375
60559.16796875
60527.01171875
60496.05859375
60464.8828125
60433.38671875
60399.5859375
60365.7265625
60332.81640625
60299.6328125
60266.98046875
60234.21875
60201.6171875
60167.6328125
60134.33984375
60101.21484375
60069.2265625
60037.58203125
60006.28125
59975.734375
59945.578125
59914.95703125
59883.30859375
59850.73828125
59817.48828125
59785.46484375
59754.4296875
59723.953125
59693.62109375
59661.01171875
59627.03125
59594.17578125
59561.2265625
59529.5390625
59499.17578125
59467.6875
59435.14453125
59402.4375
59368.73046875
59335.515625
59301.89453125
59268.22265625
59233.9453125
59199.77734375
59166.875
59134.5625
59102.5234375
59070.67578125
59038.91015625
59007.765625
58976.0703125
58943.67578125
58911.61328125
58879.05078125
58846.50390625
58814.60546875
58782.546875
58750.3515625
58719.6484375
58688.24609375
58657.109375
58626.04296875
58594.4921875
58563.265625
58532.265625
58502.109375
58471.73046875
58440.53125
58409.3046875
58378.05078125
58346.84375
58315.2421875
58283.15234375
58250.90234375
58220.1875
58190.359375
58161.66015625
58132.19921875
58101.80078125
58071.484375
58039.5546875
58006.40625
57972.87890625
57941.2421875
57909.86328125
57879.48046875
57849.09375
57819.40234375
57789.23046875
57759.2265625
57728.6796875
57697.5
57666.32421875
57635.26953125
57603.703125
57572.96875
57542.63671875
57512.76171875
57483.3671875
57452.4921875
57422.37109375
57390.0546875
57357.60546875
57325.46484375
57294.7265625
57264.6484375
57235.48828125
57206.56640625
57177.27734375
57147.33984375
57117.1328125
57087.0
57056.21875
57026.26171875
56997.64453125
56968.16796875
56939.5234375
56911.484375
56881.8671875
56853.796875
56825.03125
56796.55859375
56767.3828125
56736.37109375
56704.90234375
56672.203125
56638.5703125
56606.53125
56576.57421875
56547.1640625
56519.328125
56490.26953125
56460.4609375
56429.640625
56399.00390625
56368.8203125
56339.3359375
56309.77734375
56280.171875
56249.9921875
56219.7265625
56189.7890625
56161.3359375
56132.6953125
56104.86328125
56076.2421875
56047.62109375
56018.359375
55988.4609375
55958.37109375
55928.86328125
55899.70703125
55870.35546875
55842.30859375
55814.34375
55785.3125
55756.52734375
55728.40625
55699.55078125
55670.921875
55641.5078125
55612.4140625
55582.0859375
55550.984375
55520.05859375
55489.7421875
55460.1796875
55430.8671875
55402.63671875
55374.125
55345.58984375
55315.1015625
55285.375
55255.6328125
55226.94921875
55197.8046875
55170.2734375
55142.1953125
55114.20703125
55085.1796875
55057.32421875
55029.5078125
55001.6875
54974.3203125
54946.6171875
54919.0859375
54890.43359375
54860.68359375
54831.390625
54801.7109375
54772.8203125
54744.6171875
54717.265625
54689.8125
54661.9453125
54631.84375
54601.46484375
54573.0078125
54545.890625
54519.8203125
54494.140625
54467.94140625
54440.9140625
54413.22265625
54386.05078125
54358.6953125
54331.58984375
54303.3671875
54276.19921875
54250.2421875
54224.203125
54198.359375
54169.75390625
54140.07421875
54109.59765625
54079.8671875
54051.3984375
54024.046875
53997.640625
53970.0859375
53941.828125
53913.76171875
53885.890625
53857.46875
53829.203125
53800.16796875
53771.07421875
53742.8359375
53714.109375
53686.41796875
53657.9921875
53630.26171875
53602.9921875
53576.65234375
53550.37890625
53525.0234375
53497.9609375
53470.54296875
53442.59375
53415.15234375
53388.7734375
53362.453125
53335.9921875
53308.7265625
53281.25
53254.1875
53227.05859375
53200.984375
53174.96484375
53148.1875
53121.19921875
53094.16015625
53067.5859375
53041.28125
53014.66015625
52988.7578125
52963.328125
52935.7109375
52909.640625
52881.81640625
52854.1953125
52826.078125
52797.8671875
52769.40625
52741.890625
52714.4296875
52687.40625
52660.8984375
52634.171875
52608.46875
52583.41015625
52558.2890625
52533.40625
52508.84375
52482.5625
52457.55859375
52432.24609375
52407.21875
52380.54296875
52354.05859375
52327.23828125
52300.80078125
52274.74609375
52250.12890625
52226.484375
52202.578125
52176.140625
52149.375
52122.41796875
52095.96484375
52071.90625
52048.88671875
52026.203125
52001.8984375
51974.6875
51945.83203125
51915.9296875
51884.53515625
51854.2578125
51825.9140625
51799.4140625
51774.2734375
51749.76171875
51724.63671875
51698.9453125
51672.4375
51645.93359375
51619.859375
51593.75
51567.91015625
51540.984375
51514.3515625
51486.33203125
51459.578125
51432.26171875
51405.8984375
51379.57421875
51353.31640625
51326.55859375
51300.9921875
51275.73046875
51250.1015625
51225.671875
51200.23828125
51175.2578125
51149.81640625
51125.30078125
51101.3828125
51076.8984375
51052.16015625
51028.0078125
51003.1015625
50978.21875
50953.296875
50927.7890625
50903.125
50877.78515625
50853.06640625
50828.8671875
50804.58984375
50780.140625
50755.5390625
50730.1796875
50704.94921875
50678.69921875
50652.8359375
50627.203125
50601.546875
50576.734375
50551.80859375
50527.30078125
50503.28125
50478.80078125
50453.8203125
50428.703125
50402.6328125
50376.28125
50350.78515625
50325.4296875
50300.671875
50275.65625
50252.23046875
50228.171875
50203.984375
50179.765625
50155.13671875
50130.0703125
50105.4609375
50080.7109375
50055.921875
50032.15625
50006.98828125
49982.8359375
49958.67578125
49935.359375
49912.75390625
49889.54296875
49865.7421875
49841.4296875
49815.7109375
49790.359375
49764.59765625
49739.96875
49715.15234375
49689.87109375
49663.71875
49638.27734375
49612.140625
49588.02734375
49563.671875
49539.640625
49515.99609375
49491.9140625
49468.109375
49444.625
49421.8125
49399.53125
49377.94140625
49356.08984375
49333.77734375
49309.81640625
49284.85546875
49258.203125
49230.76171875
49204.37109375
49179.81640625
49156.6796875
49135.33984375
49114.296875
49091.28515625
49068.12890625
49044.796875
49020.765625
48997.65234375
48974.375
48951.09375
48925.84765625
48900.1328125
48874.07421875
48848.921875
48825.8984375
48802.7734375
48778.81640625
48752.75
48726.80859375
48701.25390625
48676.91796875
48653.9609375
48630.69921875
48607.4140625
48583.81640625
48559.83203125
48534.98046875
48510.0703125
48485.33984375
48459.890625
48435.28515625
48410.8046875
48387.4375
48364.578125
48342.7890625
48320.6484375
48298.89453125
48276.609375
48254.79296875
48232.6796875
48210.62109375
48187.90625
48164.76953125
48140.76953125
48116.12890625
48091.47265625
48066.95703125
48042.83984375
48019.10546875
47995.3828125
47972.171875
47948.60546875
47925.97265625
47903.265625
47880.9921875
47858.0546875
47834.6640625
47812.33984375
47789.09375
47766.25390625
47743.4765625
47720.8515625
47697.69140625
47675.53125
47652.32421875
47629.484375
47606.640625
47582.92578125
47559.4765625
47536.8125
47514.8828125
47492.6015625
47471.05078125
47447.88671875
47425.51171875
47402.28125
47380.328125
47357.5390625
47336.20703125
47315.30078125
47293.7109375
47271.55078125
47248.63671875
47226.1484375
47204.78515625
47183.6015625
47162.83984375
