7368.43896484375
7363.666015625
7359.32373046875
7355.3623046875
7351.73681640625
7348.41015625
7345.333984375
7342.45703125
7339.73291015625
7337.13916015625
7334.64208984375
7332.2314453125
7329.89990234375
7327.64111328125
7325.46044921875
7323.34814453125
7321.3115234375
7319.337890625
7317.4365234375
7315.595703125
7313.81103515625
7312.0751953125
7310.3857421875
7308.740234375
7307.13623046875
7305.5703125
7304.04638671875
7302.5634765625
7301.1181640625
7299.71142578125
7298.3427734375
7297.01220703125
7295.7158203125
7294.45458984375
7293.2236328125
7292.025390625
7290.85693359375
7289.71923828125
7288.60791015625
7287.5263671875
7286.4736328125
7285.4462890625
7284.4482421875
7283.47265625
7282.52099609375
7281.5927734375
7280.68701171875
7279.80419921875
7278.9423828125
7278.10009765625
7277.2783203125
7276.47607421875
7275.69140625
7274.92724609375
7274.18310546875
7273.4541015625
7272.744140625
7272.046875
7271.369140625
7270.70556640625
7270.056640625
7269.421875
7268.8017578125
7268.19580078125
7267.6025390625
7267.0234375
7266.45458984375
7265.9013671875
7265.359375
7264.83154296875
7264.3134765625
7263.8046875
7263.30712890625
7262.82080078125
7262.34228515625
7261.8759765625
7261.41796875
7260.970703125
7260.533203125
7260.10498046875
7259.685546875
7259.2734375
7258.87158203125
7258.4794921875
7258.0908203125
7257.712890625
7257.3427734375
7256.9775390625
7256.62158203125
7256.2734375
7255.93115234375
7255.5966796875
7255.2685546875
7254.9462890625
7254.630859375
7254.322265625
7254.017578125
7253.720703125
7253.4287109375
7253.1416015625
7252.86083984375
7252.58447265625
7252.3154296875
7252.05078125
7251.7919921875
7251.5361328125
7251.28759765625
7251.0419921875
7250.802734375
7250.56591796875
7250.3359375
7250.10791015625
7249.884765625
7249.666015625
7249.45068359375
7249.24072265625
7249.0341796875
7248.8310546875
7248.63134765625
7248.4365234375
7248.2451171875
7248.056640625
7247.8720703125
7247.69091796875
7247.51171875
7247.33642578125
7247.16455078125
7246.994140625
7246.830078125
7246.66748046875
7246.50732421875
7246.3515625
7246.1962890625
7246.0439453125
7245.89599609375
7245.74853515625
7245.607421875
7245.46337890625
7245.32470703125
7245.1884765625
7245.05615234375
7244.9208984375
7244.79150390625
7244.66552734375
7244.5390625
7244.416015625
7244.2958984375
7244.1787109375
7244.0615234375
7243.94775390625
7243.83544921875
7243.72412109375
7243.61474609375
7243.50341796875
7243.3974609375
7243.2919921875
7243.189453125
7243.08935546875
7242.98828125
7242.890625
7242.79248046875
7242.6982421875
7242.60498046875
7242.51318359375
7242.42236328125
7242.33203125
7242.24365234375
7242.154296875
7242.0712890625
7241.98681640625
7241.9033203125
7241.8203125
7241.740234375
7241.66259765625
7241.58251953125
7241.5048828125
7241.4306640625
7241.35498046875
7241.28173828125
7241.208984375
7241.13720703125
7241.0673828125
7240.9970703125
7240.92724609375
7240.8583984375
7240.79052734375
7240.72314453125
7240.65869140625
7240.59375
7240.52978515625
7240.4658203125
7240.40380859375
7240.341796875
7240.28125
7240.22021484375
7240.16015625
7240.1015625
7240.0439453125
7239.98828125
7239.93115234375
34830160.0
140125.859375
79897.8125
59811.6953125
57444.9296875
55925.125
53693.9296875
53345.171875
52322.60546875
51806.59375
51233.87109375
50133.09765625
48635.20703125
47252.39453125
46162.48046875
45008.41015625
43628.03125
42169.625
40824.1796875
39580.48046875
38273.95703125
36844.98046875
35419.36328125
34122.33203125
32940.46484375
31794.814453125
30662.759765625
29578.458984375
28575.41796875
27662.927734375
26832.166015625
26058.2734375
25317.115234375
24598.203125
23908.333984375
23258.134765625
22617.822265625
21980.462890625
21364.671875
20786.541015625
20255.28125
19765.0859375
19302.59765625
18867.91796875
18454.37109375
18059.41015625
17681.01953125
17322.1796875
16983.107421875
16658.306640625
16346.181640625
16047.2578125
15760.4208984375
15484.2734375
15218.6552734375
14962.5419921875
14712.4716796875
14469.3330078125
14233.71484375
14006.8349609375
13790.240234375
13582.666015625
13380.9921875
13184.880859375
12995.2236328125
12812.119140625
12635.4951171875
12465.017578125
12301.04296875
12142.873046875
11989.8505859375
11841.7998046875
11698.9580078125
11561.234375
11428.2470703125
11299.537109375
11174.7646484375
11053.4423828125
10935.107421875
10819.76171875
10707.6103515625
10598.6015625
10492.6328125
10389.6640625
10289.5654296875
10192.2978515625
10097.4775390625
10004.78125
9914.203125
9825.5107421875
9738.2255859375
9652.02734375
9566.767578125
9482.5029296875
9399.3271484375
9317.3486328125
9236.609375
9157.158203125
9078.9814453125
9002.0166015625
8926.2939453125
8851.8505859375
8778.646484375
8706.673828125
8635.8984375
8566.25
8497.7265625
8430.361328125
8364.109375
8298.958984375
8234.9267578125
8172.125
8110.658203125
8050.3720703125
7991.015625
7932.705078125
7875.42578125
7819.06298828125
7763.642578125
7709.17578125
7655.6474609375
7603.01171875
7551.2548828125
7500.365234375
7450.34912109375
7401.17724609375
7352.82373046875
7305.28369140625
7258.5107421875
7212.576171875
7167.42529296875
7123.04541015625
7079.44921875
7036.59423828125
6994.517578125
6953.19970703125
6912.62646484375
6872.8291015625
6833.77734375
6795.51171875
6758.08154296875
6721.462890625
6685.55615234375
6650.13037109375
6615.4375
6581.78564453125
6549.0751953125
6517.0009765625
6485.4609375
6454.615234375
6424.54150390625
6395.10791015625
6366.173828125
6337.76416015625
6309.97998046875
6282.84326171875
6256.2490234375
6230.11865234375
6204.52099609375
6179.50732421875
6154.99951171875
6130.951171875
6107.3251953125
6084.2001953125
6061.5380859375
6039.27294921875
6017.404296875
5995.9599609375
5974.93359375
5954.322265625
5934.1162109375
5914.4033203125
5895.27197265625
5876.70947265625
5858.3798828125
5839.6513671875
5820.43603515625
5801.916015625
5784.7314453125
5767.78466796875
5750.314453125
5733.18359375
5717.0419921875
5701.0078125
5684.69384765625
5668.89892578125
5653.73193359375
5638.48876953125
5623.2626953125
5608.58642578125
5594.193359375
5579.724609375
5565.51513671875
5551.73828125
5538.07275390625
5524.5029296875
5511.34814453125
5498.5400390625
5485.701171875
5472.7109375
5459.7421875
5447.138671875
5434.9013671875
5422.7021484375
5410.4111328125
5398.330078125
5386.72998046875
5375.3603515625
5363.92578125
5352.51416015625
5341.3681640625
5330.427734375
5319.4912109375
5308.65087890625
5298.08056640625
5287.68896484375
5277.29541015625
5266.91650390625
5256.720703125
5246.70751953125
5236.74609375
5226.84130859375
5217.07421875
5207.46044921875
5197.9169921875
5188.412109375
5178.998046875
5169.6982421875
5160.4912109375
5151.3349609375
5142.26416015625
5133.29345703125
5124.42236328125
5115.6064453125
5106.8505859375
5098.18212890625
5089.6044921875
5081.1064453125
5072.6748046875
5064.31689453125
5056.03173828125
5047.8447265625
5039.751953125
5031.755859375
5023.87060546875
5016.10009765625
5008.4443359375
5000.931640625
4993.5498046875
4986.177734375
4978.4267578125
4970.275390625
4962.568359375
4956.17626953125
4950.5078125
4943.5888671875
4934.1396484375
4924.67578125
4917.7373046875
4911.7724609375
4904.20703125
4895.71826171875
4888.63427734375
4882.2265625
4874.59375
4866.64111328125
4859.943359375
4853.44140625
4845.93701171875
4838.44921875
4831.830078125
4824.97705078125
4817.47509765625
4810.36865234375
4803.75439453125
4796.7509765625
4789.5244140625
4782.65673828125
4775.80908203125
4768.625
4761.61083984375
4754.96630859375
4748.212890625
4741.18701171875
4734.36328125
4727.7470703125
4721.0361328125
4714.24609375
4707.6103515625
4701.0693359375
4694.43896484375
4687.83349609375
4681.38232421875
4675.0087890625
4668.6435546875
4662.3505859375
4656.2275390625
4650.20654296875
4644.22998046875
4638.34912109375
4632.61474609375
4626.9580078125
4621.34228515625
4615.7431640625
4610.11669921875
4604.31201171875
4598.4052734375
4592.63623046875
4587.30615234375
4582.4814453125
4577.98388671875
4573.42236328125
4568.2998046875
4562.2763671875
4555.97119140625
4550.4912109375
4545.9775390625
4541.373046875
4535.90966796875
4530.0517578125
4524.80078125
4520.349609375
4515.92529296875
4511.05810546875
4506.3662109375
4502.0537109375
4498.82861328125
4493.3134765625
4487.57861328125
4481.36083984375
4477.1162109375
4474.2431640625
4469.81396484375
4466.1025390625
4458.4384765625
4455.595703125
4455.42919921875
4446.310546875
4444.63037109375
4450.2060546875
4437.23828125
4435.68359375
4434.1240234375
4424.1865234375
4421.9951171875
4414.0185546875
4409.67431640625
4406.9443359375
4400.2265625
4397.5859375
4390.212890625
4386.08544921875
4382.3896484375
4375.5400390625
4374.28759765625
4366.5888671875
4364.78125
4358.95703125
4355.38330078125
4351.43212890625
4346.5068359375
4343.00341796875
4338.162109375
4333.966796875
4330.2734375
4326.3271484375
4322.82568359375
4318.8740234375
4314.326171875
4310.7060546875
4307.0361328125
4304.294921875
4301.96875
4300.07080078125
4298.509765625
4294.2529296875
4288.01025390625
4282.1787109375
4279.076171875
4277.5185546875
4273.60693359375
4267.64892578125
4262.322265625
4259.81787109375
4258.224609375
4255.25390625
4250.541015625
4246.8466796875
4243.61083984375
4240.2998046875
4235.974609375
4231.7744140625
4228.474609375
4225.087890625
4221.02783203125
4216.85888671875
4213.3505859375
4210.20654296875
4206.65087890625
4202.6181640625
4198.7353515625
4195.34228515625
4192.1875
4189.00732421875
4185.67626953125
4182.2509765625
4178.71435546875
4175.08837890625
4171.57275390625
4168.30126953125
4165.12841796875
4161.88671875
4158.5087890625
4155.18603515625
4152.1611328125
4149.5322265625
4147.294921875
4145.51708984375
4143.35986328125
4139.8037109375
4134.18896484375
4128.76806640625
4125.52783203125
4123.80908203125
4121.419921875
4117.3974609375
4113.2529296875
4110.43115234375
4108.26513671875
4105.2578125
4101.3115234375
4097.7705078125
4095.20654296875
4092.71728515625
4089.484375
4086.08837890625
4083.33251953125
4081.4013671875
4079.27197265625
4077.025390625
4074.67041015625
4072.4912109375
4070.064453125
4067.12744140625
4063.630859375
4060.2275390625
4057.6494140625
4055.40234375
4052.21240234375
4047.8515625
4044.20947265625
4042.27734375
4041.3203125
4039.29443359375
4036.6669921875
4032.99853515625
4029.9609375
4026.99169921875
4023.951171875
4020.44140625
4016.51513671875
4013.4404296875
4011.0224609375
4008.98974609375
4006.564453125
4003.76806640625
4000.86279296875
3997.92529296875
3995.0205078125
3992.00830078125
3989.16748046875
3986.61376953125
3984.36376953125
3982.25341796875
3980.10791015625
3977.912109375
3975.46044921875
3972.51171875
3969.349609375
3966.7900390625
3965.07080078125
3963.6962890625
3961.95654296875
3959.6533203125
3956.85009765625
3953.6904296875
3950.3173828125
3947.1552734375
3944.63037109375
3942.6103515625
3940.39453125
3937.4541015625
3934.34375
3931.88720703125
3930.10498046875
3928.3046875
3925.9501953125
3923.38916015625
3921.16162109375
3919.3173828125
3917.3330078125
3914.9072265625
3912.4345703125
3910.46826171875
3909.09619140625
3907.91162109375
3906.29345703125
3904.11376953125
3901.232421875
3898.3974609375
3895.81298828125
3893.970703125
3892.0205078125
3890.0361328125
3887.56494140625
3885.17041015625
3883.1923828125
3881.8564453125
3881.10546875
3880.9326171875
3881.171875
3880.89013671875
3878.41064453125
3873.373046875
3868.0341796875
3864.75732421875
3863.3310546875
3861.6875
3858.5107421875
3854.822265625
3852.576171875
3852.07470703125
3851.34619140625
3849.734375
3847.447265625
3847.1279296875
3847.29345703125
3847.498046875
3844.93310546875
3840.390625
3834.7802734375
3831.5546875
3830.53955078125
3828.8984375
3824.9560546875
3820.0283203125
3816.75537109375
3814.4345703125
3811.2412109375
3808.20166015625
3806.69287109375
3805.61767578125
3803.78271484375
3801.1806640625
3798.5771484375
3796.0654296875
3793.4609375
3791.7822265625
3790.90234375
3789.7138671875
3788.185546875
3786.66357421875
3785.32177734375
3783.365234375
3781.1240234375
3778.9814453125
3777.27783203125
3775.41015625
3773.537109375
3771.36865234375
3768.7392578125
3766.193359375
3763.89208984375
3761.7578125
3759.5
3757.4130859375
3755.46044921875
3753.751953125
3751.7294921875
3749.248046875
3746.35546875
3743.6748046875
3741.59765625
3740.29736328125
3739.1552734375
3737.58203125
3735.20703125
3732.45654296875
3730.01953125
3728.42578125
3728.3046875
3727.8876953125
3728.6328125
3723.98583984375
3720.61328125
3718.857421875
3717.513671875
3715.2333984375
3710.6201171875
3707.89990234375
3706.765625
3704.69189453125
3702.1845703125
3699.63916015625
3698.57861328125
3697.9384765625
3696.0244140625
3693.71875
3691.5595703125
3690.3544921875
3688.9814453125
3687.02587890625
3685.255859375
3683.8837890625
3682.4140625
3680.71240234375
3679.78955078125
3680.166015625
3680.6875
3681.33984375
3680.880859375
3680.072265625
3677.1416015625
3673.7978515625
3671.05810546875
3670.17431640625
3671.39111328125
3673.1474609375
3674.03759765625
3670.9111328125
3665.59326171875
3661.5146484375
3661.65380859375
3663.01171875
3661.4912109375
3655.3310546875
3647.978515625
3644.4501953125
3645.62939453125
3648.04296875
3647.84619140625
3644.875
3641.62744140625
3639.9462890625
3638.68603515625
3636.2412109375
3632.66845703125
3629.74658203125
3627.8818359375
3626.9609375
3624.6640625
3622.009765625
3617.978515625
3614.8818359375
3612.59521484375
3611.33935546875
3610.62353515625
3610.220703125
3610.31982421875
3610.77978515625
3611.20703125
3609.69189453125
3605.533203125
3599.8203125
3595.40576171875
3594.01416015625
3594.259765625
3593.818359375
3590.85791015625
3586.5595703125
3582.66943359375
3580.65966796875
3579.703125
3578.6259765625
3576.7216796875
3574.654296875
3573.1337890625
3571.724609375
3569.640625
3566.826171875
3564.3974609375
3562.919921875
3562.138671875
3561.01171875
3559.33642578125
3557.5576171875
3556.083984375
3554.85888671875
3553.3623046875
3551.82373046875
3550.4345703125
3549.38330078125
3548.45068359375
3547.5546875
3547.376953125
3547.8681640625
3548.87109375
3549.17919921875
3548.6376953125
3546.7001953125
3544.814453125
3542.8193359375
3542.1357421875
3540.447265625
3539.20068359375
3536.1943359375
3533.4951171875
3530.353515625
3527.05322265625
3523.58984375
3520.53466796875
3518.99658203125
3518.8388671875
3519.58984375
3519.658203125
3518.91845703125
3517.30078125
3515.4697265625
3513.30078125
3510.9248046875
3507.9111328125
3504.900390625
3502.17333984375
3500.38818359375
3499.37646484375
3498.755859375
3498.396484375
3497.8212890625
3497.3212890625
3495.6279296875
3492.8623046875
3488.90380859375
3485.58837890625
3483.818359375
3483.70751953125
3484.05322265625
3484.0546875
3483.140625
3481.8916015625
3480.15234375
3478.14697265625
3475.4306640625
3472.22314453125
3468.6865234375
3465.30419921875
3462.5859375
3461.203125
3460.5693359375
3459.77783203125
3457.43359375
3453.73046875
3449.697265625
3446.72314453125
3445.091796875
3444.1845703125
3443.18115234375
3441.7236328125
3439.6396484375
3437.86328125
3435.68359375
3434.646484375
3432.95068359375
3432.0517578125
3430.81396484375
3429.31884765625
3427.10595703125
3424.0986328125
3421.20849609375
3418.99462890625
3417.64794921875
3416.080078125
3413.21484375
3409.42041015625
3404.546875
3399.14599609375
3392.53125
3386.7353515625
3382.6953125
3378.71484375
3373.0595703125
3367.24853515625
3364.0517578125
3362.45849609375
3358.5224609375
3351.4501953125
3343.5732421875
3338.75927734375
3337.4541015625
3338.3271484375
3339.30517578125
3338.85107421875
3336.14599609375
3331.90576171875
3327.98681640625
3324.7431640625
3322.3125
3320.8154296875
3320.7705078125
3321.55517578125
3323.0166015625
3324.1494140625
3325.85302734375
3325.2998046875
3324.005859375
3318.34521484375
3312.79638671875
3307.53076171875
3305.453125
3305.86865234375
3306.71630859375
3306.72119140625
3305.103515625
3303.45166015625
3301.59228515625
3299.78369140625
3298.5009765625
3297.416015625
3296.78564453125
3295.3369140625
3293.10107421875
3289.8984375
3286.724609375
3284.1845703125
3282.771484375
3282.3857421875
3282.95458984375
3283.8759765625
3285.06494140625
3286.228515625
3287.50048828125
3287.57421875
3286.12841796875
3282.876953125
3279.09912109375
3276.4775390625
3276.2353515625
3277.87646484375
3279.5068359375
3279.2822265625
3275.8076171875
3270.4482421875
3264.7822265625
3260.97607421875
3259.16357421875
3258.19287109375
3256.91845703125
3254.3125
3251.41015625
3248.64794921875
3246.880859375
3245.541015625
3243.7802734375
3241.02978515625
3237.7724609375
3235.32861328125
3234.40576171875
3234.84228515625
3235.3291015625
3235.234375
3234.10546875
3233.00830078125
3231.91943359375
3230.9716796875
3229.37353515625
3227.41015625
3225.35595703125
3223.9912109375
3222.95556640625
3221.97119140625
3220.34619140625
3218.48486328125
3216.25
3214.673828125
3213.1376953125
3212.59521484375
3212.216796875
3212.5322265625
3212.79345703125
3213.12548828125
3213.47900390625
3213.9501953125
3214.48828125
3215.4384765625
3216.92919921875
3219.5126953125
3222.74267578125
3223.22802734375
3220.9453125
3217.3369140625
3217.95849609375
3223.3759765625
3225.8408203125
3215.83154296875
3205.88134765625
3209.73779296875
3216.46142578125
3208.91796875
3200.00830078125
3197.2626953125
3189.5009765625
3178.84521484375
3178.53271484375
3179.90869140625
3174.396484375
3172.791015625
3176.9970703125
3175.44970703125
3171.58203125
3169.6845703125
3166.6943359375
3164.27099609375
3165.35986328125
3163.74609375
3158.29248046875
3154.02880859375
3149.51513671875
3144.30859375
3142.0810546875
3141.814453125
3140.5302734375
3139.16162109375
3138.32421875
3136.97998046875
3136.1875
3136.85009765625
3137.5419921875
3137.99658203125
3138.7216796875
3138.87548828125
3140.14599609375
3141.01708984375
3143.369140625
3140.4013671875
3136.8115234375
3130.83837890625
3126.4501953125
3124.21484375
3124.1689453125
3124.111328125
3121.83544921875
3118.31640625
3114.67138671875
3112.8974609375
3113.38671875
3114.77783203125
3115.41796875
3114.18994140625
3111.76171875
3109.0712890625
3107.84033203125
3108.51513671875
3110.9267578125
3113.03369140625
3114.3056640625
3113.59130859375
3112.0341796875
3109.58349609375
3107.12158203125
3104.17626953125
3101.31103515625
3098.478515625
3096.7587890625
3095.6640625
3095.7685546875
3095.05908203125
3094.041015625
3092.1875
3092.5009765625
3094.2353515625
3096.6630859375
3097.06591796875
3095.23193359375
3092.68017578125
3090.0537109375
3087.75732421875
3085.72607421875
3085.0029296875
3085.0810546875
3085.35009765625
3084.447265625
3082.7373046875
3080.4267578125
3077.9267578125
3075.30615234375
3072.91650390625
3070.93505859375
3069.5302734375
3067.98828125
3065.6103515625
3062.34521484375
3059.33935546875
3057.5107421875
3056.912109375
3056.76708984375
3056.3720703125
3055.45361328125
3054.22998046875
3053.1201171875
3052.5771484375
3052.5576171875
3053.04931640625
3039.72265625
3041.5078125
3045.556640625
3035.31640625
3040.92529296875
3038.39990234375
3033.89306640625
3037.8779296875
3033.47119140625
3032.7685546875
3033.8837890625
3030.462890625
3030.84716796875
3030.2783203125
3028.21875
3028.40087890625
3027.359375
3026.0517578125
3025.91650390625
3024.84423828125
3023.8876953125
3023.56689453125
3022.54296875
3021.79931640625
3021.33837890625
3020.38525390625
3019.765625
3019.19189453125
3018.3564453125
3017.76171875
3017.140625
3016.37890625
3015.7685546875
3015.1484375
3014.42041015625
3013.814453125
3013.1904296875
3012.48388671875
3011.89990234375
3011.259765625
3010.57763671875
3010.00048828125
3009.3447265625
3008.697265625
3008.11669921875
3007.4541015625
3006.833984375
3006.2265625
3005.5849609375
3004.97509765625
3004.34814453125
3003.71240234375
3003.0966796875
3002.4775390625
3001.8515625
3001.232421875
3000.6181640625
2999.9970703125
2999.376953125
2998.759765625
2998.13525390625
2997.5185546875
2996.8994140625
2996.2744140625
2995.6650390625
2995.04443359375
2994.421875
2993.80078125
2993.181640625
2992.560546875
2991.94189453125
2991.31201171875
2990.6875
2990.06591796875
2989.44287109375
2988.82373046875
2988.2060546875
2987.58447265625
2986.966796875
2986.34423828125
2985.724609375
2985.10400390625
2984.478515625
2983.85986328125
2983.244140625
2982.6181640625
2982.0
2981.3798828125
2980.76171875
2980.138671875
2979.51904296875
2978.89404296875
2978.28076171875
2977.6611328125
2977.0478515625
2976.4287109375
2975.8134765625
2975.2001953125
2974.5791015625
2973.962890625
2973.3505859375
2972.73876953125
2972.13037109375
2971.5146484375
2970.90234375
2970.291015625
2969.6796875
2969.06787109375
2968.4599609375
2967.85546875
2967.2490234375
2966.63232421875
2966.029296875
2965.4345703125
2964.8193359375
2964.22216796875
2963.62255859375
2963.01513671875
2962.4091796875
2961.81005859375
2961.20654296875
2960.6103515625
2960.009765625
2959.41748046875
2958.82421875
2958.22265625
2957.6279296875
2957.029296875
2956.43603515625
2955.8427734375
2955.24658203125
2954.65234375
2954.060546875
2953.46728515625
2952.86962890625
2952.27294921875
2951.67822265625
2951.08544921875
2950.49365234375
2949.89990234375
2949.3046875
2948.71533203125
2948.1279296875
2947.533203125
2946.93896484375
2946.3515625
2945.76025390625
2945.17138671875
2944.5830078125
2943.99267578125
2943.40625
2942.814453125
2942.22998046875
2941.6376953125
2941.052734375
2940.46484375
2939.884765625
2939.294921875
2938.70947265625
2938.12255859375
2937.53076171875
2936.95166015625
2936.3642578125
2935.775390625
2935.1953125
2934.609375
2934.021484375
2933.4384765625
2932.8486328125
2932.26708984375
2931.68212890625
2931.0966796875
2930.51416015625
2929.93115234375
2929.341796875
2928.7568359375
2928.1728515625
2927.59521484375
2927.0126953125
2926.4296875
2925.84716796875
2925.26953125
2924.69287109375
2924.103515625
2923.517578125
2922.92822265625
2922.34130859375
2921.7548828125
2921.1611328125
2920.5732421875
2919.97119140625
2919.365234375
2918.75390625
2918.1318359375
2917.48193359375
2916.802734375
2916.0830078125
2915.27685546875
2914.3369140625
2913.17626953125
2911.65771484375
2909.59375
2906.94580078125
2904.01416015625
2901.376953125
2899.36474609375
2897.81640625
2896.5126953125
2895.5029296875
2894.91943359375
2894.41015625
2893.6103515625
2892.71728515625
2891.99560546875
2891.3408203125
2890.70361328125
2890.52734375
2892.3056640625
2894.322265625
2890.3759765625
2887.6181640625
2888.46337890625
2886.4384765625
2885.93798828125
2884.341796875
2883.74609375
2882.88330078125
2882.1767578125
2881.33837890625
2880.47802734375
2880.30517578125
2878.62255859375
2878.88720703125
2877.45166015625
2877.08203125
2876.26513671875
2875.57763671875
2874.90234375
2874.142578125
2873.6435546875
2872.78271484375
2872.296875
2871.48583984375
2871.00732421875
2870.13525390625
2869.74267578125
2868.873046875
2868.38134765625
2867.697265625
2867.06640625
2866.4521484375
2865.79736328125
2865.1953125
2864.515625
2863.93408203125
2863.25146484375
2862.671875
2862.001953125
2861.40869140625
2860.7421875
2860.1435546875
2859.51025390625
2858.87109375
2858.263671875
2857.623046875
2857.005859375
2856.35498046875
2855.7333984375
2855.09375
2854.46728515625
2853.82763671875
2853.181640625
2852.54541015625
2851.89453125
2851.25048828125
2850.59375
2849.94921875
2849.28662109375
2848.63818359375
2847.9716796875
2847.31640625
2846.6396484375
2845.96728515625
2845.27587890625
2844.5908203125
2843.90234375
2843.205078125
2842.4951171875
2841.78466796875
2841.06640625
2840.34033203125
2839.61328125
2838.88134765625
2838.14501953125
2837.40234375
2836.66259765625
2835.92529296875
2835.1884765625
2834.451171875
2833.72119140625
2833.0078125
2832.2958984375
2831.5947265625
2830.890625
2830.201171875
2829.51220703125
2828.8388671875
2828.16455078125
2827.4921875
2826.82666015625
2826.16650390625
2825.5068359375
2824.85009765625
2824.2001953125
2823.556640625
2822.9072265625
2822.2734375
2821.6357421875
2821.0068359375
2820.3740234375
2819.75537109375
2819.12841796875
2818.51708984375
2817.9013671875
2817.30029296875
2816.69287109375
2816.09130859375
2815.48779296875
2814.89599609375
2814.3037109375
2813.7099609375
2813.1201171875
2812.5341796875
2811.94677734375
2811.36865234375
2810.78125
2810.20166015625
2809.62890625
2809.048828125
2808.46826171875
2807.8974609375
2807.3310546875
2806.7578125
2806.189453125
2805.62451171875
2805.06591796875
2804.5009765625
2803.9345703125
2803.3779296875
2802.8173828125
2802.2587890625
2801.70458984375
2801.14794921875
2800.5908203125
2800.0361328125
2799.47802734375
2798.92333984375
2798.373046875
2797.8232421875
2797.2734375
2796.7236328125
2796.17236328125
2795.62158203125
2795.07373046875
2794.52783203125
2793.9833984375
2793.43310546875
2792.89013671875
2792.3486328125
2791.80419921875
2791.26123046875
2790.7177734375
2790.1748046875
2789.64013671875
2789.09619140625
2788.5546875
2788.013671875
2787.466796875
2786.9326171875
2786.39013671875
2785.85107421875
2785.31103515625
2784.7666015625
2784.22802734375
2783.68701171875
2783.14794921875
2782.60986328125
2782.06494140625
2781.5244140625
2780.98681640625
2780.44775390625
2779.91015625
2779.37353515625
2778.83203125
2778.2939453125
2777.75341796875
2777.216796875
2776.67919921875
2776.13623046875
2775.6005859375
2775.06005859375
2774.521484375
2773.9794921875
2773.4423828125
2772.90380859375
2772.36865234375
2771.82861328125
2771.29052734375
2770.76220703125
2770.21826171875
2769.681640625
2769.14697265625
2768.60498046875
2768.06689453125
2767.52880859375
2766.99267578125
2766.45654296875
2765.9248046875
2765.3837890625
2764.8486328125
2764.310546875
2763.7783203125
2763.2431640625
2762.7109375
2762.17529296875
2761.642578125
2761.12060546875
2760.60107421875
2760.09033203125
2759.59765625
2759.12939453125
2758.70703125
2758.33740234375
2758.072265625
2757.85888671875
2757.74072265625
2757.40234375
2756.85693359375
2755.80419921875
2754.64208984375
2753.6845703125
2753.14599609375
2752.90625
2752.63623046875
2752.11279296875
2751.322265625
2750.5185546875
2749.908203125
2749.4833984375
2749.0849609375
2748.55224609375
2747.90185546875
2747.23828125
2746.68603515625
2746.2216796875
2745.76953125
2745.25048828125
2744.67724609375
2744.12939453125
2743.66015625
2743.259765625
2742.873046875
2742.451171875
2741.9287109375
2741.30419921875
2740.59326171875
2739.88720703125
2739.24560546875
2738.7060546875
2738.2470703125
2737.81201171875
2737.3681640625
2736.91015625
2736.44921875
2735.99609375
2735.5283203125
2734.9912109375
2734.33837890625
2733.61328125
2732.89892578125
2732.26513671875
2731.74267578125
2731.2763671875
2730.81201171875
2730.31298828125
2729.78857421875
2729.28271484375
2728.82080078125
2728.47802734375
2728.2724609375
2728.314453125
2728.64697265625
2729.419921875
2730.4521484375
2731.6259765625
2732.49951171875
2732.63037109375
2732.75927734375
2732.04736328125
2731.03271484375
2729.12255859375
2727.20263671875
2725.63525390625
2724.94873046875
2724.853515625
2725.0263671875
2724.953125
2724.65673828125
2724.1875
2723.70263671875
2723.35009765625
2722.86474609375
2722.26318359375
2721.3994140625
2720.76611328125
2720.75
2721.69482421875
2723.2861328125
2725.04541015625
2726.2255859375
2726.4423828125
2725.28564453125
2723.11181640625
2720.37890625
2718.5654296875
2718.462890625
2719.5283203125
2720.677734375
2720.7666015625
2720.23779296875
2719.54443359375
2719.81689453125
2720.91748046875
2722.27880859375
2723.4404296875
2723.7080078125
2723.8037109375
2723.95361328125
2724.16845703125
2723.6767578125
2722.21337890625
2720.4052734375
2719.3173828125
2719.7587890625
2721.84375
2723.87646484375
2725.5478515625
2724.9384765625
2723.25390625
2719.7783203125
2716.35302734375
2713.93603515625
2713.1953125
2713.48095703125
2713.43408203125
2712.23388671875
2709.7705078125
2707.33837890625
2705.70361328125
2705.3525390625
2705.57373046875
2705.2958984375
2703.8017578125
2701.1064453125
2698.43115234375
2696.57470703125
2696.0751953125
2696.197265625
2695.89599609375
2694.85302734375
2693.3916015625
2692.68896484375
2692.57470703125
2693.3212890625
2693.5068359375
2693.45849609375
2692.525390625
2691.5908203125
2690.59228515625
2689.92919921875
2689.3310546875
2688.46923828125
2687.07080078125
2685.22998046875
2683.3330078125
2681.8876953125
2680.98779296875
2680.65576171875
2680.466796875
2680.3544921875
2679.865234375
2679.310546875
2678.5537109375
2678.0166015625
2677.705078125
2677.876953125
2678.73486328125
2680.5224609375
2682.6298828125
2683.84130859375
2683.1748046875
2681.51611328125
2680.2265625
2679.1669921875
2678.0244140625
2677.3828125
2678.41357421875
2681.21826171875
2684.166015625
2685.69384765625
2685.8974609375
2686.2900390625
2687.27734375
2687.43603515625
2685.52587890625
2681.73779296875
2677.89111328125
2675.15380859375
2674.23974609375
2674.5927734375
2675.25830078125
2675.3388671875
2673.875
2670.8115234375
2666.9130859375
2663.974609375
2662.49853515625
2662.18310546875
2661.89453125
2661.20263671875
2660.62890625
2661.330078125
2663.0283203125
2663.78076171875
2661.6923828125
2658.078125
2655.78564453125
2656.2373046875
2657.46240234375
2656.8486328125
2653.77734375
2649.6591796875
2646.53564453125
2645.06494140625
2644.623046875
2644.17529296875
2643.0517578125
2641.64501953125
2640.56787109375
2640.04150390625
2639.55859375
2638.919921875
2638.48046875
2638.9423828125
2640.3115234375
2642.111328125
2643.6875
2644.9423828125
2646.08935546875
2646.46923828125
2646.400390625
2644.2392578125
2641.47314453125
2637.61279296875
2634.71142578125
2632.7587890625
2632.322265625
2632.6005859375
2632.98583984375
2632.8046875
2632.12451171875
2631.1357421875
2629.814453125
2628.78173828125
2627.66015625
2626.8916015625
2626.228515625
2625.751953125
2625.37158203125
2625.0068359375
2624.43603515625
2623.447265625
2622.1083984375
2620.6005859375
2619.13916015625
2617.65087890625
2616.033203125
2614.478515625
2613.3056640625
2612.828125
2613.10595703125
2613.92724609375
2615.3076171875
2617.2841796875
2619.9853515625
2622.326171875
2621.47509765625
2617.275390625
2614.35693359375
2615.33984375
2617.40380859375
2616.39208984375
2614.03759765625
2613.6240234375
2614.26220703125
2613.02783203125
2610.8525390625
2610.55078125
2611.173828125
2610.236328125
2607.80615234375
2605.8427734375
2604.41943359375
2602.8486328125
2601.203125
2600.28076171875
2599.47314453125
2598.58935546875
2598.0029296875
2597.79541015625
2597.640625
2597.5
2597.88720703125
2598.60498046875
2599.10302734375
2599.01171875
2598.802734375
2598.72265625
2598.83740234375
2599.013671875
2599.091796875
2598.755859375
2597.8291015625
2596.43408203125
2595.00244140625
2593.986328125
2593.798828125
2594.54296875
2595.98974609375
2597.79345703125
2599.38134765625
2600.556640625
2600.54443359375
2599.625
2597.03515625
2593.9951171875
2590.6865234375
2588.47216796875
2587.33642578125
2587.2138671875
2587.09912109375
2586.44970703125
2584.857421875
2582.669921875
2580.38623046875
2578.64013671875
2577.5986328125
2577.140625
2576.744140625
2576.0712890625
2575.06494140625
2573.8681640625
2572.853515625
2572.0751953125
2571.66845703125
2571.59814453125
2571.91796875
2572.927734375
2574.6201171875
2577.21826171875
2580.11865234375
2582.9873046875
2584.45361328125
2584.072265625
2581.1865234375
2577.4140625
2574.029296875
2572.66748046875
2573.10693359375
2574.69677734375
2575.82080078125
2575.31787109375
2572.49560546875
2568.25341796875
2565.05078125
2564.4873046875
2566.2568359375
2568.494140625
2569.54931640625
2569.1650390625
2568.0693359375
2567.638671875
2568.20068359375
2568.86083984375
2567.9052734375
2565.2080078125
2562.1953125
2559.99267578125
2559.1923828125
2558.79638671875
2558.462890625
2557.72509765625
2556.9140625
2555.93701171875
2555.162109375
2554.759765625
2554.73291015625
2554.69677734375
2554.55712890625
2554.6015625
2554.8271484375
2555.0185546875
2554.865234375
2554.06982421875
2553.1640625
2552.11669921875
2551.47412109375
2551.0751953125
2551.033203125
2550.9404296875
2550.81201171875
2550.38232421875
2549.8037109375
2548.59130859375
2547.02392578125
2545.025390625
2543.2490234375
2541.85791015625
2540.92724609375
2540.25830078125
2539.50732421875
2538.47607421875
2536.99462890625
2535.4130859375
2534.060546875
2533.48046875
2533.708984375
2534.4443359375
2535.15673828125
2535.37841796875
2535.20751953125
2534.76318359375
2534.5283203125
2534.4755859375
2534.54443359375
2534.498046875
2534.06640625
2533.4443359375
2532.509765625
2531.6865234375
2530.60498046875
2529.25341796875
2527.4287109375
2525.509765625
2524.16357421875
2523.6865234375
2524.51123046875
2525.99755859375
2528.296875
2530.35205078125
2532.28125
2532.91259765625
2532.17578125
2529.474609375
2525.486328125
2521.00732421875
2517.12353515625
2514.345703125
2512.8623046875
2512.40625
2512.47265625
2512.5126953125
2512.189453125
2511.57080078125
2510.828125
2510.34033203125
2509.908203125
2509.52294921875
2508.8837890625
2508.16357421875
2507.322265625
2506.2236328125
2504.8056640625
2502.99853515625
2501.07421875
2499.0556640625
2497.28759765625
2495.7412109375
2494.79931640625
2494.22314453125
2494.169921875
2494.0927734375
2494.09326171875
2493.64501953125
2493.126953125
2492.2626953125
2491.552734375
2490.78369140625
2490.24267578125
2489.79150390625
2489.63916015625
2489.77587890625
2490.4296875
2491.48828125
2493.08935546875
2494.92724609375
2497.07666015625
2499.197265625
2501.16552734375
2502.03759765625
2501.220703125
2497.91259765625
2493.2421875
2488.71044921875
2486.15771484375
2486.0693359375
2487.810546875
2490.19140625
2491.76123046875
2492.53173828125
2492.01611328125
2491.2109375
2489.7275390625
2488.6025390625
2487.55322265625
2487.171875
2487.27197265625
2487.94580078125
2488.708984375
2489.28564453125
2489.3525390625
2489.126953125
2488.7880859375
2488.33056640625
2487.83251953125
2487.0830078125
2486.16064453125
2484.69140625
2482.6162109375
2479.84521484375
2476.79248046875
2474.08984375
2472.14990234375
2471.0859375
2470.63427734375
2470.63037109375
2470.84521484375
2471.3310546875
2471.9541015625
2472.619140625
2472.998046875
2473.0244140625
2472.7001953125
2472.24755859375
2471.85546875
2471.0009765625
2469.57666015625
2467.08056640625
2464.52783203125
2462.5771484375
2461.87060546875
2461.9423828125
2462.1318359375
2461.646484375
2460.27294921875
2458.3623046875
2456.4501953125
2455.123046875
2454.662109375
2454.75537109375
2455.29443359375
2455.2431640625
2455.017578125
2453.7939453125
2452.63623046875
2451.3701171875
2450.58837890625
2450.21630859375
2450.14990234375
2450.3515625
2450.671875
2451.08837890625
2451.40234375
2451.6796875
2452.181640625
2453.01904296875
2454.6337890625
2456.5166015625
2458.61474609375
2459.7529296875
2459.984375
2458.89990234375
2457.3310546875
2455.50439453125
2453.87646484375
2452.435546875
2451.22509765625
2450.35302734375
2449.99267578125
