15073.177734375
15068.775390625
15064.728515625
15061.0029296875
15057.552734375
15054.369140625
15051.412109375
15048.6572265625
15046.091796875
15043.6943359375
15041.443359375
15039.310546875
15037.287109375
15035.349609375
15033.4970703125
15031.7138671875
15029.99609375
15028.341796875
15026.744140625
15025.2041015625
15023.71484375
15022.279296875
15020.892578125
15019.5517578125
15018.265625
15017.02734375
15015.8310546875
15014.68359375
15013.576171875
15012.5087890625
15011.4736328125
15010.48046875
15009.513671875
15008.587890625
15007.681640625
15006.806640625
15005.9580078125
15005.134765625
15004.337890625
15003.5634765625
15002.8095703125
15002.0751953125
15001.361328125
15000.669921875
14999.994140625
14999.337890625
14998.693359375
14998.0732421875
14997.466796875
14996.875
14996.29296875
14995.73046875
14995.1826171875
14994.6435546875
14994.12109375
14993.60546875
14993.103515625
14992.6123046875
14992.134765625
14991.6640625
14991.208984375
14990.76171875
14990.3251953125
14989.90234375
14989.486328125
14989.0791015625
14988.6767578125
14988.291015625
14987.908203125
14987.5390625
14987.17578125
14986.8193359375
14986.47265625
14986.134765625
14985.802734375
14985.4755859375
14985.16015625
14984.8486328125
14984.544921875
14984.248046875
14983.958984375
14983.67578125
14983.39453125
14983.1220703125
14982.8564453125
14982.595703125
14982.3408203125
14982.091796875
14981.84765625
14981.603515625
14981.3701171875
14981.140625
14980.916015625
14980.6953125
14980.48046875
14980.2666015625
14980.0576171875
14979.85546875
14979.654296875
14979.4580078125
14979.265625
14979.0771484375
14978.890625
14978.7109375
14978.53125
14978.3544921875
14978.18359375
14978.0126953125
14977.84765625
14977.6796875
14977.517578125
14977.359375
14977.201171875
14977.046875
14976.89453125
14976.744140625
14976.5966796875
14976.4501953125
14976.3076171875
14976.16796875
14976.025390625
14975.890625
14975.7529296875
14975.6181640625
14975.4853515625
14975.353515625
14975.2236328125
14975.099609375
14974.9755859375
14974.849609375
14974.7294921875
14974.611328125
14974.4921875
14974.375
14974.259765625
14974.14453125
14974.0322265625
14973.9189453125
14973.8125
14973.7021484375
14973.59765625
14973.494140625
14973.388671875
14973.283203125
14973.18359375
14973.08203125
14972.982421875
14972.8857421875
14972.7890625
14972.69140625
14972.59765625
14972.50390625
14972.41015625
14972.322265625
14972.2314453125
14972.140625
14972.052734375
14971.966796875
14971.8779296875
14971.794921875
14971.708984375
14971.623046875
14971.5400390625
14971.4599609375
14971.3779296875
14971.298828125
14971.220703125
14971.140625
14971.06640625
14970.986328125
14970.9111328125
14970.8359375
14970.76171875
14970.6865234375
14970.6181640625
14970.544921875
14970.474609375
14970.4013671875
14970.3330078125
14970.265625
14970.1953125
14970.1279296875
14970.0625
14969.9951171875
14969.9296875
14969.86328125
14969.7998046875
14969.736328125
14969.673828125
14969.6103515625
14969.546875
14969.486328125
14969.42578125
14969.3681640625
14969.30859375
14969.2509765625
14969.19140625
14969.134765625
14969.0771484375
14969.0224609375
69672378368.0
1661715087360.0
22639956.0
529420576.0
13036762.0
14858617.0
133521.671875
60412.98046875
58382.3359375
59202.25
57385.5859375
53424.9609375
50869.1796875
49680.48828125
49017.9609375
48316.19140625
47387.296875
46405.75390625
45560.53125
44791.21875
44008.58203125
43225.06640625
42467.84375
41807.2578125
41230.1015625
40662.5390625
40047.51953125
39384.95703125
38716.8671875
38095.125
37525.2421875
36974.515625
36416.3359375
35860.76953125
35331.40234375
34829.73046875
34347.33203125
33884.98828125
33445.3984375
33031.71875
32642.4609375
32268.044921875
31896.986328125
31527.67578125
31167.775390625
30822.94921875
30490.544921875
30167.10546875
29850.810546875
29543.7578125
29249.3203125
28964.921875
28685.8515625
28414.4296875
28155.6015625
27911.08203125
27676.650390625
27447.234375
27223.28515625
27006.0625
26795.4765625
26590.205078125
26390.130859375
26195.8046875
26007.685546875
25824.685546875
25646.1015625
25472.27734375
25304.9140625
25145.66015625
25005.12109375
24838.52734375
24688.048828125
24536.375
24393.021484375
24255.72265625
24112.857421875
23976.810546875
23849.560546875
23719.94921875
23596.65234375
23472.7109375
23355.11328125
23238.38671875
23124.1640625
23012.794921875
22904.08984375
22798.404296875
22694.390625
22593.3984375
22495.43359375
22398.8125
22305.14453125
22214.1171875
22124.5390625
22037.73828125
21953.23046875
21870.1328125
21789.279296875
21710.17578125
21632.7109375
21557.33984375
21483.328125
21411.00390625
21340.46875
21271.16796875
21203.181640625
21136.4296875
21070.7265625
21006.25
20942.498046875
20879.716796875
20817.859375
20756.80078125
20696.3828125
20637.0546875
20578.671875
20521.52734375
20466.37890625
20412.685546875
20359.8046875
20308.140625
20257.203125
20207.34765625
20158.681640625
20110.345703125
20062.73828125
20016.109375
19970.244140625
19925.0
19880.599609375
19836.7265625
19793.673828125
19751.53515625
19709.7734375
19668.8125
19628.505859375
19588.79296875
19549.869140625
19511.48046875
19473.546875
19436.078125
19398.76171875
19361.796875
19325.078125
19288.8984375
19253.642578125
19219.12109375
19185.1953125
19151.591796875
19118.23828125
19085.3671875
19052.880859375
19020.875
18989.44921875
18958.6640625
18928.38671875
18898.51953125
18869.03515625
18839.8984375
18811.166015625
18782.9609375
18755.21875
18727.84375
18700.896484375
18674.30078125
18648.06640625
18622.125
18596.4609375
18571.04296875
18545.798828125
18520.71484375
18495.67578125
18470.72265625
18445.7265625
18420.78515625
18395.8046875
18370.83984375
18345.96484375
18321.16796875
18296.44140625
18271.90234375
18247.59375
18223.36328125
18199.19921875
18175.0625
18151.43359375
18128.2265625
18105.173828125
18082.150390625
18059.51171875
18037.34375
18015.384765625
17993.59375
17972.15625
17951.14453125
17930.447265625
17909.91796875
17889.73828125
17869.91015625
17850.34375
17831.078125
17812.1015625
17793.44140625
17775.037109375
17756.833984375
17738.9140625
17721.24609375
17703.81640625
17686.6171875
17669.67578125
17653.19140625
17636.328125
17619.765625
17602.810546875
17586.359375
17570.3984375
17554.58203125
17538.97265625
17523.1875
17507.357421875
17492.7421875
17476.56640625
17461.13671875
17445.470703125
17430.22265625
17415.283203125
17400.55859375
17385.765625
17371.10546875
17357.09375
17342.208984375
17327.966796875
17312.576171875
17297.634765625
17282.48046875
17267.13671875
17251.162109375
17234.30078125
17216.447265625
17197.810546875
17178.84375
17160.041015625
17141.90625
17123.7109375
17106.53515625
17088.9609375
17074.5859375
17060.6953125
17049.46875
17039.537109375
17028.11328125
17013.703125
16996.29296875
16982.173828125
16967.484375
16954.03515625
16940.419921875
16928.37109375
16919.984375
16904.5703125
16892.51953125
16889.33984375
16869.421875
16880.677734375
16913.572265625
16933.2421875
16908.837890625
16902.9609375
16884.921875
16856.44921875
16839.44140625
16815.453125
16784.931640625
16818.7421875
16803.783203125
16828.72265625
16824.30859375
16807.931640625
16805.453125
16785.3046875
16758.07421875
16745.12109375
16728.14453125
16712.107421875
16689.57421875
16670.96875
16659.017578125
16641.96875
16623.7109375
16603.16015625
16593.474609375
16575.80078125
16562.02734375
16555.798828125
16543.84375
16532.3671875
16524.5546875
16513.470703125
16500.421875
16486.96875
16476.96484375
16466.171875
16455.8515625
16447.396484375
16438.12890625
16428.46484375
16420.2890625
16412.126953125
16401.32421875
16390.78515625
16380.3818359375
16370.10546875
16361.265625
16353.287109375
16344.8095703125
16334.947265625
16325.3251953125
16316.58203125
16308.0390625
16299.291015625
16290.2900390625
16281.2587890625
16272.611328125
16264.17578125
16255.7890625
16247.1455078125
16238.607421875
16230.1083984375
16221.546875
16213.0908203125
16204.587890625
16196.0234375
16187.615234375
16179.359375
16171.169921875
16162.8740234375
16154.576171875
16146.2705078125
16138.00390625
16129.810546875
16121.8447265625
16114.048828125
16106.3125
16098.490234375
16090.7587890625
16082.9306640625
16074.9228515625
16066.5361328125
16058.5283203125
16050.736328125
16043.291015625
16035.01171875
16026.8671875
16018.734375
16011.060546875
16003.044921875
15995.0234375
15987.271484375
15979.916015625
15972.5302734375
15964.890625
15957.2294921875
15949.888671875
15942.4306640625
15935.0126953125
15927.2080078125
15919.9921875
15912.1669921875
15904.7236328125
15897.166015625
15889.95703125
15882.818359375
15875.759765625
15868.6142578125
15861.43359375
15854.0546875
15846.8095703125
15839.462890625
15832.92578125
15825.943359375
15819.36328125
15812.33203125
15805.865234375
15799.572265625
15793.0068359375
15785.427734375
15776.984375
15768.81640625
15762.0234375
15755.7109375
15748.853515625
15741.068359375
15733.955078125
15727.251953125
15721.166015625
15713.6962890625
15706.4794921875
15699.4541015625
15693.23046875
15686.654296875
15680.0068359375
15673.705078125
15667.65625
15660.943359375
15652.6416015625
15643.626953125
15635.740234375
15629.251953125
15623.8564453125
15616.9658203125
15609.380859375
15601.0615234375
15593.916015625
15588.0234375
15583.392578125
15578.0634765625
15571.6796875
15562.1796875
15554.091796875
15547.91015625
15542.9833984375
15536.55859375
15528.1064453125
15520.546875
15514.2109375
15508.9375
15501.716796875
15495.203125
15489.5546875
15483.556640625
15477.208984375
15468.86328125
15463.1845703125
15459.63671875
15452.2734375
15444.68359375
15439.349609375
15434.2109375
15429.091796875
15420.7685546875
15416.9541015625
15417.41015625
15406.4580078125
15401.11328125
15398.888671875
15384.9521484375
15383.2236328125
15382.1650390625
15368.578125
15367.1181640625
15356.8720703125
15348.7373046875
15348.220703125
15341.630859375
15334.017578125
15328.05859375
15319.10546875
15316.6640625
15307.240234375
15302.845703125
15298.5859375
15288.013671875
15286.234375
15276.748046875
15271.1796875
15265.1884765625
15256.23828125
15251.0009765625
15243.2177734375
15238.056640625
15232.0126953125
15225.1064453125
15219.0205078125
15211.681640625
15205.8984375
15201.0380859375
15195.66015625
15191.955078125
15187.234375
15182.2998046875
15174.3251953125
15165.552734375
15159.388671875
15154.4375
15149.572265625
15142.1875
15134.251953125
15128.568359375
15124.591796875
15119.97265625
15113.529296875
15106.11328125
15100.375
15095.392578125
15089.931640625
15083.4404296875
15077.27734375
15072.0703125
15067.08984375
15061.359375
15055.4248046875
15049.837890625
15044.962890625
15039.8125
15034.0927734375
15028.310546875
15022.68359375
15017.5771484375
15012.1796875
15006.6591796875
15001.076171875
14995.8896484375
14990.984375
14986.3125
14981.353515625
14976.431640625
14971.2177734375
14966.0625
14960.744140625
14955.404296875
14949.9296875
14944.443359375
14939.109375
14934.0400390625
14929.51953125
14925.515625
14922.849609375
14920.111328125
14916.8076171875
14909.2294921875
14900.966796875
14896.1435546875
14892.96875
14890.287109375
14881.06640625
14874.0029296875
14870.7177734375
14867.828125
14862.994140625
14855.310546875
14849.6298828125
14845.806640625
14841.3203125
14836.455078125
14831.7548828125
14826.134765625
14819.6962890625
14813.5126953125
14808.8701171875
14804.36328125
14799.2998046875
14794.67578125
14790.4384765625
14785.2314453125
14779.4296875
14774.177734375
14769.5654296875
14765.2412109375
14761.044921875
14756.921875
14752.5234375
14747.7822265625
14743.650390625
14739.681640625
14734.958984375
14728.619140625
14721.81640625
14715.9755859375
14711.4873046875
14707.638671875
14703.3212890625
14698.3525390625
14692.83984375
14687.697265625
14683.0087890625
14678.5869140625
14674.4873046875
14670.4609375
14666.3818359375
14661.4521484375
14656.1796875
14651.076171875
14646.857421875
14643.3408203125
14640.224609375
14637.294921875
14634.06640625
14630.193359375
14625.099609375
14619.3251953125
14613.375
14608.130859375
14603.625
14600.017578125
14596.2529296875
14592.4794921875
14588.23828125
14584.345703125
14580.97265625
14578.001953125
14575.25
14571.580078125
14566.587890625
14560.21875
14553.609375
14548.0712890625
14543.8916015625
14540.4091796875
14536.662109375
14531.923828125
14526.751953125
14521.91015625
14518.203125
14515.375
14512.5859375
14509.3447265625
14505.5107421875
14501.9873046875
14499.228515625
14497.0283203125
14494.3779296875
14490.5380859375
14485.5966796875
14480.474609375
14475.8154296875
14471.931640625
14468.20703125
14463.64453125
14457.6279296875
14450.8896484375
14444.669921875
14440.119140625
14436.9736328125
14434.4091796875
14431.2294921875
14427.1650390625
14422.8388671875
14419.3251953125
14416.5986328125
14413.7421875
14410.21875
14405.431640625
14400.4931640625
14396.2880859375
14392.7138671875
14390.361328125
14386.3974609375
14382.744140625
14377.1005859375
14372.046875
14367.52734375
14361.517578125
14357.1025390625
14351.51171875
14350.234375
14347.4111328125
14346.46484375
14340.23046875
14332.87890625
14327.109375
14325.283203125
14319.7333984375
14314.18359375
14311.1904296875
14307.130859375
14302.2021484375
14299.171875
14295.3544921875
14291.611328125
14287.474609375
14282.9169921875
14278.4580078125
14275.3759765625
14272.07421875
14267.939453125
14265.3115234375
14261.021484375
14257.4638671875
14253.810546875
14249.5224609375
14245.791015625
14241.482421875
14237.78125
14234.578125
14231.7822265625
14228.8623046875
14226.15625
14223.8388671875
14221.919921875
14219.5966796875
14215.423828125
14210.8359375
14207.98828125
14207.205078125
14206.6630859375
14203.8759765625
14197.8232421875
14190.419921875
14183.982421875
14178.71484375
14174.244140625
14169.4013671875
14165.400390625
14162.21875
14159.419921875
14155.6376953125
14151.1171875
14146.5068359375
14142.8515625
14140.240234375
14137.953125
14135.84765625
14133.427734375
14130.7060546875
14127.23046875
14123.1943359375
14119.3798828125
14115.966796875
14113.3125
14110.646484375
14107.62890625
14104.494140625
14100.884765625
14097.94140625
14094.1474609375
14090.5830078125
14085.8662109375
14081.490234375
14076.72265625
14072.654296875
14068.6455078125
14065.080078125
14061.91796875
14059.078125
14056.951171875
14054.689453125
14053.361328125
14051.5361328125
14050.572265625
14048.8173828125
14045.603515625
14039.466796875
14032.1328125
14026.216796875
14022.8515625
14020.5224609375
14017.5703125
14013.6396484375
14010.517578125
14008.3994140625
14006.2685546875
14002.6748046875
13998.1591796875
13994.45703125
13991.876953125
13989.5908203125
13986.3837890625
13983.041015625
13980.3046875
13978.34375
13975.578125
13971.875
13967.2587890625
13963.232421875
13959.85546875
13956.86328125
13953.5966796875
13950.365234375
13947.8408203125
13945.958984375
13944.794921875
13942.7001953125
13940.318359375
13936.3466796875
13933.50390625
13930.1083984375
13927.6484375
13923.55859375
13919.1962890625
13914.263671875
13910.794921875
13908.853515625
13908.2490234375
13907.8193359375
13906.056640625
13902.578125
13897.662109375
13894.0302734375
13892.376953125
13892.658203125
13891.8564453125
13889.60546875
13886.580078125
13884.64453125
13883.724609375
13883.27734375
13882.908203125
13881.060546875
13877.498046875
13870.8828125
13863.9990234375
13857.4921875
13852.4521484375
13847.857421875
13843.15625
13838.5732421875
13834.2001953125
13830.638671875
13826.7548828125
13823.3828125
13820.361328125
13817.416015625
13814.384765625
13811.0615234375
13807.6953125
13804.326171875
13801.349609375
13798.30078125
13795.392578125
13792.48828125
13789.7783203125
13787.2744140625
13784.962890625
13782.6875
13780.185546875
13777.388671875
13774.333984375
13771.28125
13768.54296875
13766.26953125
13764.29296875
13761.931640625
13759.18359375
13755.775390625
13752.84765625
13750.1572265625
13748.48046875
13746.494140625
13744.35546875
13741.32421875
13738.08984375
13734.7431640625
13731.91796875
13729.3681640625
13727.0458984375
13724.6640625
13722.326171875
13720.4892578125
13719.337890625
13719.0615234375
13719.5498046875
13720.8173828125
13722.67578125
13723.66015625
13723.1787109375
13720.185546875
13714.9677734375
13708.9091796875
13701.70703125
13695.5654296875
13690.1953125
13687.294921875
13685.2509765625
13683.7041015625
13681.162109375
13678.24609375
13675.6171875
13674.271484375
13673.97265625
13673.0068359375
13670.1494140625
13664.890625
13659.4033203125
13655.83203125
13655.111328125
13656.50390625
13657.865234375
13657.6953125
13654.2529296875
13649.59375
13644.63671875
13641.517578125
13638.271484375
13635.3798828125
13632.423828125
13630.5400390625
13629.171875
13627.5126953125
13625.1962890625
13622.177734375
13619.626953125
13617.3720703125
13615.6669921875
13613.3642578125
13610.244140625
13606.4287109375
13602.390625
13598.580078125
13594.591796875
13590.607421875
13586.560546875
13582.98046875
13579.7158203125
13577.3642578125
13575.408203125
13574.0341796875
13572.12890625
13570.44921875
13568.474609375
13567.33203125
13566.25390625
13565.3046875
13563.201171875
13559.4931640625
13554.822265625
13550.65625
13547.8466796875
13546.427734375
13545.140625
13543.0478515625
13540.12890625
13536.474609375
13534.37109375
13533.3369140625
13534.65625
13534.4716796875
13534.595703125
13533.2421875
13532.296875
13530.1416015625
13527.822265625
13524.978515625
13523.4619140625
13522.875
13523.044921875
13522.171875
13519.4970703125
13514.830078125
13509.6083984375
13504.796875
13501.181640625
13498.240234375
13496.232421875
13494.005859375
13492.0712890625
13489.16796875
13486.6552734375
13483.8046875
13481.0810546875
13477.505859375
13473.5517578125
13469.8271484375
13466.8330078125
13464.861328125
13463.560546875
13463.203125
13462.6640625
13461.40625
13458.5419921875
13455.392578125
13452.943359375
13451.8486328125
13450.890625
13448.34765625
13444.587890625
13439.56640625
13435.9375
13433.1796875
13431.302734375
13429.0341796875
13426.40234375
13423.4462890625
13420.7763671875
13418.220703125
13415.8876953125
13413.537109375
13411.359375
13409.505859375
13408.462890625
13407.9599609375
13408.255859375
13408.634765625
13409.388671875
13411.078125
13413.029296875
13414.0859375
13413.3251953125
13409.630859375
13404.166015625
13396.77734375
13390.7138671875
13385.9912109375
13383.505859375
13381.19140625
13379.443359375
13377.5322265625
13376.39453125
13375.775390625
13374.603515625
13373.677734375
13347.7392578125
13354.6015625
13359.083984375
13339.88671875
13353.931640625
13344.90234375
13338.541015625
13346.7587890625
13334.73046875
13336.404296875
13336.0556640625
13328.330078125
13331.7294921875
13327.298828125
13324.7939453125
13325.6953125
13321.2919921875
13321.0185546875
13319.806640625
13316.56640625
13316.3681640625
13313.9453125
13311.908203125
13311.1328125
13308.779296875
13307.3740234375
13306.0244140625
13304.1376953125
13302.7470703125
13301.2314453125
13299.6181640625
13298.189453125
13296.69921875
13295.109375
13293.69140625
13292.181640625
13290.646484375
13289.228515625
13287.6923828125
13286.240234375
13284.802734375
13283.3115234375
13281.849609375
13280.396484375
13278.9228515625
13277.4970703125
13276.03515625
13274.59765625
13273.1650390625
13271.70703125
13270.251953125
13268.833984375
13267.375
13265.953125
13264.51171875
13263.0751953125
13261.6455078125
13260.1962890625
13258.7822265625
13257.3662109375
13255.904296875
13254.4912109375
13253.037109375
13251.6171875
13250.1865234375
13248.7451171875
13247.31640625
13245.8828125
13244.4228515625
13242.9931640625
13241.552734375
13240.130859375
13238.697265625
13237.2314453125
13235.8046875
13234.37109375
13232.9013671875
13231.4697265625
13230.01171875
13228.5712890625
13227.1220703125
13225.654296875
13224.203125
13222.76171875
13221.2783203125
13219.8291015625
13218.35546875
13216.890625
13215.4189453125
13213.921875
13212.458984375
13210.9638671875
13209.466796875
13207.93359375
13206.4150390625
13204.89453125
13203.3740234375
13201.80078125
13200.236328125
13198.634765625
13197.041015625
13195.396484375
13193.728515625
13192.03125
13190.330078125
13188.568359375
13186.814453125
13185.0390625
13183.232421875
13181.41015625
13179.58203125
13177.78125
13175.982421875
13174.2001953125
13172.4375
13170.7451171875
13169.04296875
13167.392578125
13165.76171875
13164.1376953125
13162.583984375
13160.978515625
13159.423828125
13157.861328125
13156.3515625
13154.81640625
13153.306640625
13151.791015625
13150.30078125
13148.82421875
13147.322265625
13145.8671875
13144.404296875
13142.984375
13141.7705078125
13141.111328125
13141.2490234375
13139.3115234375
13135.693359375
13135.048828125
13134.2626953125
13131.296875
13130.529296875
13129.22265625
13126.890625
13126.17578125
13124.2841796875
13122.658203125
13121.6279296875
13119.626953125
13118.515625
13116.9228515625
13115.271484375
13114.140625
13112.318359375
13111.0439453125
13109.61328125
13107.953125
13106.681640625
13105.04296875
13103.646484375
13102.236328125
13100.6279296875
13099.294921875
13097.7548828125
13096.2880859375
13094.9091796875
13093.3828125
13092.01171875
13090.576171875
13089.1044921875
13087.744140625
13086.2578125
13084.869140625
13083.486328125
13082.0390625
13080.671875
13079.26171875
13077.84765625
13076.4482421875
13075.021484375
13073.6181640625
13072.201171875
13070.787109375
13069.380859375
13067.9609375
13066.5439453125
13065.1279296875
13063.7001953125
13062.314453125
13060.87890625
13059.48046875
13058.060546875
13056.658203125
13055.25
13053.845703125
13052.443359375
13051.0205078125
13049.630859375
13048.220703125
13046.8125
13045.42578125
13044.03125
13042.638671875
13041.244140625
13039.859375
13038.4609375
13037.1005859375
13035.716796875
13034.32421875
13032.9677734375
13031.578125
13030.208984375
13028.830078125
13027.4677734375
13026.0830078125
13024.75390625
13023.37890625
13022.01953125
13020.666015625
13019.298828125
13017.947265625
13016.603515625
13015.25
13013.91015625
13012.548828125
13011.19140625
13009.833984375
13008.48828125
13007.134765625
13005.765625
13004.4267578125
13003.0625
13001.703125
13000.3505859375
12998.9921875
12997.62890625
12996.265625
12994.90234375
12993.52734375
12992.1611328125
12990.765625
12989.3671875
12987.974609375
12986.560546875
12985.1142578125
12983.650390625
12982.123046875
12980.53515625
12978.8193359375
12976.97265625
12974.955078125
12972.796875
12970.546875
12968.4453125
12966.4326171875
12964.3974609375
12962.38671875
12960.486328125
12958.689453125
12957.10546875
12955.62890625
12954.142578125
12952.6474609375
12951.0888671875
12949.5703125
12947.986328125
12946.439453125
12944.81640625
12943.16796875
12941.5458984375
12939.857421875
12938.240234375
12936.59375
12934.9404296875
12933.2998046875
12931.65625
12929.990234375
12928.3291015625
12926.6171875
12924.912109375
12923.138671875
12921.37109375
12919.630859375
12917.9150390625
12916.2421875
12914.572265625
12912.92578125
12911.3095703125
12909.7001953125
12908.08203125
12906.509765625
12904.93359375
12903.404296875
12901.8642578125
12900.39453125
12898.9296875
12897.5537109375
12896.2724609375
12895.12890625
12894.2314453125
12893.251953125
12892.181640625
12890.01953125
12887.6298828125
12885.82421875
12884.8369140625
12883.908203125
12882.314453125
12880.458984375
12878.90234375
12877.7392578125
12876.4912109375
12874.9775390625
12873.439453125
12872.109375
12870.8544921875
12869.4345703125
12867.9931640625
12866.619140625
12865.4013671875
12864.080078125
12862.6318359375
12861.23828125
12859.95703125
12858.734375
12857.412109375
12856.013671875
12854.6904296875
12853.431640625
12852.177734375
12850.853515625
12849.5146484375
12848.2099609375
12846.9521484375
12845.669921875
12844.3974609375
12843.11328125
12841.8623046875
12840.609375
12839.326171875
12838.046875
12836.8125
12835.560546875
12834.3115234375
12833.029296875
12831.75
12830.490234375
12829.228515625
12827.974609375
12826.7158203125
12825.4609375
12824.205078125
12822.958984375
12821.7255859375
12820.470703125
12819.2392578125
12818.0107421875
12816.7578125
12815.5234375
12814.294921875
12813.0390625
12811.802734375
12810.5673828125
12809.3203125
12808.1123046875
12806.8701171875
12805.646484375
12804.41015625
12803.189453125
12801.9658203125
12800.748046875
12799.513671875
12798.271484375
12797.0595703125
12795.8359375
12794.638671875
12793.4521484375
12792.2216796875
12791.0380859375
12789.8466796875
12788.662109375
12787.4765625
12786.302734375
12785.1259765625
12783.966796875
12782.859375
12781.8681640625
12781.06640625
12780.38671875
12779.705078125
12778.2578125
12776.2060546875
12774.1005859375
12772.87109375
12772.1845703125
12771.1513671875
12769.564453125
12767.943359375
12766.76171875
12765.755859375
12764.5283203125
12763.1298828125
12761.873046875
12760.6826171875
12759.44140625
12758.169921875
12756.947265625
12755.7509765625
12754.46875
12753.1796875
12751.9833984375
12750.8095703125
12749.5791015625
12748.3046875
12747.08984375
12745.9375
12744.744140625
12743.505859375
12742.3173828125
12741.158203125
12739.990234375
12738.8046875
12737.671875
12736.630859375
12735.7294921875
12734.75
12733.9423828125
12732.6376953125
12731.2392578125
12729.5185546875
12727.927734375
12726.6162109375
12725.56640625
12724.693359375
12723.623046875
12722.39453125
12720.849609375
12719.380859375
12718.0859375
12717.0595703125
12716.1474609375
12715.2578125
12714.4326171875
12713.740234375
12713.3486328125
12713.5234375
12713.9462890625
12714.5400390625
12714.080078125
12712.41015625
12709.1171875
12706.3544921875
12704.412109375
12703.689453125
12702.6142578125
12700.71484375
12698.3056640625
12696.4375
12695.671875
12695.408203125
12694.8125
12693.310546875
12691.51953125
12689.9521484375
12688.8974609375
12688.109375
12687.33984375
12686.46875
12685.33984375
12684.01953125
12682.1884765625
12680.185546875
12678.234375
12676.703125
12675.5859375
12674.74609375
12673.9521484375
12673.056640625
12672.03515625
12670.84765625
12669.595703125
12668.328125
12667.115234375
12666.017578125
12664.978515625
12663.9755859375
12662.953125
12661.9951171875
12660.962890625
12659.966796875
12658.8232421875
12657.6171875
12656.171875
12654.7421875
12653.2509765625
12651.890625
12650.708984375
12649.6220703125
12648.59375
12647.6220703125
12646.5615234375
12645.599609375
12644.72265625
12644.05078125
12643.580078125
12643.236328125
12642.69140625
12641.65625
12639.8935546875
12637.8935546875
12636.2587890625
12635.44921875
12635.2490234375
12635.1328125
12634.533203125
12633.369140625
12632.009765625
12630.99609375
12630.435546875
12630.26171875
12630.181640625
12629.900390625
12629.318359375
12628.591796875
12627.7119140625
12627.150390625
12627.001953125
12627.591796875
12628.6875
12630.4228515625
12631.810546875
12633.259765625
12633.57421875
12633.73828125
12633.02734375
12631.9921875
12630.1796875
12627.2978515625
12623.267578125
12618.828125
12614.814453125
12612.32421875
12611.2734375
12611.193359375
12611.283203125
12610.78125
12609.8623046875
12608.8037109375
12608.00390625
12607.7119140625
12606.51171875
12604.6875
12601.52734375
12598.13671875
12595.015625
12592.57421875
12590.89453125
12589.7431640625
12588.6123046875
12587.0927734375
12585.2451171875
12583.396484375
12581.6923828125
12580.1591796875
12578.7109375
12577.458984375
12576.5205078125
12576.01953125
12576.025390625
12576.0234375
12575.828125
12574.6015625
12572.7724609375
12570.4609375
12568.615234375
12567.271484375
12566.6875
12566.0478515625
12565.380859375
12564.1806640625
12562.806640625
12561.1337890625
12559.5830078125
12558.095703125
12557.0595703125
12556.294921875
12555.91796875
12555.533203125
12555.2197265625
12554.787109375
12554.3037109375
12553.6171875
12552.728515625
12551.591796875
12550.2158203125
12548.7021484375
12547.20703125
12545.8759765625
12544.689453125
12543.607421875
12542.560546875
12541.5703125
12540.66796875
12539.6591796875
12538.6298828125
12537.287109375
12535.748046875
12534.046875
12532.28515625
12530.791015625
12529.775390625
12529.4248046875
12529.4365234375
12529.43359375
12529.001953125
12528.0791015625
12526.84765625
12525.6123046875
12524.6904296875
12523.82421875
12523.6923828125
12522.87890625
12522.82421875
12521.98046875
12521.525390625
12520.875
12519.720703125
12517.93359375
12515.998046875
12514.4912109375
12513.0712890625
12511.3681640625
12509.16015625
12507.6162109375
12506.1806640625
12505.1484375
12503.505859375
12502.275390625
12501.1044921875
12500.1875
12499.16015625
12498.501953125
12498.224609375
12498.2890625
12498.330078125
12497.9931640625
12496.9111328125
12494.66796875
12491.7236328125
12488.9794921875
12487.2265625
12486.2509765625
12485.75
12485.2578125
12484.6943359375
12483.919921875
12483.3974609375
12483.080078125
12483.0595703125
12482.595703125
12481.9501953125
12480.39453125
12478.7734375
12475.9189453125
12474.16015625
12473.134765625
12472.6162109375
12472.205078125
12470.857421875
12469.7041015625
12468.32421875
12467.87890625
12467.6787109375
12467.71484375
12467.34765625
12466.7353515625
12466.046875
12465.232421875
12464.4716796875
12463.4560546875
12462.421875
12461.38671875
12460.65625
12460.7109375
12461.0107421875
12461.533203125
12460.8662109375
12459.37109375
12455.92578125
12452.099609375
12448.1103515625
12445.541015625
12444.20703125
12444.166015625
12444.30859375
12444.234375
12443.1640625
12441.392578125
12438.859375
12436.15625
12433.4267578125
12431.2509765625
12429.783203125
12428.97265625
12428.2109375
12427.228515625
12425.626953125
12423.6318359375
12421.595703125
12419.91015625
12418.71484375
12417.89453125
12417.11328125
12416.29296875
12415.244140625
12414.2294921875
12413.2119140625
12412.3740234375
12411.5908203125
12410.6796875
12409.6513671875
12408.396484375
12407.2158203125
12406.056640625
12405.21484375
12404.55078125
12404.072265625
12403.666015625
12403.15625
12402.533203125
12401.572265625
12400.4267578125
12398.98828125
12397.6826171875
12396.38671875
12395.47265625
12394.619140625
12393.8974609375
12393.0029296875
12392.0048828125
12390.837890625
12389.662109375
12388.498046875
12387.50390625
12386.625
12386.02734375
12385.44921875
12385.10546875
12384.4453125
12383.857421875
12382.623046875
12381.427734375
12379.740234375
12378.40234375
12377.076171875
12376.150390625
12375.451171875
12374.734375
12374.185546875
12373.876953125
12374.1015625
12375.2744140625
12377.7548828125
12378.517578125
12378.2509765625
12374.7109375
12371.369140625
12368.640625
12366.9599609375
12366.1513671875
12363.357421875
12359.4775390625
12356.662109375
12355.673828125
12355.4765625
12354.283203125
12352.986328125
12351.7841796875
12350.6611328125
12350.345703125
12349.5380859375
12347.9453125
12346.69921875
12346.298828125
12346.8603515625
12346.806640625
12346.4765625
12345.3251953125
12343.4111328125
12340.94140625
12338.021484375
12334.966796875
12332.345703125
12330.6533203125
12329.93359375
12329.80859375
12329.8974609375
12329.8525390625
12329.423828125
12328.63671875
12327.67578125
12326.8359375
12326.41796875
12326.4794921875
12326.87109375
12327.208984375
12326.986328125
12325.908203125
12323.548828125
12320.4521484375
12317.021484375
12314.1748046875
12312.087890625
12310.7841796875
12309.7265625
12308.6953125
12307.388671875
12306.138671875
12305.1455078125
12304.9287109375
12305.4140625
12306.83984375
12308.5546875
12310.8271484375
12312.779296875
12314.900390625
12315.7880859375
12315.5283203125
12312.7578125
12308.09765625
12302.3369140625
12297.2861328125
12293.9853515625
12292.625
12292.470703125
12292.4091796875
12291.7919921875
12290.5185546875
12289.046875
12287.78515625
12287.0634765625
12286.634765625
12286.09765625
12284.8740234375
12282.89453125
12280.07421875
12277.09375
12274.1484375
12271.89453125
12269.943359375
12268.64453125
12267.517578125
12266.7890625
12266.064453125
12265.31640625
12264.189453125
12262.9443359375
12261.447265625
12260.3115234375
12259.4306640625
12259.046875
12259.02734375
12259.197265625
12259.802734375
12259.9423828125
12260.09375
12259.02734375
12257.4736328125
12255.23046875
12253.0234375
12251.1640625
12249.705078125
12248.671875
12247.759765625
12247.0390625
12246.029296875
12245.11328125
12243.9853515625
12243.1806640625
12242.638671875
12242.7587890625
12243.6923828125
12245.013671875
12246.34375
12246.5146484375
12245.326171875
12243.18359375
12241.1416015625
12240.064453125
12240.28125
12241.0810546875
12241.998046875
12242.1005859375
12241.61328125
12240.63671875
12239.7421875
12238.8828125
12237.7900390625
12235.80078125
12232.552734375
12229.0732421875
12226.5078125
12225.5537109375
12225.4228515625
12225.365234375
12224.75
12223.60546875
12222.314453125
12220.685546875
12218.548828125
12215.443359375
12211.962890625
12208.880859375
12206.6953125
12205.4296875
12204.654296875
12203.88671875
12202.84375
12201.5087890625
12199.951171875
12198.3193359375
12196.734375
12195.203125
12193.759765625
12192.388671875
12191.06640625
12189.84765625
12188.759765625
12187.8603515625
12187.1806640625
12186.400390625
12185.4873046875
12183.998046875
12182.4130859375
12180.69140625
12179.4033203125
12178.451171875
12178.0556640625
12177.869140625
12177.8642578125
12177.61328125
12177.18359375
12176.517578125
12176.072265625
12175.525390625
12174.900390625
12173.8662109375
12172.8359375
12171.78515625
12171.1767578125
12170.5185546875
12170.056640625
12169.357421875
12168.654296875
12167.6875
12166.65625
12165.466796875
12164.66796875
12163.998046875
12163.6484375
12162.9453125
12162.2158203125
12161.3291015625
12160.451171875
12159.6796875
12159.5341796875
12160.296875
12162.08984375
12163.88671875
12165.00390625
12164.369140625
12162.423828125
12159.5302734375
12156.91015625
12154.763671875
12153.552734375
12152.7802734375
12152.37109375
12151.87109375
12151.232421875
12150.193359375
12148.8623046875
12147.501953125
12146.55078125
12145.47265625
12142.3642578125
12138.9990234375
12137.12109375
12135.708984375
12133.2978515625
12130.630859375
12126.1904296875
12123.5849609375
12122.86328125
12121.4833984375
12120.787109375
12119.208984375
12116.0
