15073.177734375
15068.775390625
15064.728515625
15061.0029296875
15057.552734375
15054.369140625
15051.412109375
15048.6572265625
15046.091796875
15043.6943359375
15041.443359375
15039.310546875
15037.287109375
15035.349609375
15033.4970703125
15031.7138671875
15029.99609375
15028.341796875
15026.744140625
15025.2041015625
15023.71484375
15022.279296875
15020.892578125
15019.5517578125
15018.265625
15017.02734375
15015.8310546875
15014.68359375
15013.578125
15012.5087890625
15011.4736328125
15010.48046875
15009.513671875
15008.587890625
15007.681640625
15006.806640625
15005.9580078125
15005.134765625
15004.337890625
15003.5634765625
15002.8095703125
15002.0751953125
15001.361328125
15000.669921875
14999.994140625
14999.337890625
14998.693359375
14998.0732421875
14997.466796875
14996.875
14996.29296875
14995.73046875
14995.1826171875
14994.6435546875
14994.12109375
14993.60546875
14993.103515625
14992.6123046875
14992.134765625
14991.6640625
14991.208984375
14990.76171875
14990.326171875
14989.90234375
14989.486328125
14989.078125
14988.6767578125
14988.291015625
14987.908203125
14987.5390625
14987.1748046875
14986.8193359375
14986.4736328125
14986.134765625
14985.802734375
14985.4755859375
14985.16015625
14984.8486328125
14984.544921875
14984.25
14983.958984375
14983.67578125
14983.39453125
14983.123046875
14982.8564453125
14982.5966796875
14982.341796875
14982.0908203125
14981.8486328125
14981.6064453125
14981.3701171875
14981.140625
14980.9150390625
14980.6953125
14980.48046875
14980.267578125
14980.0576171875
14979.8544921875
14979.654296875
14979.4599609375
14979.265625
14979.0771484375
14978.892578125
14978.7099609375
14978.5322265625
14978.3544921875
14978.18359375
14978.013671875
14977.8447265625
14977.677734375
14977.517578125
14977.359375
14977.201171875
14977.046875
14976.89453125
14976.744140625
14976.59765625
14976.4501953125
14976.3076171875
14976.16796875
14976.0263671875
14975.890625
14975.75390625
14975.619140625
14975.484375
14975.3544921875
14975.2255859375
14975.099609375
14974.97265625
14974.8515625
14974.73046875
14974.611328125
14974.4912109375
14974.3759765625
14974.2607421875
14974.1435546875
14974.03125
14973.9208984375
14973.8115234375
14973.703125
14973.59765625
14973.494140625
14973.388671875
14973.283203125
14973.18359375
14973.080078125
14972.9833984375
14972.88671875
14972.7890625
14972.693359375
14972.595703125
14972.505859375
14972.412109375
14972.3203125
14972.232421875
14972.1435546875
14972.0537109375
14971.966796875
14971.87890625
14971.796875
14971.7080078125
14971.6220703125
14971.5400390625
14971.458984375
14971.3779296875
14971.2978515625
14971.22265625
14971.140625
14971.06640625
14970.98828125
14970.9091796875
14970.833984375
14970.7607421875
14970.6875
14970.6171875
14970.54296875
14970.474609375
14970.40234375
14970.333984375
14970.263671875
14970.197265625
14970.126953125
14970.0625
14969.9951171875
14969.931640625
14969.86328125
14969.7998046875
14969.736328125
14969.671875
14969.6103515625
14969.5498046875
14969.486328125
14969.4248046875
14969.3662109375
14969.30859375
14969.25
14969.1904296875
14969.1328125
14969.076171875
14969.01953125
306511936.0
511079.4375
64147.875
65394.9453125
65538.4375
62751.1875
62511.859375
95494.859375
460145.5625
70832.1875
58270.90625
55162.95703125
53296.59375
52085.0625
50768.125
49308.39453125
47992.8984375
46978.2265625
46223.2890625
45543.1484375
44765.3515625
43913.515625
43077.34375
42301.77734375
41557.99609375
40819.07421875
40067.19921875
39305.5859375
38564.83203125
37886.65625
37269.65625
36632.953125
35934.06640625
35229.76171875
34567.1484375
33947.640625
33359.96484375
32797.2109375
32259.671875
31748.4765625
31257.1796875
30788.11328125
30351.08203125
29928.9453125
29536.38671875
29155.818359375
28790.16796875
28436.9296875
28092.171875
27757.849609375
27432.13671875
27119.376953125
26811.60546875
26512.76171875
26227.00390625
25949.5859375
25681.890625
25418.94140625
25165.19921875
24920.736328125
24688.580078125
24463.2890625
24245.328125
24033.228515625
23830.76953125
23635.29296875
23446.0546875
23263.2734375
23086.15625
22914.564453125
22747.8828125
22587.15625
22430.453125
22278.173828125
22128.296875
21981.65234375
21839.037109375
21699.8125
21564.51171875
21431.912109375
21302.251953125
21175.76171875
21051.880859375
20930.541015625
20811.736328125
20695.28515625
20581.345703125
20469.435546875
20359.8046875
20252.697265625
20147.5390625
20043.98828125
19942.3046875
19842.47265625
19744.185546875
19647.68359375
19552.87890625
19459.4140625
19367.435546875
19277.095703125
19188.18359375
19100.705078125
19014.484375
18929.5625
18845.75390625
18763.111328125
18681.4921875
18601.056640625
18521.94921875
18444.12890625
18367.6953125
18292.443359375
18218.099609375
18144.85546875
18072.8046875
18001.96875
17932.01953125
17863.0546875
17794.93359375
17727.8671875
17661.53515625
17596.2265625
17531.78125
17468.23046875
17405.67578125
17344.0625
17283.5625
17224.11328125
17165.57421875
17107.81640625
17050.8125
16994.61328125
16939.1484375
16884.48828125
16830.4609375
16777.1484375
16724.4921875
16672.552734375
16621.14453125
16570.291015625
16520.140625
16470.751953125
16421.96484375
16373.296875
16324.572265625
16276.796875
16230.2744140625
16184.0390625
16137.392578125
16091.236328125
16045.67578125
16000.5947265625
15956.041015625
15912.43359375
15868.548828125
15824.8203125
15781.46484375
15739.28515625
15696.546875
15654.0859375
15612.2451171875
15570.87109375
15529.638671875
15488.71875
15448.0908203125
15407.705078125
15367.7021484375
15328.03515625
15288.5146484375
15249.333984375
15210.494140625
15172.462890625
15133.3603515625
15095.2685546875
15056.40625
15018.2109375
14980.265625
14942.658203125
14905.349609375
14868.201171875
14831.7041015625
14794.416015625
14757.9521484375
14720.4560546875
14683.6455078125
14647.1181640625
14610.833984375
14574.8173828125
14538.984375
14503.7294921875
14467.361328125
14431.515625
14395.67578125
14360.3203125
14325.1669921875
14290.283203125
14255.7890625
14221.4736328125
14187.71484375
14153.265625
14119.48828125
14086.01953125
14053.7734375
14024.05859375
13998.3515625
13965.56640625
13923.837890625
13896.4736328125
13867.115234375
13829.8779296875
13804.056640625
13771.4111328125
13739.80859375
13712.984375
13679.634765625
13653.5341796875
13623.1328125
13594.716796875
13568.2890625
13539.03515625
13514.6806640625
13487.9375
13463.283203125
13435.8359375
13406.4013671875
13381.7333984375
13357.2587890625
13331.671875
13304.6357421875
13280.5419921875
13257.7978515625
13231.876953125
13207.810546875
13185.0927734375
13161.6015625
13137.818359375
13114.5478515625
13092.8505859375
13068.3359375
13044.771484375
13021.697265625
12997.328125
12971.544921875
12945.55859375
12918.7333984375
12892.60546875
12867.2763671875
12841.404296875
12815.427734375
12789.080078125
12766.01171875
12743.3759765625
12721.990234375
12702.02734375
12682.634765625
12662.982421875
12643.283203125
12624.0859375
12605.00390625
12585.689453125
12565.609375
12546.263671875
12525.369140625
12504.8896484375
12484.1953125
12463.8251953125
12443.8037109375
12424.2978515625
12405.19921875
12385.7890625
12367.1669921875
12347.7265625
12329.3828125
12310.419921875
12291.80859375
12273.00390625
12253.99609375
12234.904296875
12216.271484375
12198.30078125
12180.53125
12163.2568359375
12144.849609375
12127.3203125
12109.3125
12092.0205078125
12074.71875
12057.3818359375
12040.3134765625
12023.7021484375
12007.451171875
11991.0888671875
11975.11328125
11958.505859375
11942.865234375
11926.123046875
11909.923828125
11893.70703125
11878.0703125
11862.908203125
11847.8759765625
11832.80078125
11817.884765625
11803.798828125
11790.46875
11778.7958984375
11765.6328125
11752.8271484375
11740.02734375
11727.8603515625
11715.865234375
11703.1171875
11689.365234375
11675.423828125
11663.072265625
11651.890625
11640.923828125
11628.109375
11615.07421875
11601.6806640625
11590.357421875
11579.09375
11567.1123046875
11554.365234375
11542.154296875
11530.89453125
11519.861328125
11508.5390625
11497.162109375
11486.599609375
11475.880859375
11465.44921875
11453.296875
11441.640625
11430.1689453125
11419.359375
11408.7646484375
11398.2451171875
11387.708984375
11377.142578125
11366.482421875
11355.708984375
11345.2333984375
11335.2685546875
11326.0673828125
11316.6904296875
11307.9013671875
11297.3798828125
11286.603515625
11275.1474609375
11264.5537109375
11255.1376953125
11246.3916015625
11237.3544921875
11227.62890625
11218.0654296875
11209.447265625
11201.833984375
11194.474609375
11184.232421875
11171.5595703125
11159.74609375
11152.146484375
11146.2109375
11137.55859375
11126.060546875
11116.16796875
11106.673828125
11097.6171875
11088.083984375
11078.837890625
11069.919921875
11059.8818359375
11049.26953125
11040.169921875
11032.626953125
11024.828125
11015.392578125
11006.005859375
10997.705078125
10988.962890625
10980.9150390625
10971.501953125
10962.96875
10953.8525390625
10945.29296875
10937.1494140625
10928.9921875
10920.35546875
10911.771484375
10903.75
10896.00390625
10888.4775390625
10880.5908203125
10873.1484375
10864.7412109375
10856.8447265625
10847.849609375
10839.408203125
10831.1435546875
10823.30859375
10815.55078125
10807.869140625
10800.259765625
10792.85546875
10785.685546875
10778.779296875
10771.697265625
10764.05078125
10755.61328125
10747.072265625
10739.23046875
10732.2626953125
10725.875
10718.8125
10710.4521484375
10701.3369140625
10692.1728515625
10685.296875
10677.671875
10670.708984375
10662.470703125
10654.16796875
10645.9931640625
10638.1484375
10630.1123046875
10621.771484375
10613.7001953125
10606.28125
10599.333984375
10592.494140625
10585.255859375
10578.1748046875
10570.859375
10564.0283203125
10556.916015625
10550.0458984375
10543.048828125
10536.09765625
10528.96484375
10521.609375
10514.486328125
10507.8798828125
10501.5849609375
10496.1171875
10488.4560546875
10481.427734375
10473.94140625
10467.1484375
10460.6240234375
10454.53125
10448.44140625
10442.361328125
10435.86328125
10429.0751953125
10422.1416015625
10415.62109375
10409.71484375
10404.58203125
10399.341796875
10393.693359375
10386.576171875
10380.779296875
10374.5546875
10370.341796875
10365.3876953125
10359.728515625
10352.2685546875
10344.173828125
10336.6943359375
10330.6328125
10325.326171875
10319.9306640625
10313.7314453125
10307.21875
10301.490234375
10297.2177734375
10293.98046875
10290.0771484375
10284.9794921875
10277.642578125
10270.5947265625
10263.7490234375
10258.392578125
10253.166015625
10247.8427734375
10241.8671875
10235.1337890625
10228.04296875
10221.099609375
10215.181640625
10210.109375
10205.5537109375
10200.720703125
10195.1376953125
10189.1181640625
10183.0556640625
10177.7265625
10172.8740234375
10168.6875
10163.7939453125
10158.796875
10152.98046875
10147.7333984375
10142.5703125
10137.88671875
10133.0634765625
10128.365234375
10123.5595703125
10118.7470703125
10114.083984375
10109.416015625
10105.3125
10101.3955078125
10098.0859375
10094.7275390625
10091.490234375
10086.9150390625
10080.916015625
10074.1455078125
10068.56640625
10064.724609375
10060.611328125
10055.716796875
10049.064453125
10043.9365234375
10039.2392578125
10035.169921875
10030.130859375
10025.263671875
10021.1865234375
10017.640625
10013.82421875
10009.3173828125
10005.154296875
10001.158203125
9997.6376953125
9993.9443359375
9989.7216796875
9984.7041015625
9979.126953125
9973.33984375
9969.0390625
9965.349609375
9962.939453125
9959.4716796875
9955.802734375
9950.689453125
9946.228515625
9942.048828125
9938.0625
9933.64453125
9928.591796875
9923.3671875
9918.4140625
9914.203125
9910.3388671875
9906.708984375
9902.4619140625
9898.083984375
9893.0888671875
9888.37890625
9883.6650390625
9879.7138671875
9876.0595703125
9873.158203125
9870.08984375
9867.6806640625
9864.662109375
9861.849609375
9858.27734375
9854.8955078125
9851.427734375
9848.591796875
9846.302734375
9844.65234375
9842.966796875
9840.4775390625
9837.25390625
9833.07421875
9829.265625
9825.361328125
9821.982421875
9817.005859375
9811.1630859375
9804.642578125
9798.939453125
9795.052734375
9792.48828125
9790.474609375
9787.10546875
9782.599609375
9776.923828125
9772.0703125
9768.43359375
9766.025390625
9763.5986328125
9760.818359375
9757.130859375
9753.9921875
9750.615234375
9748.478515625
9744.9541015625
9742.232421875
9737.8037109375
9733.78515625
9729.48046875
9725.84375
9723.0517578125
9720.9931640625
9719.0615234375
9716.6640625
9713.798828125
9710.462890625
9707.36328125
9704.134765625
9701.6708984375
9699.7138671875
9698.43359375
9698.0478515625
9695.703125
9693.75390625
9690.2529296875
9688.11328125
9682.98046875
9675.9375
9671.345703125
9665.76171875
9662.4560546875
9661.01953125
9658.443359375
9656.83203125
9648.720703125
9642.61328125
9642.943359375
9642.564453125
9640.015625
9631.326171875
9627.1787109375
9627.73046875
9625.1953125
9620.7255859375
9616.0703125
9613.943359375
9613.98046875
9611.3583984375
9610.0595703125
9614.25390625
9621.7626953125
9626.46484375
9606.94921875
9593.474609375
9602.2734375
9597.51171875
9588.513671875
9594.9677734375
9593.53515625
9589.978515625
9593.736328125
9590.0107421875
9585.779296875
9581.0859375
9573.060546875
9569.5947265625
9565.8056640625
9562.1845703125
9560.3828125
9557.119140625
9554.484375
9552.99609375
9552.0751953125
9551.431640625
9551.0224609375
9549.3291015625
9546.4931640625
9542.189453125
9537.193359375
9532.9775390625
9530.984375
9529.142578125
9527.8203125
9526.330078125
9523.126953125
9519.748046875
9515.435546875
9511.1328125
9507.455078125
9504.10546875
9501.0166015625
9498.61328125
9496.0966796875
9494.1494140625
9492.923828125
9491.4609375
9489.6640625
9487.466796875
9485.31640625
9483.75390625
9483.4111328125
9482.7890625
9482.4853515625
9481.791015625
9480.130859375
9477.9677734375
9474.1962890625
9470.998046875
9467.736328125
9466.001953125
9463.90234375
9461.4833984375
9457.9150390625
9454.2041015625
9451.0751953125
9448.994140625
9447.693359375
9446.37109375
9444.109375
9440.9521484375
9437.52734375
9435.05078125
9433.47265625
9432.625
9431.703125
9430.2138671875
9427.619140625
9424.2578125
9420.3935546875
9417.9248046875
9416.412109375
9415.8701171875
9414.23828125
9411.6572265625
9407.8876953125
9404.568359375
9401.8876953125
9399.923828125
9398.0419921875
9396.1025390625
9394.193359375
9392.71875
9391.35546875
9390.095703125
9388.556640625
9387.3798828125
9386.798828125
9386.90625
9387.5283203125
9387.4306640625
9386.724609375
9384.880859375
9382.06640625
9378.376953125
9373.564453125
9368.8017578125
9364.869140625
9363.0947265625
9362.744140625
9363.337890625
9363.21484375
9362.91015625
9361.9921875
9361.3203125
9360.6787109375
9360.2255859375
9359.646484375
9358.9306640625
9358.1162109375
9356.314453125
9354.48828125
9351.4501953125
9349.1171875
9346.0927734375
9343.388671875
9340.49609375
9338.7548828125
9337.5498046875
9336.7890625
9334.708984375
9331.4541015625
9327.4296875
9324.0556640625
9321.9111328125
9320.75
9319.87890625
9319.0625
9317.970703125
9317.138671875
9315.1552734375
9312.92578125
9309.2724609375
9305.63671875
9302.07421875
9299.033203125
9296.62109375
9294.837890625
9293.2890625
9291.40625
9288.9345703125
9286.3505859375
9284.51171875
9283.69140625
9283.42578125
9283.09765625
9282.619140625
9282.1552734375
9282.255859375
9281.556640625
9279.421875
9274.576171875
9269.7578125
9266.904296875
9266.50390625
9266.423828125
9264.91015625
9261.927734375
9258.8720703125
9257.1640625
9256.1796875
9254.9775390625
9252.6767578125
9250.193359375
9248.3544921875
9247.447265625
9246.8984375
9246.1396484375
9245.3359375
9244.939453125
9245.396484375
9246.3173828125
9247.224609375
9247.1015625
9246.41796875
9244.74609375
9242.978515625
9240.798828125
9238.82421875
9236.845703125
9235.3505859375
9234.3046875
9234.068359375
9234.869140625
9236.7890625
9239.4287109375
9241.63671875
9242.0439453125
9240.6162109375
9237.080078125
9233.7734375
9229.8173828125
9226.552734375
9223.46875
9221.421875
9219.8505859375
9218.6376953125
9216.0595703125
9212.26953125
9207.380859375
9203.36328125
9199.80859375
9196.73046875
9192.8583984375
9188.9658203125
9185.5380859375
9183.40234375
9182.380859375
9181.4345703125
9179.8564453125
9177.2626953125
9174.5263671875
9172.361328125
9171.2763671875
9170.7119140625
9170.078125
9168.7763671875
9166.935546875
9164.826171875
9163.0048828125
9161.259765625
9159.6162109375
9157.537109375
9155.1064453125
9152.4169921875
9150.046875
9148.298828125
9147.591796875
9147.2998046875
9147.2578125
9146.4609375
9145.0693359375
9143.19921875
9141.6083984375
9140.623046875
9140.62890625
9140.7197265625
9140.98828125
9140.30078125
9139.3203125
9137.1875
9135.1328125
9133.28515625
9132.1953125
9131.16015625
9129.3408203125
9126.291015625
9122.5791015625
9119.24609375
9117.171875
9116.404296875
9116.1083984375
9116.4921875
9116.978515625
9118.4267578125
9119.3125
9118.9638671875
9116.4462890625
9112.021484375
9106.8330078125
9102.515625
9100.2275390625
9100.611328125
9102.37109375
9104.0
9104.23046875
9103.0537109375
9100.90625
9098.5390625
9096.01171875
9093.5
9091.2392578125
9089.3193359375
9087.712890625
9085.751953125
9084.1494140625
9082.6162109375
9082.216796875
9082.07421875
9082.580078125
9082.9345703125
9083.0634765625
9082.908203125
9082.1669921875
9081.5390625
9080.21875
9079.107421875
9076.73828125
9074.080078125
9069.91796875
9065.794921875
9061.4248046875
9057.724609375
9054.44140625
9051.9296875
9050.3359375
9049.6875
9050.0654296875
9050.7578125
9051.2744140625
9050.3046875
9047.728515625
9043.6650390625
9040.095703125
9037.69921875
9037.2548828125
9037.572265625
9038.326171875
9037.94921875
9036.923828125
9034.8984375
9033.609375
9032.5146484375
9032.939453125
9033.1328125
9034.029296875
9034.34765625
9035.2119140625
9035.88671875
9036.2900390625
9035.615234375
9033.5751953125
9030.763671875
9028.158203125
9026.23828125
9025.380859375
9024.451171875
9023.333984375
9021.33203125
9019.00390625
9016.4951171875
9014.7158203125
9013.5751953125
9013.6708984375
9014.0869140625
9014.8095703125
9014.478515625
9013.275390625
9010.5849609375
9007.232421875
9003.5126953125
9000.62890625
8998.38671875
8997.1123046875
8977.6591796875
8982.2958984375
8986.248046875
8972.068359375
8981.794921875
8975.84765625
8970.921875
8977.087890625
8968.8837890625
8969.900390625
8970.62890625
8964.958984375
8967.1015625
8964.767578125
8962.19140625
8963.064453125
8960.3046875
8959.3720703125
8959.0205078125
8956.8740234375
8956.3671875
8955.412109375
8953.857421875
8953.294921875
8952.134765625
8950.9521484375
8950.24609375
8949.0703125
8948.0498046875
8947.2060546875
8946.080078125
8945.134765625
8944.208984375
8943.1630859375
8942.2978515625
8941.32421875
8940.359375
8939.5078125
8938.607421875
8937.7177734375
8936.8935546875
8936.015625
8935.2099609375
8934.38671875
8933.5634765625
8932.7333984375
8931.96875
8931.1796875
8930.361328125
8929.578125
8928.7919921875
8927.990234375
8927.197265625
8926.408203125
8925.658203125
8924.849609375
8924.0869140625
8923.296875
8922.54296875
8921.7578125
8920.978515625
8920.21484375
8919.4580078125
8918.68359375
8917.92578125
8917.1640625
8916.40625
8915.6435546875
8914.8701171875
8914.107421875
8913.3798828125
8912.623046875
8911.853515625
8911.09765625
8910.384765625
8909.607421875
8908.8623046875
8908.1083984375
8907.3662109375
8906.6103515625
8905.8671875
8905.10546875
8904.3837890625
8903.62109375
8902.8671875
8902.1298828125
8901.3828125
8900.64453125
8899.8984375
8899.181640625
8898.462890625
8897.7080078125
8896.978515625
8896.2421875
8895.5126953125
8894.7763671875
8894.041015625
8893.3046875
8892.59765625
8891.8544921875
8891.115234375
8890.419921875
8889.677734375
8888.9619140625
8888.2275390625
8887.529296875
8886.8056640625
8886.091796875
8885.37890625
8884.6376953125
8883.9443359375
8883.216796875
8882.50390625
8881.7998046875
8881.0849609375
8880.3671875
8879.666015625
8878.94921875
8878.2509765625
8877.5537109375
8876.8515625
8876.1240234375
8875.423828125
8874.69921875
8874.009765625
8873.326171875
8872.6416015625
8871.921875
8871.234375
8870.5380859375
8869.81640625
8869.1259765625
8868.4287109375
8867.7197265625
8867.0478515625
8866.3466796875
8865.6513671875
8864.9580078125
8864.267578125
8863.5771484375
8862.888671875
8862.1826171875
8861.51953125
8860.837890625
8860.16015625
8859.458984375
8858.794921875
8858.1181640625
8857.44921875
8856.75
8856.05859375
8855.361328125
8854.7099609375
8854.025390625
8853.3447265625
8852.681640625
8851.994140625
8851.306640625
8850.6376953125
8849.978515625
8849.2890625
8848.619140625
8847.953125
8847.279296875
8846.62109375
8845.9248046875
8845.26171875
8844.599609375
8843.931640625
8843.26171875
8842.6005859375
8841.9365234375
8841.26171875
8840.587890625
8839.912109375
8839.279296875
8838.59765625
8837.9453125
8837.291015625
8836.6240234375
8835.94140625
8835.287109375
8834.6328125
8833.974609375
8833.330078125
8832.666015625
8832.015625
8831.3740234375
8830.68359375
8830.033203125
8829.390625
8828.755859375
8828.0654296875
8827.4296875
8826.775390625
8826.1259765625
8825.48828125
8824.84375
8824.1806640625
8823.5390625
8822.8876953125
8822.2412109375
8821.61328125
8820.9599609375
8820.310546875
8819.673828125
8819.02734375
8818.369140625
8817.75
8817.091796875
8816.44921875
8815.8076171875
8815.173828125
8814.552734375
8813.9111328125
8813.255859375
8812.6396484375
8811.9775390625
8811.34765625
8810.7138671875
8810.060546875
8809.4375
8808.802734375
8808.1611328125
8807.5400390625
8806.92578125
8806.2978515625
8805.66796875
8805.0361328125
8804.421875
8803.7744140625
8803.146484375
8802.5244140625
8801.88671875
8801.26171875
8800.6064453125
8799.9716796875
8799.3330078125
8798.6953125
8798.087890625
8797.466796875
8796.8642578125
8796.21875
8795.5927734375
8794.9775390625
8794.359375
8793.72265625
8793.083984375
8792.45703125
8791.845703125
8791.2099609375
8790.607421875
8789.98046875
8789.359375
8788.720703125
8788.1083984375
8787.4931640625
8786.859375
8786.2470703125
8785.6337890625
8785.025390625
8784.3779296875
8783.775390625
8783.150390625
8782.529296875
8781.9072265625
8781.3076171875
8780.671875
8780.04296875
8779.4326171875
8778.8125
8778.212890625
8777.58984375
8776.943359375
8776.359375
8775.7421875
8775.12890625
8774.498046875
8773.900390625
8773.302734375
8772.6494140625
8772.044921875
8771.44140625
8770.818359375
8770.212890625
8769.58203125
8768.9716796875
8768.357421875
8767.724609375
8767.12109375
8766.556640625
8765.92578125
8765.279296875
8764.6884765625
8764.087890625
8763.466796875
8762.8515625
8762.240234375
8761.63671875
8761.0234375
8760.3916015625
8759.8046875
8759.1845703125
8758.5732421875
8757.99609375
8757.3583984375
8756.76171875
8756.1552734375
8755.55078125
8754.95703125
8754.326171875
8753.73046875
8753.150390625
8752.548828125
8751.953125
8751.3623046875
8750.7607421875
8750.1630859375
8749.5615234375
8748.974609375
8748.376953125
8747.7939453125
8747.1923828125
8746.572265625
8745.9697265625
8745.34765625
8744.765625
8744.1630859375
8743.5810546875
8742.986328125
8742.396484375
8741.8046875
8741.220703125
8740.6171875
8740.044921875
8739.44140625
8738.833984375
8738.2548828125
8737.671875
8737.091796875
8736.505859375
8735.919921875
8735.3330078125
8734.75
8734.162109375
8733.609375
8733.015625
8732.4296875
8731.837890625
8731.296875
8730.7138671875
8730.1591796875
8729.6259765625
8729.1640625
8728.71484375
8728.41015625
8728.291015625
8728.4443359375
8728.7578125
8729.17578125
8728.8037109375
8727.458984375
8725.16796875
8723.3828125
8722.8076171875
8723.1181640625
8723.302734375
8722.5966796875
8721.20703125
8719.8896484375
8719.30859375
8719.234375
8719.0078125
8718.314453125
8717.224609375
8716.375
8715.8779296875
8715.5751953125
8715.154296875
8714.3896484375
8713.568359375
8712.9013671875
8712.451171875
8712.03125
8711.4658203125
8710.7705078125
8710.1005859375
8709.5224609375
8709.056640625
8708.556640625
8707.9833984375
8707.349609375
8706.796875
8706.30859375
8705.873046875
8705.4609375
8705.060546875
8704.6748046875
8704.412109375
8704.275390625
8704.166015625
8704.07421875
8703.7041015625
8703.263671875
8702.734375
8702.5078125
8702.150390625
8701.345703125
8699.802734375
8698.1865234375
8697.17578125
8696.833984375
8696.798828125
8696.443359375
8695.5546875
8694.423828125
8693.4990234375
8693.060546875
8692.8837890625
8692.54296875
8691.822265625
8690.9599609375
8690.236328125
8689.859375
8689.5712890625
8689.205078125
8688.5859375
8687.9580078125
8687.3251953125
8686.865234375
8686.3505859375
8685.736328125
8684.9990234375
8684.240234375
8683.6103515625
8683.04296875
8682.552734375
8681.970703125
8681.3994140625
8680.75390625
8680.1962890625
8679.60546875
8679.04296875
8678.423828125
8677.818359375
8677.2021484375
8676.61328125
8676.0498046875
8675.509765625
8674.966796875
8674.4052734375
8673.86328125
8673.3095703125
8672.794921875
8672.2666015625
8671.759765625
8671.26171875
8670.763671875
8670.224609375
8669.75390625
8669.220703125
8668.736328125
8668.1845703125
8667.73828125
8667.236328125
8666.8359375
8666.376953125
8666.048828125
8665.6826171875
8665.4931640625
8665.3466796875
8665.376953125
8665.552734375
8665.94140625
8666.4921875
8666.74609375
8666.60546875
8665.6962890625
8664.28515625
8662.841796875
8661.7109375
8661.083984375
8660.4326171875
8659.6533203125
8658.5859375
8657.560546875
8656.7138671875
8656.306640625
8656.0537109375
8655.8994140625
8655.4208984375
8654.783203125
8653.8662109375
8653.0869140625
8652.43359375
8652.015625
8651.5703125
8651.00390625
8650.3759765625
8649.703125
8649.15234375
8648.7724609375
8648.556640625
8648.4990234375
8648.5078125
8648.59375
8648.7314453125
8648.92578125
8649.123046875
8649.0908203125
8648.6630859375
8647.66796875
8646.544921875
8645.337890625
8645.013671875
8644.8095703125
8645.41796875
8645.3232421875
8645.669921875
8645.21875
8645.501953125
8645.578125
8646.4296875
8647.138671875
8648.2607421875
8649.1328125
8650.1875
8650.8935546875
8651.173828125
8650.60546875
8648.931640625
8646.708984375
8644.705078125
8643.931640625
8644.6171875
8646.3466796875
8648.033203125
8649.10546875
8649.1669921875
8648.9501953125
8647.9931640625
8647.109375
8645.205078125
8643.33984375
8641.2744140625
8639.9541015625
8638.94140625
8638.103515625
8636.8203125
8635.3974609375
8634.6171875
8634.5810546875
8635.447265625
8636.0078125
8636.150390625
8635.095703125
8633.880859375
8632.662109375
8632.49609375
8632.70703125
8633.09375
8632.8251953125
8631.9775390625
8630.79296875
8629.443359375
8628.1767578125
8626.5478515625
8624.8525390625
8623.068359375
8622.0439453125
8621.37890625
8621.3349609375
8620.9609375
8620.4697265625
8619.40234375
8618.390625
8617.1025390625
8615.8251953125
8614.4228515625
8613.0322265625
8611.720703125
8610.5908203125
8609.6201171875
8608.806640625
8608.21875
8607.86328125
8607.7890625
8607.98046875
8608.3984375
8608.94921875
8609.7666015625
8610.73046875
8611.8759765625
8612.609375
8612.599609375
8611.037109375
8608.48046875
8605.3994140625
8603.6015625
8603.19140625
8604.3876953125
8605.4228515625
8605.798828125
8604.7109375
8603.08203125
8601.5234375
8600.8779296875
8600.7861328125
8600.984375
8600.6533203125
8599.90625
8598.90234375
8598.3125
8598.5693359375
8599.5908203125
8601.2666015625
8602.7255859375
8604.0087890625
8604.509765625
8604.541015625
8603.95703125
8602.7060546875
8601.07421875
8598.8173828125
8596.9287109375
8595.318359375
8595.029296875
8595.029296875
8595.576171875
8595.4912109375
8595.1640625
8594.4453125
8594.291015625
8594.486328125
8595.2255859375
8595.32421875
8594.93359375
8593.6298828125
8592.3349609375
8591.41015625
8591.19140625
8591.083984375
8590.435546875
8589.021484375
8586.9619140625
8585.1103515625
8583.771484375
8583.28125
8583.423828125
8583.986328125
8584.517578125
8584.47265625
8583.841796875
8582.421875
8581.126953125
8579.873046875
8579.263671875
8578.494140625
8577.560546875
8576.0068359375
8574.14453125
8572.130859375
8570.4453125
8569.1669921875
8568.39453125
8568.0029296875
8567.72265625
8567.2216796875
8566.283203125
8564.88671875
8563.2880859375
8561.771484375
8560.578125
8559.666015625
8558.869140625
8558.1533203125
8557.380859375
8556.8134765625
8556.408203125
8556.494140625
8556.71484375
8557.373046875
8557.712890625
8558.21875
8558.1826171875
8558.33203125
8558.416015625
8559.0927734375
8559.80859375
8560.46875
8559.8359375
8558.416015625
8556.5478515625
8555.806640625
8556.2578125
8557.53515625
8558.37890625
8558.35546875
8557.6513671875
8557.423828125
8558.1728515625
8559.6533203125
8560.994140625
8561.37890625
8560.85546875
8559.8916015625
8558.619140625
8556.9765625
8554.62109375
8552.0205078125
8549.75390625
8548.40625
8547.9736328125
8547.84375
8547.65625
8547.04296875
8546.416015625
8545.65625
8544.955078125
8543.955078125
8543.02734375
8542.146484375
8541.623046875
8541.1455078125
8540.6044921875
8539.8056640625
8538.966796875
8538.1767578125
8537.849609375
8537.794921875
8537.974609375
8537.857421875
8537.474609375
8536.56640625
8535.640625
8534.728515625
8534.0908203125
8533.232421875
8532.2734375
8530.96875
8529.70703125
8528.66796875
8528.083984375
8527.63671875
8527.302734375
8526.890625
8526.5576171875
8526.3984375
8526.564453125
8526.7890625
8526.9140625
8526.6796875
8526.189453125
8525.5244140625
8525.0517578125
8524.875
8525.2099609375
8525.787109375
8526.7041015625
8527.353515625
8527.841796875
8527.427734375
8526.498046875
8524.708984375
8522.9287109375
8521.2880859375
8520.6494140625
8520.818359375
8521.98828125
8523.37109375
8524.87109375
8525.96875
8526.75390625
8527.0966796875
8527.0283203125
8526.384765625
8525.001953125
8522.892578125
8520.2978515625
8517.7841796875
8515.798828125
8514.59375
8514.103515625
8514.076171875
8514.09375
8513.7890625
8512.9560546875
8511.4619140625
8509.568359375
8507.546875
8505.783203125
8504.263671875
8502.9150390625
8501.455078125
8499.8876953125
8498.439453125
8497.4765625
8496.984375
8497.056640625
8497.255859375
8497.34375
8496.908203125
8496.2294921875
8495.318359375
8494.615234375
8494.275390625
8494.35546875
8494.677734375
8495.1103515625
8495.5419921875
8496.193359375
8496.802734375
8497.91015625
8498.36328125
8498.748046875
8497.9404296875
8497.05078125
8496.099609375
8495.884765625
8496.4140625
8497.44921875
8498.7939453125
8499.974609375
8500.69140625
8501.3603515625
8501.388671875
8501.9736328125
8502.109375
8502.5283203125
8502.4677734375
8502.294921875
8502.025390625
8501.9296875
8501.943359375
8501.876953125
8501.37109375
8500.234375
8498.3017578125
8495.7041015625
8492.6982421875
8489.80078125
8487.54296875
8486.380859375
8486.34765625
8487.142578125
8488.0078125
8488.548828125
8488.087890625
8486.572265625
8484.009765625
8480.984375
8478.4619140625
8477.1259765625
8477.099609375
8477.5986328125
8477.888671875
8477.119140625
8475.375
8473.1943359375
8471.53125
8470.712890625
8470.798828125
8471.267578125
8471.8212890625
8472.177734375
8472.447265625
8472.69921875
8472.8662109375
8472.68359375
8471.8662109375
8470.3056640625
8468.298828125
8466.41015625
8465.2041015625
8464.59375
8464.7421875
8464.95703125
8465.22265625
8465.2587890625
8465.154296875
8465.107421875
8465.23828125
8465.4091796875
8465.484375
8465.291015625
8464.94921875
8464.51171875
8464.4384765625
8464.873046875
8465.755859375
8466.78125
8467.46484375
8467.75
8467.3046875
8466.546875
8465.47265625
8464.568359375
8463.921875
8463.6181640625
8463.3828125
8463.078125
8462.4208984375
8461.412109375
8460.244140625
8458.9150390625
8457.7890625
8457.0078125
8456.8603515625
8457.4482421875
8458.59375
8459.9619140625
8461.0166015625
8461.31640625
8460.814453125
8459.423828125
8458.0263671875
8456.62109375
8456.00390625
8455.63671875
8455.837890625
8455.5244140625
8454.8525390625
8453.33984375
8451.70703125
8450.353515625
8449.7353515625
8449.865234375
8450.341796875
8450.982421875
8451.4208984375
8451.740234375
8451.3671875
8450.166015625
8447.55859375
8444.48828125
8441.69140625
8440.013671875
8439.2158203125
8438.517578125
8437.328125
8435.583984375
8434.333984375
8434.13671875
8435.146484375
8436.666015625
8437.8046875
8438.310546875
8438.3896484375
8438.44140625
8438.759765625
8438.7109375
8438.482421875
8437.5302734375
8436.794921875
8435.6298828125
8434.8857421875
8433.943359375
8433.623046875
8433.55859375
8434.3125
8434.9931640625
8435.720703125
8435.44140625
8434.8125
8433.6455078125
8432.525390625
8431.26171875
8429.869140625
8428.14453125
8426.359375
8424.6005859375
8423.11328125
8421.958984375
8421.09765625
8420.60546875
8420.5361328125
8420.919921875
8421.603515625
8422.642578125
8423.67578125
8424.900390625
8426.0419921875
8427.3857421875
8428.4521484375
8429.462890625
8429.359375
8428.4208984375
8425.8388671875
8422.728515625
8419.484375
8417.412109375
8416.6552734375
8417.005859375
8417.7001953125
8418.2763671875
8418.3701171875
8417.943359375
8417.1376953125
8416.076171875
