15073.177734375
15068.775390625
15064.728515625
15061.0029296875
15057.552734375
15054.369140625
15051.412109375
15048.6572265625
15046.091796875
15043.6943359375
15041.443359375
15039.310546875
15037.287109375
15035.349609375
15033.4970703125
15031.7138671875
15029.99609375
15028.341796875
15026.744140625
15025.2041015625
15023.71484375
15022.279296875
15020.892578125
15019.5517578125
15018.265625
15017.02734375
15015.8310546875
15014.68359375
15013.578125
15012.5087890625
15011.4736328125
15010.48046875
15009.513671875
15008.587890625
15007.681640625
15006.806640625
15005.9580078125
15005.134765625
15004.337890625
15003.5634765625
15002.8095703125
15002.0751953125
15001.361328125
15000.669921875
14999.994140625
14999.337890625
14998.693359375
14998.0732421875
14997.466796875
14996.875
14996.29296875
14995.73046875
14995.1826171875
14994.6435546875
14994.12109375
14993.60546875
14993.103515625
14992.6123046875
14992.134765625
14991.6640625
14991.208984375
14990.76171875
14990.326171875
14989.90234375
14989.486328125
14989.078125
14988.6767578125
14988.291015625
14987.908203125
14987.5390625
14987.1748046875
14986.8193359375
14986.4736328125
14986.134765625
14985.802734375
14985.4755859375
14985.16015625
14984.8486328125
14984.544921875
14984.25
14983.958984375
14983.67578125
14983.39453125
14983.123046875
14982.8564453125
14982.5966796875
14982.341796875
14982.0908203125
14981.8486328125
14981.6064453125
14981.3701171875
14981.140625
14980.9150390625
14980.6953125
14980.48046875
14980.267578125
14980.0576171875
14979.8544921875
14979.654296875
14979.4599609375
14979.265625
14979.0771484375
14978.892578125
14978.7099609375
14978.5322265625
14978.3544921875
14978.18359375
14978.013671875
14977.8447265625
14977.677734375
14977.517578125
14977.359375
14977.201171875
14977.046875
14976.89453125
14976.744140625
14976.59765625
14976.4501953125
14976.3076171875
14976.16796875
14976.0263671875
14975.890625
14975.75390625
14975.619140625
14975.484375
14975.3544921875
14975.2255859375
14975.099609375
14974.97265625
14974.8515625
14974.73046875
14974.611328125
14974.4912109375
14974.3759765625
14974.2607421875
14974.1435546875
14974.03125
14973.9208984375
14973.8115234375
14973.703125
14973.59765625
14973.494140625
14973.388671875
14973.283203125
14973.18359375
14973.080078125
14972.9833984375
14972.88671875
14972.7890625
14972.693359375
14972.595703125
14972.505859375
14972.412109375
14972.3203125
14972.232421875
14972.1435546875
14972.0537109375
14971.966796875
14971.87890625
14971.796875
14971.7080078125
14971.6220703125
14971.5400390625
14971.458984375
14971.3779296875
14971.2978515625
14971.22265625
14971.140625
14971.06640625
14970.98828125
14970.9091796875
14970.833984375
14970.7607421875
14970.6875
14970.6171875
14970.54296875
14970.474609375
14970.40234375
14970.333984375
14970.263671875
14970.197265625
14970.126953125
14970.0625
14969.9951171875
14969.931640625
14969.86328125
14969.7998046875
14969.736328125
14969.671875
14969.6103515625
14969.5498046875
14969.486328125
14969.4248046875
14969.3662109375
14969.30859375
14969.25
14969.1904296875
14969.1328125
14969.076171875
14969.01953125
32370178.0
146149.453125
83435.0703125
77995.5703125
77971.1015625
83523.53125
91937.25
86091.9140625
74497.375
68355.3046875
64575.4453125
62883.44921875
66168.0703125
77832.1015625
89283.5703125
81566.5234375
68675.5703125
61791.7109375
58884.1640625
57561.65625
56719.8203125
56031.703125
55206.9140625
54248.3359375
53026.1640625
51558.859375
49986.4765625
48391.46875
46852.33203125
45412.28125
44050.23046875
42740.4765625
41513.8046875
40380.1484375
39310.9609375
38280.0703125
37286.2265625
36332.09375
35423.5
34563.5
33746.6328125
32960.6484375
32205.025390625
31487.1171875
30810.94140625
30177.6171875
29582.32421875
29021.189453125
28493.08203125
27997.75
27531.943359375
27089.875
26668.99609375
26271.2890625
25896.748046875
25543.83984375
25209.4296875
24890.560546875
24585.40625
24293.96484375
24017.564453125
23756.376953125
23506.154296875
23262.875
23028.8046875
22803.69921875
22586.8515625
22378.51953125
22178.3359375
21984.623046875
21796.78515625
21615.078125
21440.00390625
21270.86328125
21106.91796875
20948.79296875
20796.59375
20649.103515625
20506.380859375
20368.19921875
20233.81640625
20103.181640625
19976.494140625
19853.65234375
19734.23046875
19618.64453125
19505.6171875
19397.529296875
19286.62890625
19181.439453125
19081.0625
18979.603515625
18880.02734375
18786.666015625
18694.52734375
18609.32421875
18512.96484375
18429.537109375
18351.24609375
18264.18359375
18181.76171875
18104.95703125
18019.681640625
17949.1328125
17868.05859375
17798.09375
17723.912109375
17654.966796875
17584.765625
17515.10546875
17450.25
17383.5859375
17321.3359375
17255.74609375
17195.814453125
17134.03515625
17075.044921875
17016.810546875
16958.626953125
16903.046875
16846.42578125
16793.037109375
16738.830078125
16686.654296875
16634.71875
16583.712890625
16534.087890625
16484.328125
16436.62109375
16388.3515625
16341.9072265625
16295.19140625
16249.8125
16204.564453125
16160.1064453125
16116.216796875
16072.873046875
16030.263671875
15987.982421875
15946.5791015625
15905.2890625
15864.763671875
15824.380859375
15784.76953125
15745.626953125
15706.7353515625
15668.1279296875
15630.083984375
15592.4443359375
15555.01953125
15517.896484375
15481.0654296875
15444.5400390625
15408.2353515625
15372.17578125
15336.21484375
15300.5576171875
15265.185546875
15230.05859375
15195.1484375
15160.7470703125
15126.7080078125
15093.1826171875
15060.20703125
15027.884765625
14996.099609375
14964.94921875
14934.2470703125
14903.998046875
14874.1015625
14844.61328125
14815.423828125
14786.505859375
14757.8994140625
14729.59375
14701.603515625
14673.9404296875
14646.638671875
14619.677734375
14592.958984375
14566.5673828125
14540.537109375
14514.8681640625
14489.412109375
14464.2021484375
14439.224609375
14414.5390625
14390.1552734375
14365.94140625
14342.0302734375
14318.37109375
14294.970703125
14271.9033203125
14249.1015625
14226.5234375
14204.72265625
14181.92578125
14159.8193359375
14137.7431640625
14116.14453125
14094.9599609375
14073.923828125
14053.3056640625
14032.1650390625
14011.421875
13991.0908203125
13971.16015625
13951.744140625
13932.576171875
13913.84375
13895.142578125
13874.5068359375
13854.798828125
13834.7060546875
13817.259765625
13800.390625
13778.2578125
13760.96875
13747.111328125
13724.1875
13713.5283203125
13703.076171875
13684.3740234375
13660.5
13646.7841796875
13623.0224609375
13610.93359375
13586.2939453125
13582.140625
13583.810546875
13581.8623046875
13550.7001953125
13549.203125
13521.134765625
13494.16796875
13485.7109375
13465.0029296875
13446.642578125
13430.982421875
13415.0185546875
13390.71875
13378.3681640625
13360.3466796875
13341.4931640625
13326.3876953125
13309.29296875
13289.556640625
13273.3681640625
13255.984375
13239.75390625
13225.109375
13208.587890625
13192.025390625
13176.2265625
13161.373046875
13145.0322265625
13130.5390625
13114.787109375
13100.380859375
13085.1923828125
13071.6201171875
13056.7275390625
13042.05078125
13028.404296875
13014.5361328125
13000.3583984375
12986.509765625
12973.287109375
12959.3173828125
12946.16796875
12933.0185546875
12919.908203125
12906.8359375
12893.978515625
12881.33203125
12868.068359375
12855.3203125
12842.423828125
12829.8427734375
12817.306640625
12805.201171875
12793.123046875
12781.1953125
12769.771484375
12757.72265625
12746.240234375
12732.8046875
12720.6513671875
12708.6640625
12697.12109375
12685.2880859375
12673.453125
12661.876953125
12650.8310546875
12639.88671875
12627.796875
12616.458984375
12604.4404296875
12592.8779296875
12581.271484375
12569.919921875
12559.212890625
12548.4921875
12538.0810546875
12526.2119140625
12514.876953125
12503.3935546875
12492.3623046875
12481.73046875
12471.0673828125
12460.7802734375
12449.9443359375
12439.6162109375
12428.81640625
12418.7939453125
12409.3515625
12399.984375
12390.359375
12377.546875
12365.5322265625
12355.970703125
12347.4326171875
12337.35546875
12325.8125
12315.318359375
12306.427734375
12295.81640625
12284.599609375
12274.4619140625
12265.2421875
12255.283203125
12244.544921875
12234.7529296875
12225.41796875
12215.267578125
12204.98046875
12195.3916015625
12185.830078125
12175.9404296875
12165.861328125
12156.3427734375
12146.82421875
12137.1181640625
12127.6484375
12118.58984375
12109.220703125
12099.107421875
12088.712890625
12079.140625
12070.75390625
12062.9130859375
12054.6904296875
12044.400390625
12032.0673828125
12020.2744140625
12011.501953125
12003.302734375
11992.990234375
11981.4677734375
11972.7138671875
11964.55859375
11957.8046875
11943.4716796875
11931.98828125
11922.6494140625
11913.693359375
11905.904296875
11894.9951171875
11887.494140625
11872.900390625
11864.6123046875
11864.8662109375
11847.65234375
11839.6796875
11848.7607421875
11821.412109375
11823.576171875
11837.259765625
11801.3955078125
11809.359375
11772.724609375
11782.5390625
11751.1123046875
11770.19921875
11782.6767578125
11777.9375
11754.943359375
11756.859375
11718.25
11714.904296875
11705.7080078125
11689.521484375
11683.236328125
11668.396484375
11669.2509765625
11649.205078125
11650.20703125
11621.39453125
11621.5703125
11607.89453125
11601.38671875
11587.6591796875
11585.392578125
11574.6005859375
11565.3232421875
11550.208984375
11541.77734375
11534.5244140625
11525.5263671875
11515.5966796875
11508.6953125
11500.61328125
11492.0830078125
11480.97265625
11473.5712890625
11466.2880859375
11458.529296875
11450.7666015625
11442.8779296875
11434.2841796875
11424.3505859375
11415.7841796875
11409.17578125
11402.478515625
11396.30859375
11388.744140625
11381.89453125
11374.2548828125
11365.953125
11358.1171875
11352.470703125
11347.794921875
11342.349609375
11332.6767578125
11321.818359375
11312.7666015625
11306.78515625
11302.330078125
11295.3232421875
11286.9833984375
11278.822265625
11272.412109375
11266.90625
11260.212890625
11252.12109375
11243.7802734375
11237.1591796875
11231.1298828125
11224.94140625
11217.546875
11210.1435546875
11203.0791015625
11196.568359375
11190.34375
11184.181640625
11177.9189453125
11171.373046875
11164.9013671875
11157.935546875
11151.2392578125
11144.69921875
11138.322265625
11131.9375
11125.36328125
11118.7265625
11112.158203125
11105.888671875
11099.654296875
11093.59375
11087.216796875
11080.896484375
11074.6123046875
11068.4404296875
11062.4326171875
11056.62109375
11051.251953125
11046.375
11041.6416015625
11037.4033203125
11031.166015625
11023.943359375
11015.5322265625
11008.72265625
11003.830078125
10998.7568359375
10992.853515625
10985.7890625
10979.935546875
10975.0478515625
10969.09765625
10961.61328125
10954.3037109375
10949.01171875
10944.98046875
10939.5458984375
10932.48828125
10924.703125
10918.076171875
10912.244140625
10906.302734375
10900.263671875
10894.53125
10888.8291015625
10883.1025390625
10876.6337890625
10870.787109375
10864.642578125
10858.619140625
10851.900390625
10845.55078125
10839.41015625
10833.640625
10827.6591796875
10821.59375
10815.6787109375
10810.1533203125
10804.7890625
10799.345703125
10793.9375
10788.869140625
10784.18359375
10779.5966796875
10774.818359375
10769.25
10762.61328125
10755.5419921875
10748.408203125
10742.35546875
10737.564453125
10733.43359375
10728.76953125
10723.9921875
10719.0732421875
10715.1787109375
10710.9443359375
10705.1298828125
10698.1025390625
10690.6201171875
10684.8037109375
10680.9755859375
10677.6064453125
10671.7470703125
10663.51171875
10655.240234375
10648.7138671875
10643.689453125
10639.07421875
10634.66796875
10630.44140625
10624.908203125
10617.740234375
10609.703125
10603.6044921875
10598.85546875
10595.0341796875
10589.26953125
10582.623046875
10575.978515625
10570.583984375
10565.169921875
10559.2333984375
10552.6171875
10546.7998046875
10541.7802734375
10536.85546875
10531.01171875
10524.84375
10519.021484375
10514.056640625
10508.9833984375
10504.103515625
10498.560546875
10493.73828125
10488.748046875
10483.7939453125
10478.56640625
10473.6142578125
10469.16796875
10464.861328125
10460.2763671875
10454.818359375
10448.88671875
10443.275390625
10438.708984375
10435.34375
10432.4921875
10429.19140625
10424.2490234375
10417.294921875
10410.005859375
10403.875
10400.455078125
10397.302734375
10393.529296875
10387.48046875
10380.8994140625
10375.0908203125
10370.8271484375
10366.9765625
10362.134765625
10356.1640625
10350.0625
10345.046875
10340.931640625
10337.107421875
10332.861328125
10328.345703125
10324.0546875
10320.556640625
10317.810546875
10315.283203125
10311.111328125
10304.193359375
10297.0078125
10293.0498046875
10291.4052734375
10287.8310546875
10282.8291015625
10278.3046875
10276.6630859375
10272.9345703125
10266.71484375
10259.787109375
10254.0
10248.609375
10243.23828125
10239.740234375
10237.4169921875
10234.51953125
10229.802734375
10225.4677734375
10222.103515625
10219.744140625
10217.63671875
10215.9990234375
10213.96875
10211.720703125
10209.134765625
10206.8515625
10201.634765625
10195.25390625
10190.78125
10192.048828125
10195.359375
10186.8759765625
10173.3994140625
10169.9677734375
10169.6591796875
10163.09765625
10158.2890625
10154.8896484375
10146.333984375
10142.98046875
10144.6298828125
10137.8369140625
10130.740234375
10128.185546875
10122.4609375
10117.0869140625
10116.4052734375
10112.01953125
10105.8544921875
10102.01171875
10097.861328125
10093.1953125
10090.716796875
10087.107421875
10082.08984375
10078.0390625
10074.2587890625
10070.0419921875
10067.4189453125
10064.4716796875
10059.953125
10055.2958984375
10051.2373046875
10046.865234375
10043.4052734375
10040.681640625
10037.708984375
10034.3662109375
10031.41796875
10027.890625
10024.255859375
10021.6142578125
10019.9619140625
10017.939453125
10014.693359375
10009.2255859375
10002.80859375
9997.5888671875
9994.87890625
9993.583984375
9992.123046875
9989.28125
9985.6162109375
9981.84375
9978.947265625
9976.3515625
9973.482421875
9970.044921875
9966.578125
9963.40234375
9960.400390625
9957.744140625
9954.1962890625
9950.689453125
9946.6953125
9942.9921875
9939.697265625
9936.5029296875
9934.0234375
9931.326171875
9929.4287109375
9927.6484375
9926.17578125
9923.5126953125
9920.1650390625
9915.736328125
9911.642578125
9908.021484375
9905.20703125
9902.1865234375
9899.048828125
9895.814453125
9892.8603515625
9889.6904296875
9885.6572265625
9880.91796875
9876.3056640625
9872.79296875
9870.3017578125
9868.4462890625
9865.890625
9862.6953125
9858.90625
9855.1630859375
9851.560546875
9847.8095703125
9844.052734375
9840.4677734375
9837.53515625
9834.8779296875
9832.5546875
9830.220703125
9828.416015625
9826.69140625
9824.7451171875
9821.197265625
9816.17578125
9810.3037109375
9805.6923828125
9802.7412109375
9801.515625
9799.83984375
9797.37890625
9793.48046875
9789.3740234375
9785.623046875
9782.5947265625
9779.76171875
9776.671875
9773.1953125
9769.677734375
9766.482421875
9763.9609375
9761.703125
9759.568359375
9756.6748046875
9753.3974609375
9749.626953125
9746.4541015625
9744.044921875
9742.7119140625
9741.5341796875
9740.11328125
9737.41015625
9733.99609375
9729.9150390625
9726.01171875
9722.109375
9718.755859375
9714.9736328125
9711.404296875
9707.6064453125
9704.6904296875
9702.4912109375
9701.2861328125
9699.7587890625
9697.4931640625
9692.96875
9686.79296875
9680.6767578125
9677.28515625
9676.2724609375
9674.87109375
9671.599609375
9667.5048828125
9664.328125
9661.8974609375
9658.849609375
9655.232421875
9652.294921875
9650.2744140625
9648.189453125
9645.021484375
9640.9404296875
9637.326171875
9635.7119140625
9634.908203125
9633.568359375
9632.455078125
9631.94140625
9631.197265625
9628.53515625
9624.830078125
9620.0078125
9614.6708984375
9609.6552734375
9606.2265625
9603.3349609375
9600.947265625
9599.2158203125
9597.0712890625
9593.875
9590.453125
9588.1259765625
9587.009765625
9586.623046875
9585.6015625
9583.501953125
9580.4453125
9577.763671875
9575.2802734375
9573.294921875
9571.380859375
9569.5537109375
9567.296875
9564.5009765625
9561.2607421875
9557.798828125
9554.578125
9551.697265625
9548.716796875
9545.693359375
9542.3291015625
9539.248046875
9536.53125
9534.806640625
9533.587890625
9532.638671875
9531.05859375
9528.583984375
9525.0146484375
9521.08984375
9517.298828125
9514.1162109375
9511.646484375
9510.052734375
9509.3828125
9508.76953125
9507.0185546875
9502.564453125
9496.3486328125
9490.9453125
9488.283203125
9487.9453125
9487.484375
9485.9677734375
9484.513671875
9484.3125
9484.0361328125
9481.91015625
9477.970703125
9474.564453125
9472.95703125
9472.890625
9471.88671875
9469.794921875
9466.4765625
9463.5771484375
9460.92578125
9458.8310546875
9456.484375
9454.0107421875
9450.7001953125
9447.1005859375
9443.29296875
9440.322265625
9438.001953125
9436.154296875
9433.9306640625
9431.3642578125
9428.787109375
9426.708984375
9425.521484375
9425.0791015625
9424.61328125
9423.642578125
9421.232421875
9417.7177734375
9413.232421875
9409.294921875
9406.421875
9405.099609375
9404.259765625
9404.0078125
9402.373046875
9401.0615234375
9400.400390625
9400.9072265625
9402.05859375
9403.1181640625
9403.5869140625
9402.4658203125
9400.32421875
9396.8251953125
9392.923828125
9388.4287109375
9384.5380859375
9381.921875
9380.900390625
9380.8427734375
9380.87890625
9380.412109375
9379.904296875
9379.310546875
9378.361328125
9375.5498046875
9371.2265625
9366.0859375
9362.03515625
9359.064453125
9356.0859375
9351.6953125
9346.1337890625
9340.8583984375
9337.919921875
9337.24609375
9337.578125
9337.494140625
9337.3525390625
9338.2890625
9339.4443359375
9339.13671875
9335.291015625
9329.91796875
9326.28515625
9324.8740234375
9323.5263671875
9319.1611328125
9312.2861328125
9305.5087890625
9301.95703125
9301.587890625
9301.8681640625
9300.1357421875
9296.2880859375
9292.1787109375
9289.26171875
9287.48046875
9285.9482421875
9284.6455078125
9284.416015625
9285.4765625
9286.8583984375
9286.53515625
9283.8662109375
9279.830078125
9276.90625
9275.9794921875
9276.416015625
9276.490234375
9275.625
9273.7529296875
9271.8994140625
9270.1162109375
9268.75390625
9267.3583984375
9266.283203125
9264.9453125
9263.041015625
9259.5771484375
9254.9892578125
9250.2177734375
9246.6435546875
9244.478515625
9242.7578125
9239.9189453125
9235.23046875
9229.6484375
9224.755859375
9221.8466796875
9220.796875
9220.56640625
9219.921875
9217.8427734375
9214.486328125
9210.66015625
9207.431640625
9205.4091796875
9194.783203125
9195.595703125
9197.224609375
9188.9130859375
9192.529296875
9189.251953125
9185.337890625
9187.6416015625
9182.9091796875
9182.1328125
9181.9560546875
9178.1689453125
9178.328125
9176.5087890625
9174.25
9173.955078125
9171.732421875
9170.396484375
9169.3916015625
9167.451171875
9166.388671875
9165.005859375
9163.4091796875
9162.2666015625
9160.8046875
9159.40234375
9158.1650390625
9156.744140625
9155.4130859375
9154.123046875
9152.7392578125
9151.41015625
9150.1259765625
9148.7626953125
9147.4765625
9146.1669921875
9144.822265625
9143.544921875
9142.24609375
9140.9189453125
9139.650390625
9138.33984375
9137.0439453125
9135.76171875
9134.458984375
9133.1806640625
9131.923828125
9130.630859375
9129.353515625
9128.0791015625
9126.8046875
9125.53515625
9124.25390625
9122.9873046875
9121.732421875
9120.470703125
9119.208984375
9117.9462890625
9116.685546875
9115.4453125
9114.1611328125
9112.912109375
9111.654296875
9110.4013671875
9109.1494140625
9107.904296875
9106.64453125
9105.40625
9104.1669921875
9102.9208984375
9101.66796875
9100.412109375
9099.1787109375
9097.927734375
9096.693359375
9095.447265625
9094.2138671875
9092.96484375
9091.7529296875
9090.51171875
9089.27734375
9088.044921875
9086.8125
9085.5869140625
9084.3564453125
9083.125
9081.890625
9080.677734375
9079.443359375
9078.2109375
9076.98828125
9075.765625
9074.533203125
9073.3046875
9072.0908203125
9070.87890625
9069.6484375
9068.4365234375
9067.1923828125
9065.982421875
9064.7568359375
9063.533203125
9062.3232421875
9061.0830078125
9059.8837890625
9058.642578125
9057.4326171875
9056.2109375
9054.98046875
9053.759765625
9052.546875
9051.3291015625
9050.109375
9048.8916015625
9047.6640625
9046.439453125
9045.220703125
9044.009765625
9042.7861328125
9041.56640625
9040.3515625
9039.12109375
9037.91015625
9036.69140625
9035.474609375
9034.259765625
9033.0390625
9031.8134765625
9030.6025390625
9029.373046875
9028.1455078125
9026.935546875
9025.7099609375
9024.4951171875
9023.2861328125
9022.0625
9020.845703125
9019.615234375
9018.3974609375
9017.169921875
9015.9453125
9014.736328125
9013.5
9012.28515625
9011.052734375
9009.83203125
9008.623046875
9007.400390625
9006.169921875
9004.96484375
9003.7431640625
9002.52734375
9001.2861328125
9000.0849609375
8998.86328125
8997.6455078125
8996.419921875
8995.212890625
8994.005859375
8992.7734375
8991.560546875
8990.341796875
8989.1455078125
8987.927734375
8986.7275390625
8985.5107421875
8984.3046875
8983.107421875
8981.90234375
8980.705078125
8979.509765625
8978.306640625
8977.09765625
8975.90234375
8974.6953125
8973.5
8972.314453125
8971.123046875
8969.9375
8968.734375
8967.5498046875
8966.369140625
8965.166015625
8963.98828125
8962.787109375
8961.6171875
8960.416015625
8959.2275390625
8958.0546875
8956.859375
8955.693359375
8954.5126953125
8953.328125
8952.1630859375
8950.984375
8949.794921875
8948.6298828125
8947.4580078125
8946.3046875
8945.130859375
8943.96875
8942.814453125
8941.640625
8940.482421875
8939.3232421875
8938.171875
8937.025390625
8935.8720703125
8934.71484375
8933.568359375
8932.4140625
8931.2763671875
8930.1201171875
8928.98046875
8927.845703125
8926.7041015625
8925.560546875
8924.4296875
8923.30078125
8922.154296875
8921.015625
8919.8896484375
8918.736328125
8917.59375
8916.4697265625
8915.3203125
8914.19140625
8913.0625
8911.927734375
8910.80078125
8909.669921875
8908.53515625
8907.431640625
8906.2958984375
8905.158203125
8904.0390625
8902.9189453125
8901.78515625
8900.66015625
8899.5458984375
8898.427734375
8897.3037109375
8896.1845703125
8895.056640625
8893.9599609375
8892.841796875
8891.716796875
8890.603515625
8889.4921875
8888.3779296875
8887.279296875
8886.171875
8885.056640625
8883.9462890625
8882.837890625
8881.7421875
8880.6162109375
8879.52734375
8878.40625
8877.3134765625
8876.205078125
8875.09765625
8874.0068359375
8872.9140625
8871.806640625
8870.697265625
8869.6181640625
8868.5087890625
8867.41796875
8866.30859375
8865.19921875
8864.115234375
8863.0234375
8861.919921875
8860.828125
8859.728515625
8858.638671875
8857.537109375
8856.447265625
8855.353515625
8854.2626953125
8853.173828125
8852.068359375
8850.9736328125
8849.8828125
8848.7890625
8847.705078125
8846.60546875
8845.517578125
8844.431640625
8843.3310546875
8842.240234375
8841.154296875
8840.0673828125
8838.974609375
8837.8857421875
8836.791015625
8835.693359375
8834.6064453125
8833.5146484375
8832.41015625
8831.3212890625
8830.228515625
8829.134765625
8828.046875
8826.958984375
8825.8447265625
8824.7490234375
8823.669921875
8822.560546875
8821.478515625
8820.3818359375
8819.2734375
8818.173828125
8817.068359375
8815.978515625
8814.880859375
8813.771484375
8812.669921875
8811.58203125
8810.478515625
8809.3642578125
8808.2607421875
8807.1640625
8806.05859375
8804.9423828125
8803.837890625
8802.7255859375
8801.6171875
8800.501953125
8799.376953125
8798.26953125
8797.1484375
8796.046875
8794.931640625
8793.798828125
8792.6875
8791.5625
8790.42578125
8789.2890625
8788.1748046875
8787.044921875
8785.9130859375
8784.78515625
8783.66015625
8782.51171875
8781.37890625
8780.232421875
8779.099609375
8777.96484375
8776.8125
8775.6689453125
8774.5205078125
8773.365234375
8772.2255859375
8771.05078125
8769.9169921875
8768.744140625
8767.59375
8766.4296875
8765.26171875
8764.08984375
8762.919921875
8761.75390625
8760.5751953125
8759.404296875
8758.236328125
8757.0576171875
8755.875
8754.689453125
8753.513671875
8752.32421875
8751.1171875
8749.92578125
8748.7080078125
8747.45703125
8746.2138671875
8744.9541015625
8743.671875
8742.37109375
8741.0517578125
8739.7216796875
8738.412109375
8737.107421875
8735.8466796875
8734.5849609375
8733.3515625
8732.0009765625
8730.662109375
8729.240234375
8727.8603515625
8726.6005859375
8725.46875
8724.4072265625
8723.3671875
8722.302734375
8721.2119140625
8720.087890625
8718.9658203125
8717.8740234375
8716.767578125
8715.6357421875
8714.525390625
8713.4501953125
8712.3857421875
8711.328125
8710.2744140625
8709.19140625
8708.1640625
8707.2041015625
8706.31640625
8705.5390625
8704.873046875
8704.3720703125
8704.0361328125
8703.802734375
8703.384765625
8702.3671875
8700.58203125
8698.2587890625
8696.1396484375
8694.876953125
8694.51171875
8694.51953125
8694.2744140625
8693.20703125
8691.5341796875
8689.46484375
8687.6259765625
8686.2822265625
8685.4365234375
8684.75390625
8683.9638671875
8683.0
8681.96484375
8681.109375
8680.546875
8680.109375
8679.41796875
8678.060546875
8676.08203125
8673.947265625
8672.2900390625
8671.3466796875
8670.9443359375
8670.5185546875
8669.66796875
8668.373046875
8666.865234375
8665.4765625
8664.2890625
8663.193359375
8662.0654296875
8660.9013671875
8659.7255859375
8658.9306640625
8658.109375
8657.830078125
8656.7890625
8655.830078125
8653.966796875
8652.146484375
8650.333984375
8648.9208984375
8647.8369140625
8646.8037109375
8645.75
8644.4931640625
8643.32421875
8642.111328125
8641.1640625
8640.125
8639.369140625
8638.330078125
8637.50390625
8635.9755859375
8634.3046875
8632.3779296875
8631.009765625
8630.798828125
8629.8916015625
8628.265625
8626.0166015625
8625.044921875
8623.8671875
8622.7734375
8622.0576171875
8622.8154296875
8622.546875
8621.501953125
8619.33203125
8618.06640625
8616.4453125
8614.97265625
8613.146484375
8612.41015625
8611.912109375
8611.392578125
8610.298828125
8608.927734375
8607.5546875
8605.6181640625
8603.771484375
8602.6376953125
8602.2392578125
8602.1650390625
8602.107421875
8601.9697265625
8601.53515625
8600.5234375
8599.27734375
8597.5341796875
8596.21484375
8594.65625
8593.759765625
8592.6240234375
8591.818359375
8590.916015625
8590.13671875
8589.337890625
8588.7392578125
8588.4453125
8588.2490234375
8587.994140625
8587.2919921875
8586.107421875
8584.330078125
8582.453125
8580.779296875
8579.658203125
8578.8447265625
8578.4580078125
8577.9892578125
8577.6474609375
8576.484375
8575.078125
8573.345703125
8571.7373046875
8570.013671875
8568.203125
8566.6083984375
8565.4833984375
8564.9765625
8564.869140625
8565.029296875
8565.083984375
8564.720703125
8563.6474609375
8562.037109375
8560.234375
8558.689453125
8557.58984375
8556.958984375
8556.416015625
8555.771484375
8554.4873046875
8552.96875
8551.1376953125
8549.72265625
8548.74609375
8548.3603515625
8548.337890625
8548.3447265625
8548.46484375
8548.587890625
8549.001953125
8549.3125
8549.5361328125
8549.2275390625
8548.685546875
8547.724609375
8546.892578125
8545.923828125
8545.005859375
8543.9248046875
8542.521484375
8540.9033203125
8538.884765625
8536.7841796875
8534.640625
8532.6962890625
8531.1337890625
8530.046875
8529.478515625
8529.328125
8529.427734375
8529.6298828125
8529.603515625
8529.251953125
8528.5625
8527.904296875
8527.345703125
8526.931640625
8526.2373046875
8525.28515625
8524.13671875
8522.931640625
8521.3447265625
8519.2080078125
8516.412109375
8513.3642578125
8510.513671875
8508.341796875
8506.880859375
8506.015625
8505.3564453125
8504.69921875
8503.9384765625
8503.044921875
8502.1064453125
8500.98046875
8499.7041015625
8498.2978515625
8496.951171875
8495.923828125
8495.119140625
8494.529296875
8493.7724609375
8492.8486328125
8491.7158203125
8490.5791015625
8489.58984375
8488.947265625
8488.6376953125
8488.5849609375
8488.3203125
8487.544921875
8486.43359375
8485.5
8484.498046875
8483.7509765625
8482.744140625
8481.7734375
8480.345703125
8478.8251953125
8476.8466796875
8475.046875
8473.8935546875
8474.4765625
8476.541015625
8477.5673828125
8474.125
8468.5234375
8465.98046875
8465.9765625
8464.357421875
8459.826171875
8456.47265625
8455.666015625
8455.337890625
8454.271484375
8453.08203125
8452.369140625
8450.6962890625
8448.330078125
8446.681640625
8446.1025390625
8445.546875
8444.083984375
8442.6279296875
8442.15234375
8442.330078125
8441.970703125
8441.083984375
8440.5693359375
8440.662109375
8440.521484375
8440.0283203125
8439.4892578125
8438.796875
8437.5029296875
8435.5771484375
8433.66015625
8432.2353515625
8431.6298828125
8431.8828125
8432.7216796875
8433.5048828125
8433.78515625
8433.275390625
8432.26953125
8430.36328125
8428.2119140625
8425.580078125
8423.52734375
8421.7236328125
8420.8193359375
8420.333984375
8420.5751953125
8420.9921875
8421.4736328125
8421.615234375
8421.076171875
8419.6953125
8417.4169921875
8414.7177734375
8411.947265625
8409.62109375
8408.0166015625
8407.236328125
8406.9296875
8406.5537109375
8405.2578125
8402.7099609375
8399.23828125
8396.017578125
8393.900390625
8393.0869140625
8393.048828125
8393.087890625
8392.771484375
8392.119140625
8391.474609375
8391.0986328125
8391.052734375
8391.0859375
8391.115234375
8391.0146484375
8390.927734375
8390.705078125
8390.3037109375
8389.6376953125
8388.8212890625
8388.162109375
8387.462890625
8386.7158203125
8385.3203125
8383.515625
8381.4443359375
8379.7109375
8378.689453125
8378.2275390625
8377.83984375
8376.779296875
8374.8564453125
8372.470703125
8370.376953125
8368.994140625
8368.166015625
8367.505859375
8366.5908203125
8365.3759765625
8363.966796875
8362.54296875
8361.150390625
8359.6484375
8358.0126953125
8356.224609375
8354.4384765625
8352.8232421875
8351.521484375
8350.6572265625
8350.0849609375
8349.828125
8349.607421875
8349.619140625
8349.7314453125
8350.0830078125
8350.123046875
8349.5498046875
8347.9599609375
8346.341796875
8345.125
8344.76953125
8344.30859375
8343.3125
8341.5595703125
8339.4453125
8337.576171875
8336.078125
8334.94140625
8333.9765625
8333.1953125
8332.7119140625
8332.751953125
8333.119140625
8333.646484375
8334.05859375
8334.44921875
8335.08984375
8336.0263671875
8337.51953125
8339.06640625
8340.6572265625
8341.76953125
8341.916015625
8341.4306640625
8339.40625
8336.4990234375
8332.16796875
8328.498046875
8326.50390625
8326.359375
8325.8037109375
8324.025390625
8321.58203125
8320.201171875
8320.0986328125
8320.1845703125
8319.390625
8317.5068359375
8315.07421875
8312.927734375
8311.4609375
8310.697265625
8310.11328125
8309.298828125
8308.4443359375
8308.21875
8308.88671875
8310.0439453125
8310.705078125
8310.58203125
8309.4814453125
8307.8251953125
8305.216796875
8302.2734375
8299.232421875
8297.203125
8296.109375
8296.08203125
8296.3310546875
8296.7548828125
8296.4296875
8295.8544921875
8294.63671875
8293.712890625
8292.603515625
8291.8466796875
8291.1689453125
8290.955078125
8291.041015625
8291.1982421875
8291.078125
8290.2666015625
8288.615234375
8286.3203125
8284.166015625
8282.75390625
8282.27734375
8281.98828125
8281.2626953125
8279.5234375
8277.197265625
8274.6240234375
8272.755859375
8271.625
8271.369140625
8271.3154296875
8271.23828125
8270.740234375
8270.060546875
8269.29296875
8268.8359375
8268.59765625
8268.6171875
8268.408203125
8267.9140625
8266.859375
8265.517578125
8264.052734375
8262.849609375
8261.994140625
8261.57421875
8261.263671875
8261.072265625
8260.8232421875
8260.8515625
8260.978515625
8261.3271484375
8261.5205078125
8261.513671875
8261.08203125
8260.4306640625
8259.4169921875
8258.2275390625
8256.576171875
8254.9501953125
8253.64453125
8253.212890625
8253.2333984375
8253.49609375
8253.2001953125
8252.5068359375
8251.4619140625
8250.84765625
8250.728515625
8251.2236328125
8251.5888671875
8251.6171875
8250.939453125
8249.9765625
8248.83203125
8247.79296875
8246.4658203125
8245.064453125
8243.35546875
8242.0830078125
8241.1865234375
8241.001953125
8240.8359375
8240.681640625
8240.126953125
8239.6162109375
8239.166015625
8238.982421875
8238.869140625
8238.60546875
8238.0703125
8237.2294921875
8236.36328125
8235.39453125
8234.6787109375
8233.59375
8232.45703125
8230.765625
8228.9921875
8227.2158203125
8225.6513671875
8224.4267578125
8223.2470703125
8222.0908203125
8220.6884765625
8219.2734375
8217.783203125
8216.48046875
8215.20703125
8214.072265625
8212.98046875
8211.91015625
8210.9013671875
8209.8251953125
8208.859375
8207.830078125
8207.0107421875
8206.2099609375
8205.685546875
8205.166015625
8204.90234375
8204.5498046875
8204.435546875
8204.162109375
8204.1435546875
8204.021484375
8204.107421875
8204.046875
8203.919921875
8203.421875
8202.791015625
8201.861328125
8201.1640625
8200.560546875
8200.5810546875
8200.9345703125
8201.8603515625
8202.904296875
8204.0146484375
8205.0546875
8206.3115234375
8207.978515625
8209.8349609375
8211.54296875
8212.31640625
8212.6943359375
8212.7333984375
8212.6552734375
8211.5419921875
8208.673828125
8204.3603515625
8199.82421875
8196.349609375
8194.37109375
8193.548828125
8193.0244140625
8192.072265625
8190.4580078125
8188.28369140625
8186.01611328125
8183.9013671875
8182.19189453125
8180.83642578125
8179.9267578125
8179.45703125
8179.49072265625
8179.830078125
8180.169921875
8180.3212890625
8180.23876953125
8180.263671875
8180.306640625
8180.490234375
8179.970703125
8179.212890625
8177.580078125
8176.4765625
8175.298828125
8174.859375
8174.0966796875
8173.19921875
