15073.177734375
15068.775390625
15064.728515625
15061.0029296875
15057.552734375
15054.369140625
15051.412109375
15048.6572265625
15046.091796875
15043.6943359375
15041.443359375
15039.310546875
15037.287109375
15035.349609375
15033.4970703125
15031.7138671875
15029.99609375
15028.341796875
15026.744140625
15025.2041015625
15023.71484375
15022.279296875
15020.892578125
15019.5517578125
15018.265625
15017.02734375
15015.8310546875
15014.68359375
15013.576171875
15012.5087890625
15011.4736328125
15010.48046875
15009.513671875
15008.587890625
15007.681640625
15006.806640625
15005.9580078125
15005.134765625
15004.337890625
15003.5634765625
15002.8095703125
15002.0751953125
15001.361328125
15000.669921875
14999.994140625
14999.337890625
14998.693359375
14998.0732421875
14997.466796875
14996.875
14996.29296875
14995.73046875
14995.1826171875
14994.6435546875
14994.12109375
14993.60546875
14993.103515625
14992.6123046875
14992.134765625
14991.6640625
14991.208984375
14990.76171875
14990.3251953125
14989.90234375
14989.486328125
14989.0791015625
14988.6767578125
14988.291015625
14987.908203125
14987.5390625
14987.17578125
14986.8193359375
14986.47265625
14986.134765625
14985.802734375
14985.4755859375
14985.16015625
14984.8486328125
14984.544921875
14984.248046875
14983.958984375
14983.67578125
14983.39453125
14983.1220703125
14982.8564453125
14982.595703125
14982.3408203125
14982.091796875
14981.84765625
14981.603515625
14981.3701171875
14981.140625
14980.916015625
14980.6953125
14980.48046875
14980.2666015625
14980.0576171875
14979.85546875
14979.654296875
14979.4580078125
14979.265625
14979.0771484375
14978.890625
14978.7109375
14978.53125
14978.3544921875
14978.18359375
14978.0126953125
14977.84765625
14977.6796875
14977.517578125
14977.359375
14977.201171875
14977.046875
14976.89453125
14976.744140625
14976.5966796875
14976.4501953125
14976.3076171875
14976.16796875
14976.025390625
14975.890625
14975.7529296875
14975.6181640625
14975.4853515625
14975.353515625
14975.2236328125
14975.099609375
14974.9755859375
14974.849609375
14974.7294921875
14974.611328125
14974.4921875
14974.375
14974.259765625
14974.14453125
14974.0322265625
14973.9189453125
14973.8125
14973.7021484375
14973.59765625
14973.494140625
14973.388671875
14973.283203125
14973.18359375
14973.08203125
14972.982421875
14972.8857421875
14972.7890625
14972.69140625
14972.59765625
14972.50390625
14972.41015625
14972.322265625
14972.2314453125
14972.140625
14972.052734375
14971.966796875
14971.8779296875
14971.794921875
14971.708984375
14971.623046875
14971.5400390625
14971.4599609375
14971.3779296875
14971.298828125
14971.220703125
14971.140625
14971.06640625
14970.986328125
14970.9111328125
14970.8359375
14970.76171875
14970.6865234375
14970.6181640625
14970.544921875
14970.474609375
14970.4013671875
14970.3330078125
14970.265625
14970.1953125
14970.1279296875
14970.0625
14969.9951171875
14969.9296875
14969.86328125
14969.7998046875
14969.736328125
14969.673828125
14969.6103515625
14969.546875
14969.486328125
14969.42578125
14969.3681640625
14969.30859375
14969.2509765625
14969.19140625
14969.134765625
14969.0771484375
14969.0224609375
119077470208.0
160262.34375
95635.484375
70666.3203125
70898.2421875
70328.046875
68897.921875
68215.96875
68722.484375
70547.3984375
73641.96875
78301.625
83243.1015625
85722.3125
84657.5234375
81935.875
79589.8125
76680.3828125
71737.84375
66425.6796875
62288.47265625
59352.8515625
57187.50390625
55489.20703125
54081.98046875
52834.203125
51652.76953125
50487.17578125
49354.30078125
48280.62890625
47278.4921875
46363.5234375
45534.37109375
44743.84375
43943.20703125
43136.23828125
42355.78515625
41612.671875
40899.5078125
40212.96484375
39556.01171875
38920.90625
38294.3671875
37677.69140625
37077.75390625
36494.11328125
35919.4453125
35352.5546875
34810.1796875
34284.55078125
33758.83203125
33249.8203125
32776.37109375
32323.7890625
31889.3515625
31472.21484375
31071.51171875
30686.724609375
30317.826171875
29964.921875
29625.33984375
29296.7890625
28979.828125
28674.703125
28379.947265625
28094.8671875
27819.86328125
27554.38671875
27296.9375
27046.43359375
26802.81640625
26567.5
26340.52734375
26120.6484375
25907.54296875
25701.103515625
25501.015625
25307.7109375
25120.74609375
24939.4140625
24763.49609375
24592.23828125
24425.2109375
24262.22265625
24103.140625
23947.51953125
23794.76171875
23644.955078125
23498.189453125
23354.45703125
23214.0703125
23076.8671875
22942.9921875
22812.0234375
22683.7265625
22557.849609375
22434.38671875
22313.240234375
22194.271484375
22077.37890625
21962.400390625
21849.544921875
21738.41796875
21629.23046875
21521.994140625
21416.65625
21313.19921875
21211.36328125
21111.09375
21012.259765625
20914.89453125
20818.9609375
20724.400390625
20631.2578125
20539.466796875
20449.095703125
20360.029296875
20272.3203125
20185.751953125
20100.28125
20015.8125
19932.552734375
19850.21875
19768.890625
19688.33984375
19608.875
19530.353515625
19452.65625
19375.658203125
19299.259765625
19223.634765625
19148.70703125
19074.6875
19002.00390625
18930.4921875
18859.85546875
18790.4296875
18721.4296875
18653.15625
18585.759765625
18519.087890625
18453.630859375
18389.1015625
18324.208984375
18259.375
18196.6953125
18134.74609375
18072.265625
18011.373046875
17951.470703125
17891.392578125
17832.744140625
17774.529296875
17716.6484375
17659.791015625
17603.044921875
17546.953125
17491.6328125
17436.33984375
17381.853515625
17327.77734375
17274.12109375
17221.0625
17168.171875
17115.88671875
17064.01171875
17012.421875
16961.296875
16910.30078125
16859.923828125
16809.90625
16760.318359375
16711.140625
16662.109375
16613.537109375
16565.341796875
16517.66015625
16470.388671875
16423.640625
16377.638671875
16332.22265625
16287.283203125
16242.6259765625
16198.47265625
16154.6015625
16111.1318359375
16067.87890625
16025.0068359375
15982.541015625
15940.541015625
15898.9755859375
15857.9814453125
15817.4619140625
15777.451171875
15737.875
15698.55859375
15659.458984375
15620.494140625
15581.837890625
15543.427734375
15505.50390625
15468.0078125
15431.005859375
15394.4931640625
15358.3515625
15322.630859375
15287.0478515625
15251.7255859375
15216.9072265625
15182.744140625
15149.0849609375
15115.5703125
15082.263671875
15049.3681640625
15016.966796875
14984.9033203125
14953.02734375
14921.4140625
14890.1796875
14859.330078125
14828.7607421875
14798.45703125
14768.3701171875
14738.7578125
14709.2626953125
14680.083984375
14651.1640625
14622.48828125
14594.1640625
14566.087890625
14538.138671875
14510.517578125
14483.09375
14455.919921875
14428.9326171875
14402.1669921875
14375.517578125
14349.1923828125
14323.068359375
14297.173828125
14271.421875
14245.8759765625
14220.49609375
14195.326171875
14170.2900390625
14145.462890625
14120.8466796875
14096.3525390625
14071.91796875
14047.666015625
14023.490234375
13999.5849609375
13975.9970703125
13952.578125
13929.1591796875
13905.484375
13881.6865234375
13858.0625
13834.734375
13811.578125
13788.6806640625
13766.41015625
13744.62109375
13722.884765625
13700.849609375
13678.8115234375
13657.1162109375
13635.63671875
13614.1318359375
13592.57421875
13571.2998046875
13550.3759765625
13529.5810546875
13508.75390625
13488.044921875
13467.5029296875
13447.0751953125
13426.6689453125
13406.3017578125
13386.0576171875
13366.001953125
13345.9208984375
13325.8974609375
13305.98046875
13286.291015625
13266.759765625
13247.25
13227.501953125
13207.548828125
13187.5732421875
13167.986328125
13149.041015625
13130.447265625
13111.9306640625
13093.3037109375
13074.76171875
13056.50390625
13038.544921875
13020.462890625
13002.17578125
12983.7734375
12965.7177734375
12947.8388671875
12930.376953125
12912.896484375
12895.61328125
12878.71484375
12862.0224609375
12845.392578125
12828.5810546875
12811.896484375
12795.46484375
12779.431640625
12763.6201171875
12747.845703125
12732.169921875
12716.537109375
12701.1015625
12685.84375
12670.65234375
12655.6689453125
12640.689453125
12625.8359375
12611.185546875
12596.623046875
12582.33984375
12568.2578125
12554.5673828125
12541.40234375
12528.515625
12515.03515625
12499.5634765625
12483.31640625
12469.138671875
12456.796875
12443.5283203125
12428.3466796875
12413.4384765625
12400.283203125
12387.162109375
12372.697265625
12358.2763671875
12344.966796875
12331.4560546875
12316.80078125
12302.609375
12289.78515625
12277.099609375
12263.2841796875
12249.1240234375
12235.87109375
12223.1748046875
12210.3984375
12197.8232421875
12185.876953125
12174.1962890625
12162.2119140625
12150.111328125
12138.109375
12126.13671875
12114.060546875
12101.8212890625
12089.6875
12077.7919921875
12066.2021484375
12054.626953125
12042.7080078125
12030.578125
12018.583984375
12006.8779296875
11995.353515625
11983.8720703125
11972.556640625
11961.6005859375
11950.9404296875
11940.39453125
11929.935546875
11919.73046875
11909.6787109375
11899.658203125
11889.30078125
11878.5771484375
11868.0791015625
11858.0400390625
11848.37109375
11838.4375
11828.2587890625
11817.701171875
11807.4853515625
11797.166015625
11787.4052734375
11776.9482421875
11766.9736328125
11757.7333984375
11748.978515625
11740.201171875
11731.291015625
11722.5126953125
11714.037109375
11704.357421875
11694.15625
11683.8095703125
11674.3095703125
11665.40625
11656.1962890625
11646.3447265625
11636.34765625
11627.416015625
11619.328125
11610.921875
11601.767578125
11592.1611328125
11583.177734375
11575.169921875
11567.44921875
11559.41015625
11551.0
11542.4580078125
11534.1259765625
11525.6640625
11517.1240234375
11508.53125
11500.1103515625
11492.3896484375
11484.794921875
11476.7568359375
11468.31640625
11460.21875
11453.04296875
11446.375
11439.7919921875
11432.939453125
11425.0712890625
11415.9365234375
11407.6484375
11401.0068359375
11394.154296875
11386.353515625
11378.8515625
11371.935546875
11364.59375
11356.890625
11350.3125
11344.74609375
11338.947265625
11333.228515625
11327.4580078125
11321.0126953125
11313.646484375
11307.6796875
11302.666015625
11294.5078125
11283.6767578125
11275.9833984375
11270.8037109375
11264.2705078125
11255.4326171875
11248.203125
11243.0166015625
11236.58203125
11228.630859375
11221.134765625
11215.98828125
11211.0556640625
11203.767578125
11196.423828125
11191.3916015625
11185.76953125
11179.1640625
11172.3876953125
11167.3095703125
11162.091796875
11155.5048828125
11149.123046875
11143.6455078125
11138.548828125
11132.9482421875
11126.99609375
11121.015625
11115.458984375
11109.5390625
11103.7578125
11098.1591796875
11093.03125
11087.3642578125
11081.796875
11076.431640625
11071.6015625
11066.248046875
11060.6904296875
11054.8427734375
11049.1904296875
11043.6484375
11038.515625
11033.6982421875
11029.34765625
11024.640625
11020.1142578125
11014.8046875
11010.048828125
11005.20703125
11000.9580078125
10997.1181640625
10993.51171875
10989.810546875
10985.697265625
10981.1064453125
10976.7099609375
10972.1376953125
10967.064453125
10960.9736328125
10954.259765625
10948.4404296875
10943.54296875
10939.77734375
10935.265625
10930.1015625
10924.203125
10918.52734375
10913.716796875
10909.6337890625
10905.884765625
10901.8388671875
10897.40625
10892.5625
10888.044921875
10883.349609375
10879.1279296875
10874.720703125
10870.3681640625
10866.078125
10861.71484375
10857.2978515625
10852.04296875
10846.8125
10842.30078125
10838.4404296875
10834.44921875
10829.716796875
10824.98046875
10820.8427734375
10817.2919921875
10813.4404296875
10809.349609375
10805.40625
10802.546875
10798.93359375
10794.7001953125
10788.837890625
10783.7734375
10780.154296875
10777.8125
10775.0986328125
10772.076171875
10768.2880859375
10764.642578125
10760.36328125
10754.953125
10749.0830078125
10743.02734375
10738.7158203125
10735.234375
10732.189453125
10728.572265625
10724.3212890625
10719.318359375
10714.412109375
10709.767578125
10705.7109375
10701.9306640625
10697.875
10693.8505859375
10689.5205078125
10685.775390625
10681.9375
10677.65234375
10673.0625
10668.5859375
10664.75390625
10661.529296875
10658.60546875
10655.4775390625
10652.212890625
10648.6328125
10645.595703125
10641.849609375
10638.677734375
10634.7265625
10630.767578125
10626.40234375
10622.546875
10619.271484375
10616.3046875
10612.91015625
10609.12109375
10604.9951171875
10601.55859375
10598.568359375
10596.19921875
10592.7919921875
10589.13671875
10585.0712890625
10582.52734375
10580.40625
10578.0615234375
10573.58203125
10568.08203125
10562.06640625
10557.83203125
10554.0673828125
10550.9296875
10547.19921875
10543.6484375
10540.5732421875
10538.150390625
10535.115234375
10531.369140625
10526.5615234375
10522.3984375
10519.19921875
10516.8525390625
10514.439453125
10511.34765625
10507.7451171875
10504.1298828125
10500.47265625
10496.60546875
10492.34765625
10488.607421875
10485.4296875
10483.677734375
10481.578125
10479.81640625
10477.73828125
10475.95703125
10474.291015625
10472.6240234375
10470.771484375
10468.7138671875
10466.212890625
10462.26171875
10457.1015625
10452.666015625
10449.740234375
10448.7041015625
10446.77734375
10444.0849609375
10437.654296875
10430.056640625
10425.451171875
10425.833984375
10425.9462890625
10421.728515625
10415.5107421875
10412.0859375
10411.1650390625
10409.95703125
10406.041015625
10402.0869140625
10399.1943359375
10396.70703125
10392.9267578125
10389.470703125
10387.25
10386.2958984375
10384.62890625
10382.095703125
10379.3828125
10377.162109375
10374.705078125
10371.2421875
10366.552734375
10362.4921875
10359.3359375
10357.306640625
10355.6044921875
10353.8310546875
10351.9580078125
10349.6162109375
10346.9833984375
10343.6328125
10339.640625
10336.193359375
10333.068359375
10331.498046875
10329.8125
10327.8447265625
10324.82421875
10321.7275390625
10318.888671875
10316.400390625
10313.828125
10310.974609375
10307.6083984375
10304.490234375
10301.4423828125
10298.5966796875
10296.12890625
10294.6494140625
10294.578125
10296.46875
10300.7109375
10303.0888671875
10299.3720703125
10286.1796875
10279.05078125
10281.3603515625
10280.955078125
10273.162109375
10265.0322265625
10263.439453125
10263.6982421875
10259.876953125
10254.8125
10255.203125
10253.7509765625
10248.91015625
10247.6796875
10247.333984375
10243.396484375
10239.8203125
10237.78125
10235.9091796875
10232.4287109375
10231.162109375
10231.638671875
10232.65625
10231.7978515625
10229.3408203125
10224.70703125
10218.287109375
10212.3115234375
10208.83984375
10205.8642578125
10203.6767578125
10200.6533203125
10198.271484375
10195.58984375
10192.2685546875
10188.78515625
10185.55078125
10182.8671875
10181.1865234375
10180.666015625
10179.69921875
10179.255859375
10176.173828125
10174.4609375
10173.1240234375
10171.6005859375
10169.50390625
10164.9580078125
10159.765625
10151.7333984375
10145.646484375
10141.2705078125
10138.787109375
10137.552734375
10137.13671875
10136.7548828125
10135.8193359375
10134.017578125
10128.56640625
10121.95703125
10117.1015625
10111.6796875
10109.0263671875
10105.4287109375
10100.0380859375
10094.11328125
10088.73046875
10085.111328125
10082.71875
10080.25
10075.388671875
10069.390625
10061.7275390625
10054.908203125
10049.951171875
10046.587890625
10044.033203125
10038.1484375
10030.2138671875
10020.302734375
10009.681640625
9999.8984375
9991.814453125
9984.91015625
9977.5146484375
9969.685546875
9960.671875
9952.3125
9946.5751953125
9942.978515625
9940.75
9938.11328125
9935.1455078125
9930.8828125
9927.5087890625
9924.1337890625
9922.279296875
9921.0927734375
9918.8955078125
9915.5859375
9910.0380859375
9904.8193359375
9900.2744140625
9897.7177734375
9896.0908203125
9894.3212890625
9891.4638671875
9887.9375
9884.728515625
9882.537109375
9882.5078125
9882.7998046875
9883.4072265625
9882.16015625
9879.22265625
9875.453125
9873.39453125
9873.4375
9874.875
9875.7265625
9873.625
9868.2783203125
9861.068359375
9854.337890625
9850.0458984375
9847.6923828125
9845.9912109375
9843.978515625
9842.044921875
9839.818359375
9838.095703125
9835.7529296875
9832.8330078125
9829.4375
9825.7451171875
9822.271484375
9819.1640625
9817.2294921875
9815.189453125
9813.712890625
9811.56640625
9809.76953125
9808.5625
9808.0478515625
9808.3388671875
9808.79296875
9810.58203125
9811.734375
9812.763671875
9811.03125
9806.4736328125
9800.74609375
9793.8671875
9788.4140625
9784.5068359375
9782.669921875
9781.681640625
9780.892578125
9779.228515625
9776.619140625
9773.732421875
9770.19140625
9766.9501953125
9764.5078125
9763.919921875
9765.55078125
9768.798828125
9770.94921875
9769.4189453125
9763.078125
9753.876953125
9746.6943359375
9743.7138671875
9743.3203125
9741.8671875
9737.3876953125
9731.0859375
9726.2763671875
9724.1787109375
9724.1103515625
9723.787109375
9722.078125
9719.791015625
9718.0
9717.6953125
9718.125
9718.5849609375
9717.396484375
9714.787109375
9710.978515625
9707.9296875
9706.650390625
9707.365234375
9709.1279296875
9710.263671875
9709.1630859375
9705.541015625
9700.4873046875
9696.21484375
9694.1328125
9694.421875
9695.763671875
9696.671875
9695.7724609375
9693.28125
9690.1044921875
9687.65625
9686.5986328125
9686.126953125
9685.005859375
9682.826171875
9680.2880859375
9678.1875
9675.24609375
9672.322265625
9668.083984375
9666.1953125
9664.7373046875
9664.4052734375
9662.2392578125
9658.44140625
9653.298828125
9648.607421875
9645.806640625
9645.4931640625
9647.1806640625
9649.849609375
9653.830078125
9652.654296875
9647.5693359375
9641.80078125
9639.751953125
9636.607421875
9631.162109375
9628.939453125
9629.330078125
9625.841796875
9620.74609375
9619.734375
9618.7177734375
9615.8681640625
9614.443359375
9614.7900390625
9613.955078125
9613.408203125
9614.1884765625
9613.091796875
9609.8662109375
9606.4765625
9604.095703125
9601.970703125
9601.166015625
9601.484375
9601.931640625
9602.318359375
9603.990234375
9605.68359375
9607.1435546875
9606.75
9604.7880859375
9600.3046875
9594.9208984375
9590.455078125
9588.2353515625
9587.3583984375
9587.2578125
9586.90625
9585.482421875
9583.0986328125
9580.2470703125
9577.708984375
9575.767578125
9574.072265625
9572.857421875
9571.314453125
9569.68359375
9567.9150390625
9566.4267578125
9565.6904296875
9564.9609375
9564.7236328125
9563.052734375
9560.9091796875
9557.5302734375
9553.958984375
9550.68359375
9548.16796875
9546.8818359375
9546.1083984375
9545.734375
9544.396484375
9542.556640625
9539.5205078125
9536.91796875
9534.126953125
9532.46875
9531.3330078125
9519.1103515625
9520.9033203125
9523.4384765625
9514.1103515625
9519.279296875
9515.904296875
9511.861328125
9515.533203125
9510.4609375
9510.064453125
9510.8623046875
9506.9111328125
9507.5224609375
9506.400390625
9504.046875
9504.2177734375
9502.486328125
9501.201171875
9500.634765625
9499.0849609375
9498.2109375
9497.201171875
9496.01171875
9495.1767578125
9494.0546875
9493.0361328125
9492.09375
9491.068359375
9490.1455078125
9489.1591796875
9488.1982421875
9487.27734375
9486.3125
9485.408203125
9484.4365234375
9483.51953125
9482.62890625
9481.666015625
9480.78515625
9479.8232421875
9478.908203125
9478.033203125
9477.099609375
9476.1787109375
9475.2705078125
9474.3369140625
9473.4638671875
9472.5732421875
9471.654296875
9470.734375
9469.845703125
9468.947265625
9468.0595703125
9467.158203125
9466.2392578125
9465.3388671875
9464.443359375
9463.552734375
9462.6435546875
9461.73046875
9460.8349609375
9459.94140625
9459.0595703125
9458.146484375
9457.2451171875
9456.34375
9455.4443359375
9454.564453125
9453.6640625
9452.73046875
9451.82421875
9450.93359375
9450.048828125
9449.13671875
9448.1953125
9447.3359375
9446.412109375
9445.5146484375
9444.6279296875
9443.7109375
9442.833984375
9441.8896484375
9441.00390625
9440.12890625
9439.1953125
9438.2998046875
9437.400390625
9436.509765625
9435.611328125
9434.671875
9433.78515625
9432.9140625
9432.033203125
9431.1142578125
9430.2041015625
9429.3046875
9428.4169921875
9427.517578125
9426.611328125
9425.712890625
9424.80859375
9423.875
9422.9736328125
9422.0625
9421.14453125
9420.21484375
9419.283203125
9418.34765625
9417.400390625
9416.447265625
9415.5185546875
9414.59375
9413.630859375
9412.7021484375
9411.728515625
9410.79296875
9409.8662109375
9408.923828125
9407.994140625
9407.083984375
9406.1630859375
9405.23046875
9404.3046875
9403.412109375
9402.515625
9401.6083984375
9400.734375
9399.837890625
9398.931640625
9398.052734375
9397.14453125
9396.275390625
9395.40234375
9394.5009765625
9393.578125
9392.6943359375
9391.818359375
9390.9296875
9390.025390625
9389.1513671875
9388.2734375
9387.4091796875
9386.4931640625
9385.6220703125
9384.75
9383.8671875
9382.998046875
9382.08984375
9381.2138671875
9380.33984375
9379.470703125
9378.6025390625
9377.724609375
9376.83203125
9375.958984375
9375.080078125
9374.2080078125
9373.3173828125
9372.41015625
9371.54296875
9370.67578125
9369.7919921875
9368.91796875
9368.0341796875
9367.1650390625
9366.29296875
9365.4140625
9364.5400390625
9363.65234375
9362.7705078125
9361.900390625
9361.056640625
9360.2119140625
9359.5078125
9358.947265625
9358.78125
9358.5498046875
9357.3359375
9355.2744140625
9354.1728515625
9354.1904296875
9353.775390625
9352.181640625
9350.607421875
9350.03515625
9349.646484375
9348.4921875
9347.1142578125
9346.298828125
9345.666015625
9344.6875
9343.529296875
9342.6435546875
9341.8466796875
9340.919921875
9339.9169921875
9338.966796875
9338.107421875
9337.1953125
9336.240234375
9335.28515625
9334.3544921875
9333.4462890625
9332.5380859375
9331.556640625
9330.599609375
9329.6923828125
9328.7626953125
9327.775390625
9326.765625
9325.8515625
9324.912109375
9323.94140625
9322.9462890625
9322.0048828125
9321.0849609375
9320.1015625
9319.109375
9318.185546875
9317.2763671875
9316.3603515625
9315.4580078125
9314.5771484375
9313.697265625
9312.82421875
9311.89453125
9310.9580078125
9309.9921875
9309.041015625
9308.0927734375
9307.1865234375
9306.349609375
9305.51953125
9304.6875
9303.828125
9302.96484375
9302.080078125
9301.197265625
9300.30859375
9299.416015625
9298.5625
9297.72265625
9296.880859375
9296.0302734375
9295.201171875
9294.34765625
9293.5732421875
9292.810546875
9292.275390625
9291.7607421875
9292.017578125
9291.099609375
9290.65234375
9288.345703125
9286.783203125
9286.0859375
9286.07421875
9286.7470703125
9285.48828125
9283.755859375
9282.03515625
9282.265625
9284.7109375
9285.0244140625
9284.7255859375
9280.2724609375
9280.9599609375
9287.41796875
9281.65234375
9287.642578125
9297.4599609375
9291.5244140625
9284.0087890625
9281.9453125
9293.1005859375
9286.28125
9285.921875
9280.41015625
9280.6259765625
9275.896484375
9277.421875
9274.0615234375
9269.59765625
9272.22265625
9266.265625
9267.984375
9263.599609375
9264.1162109375
9263.03515625
9259.9609375
9261.4677734375
9258.255859375
9258.140625
9256.142578125
9255.8427734375
9253.923828125
9253.484375
9251.9599609375
9251.26953125
9250.267578125
9248.9775390625
9248.4296875
9247.1943359375
9246.2412109375
9245.3818359375
9244.396484375
9243.455078125
9242.572265625
9241.55078125
9240.6328125
9239.771484375
9238.8125
9237.8720703125
9237.0166015625
9236.033203125
9235.197265625
9234.2138671875
9233.310546875
9232.4501953125
9231.51953125
9230.630859375
9229.7421875
9228.8837890625
9227.9833984375
9227.158203125
9226.302734375
9225.4697265625
9224.60546875
9223.7177734375
9222.6953125
9221.69140625
9220.609375
9219.529296875
9218.5
9217.517578125
9216.5869140625
9215.666015625
9214.794921875
9213.859375
9212.884765625
9211.8896484375
9210.8359375
9209.8515625
9208.841796875
9207.861328125
9206.919921875
9205.9580078125
9205.01171875
9204.0283203125
9203.0595703125
9202.09765625
9201.1708984375
9200.322265625
9199.630859375
9199.28515625
9199.59765625
9200.76953125
9202.3408203125
9202.2421875
9198.6767578125
9194.1767578125
9191.830078125
9192.3427734375
9193.048828125
9192.1904296875
9190.849609375
9189.3603515625
9189.91015625
9191.31640625
9192.2265625
9192.0361328125
9191.50390625
9186.5380859375
9182.552734375
9181.5859375
9182.359375
9181.6328125
9178.8388671875
9177.9560546875
9178.62890625
9177.50390625
9174.1259765625
9171.40234375
9171.1796875
9171.3046875
9169.7646484375
9167.4443359375
9166.1865234375
9165.99609375
9165.57421875
9164.505859375
9163.708984375
9163.859375
9164.158203125
9163.6875
9161.6953125
9158.9736328125
9156.38671875
9154.822265625
9154.0751953125
9153.5
9153.091796875
9152.0234375
9150.0859375
9148.111328125
9146.9130859375
9146.3251953125
9145.525390625
9144.2001953125
9142.669921875
9141.2802734375
9140.171875
9139.234375
9138.224609375
9137.041015625
9135.7509765625
9134.515625
9133.47265625
9132.546875
9131.546875
9130.4345703125
9129.380859375
9128.4521484375
9127.6328125
9126.751953125
9125.7666015625
9124.669921875
9123.5859375
9122.6328125
9121.87890625
9121.1767578125
9120.439453125
9119.40234375
9117.9921875
9116.3232421875
9114.71484375
9113.3603515625
9112.4140625
9111.6328125
9110.91796875
9110.005859375
9108.9013671875
9107.6455078125
9106.435546875
9105.349609375
9104.375
9103.462890625
9102.5556640625
9101.6142578125
9100.66015625
9099.64453125
9098.58984375
9097.5673828125
9096.5810546875
9095.634765625
9094.7431640625
9093.837890625
9092.900390625
9091.9443359375
9090.9716796875
9090.009765625
9089.05859375
9088.134765625
9087.21484375
9086.3134765625
9085.412109375
9084.5
9083.59375
9082.68359375
9081.7919921875
9080.853515625
9079.8984375
9078.9365234375
9078.0048828125
9077.0302734375
9076.173828125
9075.171875
9074.421875
9073.287109375
9072.40234375
9070.92578125
9069.4853515625
9067.623046875
9065.708984375
9063.560546875
9061.279296875
9058.826171875
9056.2265625
9053.623046875
9051.044921875
9048.703125
9046.6474609375
9045.20703125
9043.9189453125
9042.7841796875
9040.384765625
9036.943359375
9032.173828125
9028.1650390625
9025.580078125
9024.853515625
9024.771484375
9024.365234375
9022.822265625
9021.03515625
9018.2412109375
9016.43359375
9013.365234375
9011.0986328125
9009.548828125
9008.6826171875
9008.8623046875
9008.41796875
9008.23046875
9005.7197265625
9004.9287109375
9006.3125
9006.435546875
9006.7978515625
9001.4013671875
9004.05859375
9010.892578125
9001.982421875
9003.7197265625
9011.40625
9001.3740234375
9014.1689453125
9026.0146484375
9013.4580078125
9009.1640625
9006.9609375
9004.5009765625
9002.138671875
9001.9775390625
8995.5869140625
8996.5166015625
8992.5625
8992.341796875
8990.126953125
8987.2119140625
8989.8857421875
8987.9755859375
8986.55078125
8986.4228515625
8987.5615234375
8984.03515625
8985.337890625
8982.1630859375
8983.0419921875
8982.7119140625
8978.720703125
8979.7275390625
8976.7705078125
8975.5869140625
8974.458984375
8972.2373046875
8971.1416015625
8970.4453125
8969.0986328125
8968.2744140625
8967.1865234375
8965.6884765625
8965.5703125
8964.44921875
8963.599609375
8962.9140625
8960.951171875
8959.9453125
8958.796875
8958.2744140625
8957.75390625
8957.51953125
8956.7275390625
8956.9716796875
8957.1611328125
8958.138671875
8958.79296875
8959.0234375
8958.3828125
8957.259765625
8955.5888671875
8954.326171875
8953.2099609375
8952.2822265625
8951.3896484375
8950.5546875
8949.9462890625
8949.50390625
8949.23828125
8948.650390625
8948.048828125
8947.05859375
8946.3525390625
8946.048828125
8946.669921875
8947.880859375
8949.626953125
8950.978515625
8951.859375
8951.5703125
8950.171875
8947.701171875
8944.6748046875
8941.798828125
8939.853515625
8939.20703125
8939.599609375
8940.470703125
8941.01953125
8940.7744140625
8939.564453125
8937.791015625
8936.052734375
8934.65234375
8933.69140625
8932.96484375
8932.384765625
8931.853515625
8931.4765625
8931.1142578125
8930.931640625
8930.5703125
8930.296875
8929.7138671875
8929.3154296875
8928.6416015625
8928.3515625
8928.1298828125
8928.703125
8929.73046875
8931.6279296875
8933.869140625
8936.2685546875
8937.8876953125
8938.162109375
8936.611328125
8933.908203125
8931.11328125
8929.2021484375
8928.17578125
8927.3515625
8926.111328125
8924.40234375
8922.912109375
8922.1484375
8922.0654296875
8921.986328125
8921.1875
8919.6513671875
8917.95703125
8916.8974609375
8916.619140625
8916.89453125
8916.943359375
8916.583984375
8915.64453125
8914.46875
8913.267578125
8912.2421875
8911.416015625
8910.80078125
8910.390625
8910.1474609375
8910.0
8909.94921875
8909.771484375
8909.37109375
8908.822265625
8908.251953125
8908.1162109375
8908.029296875
8908.265625
8908.0859375
8907.6640625
8906.712890625
8905.841796875
8905.146484375
8904.849609375
8904.40625
8903.5048828125
8901.873046875
8900.0625
8898.384765625
8897.703125
8897.6171875
8898.2578125
8898.501953125
8898.6201171875
8898.26171875
8897.9853515625
8897.583984375
8896.9931640625
8896.130859375
8895.25
8894.9296875
8895.388671875
8896.3681640625
8897.41796875
8897.9013671875
8897.62109375
8896.59375
8895.1259765625
8893.5224609375
8892.166015625
8891.072265625
8890.28515625
8889.70703125
8889.19921875
8888.703125
8888.01953125
8887.482421875
8887.0625
8887.189453125
8887.720703125
8888.5986328125
8889.451171875
8890.1806640625
8890.603515625
8890.9033203125
8890.91015625
8890.646484375
8889.9638671875
8888.861328125
8887.3486328125
8885.50390625
8883.5205078125
8881.6943359375
8880.236328125
8879.3623046875
8878.7890625
8878.466796875
8877.927734375
8877.4228515625
8876.931640625
8877.095703125
8877.6669921875
8878.9248046875
8880.3115234375
8881.6767578125
8882.783203125
8883.193359375
8882.935546875
8881.6171875
8879.3642578125
8876.57421875
8873.912109375
8871.9931640625
8870.978515625
8870.7001953125
8870.955078125
8871.083984375
8871.3505859375
8871.0654296875
8870.7421875
8869.9677734375
8869.23046875
8868.43359375
8867.685546875
8867.0322265625
8866.1337890625
8865.2060546875
8863.95703125
8862.7958984375
8861.654296875
8860.861328125
8860.3671875
8860.234375
8860.091796875
8860.064453125
8859.9267578125
8859.9482421875
8859.8251953125
8859.7646484375
8859.384765625
8858.978515625
8858.275390625
8857.85546875
8857.3818359375
8857.546875
8857.646484375
8858.3603515625
8858.7734375
8859.341796875
8859.318359375
8859.1943359375
8858.642578125
8858.2080078125
8857.6240234375
8857.017578125
8856.212890625
8855.1552734375
8853.953125
8852.8984375
8852.208984375
8852.3662109375
8852.9599609375
8854.27734375
8855.4716796875
8856.970703125
8857.919921875
8858.89453125
8859.19921875
8859.251953125
8858.65234375
8857.943359375
8857.212890625
8857.2890625
8858.38671875
8860.830078125
8863.6328125
8865.357421875
8864.259765625
8860.6923828125
8856.5361328125
8854.380859375
8854.318359375
8855.06640625
8854.724609375
8852.6669921875
8849.4609375
8846.59765625
8845.068359375
8844.583984375
8844.2734375
8843.20703125
8841.607421875
8840.1455078125
8839.4345703125
8839.416015625
8839.470703125
8839.3662109375
8839.2255859375
8839.32421875
8839.8349609375
8839.9755859375
8839.826171875
8838.6904296875
8837.5263671875
8836.22265625
8835.4921875
8834.828125
8834.49609375
8833.88671875
8833.275390625
8832.35546875
8831.3701171875
8830.154296875
8829.001953125
8827.91015625
8827.2802734375
8826.9091796875
8827.068359375
8827.390625
8827.8291015625
8828.1923828125
8828.423828125
8828.4765625
8828.380859375
8828.2451171875
8828.1533203125
8828.205078125
8828.5888671875
8829.2255859375
8830.173828125
8830.8974609375
8831.55859375
8831.548828125
8831.4248046875
8830.833984375
8830.2392578125
8829.3154296875
8828.2109375
8826.73046875
8825.16796875
8823.3828125
8822.0009765625
8820.7685546875
8820.2275390625
8819.9580078125
8820.07421875
8820.09765625
8820.130859375
8819.94140625
8819.845703125
8819.634765625
8819.58203125
8819.11328125
8818.4033203125
8817.08203125
8815.521484375
8813.9296875
8812.8798828125
8812.490234375
8812.818359375
8813.4658203125
8814.1171875
8814.40234375
8814.384765625
8814.0390625
8813.775390625
8813.833984375
8814.298828125
8815.212890625
8815.75
8816.3349609375
8815.880859375
8815.6455078125
8814.908203125
8814.9501953125
8814.95703125
8815.39453125
8815.509765625
8815.416015625
8815.169921875
8814.9970703125
8815.111328125
8815.4013671875
8815.498046875
8815.21484375
8814.1416015625
8812.5625
8810.8583984375
8809.64453125
8809.16796875
8809.46484375
8809.7421875
8809.7607421875
8808.9970703125
8807.7216796875
8806.49609375
8805.4921875
8805.22265625
8805.0478515625
8804.98046875
8804.296875
8803.560546875
8802.4365234375
8801.6689453125
8800.6064453125
8799.81640625
8798.607421875
8797.7783203125
8796.853515625
8796.607421875
8796.599609375
8797.33203125
8798.251953125
8799.1220703125
8799.17578125
8798.23046875
8796.2646484375
8794.2490234375
8792.654296875
8792.107421875
8792.30859375
8793.15625
8794.05859375
8794.904296875
8795.1005859375
8794.65234375
8793.388671875
8792.3203125
8791.595703125
8792.2109375
8793.640625
8795.4833984375
8795.8837890625
8795.6005859375
8794.87890625
8795.068359375
8794.7060546875
8794.6630859375
8794.2841796875
8794.0537109375
8793.2373046875
8792.826171875
8792.6806640625
8792.849609375
8792.765625
8792.6787109375
8792.228515625
8791.046875
8789.701171875
8788.3662109375
8787.609375
8787.33984375
8787.6328125
8788.12109375
8788.5390625
8788.486328125
8787.927734375
8786.548828125
8784.689453125
8782.6875
8781.021484375
8779.69140625
8778.8251953125
8778.1689453125
8777.6728515625
