15073.177734375
15068.775390625
15064.728515625
15061.0029296875
15057.552734375
15054.369140625
15051.412109375
15048.6572265625
15046.091796875
15043.6943359375
15041.443359375
15039.310546875
15037.287109375
15035.349609375
15033.4970703125
15031.7138671875
15029.99609375
15028.341796875
15026.744140625
15025.2041015625
15023.71484375
15022.279296875
15020.892578125
15019.5517578125
15018.265625
15017.02734375
15015.8310546875
15014.68359375
15013.578125
15012.5087890625
15011.4736328125
15010.48046875
15009.513671875
15008.587890625
15007.681640625
15006.806640625
15005.9580078125
15005.134765625
15004.337890625
15003.5634765625
15002.8095703125
15002.0751953125
15001.361328125
15000.669921875
14999.994140625
14999.337890625
14998.693359375
14998.0732421875
14997.466796875
14996.875
14996.29296875
14995.73046875
14995.1826171875
14994.6435546875
14994.12109375
14993.60546875
14993.103515625
14992.6123046875
14992.134765625
14991.6640625
14991.208984375
14990.76171875
14990.326171875
14989.90234375
14989.486328125
14989.078125
14988.6767578125
14988.291015625
14987.908203125
14987.5390625
14987.1748046875
14986.8193359375
14986.4736328125
14986.134765625
14985.802734375
14985.4755859375
14985.16015625
14984.8486328125
14984.544921875
14984.25
14983.958984375
14983.67578125
14983.39453125
14983.123046875
14982.8564453125
14982.5966796875
14982.341796875
14982.0908203125
14981.8486328125
14981.6064453125
14981.3701171875
14981.140625
14980.9150390625
14980.6953125
14980.48046875
14980.267578125
14980.0576171875
14979.8544921875
14979.654296875
14979.4599609375
14979.265625
14979.0771484375
14978.892578125
14978.7099609375
14978.5322265625
14978.3544921875
14978.18359375
14978.013671875
14977.8447265625
14977.677734375
14977.517578125
14977.359375
14977.201171875
14977.046875
14976.89453125
14976.744140625
14976.59765625
14976.4501953125
14976.3076171875
14976.16796875
14976.0263671875
14975.890625
14975.75390625
14975.619140625
14975.484375
14975.3544921875
14975.2255859375
14975.099609375
14974.97265625
14974.8515625
14974.73046875
14974.611328125
14974.4912109375
14974.3759765625
14974.2607421875
14974.1435546875
14974.03125
14973.9208984375
14973.8115234375
14973.703125
14973.59765625
14973.494140625
14973.388671875
14973.283203125
14973.18359375
14973.080078125
14972.9833984375
14972.88671875
14972.7890625
14972.693359375
14972.595703125
14972.505859375
14972.412109375
14972.3203125
14972.232421875
14972.1435546875
14972.0537109375
14971.966796875
14971.87890625
14971.796875
14971.7080078125
14971.6220703125
14971.5400390625
14971.458984375
14971.3779296875
14971.2978515625
14971.22265625
14971.140625
14971.06640625
14970.98828125
14970.9091796875
14970.833984375
14970.7607421875
14970.6875
14970.6171875
14970.54296875
14970.474609375
14970.40234375
14970.333984375
14970.263671875
14970.197265625
14970.126953125
14970.0625
14969.9951171875
14969.931640625
14969.86328125
14969.7998046875
14969.736328125
14969.671875
14969.6103515625
14969.5498046875
14969.486328125
14969.4248046875
14969.3662109375
14969.30859375
14969.25
14969.1904296875
14969.1328125
14969.076171875
14969.01953125
1377288.125
139385.734375
67596.3203125
75166.8359375
83602.640625
75314.4609375
67173.578125
64451.65625
64523.265625
63084.3515625
61376.7734375
59778.40234375
58148.1484375
56630.68359375
55367.22265625
54214.26953125
53021.55078125
51821.78125
50692.2734375
49559.4765625
48281.47265625
46853.75
45398.125
43992.6875
42631.24609375
41314.6953125
40038.93359375
38803.0625
37632.3046875
36535.0
35493.8046875
34503.2421875
33575.2578125
32708.3515625
31879.41796875
31076.3828125
30308.103515625
29574.83203125
28872.09375
28213.185546875
27610.44921875
27056.681640625
26529.71875
26016.505859375
25520.77734375
25050.119140625
24609.3515625
24196.7109375
23804.400390625
23429.673828125
23075.62890625
22740.162109375
22416.453125
22099.55859375
21789.7109375
21491.2890625
21205.00390625
20928.50390625
20661.326171875
20404.880859375
20161.314453125
19930.59765625
19711.30078125
19501.57421875
19298.349609375
19100.40234375
18908.52734375
18724.19140625
18547.671875
18377.8671875
18213.62109375
18054.296875
17898.65625
17745.75
17595.453125
17448.216796875
17304.0234375
17162.966796875
17025.84765625
16893.44140625
16765.69921875
16642.15625
16522.3828125
16406.306640625
16293.599609375
16183.8291015625
16076.7841796875
15972.61328125
15870.9794921875
15771.2294921875
15673.361328125
15577.3994140625
15483.4130859375
15391.48046875
15301.55078125
15213.587890625
15127.505859375
15043.29296875
14960.9580078125
14880.3623046875
14801.568359375
14724.5703125
14649.48046875
14576.314453125
14504.9755859375
14435.3388671875
14367.3154296875
14300.74609375
14235.55078125
14171.7490234375
14109.29296875
14048.0869140625
13988.208984375
13929.5712890625
13872.056640625
13815.650390625
13760.3046875
13705.87890625
13652.37109375
13599.673828125
13547.77734375
13496.6494140625
13446.5009765625
13398.103515625
13352.37109375
13307.640625
13261.595703125
13216.56640625
13172.4990234375
13129.24609375
13086.44140625
13044.2509765625
13002.7607421875
12961.890625
12921.625
12881.80078125
12842.4326171875
12803.630859375
12765.4462890625
12727.876953125
12690.880859375
12654.474609375
12618.4482421875
12582.921875
12547.966796875
12513.486328125
12479.4482421875
12445.8408203125
12412.6279296875
12379.798828125
12347.333984375
12315.1630859375
12283.2783203125
12251.6484375
12220.1796875
12188.9345703125
12157.939453125
12127.1318359375
12096.5458984375
12066.1806640625
12036.099609375
12006.2578125
11976.580078125
11947.16796875
11917.947265625
11888.9921875
11860.314453125
11831.875
11803.666015625
11775.7060546875
11747.9990234375
11720.546875
11693.3359375
11666.388671875
11639.66015625
11613.1552734375
11586.896484375
11560.8603515625
11534.984375
11509.34375
11483.900390625
11458.642578125
11433.5517578125
11408.6201171875
11383.8525390625
11359.22265625
11334.73828125
11310.37890625
11286.1484375
11262.076171875
11238.2138671875
11214.759765625
11192.068359375
11170.28125
11145.98046875
11122.5146484375
11101.400390625
11077.9580078125
11055.689453125
11034.439453125
11011.3798828125
10989.9150390625
10968.390625
10945.8125
10924.80078125
10903.3837890625
10881.369140625
10860.76171875
10839.84765625
10818.28515625
10797.845703125
10777.724609375
10757.205078125
10737.4814453125
10718.94140625
10700.6748046875
10682.3369140625
10664.287109375
10646.7431640625
10629.3896484375
10612.041015625
10595.2314453125
10578.1181640625
10559.8642578125
10542.50390625
10526.203125
10509.119140625
10492.4013671875
10476.205078125
10459.0078125
10442.4384765625
10426.8134765625
10410.3876953125
10393.912109375
10378.134765625
10362.2294921875
10346.47265625
10330.828125
10315.140625
10300.107421875
10285.201171875
10270.1484375
10255.6455078125
10241.3525390625
10227.021484375
10212.955078125
10198.958984375
10185.140625
10171.4765625
10157.77734375
10144.2314453125
10130.8662109375
10117.3828125
10104.015625
10090.775390625
10077.57421875
10064.462890625
10051.37890625
10038.251953125
10025.033203125
10011.638671875
9997.9228515625
9983.9091796875
9969.7275390625
9956.365234375
9944.900390625
9933.490234375
9921.1064453125
9908.642578125
9896.93359375
9885.4345703125
9873.4580078125
9861.423828125
9849.7568359375
9838.4267578125
9827.2783203125
9816.0009765625
9804.9658203125
9794.064453125
9783.3056640625
9772.572265625
9761.9296875
9751.330078125
9740.734375
9730.244140625
9719.8740234375
9709.666015625
9699.478515625
9689.345703125
9679.265625
9669.2890625
9659.4755859375
9649.658203125
9639.8056640625
9630.14453125
9620.951171875
9611.9892578125
9602.685546875
9592.6669921875
9582.689453125
9573.701171875
9565.390625
9556.6669921875
9546.9033203125
9537.072265625
9528.279296875
9520.1875
9511.533203125
9501.630859375
9491.6376953125
9482.693359375
9474.689453125
9466.59375
9457.6259765625
9448.447265625
9439.849609375
9431.7744140625
9423.60546875
9415.0673828125
9406.5751953125
9398.412109375
9390.326171875
9382.1337890625
9373.9619140625
9366.060546875
9358.2333984375
9350.24609375
9342.123046875
9334.1259765625
9326.361328125
9318.7060546875
9311.0078125
9303.259765625
9295.638671875
9288.2421875
9281.197265625
9274.4921875
9268.5078125
9265.12109375
9274.9638671875
9257.3857421875
9242.96484375
9247.1923828125
9232.7822265625
9220.9326171875
9227.0625
9201.1572265625
9207.9990234375
9193.798828125
9184.404296875
9183.388671875
9166.984375
9166.0302734375
9152.6396484375
9149.62890625
9141.662109375
9134.5390625
9128.041015625
9118.14453125
9114.970703125
9105.6171875
9103.5478515625
9093.056640625
9086.953125
9077.67578125
9071.47265625
9065.9345703125
9058.0712890625
9052.236328125
9042.81640625
9037.9501953125
9030.392578125
9024.5
9016.93359375
9009.998046875
9004.291015625
8996.630859375
8989.630859375
8981.4560546875
8974.81640625
8967.5546875
8959.25390625
8951.9951171875
8946.134765625
8941.0390625
8934.810546875
8928.44140625
8922.423828125
8916.7548828125
8910.0654296875
8903.064453125
8895.919921875
8888.65234375
8882.37890625
8877.12109375
8871.8203125
8865.875
8859.662109375
8853.3271484375
8847.2158203125
8841.630859375
8836.3828125
8831.1416015625
8825.87890625
8820.626953125
8815.2958984375
8809.80078125
8804.2568359375
8798.9765625
8794.1494140625
8789.345703125
8783.9013671875
8777.6923828125
8771.5693359375
8766.2421875
8761.45703125
8756.513671875
8750.9892578125
8745.22265625
8739.87109375
8735.1640625
8730.6923828125
8725.9765625
8720.748046875
8715.404296875
8710.3046875
8705.5556640625
8700.892578125
8696.2060546875
8691.609375
8687.2578125
8683.021484375
8678.6181640625
8673.849609375
8668.5771484375
8663.0322265625
8657.630859375
8652.787109375
8648.412109375
8644.1328125
8639.5458984375
8634.587890625
8629.599609375
8624.955078125
8620.712890625
8616.599609375
8612.20703125
8607.3583984375
8602.16796875
8597.0810546875
8592.416015625
8588.14453125
8583.8671875
8579.3349609375
8574.65234375
8570.134765625
8565.81640625
8561.435546875
8556.703125
8551.8330078125
8547.326171875
8543.3564453125
8539.572265625
8535.4951171875
8530.9150390625
8526.1767578125
8521.908203125
8518.4169921875
8515.4287109375
8512.650390625
8509.9794921875
8507.3984375
8504.341796875
8499.755859375
8493.5283203125
8487.1943359375
8482.451171875
8479.1171875
8475.55078125
8470.666015625
8465.095703125
8460.19921875
8456.400390625
8452.646484375
8448.16796875
8443.2607421875
8438.8349609375
8435.376953125
8432.095703125
8428.2783203125
8423.740234375
8419.2080078125
8414.9619140625
8411.0400390625
8407.2119140625
8403.36328125
8399.6171875
8395.990234375
8392.498046875
8388.970703125
8385.3203125
8381.654296875
8378.1279296875
8374.9951171875
8371.88671875
8368.75
8365.47265625
8362.47265625
8359.5224609375
8356.0390625
8351.919921875
8347.7626953125
8344.1142578125
8340.8515625
8337.64453125
8334.2216796875
8330.5458984375
8326.857421875
8323.583984375
8320.7734375
8318.2685546875
8315.73828125
8312.982421875
8309.8076171875
8305.890625
8301.125
8296.18359375
8292.0595703125
8289.1044921875
8286.77734375
8284.236328125
8281.1796875
8277.76953125
8274.4189453125
8271.2890625
8268.4580078125
8265.689453125
8263.0
8260.0859375
8257.400390625
8254.806640625
8252.34765625
8249.4501953125
8245.9560546875
8242.0322265625
8238.1669921875
8234.8515625
8231.91796875
8229.1875
8226.32421875
8223.43359375
8220.505859375
8217.6796875
8214.982421875
8212.544921875
8210.353515625
8208.65234375
8207.0498046875
8206.025390625
8204.7421875
8203.9501953125
8202.494140625
8200.533203125
8197.10546875
8192.3408203125
8187.72412109375
8184.7392578125
8183.65380859375
8181.810546875
8178.2119140625
8172.91162109375
8168.45751953125
8166.0986328125
8165.123046875
8164.07470703125
8161.78076171875
8158.4619140625
8154.59326171875
8151.265625
8148.591796875
8146.47705078125
8144.220703125
8141.53515625
8138.451171875
8135.50439453125
8132.81005859375
8130.41015625
8127.935546875
8126.1142578125
8124.228515625
8123.10009765625
8121.1591796875
8118.97900390625
8115.49169921875
8111.4501953125
8107.263671875
8104.27734375
8102.5185546875
8101.2978515625
8100.02197265625
8097.97998046875
8095.34814453125
8091.8056640625
8087.642578125
8083.28759765625
8079.89404296875
8077.1630859375
8074.7685546875
8072.025390625
8069.15625
8066.61279296875
8064.54443359375
8062.55908203125
8060.1650390625
8057.1748046875
8054.203125
8051.7705078125
8049.79296875
8047.88623046875
8045.39208984375
8042.4970703125
8039.5439453125
8037.1171875
8035.1962890625
8033.517578125
8031.75390625
8029.89599609375
8027.86865234375
8025.57177734375
8022.90625
8019.92578125
8017.0283203125
8014.57470703125
8012.587890625
8010.95849609375
8009.4921875
8008.9169921875
8008.748046875
8010.72265625
8010.16064453125
8008.0400390625
8002.5751953125
7998.27685546875
7996.8828125
7996.59228515625
7994.66455078125
7989.7685546875
7984.77734375
7982.34423828125
7983.0302734375
7988.69873046875
7983.67578125
7976.4130859375
7976.0087890625
7972.888671875
7969.0849609375
7968.55126953125
7965.4462890625
7964.48095703125
7963.5869140625
7960.248046875
7957.5869140625
7954.7529296875
7951.07568359375
7947.91845703125
7945.4931640625
7944.552734375
7941.85009765625
7938.3583984375
7935.01025390625
7932.19482421875
7930.107421875
7927.6533203125
7925.642578125
7923.48095703125
7920.42236328125
7917.27880859375
7914.33203125
7911.4296875
7909.779296875
7908.0322265625
7906.90869140625
7905.4658203125
7903.81640625
7900.921875
7897.205078125
7893.54248046875
7890.61767578125
7888.68408203125
7887.314453125
7886.009765625
7884.2158203125
7882.0048828125
7879.9423828125
7878.462890625
7877.16357421875
7875.974609375
7874.0166015625
7871.99169921875
7869.900390625
7869.0673828125
7868.740234375
7868.8388671875
7868.2421875
7866.7880859375
7864.6943359375
7862.330078125
7860.3134765625
7858.68798828125
7858.03173828125
7858.10986328125
7859.4599609375
7860.7470703125
7861.79638671875
7860.54248046875
7857.29833984375
7851.04052734375
7845.0244140625
7840.119140625
7838.26513671875
7837.94140625
7838.60986328125
7838.04736328125
7836.8974609375
7834.7763671875
7832.619140625
7830.51318359375
7828.591796875
7827.8515625
7827.40380859375
7826.787109375
7824.150390625
7820.1513671875
7815.748046875
7812.39794921875
7810.5986328125
7809.78076171875
7809.048828125
7807.8681640625
7806.30859375
7804.9833984375
7803.74365234375
7803.0146484375
7801.3720703125
7799.55078125
7796.2353515625
7792.83349609375
7789.34375
7786.8251953125
7785.3525390625
7784.80419921875
7784.8515625
7785.24365234375
7786.1669921875
7787.947265625
7790.86474609375
7794.5146484375
7796.95361328125
7792.4697265625
7780.98974609375
7774.3173828125
7777.7900390625
7779.3232421875
7773.01904296875
7768.2919921875
7770.2734375
7771.5673828125
7768.5625
7766.267578125
7765.984375
7763.7294921875
7760.208984375
7759.94091796875
7760.01806640625
7756.8291015625
7754.54248046875
7753.73779296875
7751.89501953125
7749.42919921875
7748.1220703125
7748.41259765625
7748.8857421875
7748.50927734375
7749.55712890625
7749.29541015625
7748.5361328125
7747.181640625
7745.6982421875
7745.435546875
7744.6083984375
7743.546875
7741.5126953125
7739.9619140625
7738.322265625
7737.1611328125
7736.3818359375
7735.96435546875
7735.12841796875
7733.3828125
7730.64599609375
7726.89794921875
7723.79052734375
7721.10205078125
7719.1015625
7717.10009765625
7716.2392578125
7714.8759765625
7714.66552734375
7713.67041015625
7712.728515625
7711.26904296875
7710.345703125
7709.74169921875
7709.59716796875
7707.8779296875
7704.494140625
7700.2041015625
7696.935546875
7695.21337890625
7694.265625
7692.80615234375
7690.306640625
7687.83056640625
7686.1884765625
7685.8505859375
7685.56884765625
7684.81640625
7683.4375
7682.515625
7682.32275390625
7682.52197265625
7682.1904296875
7681.33447265625
7680.12109375
7679.751953125
7680.46923828125
7682.501953125
7684.5107421875
7686.048828125
7685.044921875
7682.17822265625
7676.341796875
7670.7568359375
7666.533203125
7665.4775390625
7666.0068359375
7667.61962890625
7669.07177734375
7670.62890625
7672.9169921875
7676.4072265625
7679.9267578125
7680.40869140625
7676.677734375
7669.61328125
7662.02197265625
7656.55908203125
7653.30908203125
7652.3291015625
7651.84619140625
7651.3486328125
7649.58837890625
7646.56787109375
7643.1201171875
7640.7314453125
7640.197265625
7640.34814453125
7639.70654296875
7637.7353515625
7635.826171875
7635.310546875
7636.13427734375
7637.044921875
7636.8212890625
7635.5419921875
7632.95703125
7630.19921875
7626.90283203125
7624.568359375
7622.640625
7621.35693359375
7619.80126953125
7618.04736328125
7616.6796875
7616.4990234375
7617.48046875
7619.623046875
7622.10205078125
7624.607421875
7625.45947265625
7622.5166015625
7615.69384765625
7608.85791015625
7606.12109375
7607.33544921875
7609.08203125
7608.328125
7605.4736328125
7603.2646484375
7602.28076171875
7600.869140625
7597.74169921875
7594.767578125
7594.1025390625
7595.6396484375
7596.693359375
7595.73681640625
7594.259765625
7594.60791015625
7596.7880859375
7598.33154296875
7597.3193359375
7594.2958984375
7591.5341796875
7591.1064453125
7592.03759765625
7593.8974609375
7594.52880859375
7595.08056640625
7594.5087890625
7593.904296875
7592.24072265625
7590.1455078125
7587.7392578125
7585.5439453125
7584.2041015625
7583.49072265625
7583.92333984375
7584.40771484375
7585.0751953125
7584.6005859375
7583.982421875
7582.45849609375
7581.58837890625
7580.05078125
7579.36767578125
7578.08544921875
7577.2216796875
7575.23828125
7572.62109375
7569.09619140625
7566.05712890625
7564.25146484375
7563.9931640625
7564.9775390625
7566.408203125
7568.060546875
7569.4287109375
7570.72900390625
7571.591796875
7571.6728515625
7570.625
7568.53857421875
7567.3720703125
7566.98974609375
7567.63330078125
7567.14306640625
7565.1357421875
7561.46826171875
7557.33642578125
7553.9228515625
7551.671875
7550.64208984375
7550.29833984375
7550.2880859375
7550.5009765625
7550.671875
7551.369140625
7551.8583984375
7552.5341796875
7551.85546875
7550.064453125
7546.70458984375
7543.2802734375
7540.3017578125
7538.7392578125
7538.00439453125
7537.951171875
7538.03125
7538.51025390625
7539.5693359375
7541.6708984375
7544.46337890625
7546.38671875
7546.35546875
7543.68115234375
7540.7138671875
7538.53466796875
7538.50244140625
7538.58056640625
7539.06396484375
7537.91455078125
7536.75
7535.2197265625
7533.89404296875
7532.251953125
7530.7353515625
7529.36279296875
7528.607421875
7529.0732421875
7531.080078125
7511.50830078125
7514.50634765625
7521.62158203125
7506.16845703125
7515.818359375
7512.2685546875
7505.79052734375
7513.27685546875
7506.18115234375
7506.34228515625
7508.88330078125
7503.32421875
7505.70166015625
7504.822265625
7502.06201171875
7503.927734375
7501.947265625
7501.1064453125
7501.796875
7500.01318359375
7499.9736328125
7499.814453125
7498.59130859375
7498.669921875
7498.1337890625
7497.35986328125
7497.3115234375
7496.69287109375
7496.1787109375
7495.984375
7495.41455078125
7495.01025390625
7494.7275390625
7494.21826171875
7493.865234375
7493.541015625
7493.078125
7492.744140625
7492.3984375
7491.974609375
7491.6484375
7491.291015625
7490.8916015625
7490.56689453125
7490.20849609375
7489.83935546875
7489.51708984375
7489.15087890625
7488.79736328125
7488.4697265625
7488.1162109375
7487.77587890625
7487.439453125
7487.09765625
7486.76171875
7486.4326171875
7486.09716796875
7485.7568359375
7485.42333984375
7485.0986328125
7484.7646484375
7484.4384765625
7484.11181640625
7483.78271484375
7483.4580078125
7483.13037109375
7482.8046875
7482.48828125
7482.16455078125
7481.8349609375
7481.5185546875
7481.19482421875
7480.8759765625
7480.568359375
7480.24609375
7479.93115234375
7479.615234375
7479.298828125
7478.98095703125
7478.6689453125
7478.3544921875
7478.04638671875
7477.73486328125
7477.42431640625
7477.115234375
7476.80859375
7476.49853515625
7476.189453125
7475.880859375
7475.57275390625
7475.267578125
7474.958984375
7474.66015625
7474.3583984375
7474.05859375
7473.75341796875
7473.45458984375
7473.154296875
7472.85400390625
7472.55224609375
7472.2548828125
7471.9560546875
7471.66015625
7471.359375
7471.0654296875
7470.7646484375
7470.4697265625
7470.1748046875
7469.8798828125
7469.58447265625
7469.2890625
7468.99560546875
7468.7060546875
7468.4130859375
7468.119140625
7467.8271484375
7467.5380859375
7467.248046875
7466.9609375
7466.67724609375
7466.3916015625
7466.09716796875
7465.814453125
7465.529296875
7465.2412109375
7464.958984375
7464.6767578125
7464.39208984375
7464.10986328125
7463.833984375
7463.5478515625
7463.2685546875
7462.9892578125
7462.7109375
7462.431640625
7462.150390625
7461.8720703125
7461.591796875
7461.31640625
7461.0400390625
7460.7646484375
7460.48779296875
7460.21435546875
7459.9375
7459.6630859375
7459.38720703125
7459.11279296875
7458.83740234375
7458.56103515625
7458.291015625
7458.021484375
7457.7509765625
7457.478515625
7457.2119140625
7456.9375
7456.671875
7456.400390625
7456.130859375
7455.8681640625
7455.59912109375
7455.333984375
7455.06787109375
7454.80029296875
7454.537109375
7454.271484375
7454.01025390625
7453.74755859375
7453.482421875
7453.21728515625
7452.9580078125
7452.68896484375
7452.43212890625
7452.1689453125
7451.9072265625
7451.64794921875
7451.388671875
7451.1298828125
7450.8779296875
7450.6171875
7450.3564453125
7450.09765625
7449.84375
7449.58837890625
7449.330078125
7449.0751953125
7448.81689453125
7448.560546875
7448.3095703125
7448.052734375
7447.7978515625
7447.54296875
7447.28662109375
7447.0322265625
7446.77978515625
7446.5205078125
7446.26953125
7446.017578125
7445.767578125
7445.5126953125
7445.26318359375
7445.01171875
7444.759765625
7444.5107421875
7444.26416015625
7444.017578125
7443.76708984375
7443.5166015625
7443.26953125
7443.02294921875
7442.7685546875
7442.5224609375
7442.27587890625
7442.025390625
7441.77783203125
7441.5322265625
7441.28466796875
7441.0390625
7440.7900390625
7440.54296875
7440.291015625
7440.0390625
7439.79150390625
7439.54541015625
7439.296875
7439.05224609375
7438.8056640625
7438.55859375
7438.3134765625
7438.0693359375
7437.8232421875
7437.5771484375
7437.3349609375
7437.0859375
7436.83984375
7436.59716796875
7436.3486328125
7436.10205078125
7435.86181640625
7435.6181640625
7435.369140625
7435.12060546875
7434.8759765625
7434.6279296875
7434.384765625
7434.13671875
7433.89208984375
7433.6484375
7433.39892578125
7433.154296875
7432.90869140625
7432.6611328125
7432.4140625
7432.16357421875
7431.91259765625
7431.6611328125
7431.40966796875
7431.16015625
7430.9052734375
7430.6533203125
7430.40380859375
7430.1494140625
7429.89599609375
7429.64111328125
7429.388671875
7429.12939453125
7428.865234375
7428.6083984375
7428.3466796875
7428.0791015625
7427.81494140625
7427.546875
7427.27734375
7427.01025390625
7426.7353515625
7426.46142578125
7426.1796875
7425.89892578125
7425.623046875
7425.3369140625
7425.0517578125
7424.7568359375
7424.4619140625
7424.1513671875
7423.849609375
7423.5380859375
7423.2265625
7422.91162109375
7422.5927734375
7422.2685546875
7421.94189453125
7421.60595703125
7421.2724609375
7420.9296875
7420.58349609375
7420.23681640625
7419.8916015625
7419.537109375
7419.1806640625
7418.82666015625
7418.46875
7418.1123046875
7417.7548828125
7417.39697265625
7417.0439453125
7416.68603515625
7416.326171875
7415.97314453125
7415.6181640625
7415.27099609375
7414.9189453125
7414.572265625
7414.228515625
7413.88525390625
7413.54736328125
7413.2099609375
7412.876953125
7412.544921875
7412.21533203125
7411.8916015625
7411.56787109375
7411.24951171875
7410.9296875
7410.609375
7410.29931640625
7409.98193359375
7409.66943359375
7409.3583984375
7409.0498046875
7408.74853515625
7408.4453125
7408.1357421875
7407.833984375
7407.53564453125
7407.23486328125
7406.9384765625
7406.63525390625
7406.34228515625
7406.04931640625
7405.75146484375
7405.45654296875
7405.16650390625
7404.88134765625
7404.58984375
7404.30322265625
7404.01416015625
7403.72705078125
7403.443359375
7403.15625
7402.873046875
7402.59521484375
7402.31494140625
7402.0400390625
7401.763671875
7401.48681640625
7401.21484375
7400.943359375
7400.67822265625
7400.4228515625
7400.1650390625
7399.9189453125
7399.67578125
7399.423828125
7399.1630859375
7398.8818359375
7398.57763671875
7398.26806640625
7397.96240234375
7397.68115234375
7397.41943359375
7397.171875
7396.92333984375
7396.662109375
7396.37939453125
7396.099609375
7395.8212890625
7395.5498046875
7395.29296875
7395.04150390625
7394.783203125
7394.52197265625
7394.248046875
7393.978515625
7393.712890625
7393.45751953125
7393.19775390625
7392.94287109375
7392.68212890625
7392.42333984375
7392.1611328125
7391.89697265625
7391.6357421875
7391.376953125
7391.1123046875
7390.849609375
7390.583984375
7390.3212890625
7390.060546875
7389.7978515625
7389.53515625
7389.267578125
7389.00048828125
7388.732421875
7388.455078125
7388.1796875
7387.904296875
7387.6279296875
7387.34521484375
7387.0693359375
7386.7841796875
7386.501953125
7386.2138671875
7385.92626953125
7385.6435546875
7385.357421875
7385.06689453125
7384.7763671875
7384.48681640625
7384.20166015625
7383.912109375
7383.62255859375
7383.33642578125
7383.05126953125
7382.771484375
7382.494140625
7382.2216796875
7381.9541015625
7381.685546875
7381.4228515625
7381.1669921875
7380.91162109375
7380.66015625
7380.412109375
7380.169921875
7379.931640625
7379.7001953125
7379.4833984375
7379.27587890625
7379.07080078125
7378.91650390625
7378.7392578125
7378.669921875
7378.5078125
7378.5458984375
7378.30859375
7378.3095703125
7377.9482421875
7377.8056640625
7377.4677734375
7377.29638671875
7377.05615234375
7376.787109375
7376.37060546875
7375.861328125
7375.3896484375
7375.07958984375
7374.94140625
7374.8564453125
7374.7373046875
7374.482421875
7374.23046875
7373.9375
7373.73828125
7373.486328125
7373.26708984375
7372.95703125
7372.67822265625
7372.376953125
7372.1142578125
7371.84375
7371.5849609375
7371.3330078125
7371.09228515625
7370.8701171875
7370.662109375
7370.45947265625
7370.27685546875
7370.125
7370.0048828125
7369.9267578125
7369.89013671875
7369.9296875
7370.09326171875
7370.4599609375
7371.076171875
7371.92578125
7372.6982421875
7373.0439453125
7372.3857421875
7371.1162109375
7369.5849609375
7369.015625
7368.8232421875
7369.25244140625
7369.17626953125
7369.03369140625
7368.4140625
7368.26171875
7368.220703125
7368.71240234375
7369.10205078125
7369.7138671875
7369.89794921875
7370.369140625
7370.3349609375
7370.65771484375
7370.11474609375
7369.6962890625
7368.52685546875
7367.873046875
7367.40771484375
7367.31982421875
7367.12451171875
7366.81201171875
7366.31640625
7365.9443359375
7365.888671875
7366.19921875
7366.94287109375
7367.9833984375
7369.19287109375
7370.19677734375
7370.65625
7370.3837890625
7369.89794921875
7369.92626953125
7370.93310546875
7371.982421875
7372.1884765625
7370.6279296875
7368.205078125
7365.9296875
7365.41796875
7366.1484375
7367.599609375
7368.37548828125
7368.18212890625
7367.125
7365.8818359375
7364.998046875
7364.75439453125
7365.1123046875
7365.794921875
7366.560546875
7367.1552734375
7367.8271484375
7368.7509765625
7370.4951171875
7372.6650390625
7375.04296875
7376.1611328125
7375.744140625
7372.9052734375
7369.2041015625
7365.65625
7363.85546875
7363.64697265625
7364.48095703125
7365.13134765625
7365.103515625
7364.373046875
7363.53662109375
7362.8681640625
7362.447265625
7362.09375
7362.0419921875
7361.86181640625
7361.990234375
7361.6728515625
7361.73291015625
7361.484375
7361.47900390625
7360.853515625
7360.0673828125
7359.18115234375
7358.9912109375
7359.38671875
7360.33740234375
7360.888671875
7360.775390625
7359.61279296875
7357.8193359375
7355.98681640625
7354.52001953125
7353.6552734375
7353.15966796875
7352.66015625
7352.0341796875
7351.19189453125
7350.4716796875
7349.8466796875
7349.46533203125
7348.98291015625
7348.58544921875
7347.9345703125
7347.5478515625
7347.0654296875
7346.90283203125
7346.87255859375
7347.10205078125
7347.46484375
7347.7802734375
7347.916015625
7347.755859375
7347.37890625
7346.9072265625
7346.5361328125
7346.36279296875
7346.1259765625
7345.78515625
7344.8955078125
7344.0009765625
7342.8955078125
7342.490234375
7342.19970703125
7342.43212890625
7342.1494140625
7341.6259765625
7340.2587890625
7338.81591796875
7337.28076171875
7336.361328125
7335.89111328125
7335.8056640625
7335.67041015625
7335.2021484375
7334.33544921875
7333.21484375
7332.09912109375
7331.13671875
7330.345703125
7329.5986328125
7328.84130859375
7327.96240234375
7327.15234375
7326.49462890625
7326.3125
7326.59033203125
7327.453125
7328.4521484375
7329.42041015625
7329.68359375
7329.259765625
7328.2333984375
7327.1708984375
7326.46875
7326.10546875
7325.873046875
7325.3623046875
7324.6005859375
7323.740234375
7323.1298828125
7323.05029296875
7323.11376953125
7323.15234375
7322.5576171875
7321.6572265625
7320.46337890625
7319.912109375
7319.8369140625
7320.8447265625
7321.85595703125
7323.26220703125
7323.7392578125
7324.20361328125
7323.361328125
7322.673828125
7320.796875
7319.1630859375
7317.3125
7315.96533203125
7315.1689453125
7314.8896484375
7315.0244140625
7315.25244140625
7315.5703125
7315.67041015625
7315.9384765625
7316.419921875
7317.2900390625
7318.44873046875
7319.62890625
7320.48486328125
7320.833984375
7320.44580078125
7319.6142578125
7318.3447265625
7317.240234375
7316.1357421875
7315.3154296875
7314.447265625
7313.76611328125
7313.14697265625
7312.787109375
7312.32373046875
7311.650390625
7310.2568359375
7308.3154296875
7305.8203125
7303.2978515625
7301.1630859375
7299.83935546875
7299.43603515625
7299.6240234375
7299.97216796875
7300.046875
7299.7763671875
7299.12890625
7298.43359375
7297.796875
7297.53173828125
7297.5517578125
7297.92529296875
7298.37890625
7298.861328125
7299.205078125
7299.314453125
7299.03369140625
7298.04248046875
7297.22119140625
7296.2685546875
7297.10302734375
7298.537109375
7301.90234375
7304.3759765625
7306.76904296875
7304.04736328125
7299.62109375
7293.0595703125
7289.19287109375
7288.54931640625
7290.0185546875
7291.9365234375
7292.48681640625
7292.173828125
7290.69873046875
7289.9111328125
7289.20947265625
7287.5810546875
7285.22216796875
7282.8896484375
7281.96484375
7282.39208984375
7283.4697265625
7284.5693359375
7284.86328125
7284.861328125
7284.66259765625
7284.53271484375
7283.7919921875
7282.140625
7280.1240234375
7278.3916015625
7277.26806640625
7276.5146484375
7275.716796875
7274.89111328125
7274.181640625
7273.91455078125
7274.15283203125
7274.48095703125
7274.5380859375
7274.19580078125
7273.6103515625
7273.0380859375
7272.5771484375
7272.2451171875
7271.88037109375
7271.5087890625
7271.2490234375
7271.236328125
7271.55810546875
7272.0419921875
7272.7451171875
7273.68115234375
7275.23876953125
7277.55908203125
7280.90869140625
7285.2119140625
7290.2255859375
7295.3876953125
7299.6357421875
7301.876953125
7301.4013671875
7298.4951171875
7294.947265625
7291.763671875
7289.986328125
7288.29443359375
7286.36474609375
7283.6298828125
7281.126953125
7279.533203125
7279.66064453125
7280.58203125
7281.751953125
7281.6162109375
7280.4404296875
7277.99609375
7275.5390625
7273.5205078125
7272.330078125
7271.6201171875
7270.82861328125
7269.517578125
7267.798828125
7266.0791015625
7265.01416015625
7264.88037109375
7265.56640625
7266.51513671875
7267.14892578125
7267.27197265625
7267.1103515625
7267.1337890625
7267.76123046875
7268.78955078125
7269.77734375
7269.705078125
7268.37353515625
7266.1826171875
7264.5751953125
7264.2001953125
7264.90478515625
7265.466796875
7265.37744140625
7264.52587890625
7263.587890625
7262.90576171875
7262.5146484375
7262.1318359375
7261.53271484375
7260.861328125
7260.3466796875
7260.13427734375
7260.15478515625
7260.16748046875
7260.171875
7260.2041015625
7260.38623046875
7260.57421875
7260.61181640625
7260.291015625
7259.7216796875
7259.130859375
7258.6708984375
7258.44384765625
7258.45703125
7258.75
7259.4697265625
7260.42138671875
7261.7470703125
7262.958984375
7264.2646484375
7265.03466796875
7265.4560546875
7265.0693359375
7264.1806640625
7262.74755859375
7261.140625
7259.47119140625
7258.07080078125
7257.09130859375
7256.734375
7257.1005859375
7258.21630859375
7260.08544921875
7262.533203125
7265.36328125
7267.8603515625
7269.5087890625
7269.35498046875
7267.62890625
7264.59033203125
7261.4521484375
7258.6005859375
7256.498046875
7254.9423828125
7253.9990234375
7253.390625
7253.04052734375
7252.74755859375
7252.70068359375
7252.94921875
7253.5517578125
7254.189453125
7254.90283203125
7255.552734375
7256.6796875
7258.0908203125
7259.8681640625
7261.021484375
7261.2041015625
7259.99072265625
7258.17041015625
7256.0869140625
7254.48876953125
7253.00390625
7251.912109375
7250.83544921875
7250.11865234375
7249.47412109375
7249.20556640625
7249.09814453125
7249.20068359375
7249.529296875
7250.416015625
7252.111328125
7254.45849609375
7257.1962890625
7259.609375
7261.7509765625
7263.80078125
7265.93994140625
7268.302734375
7269.25927734375
7268.56494140625
7264.32421875
7258.9677734375
7253.5205078125
7250.68994140625
7249.7978515625
7249.9208984375
7249.54931640625
7248.1572265625
7246.33740234375
7245.0146484375
7244.7666015625
7245.34716796875
7246.20166015625
7246.79931640625
7247.19287109375
7247.64697265625
7248.45556640625
7249.56982421875
7250.64013671875
7251.154296875
7250.771484375
7249.28369140625
7246.8359375
7243.86669921875
7241.013671875
7238.82861328125
7237.64697265625
7237.400390625
7237.7119140625
7238.08447265625
7238.01123046875
7237.544921875
7236.703125
7236.08154296875
7235.65478515625
7235.6640625
7235.69921875
7235.712890625
7235.4384765625
7235.05517578125
7234.701171875
7234.6611328125
7235.0185546875
7235.677734375
7236.4912109375
7236.958984375
7237.03173828125
7236.546875
7236.013671875
7235.80224609375
7236.29736328125
7237.5029296875
7239.3251953125
7241.2412109375
7242.83203125
7243.380859375
7243.06884765625
7242.27978515625
7241.8583984375
7241.6494140625
7241.7216796875
7241.3037109375
7240.58740234375
7239.3037109375
7238.0556640625
7236.7578125
7236.05029296875
7235.9375
7236.60205078125
7237.42578125
7238.16845703125
7238.1875
7237.90283203125
7237.1513671875
7236.755859375
7236.7666015625
7237.5986328125
7239.11328125
7241.1513671875
7243.1318359375
7244.7451171875
7245.39453125
7245.1171875
