15073.177734375
15068.775390625
15064.728515625
15061.0029296875
15057.552734375
15054.369140625
15051.412109375
15048.6572265625
15046.091796875
15043.6943359375
15041.443359375
15039.310546875
15037.287109375
15035.349609375
15033.4970703125
15031.7138671875
15029.99609375
15028.341796875
15026.744140625
15025.2041015625
15023.71484375
15022.279296875
15020.892578125
15019.5517578125
15018.265625
15017.02734375
15015.8310546875
15014.68359375
15013.578125
15012.5087890625
15011.4736328125
15010.48046875
15009.513671875
15008.587890625
15007.681640625
15006.806640625
15005.9580078125
15005.134765625
15004.337890625
15003.5634765625
15002.8095703125
15002.0751953125
15001.361328125
15000.669921875
14999.994140625
14999.337890625
14998.693359375
14998.0732421875
14997.466796875
14996.875
14996.29296875
14995.73046875
14995.1826171875
14994.6435546875
14994.12109375
14993.60546875
14993.103515625
14992.6123046875
14992.134765625
14991.6640625
14991.208984375
14990.76171875
14990.326171875
14989.90234375
14989.486328125
14989.078125
14988.6767578125
14988.291015625
14987.908203125
14987.5390625
14987.1748046875
14986.8193359375
14986.4736328125
14986.134765625
14985.802734375
14985.4755859375
14985.16015625
14984.8486328125
14984.544921875
14984.25
14983.958984375
14983.67578125
14983.39453125
14983.123046875
14982.8564453125
14982.5966796875
14982.341796875
14982.0908203125
14981.8486328125
14981.6064453125
14981.3701171875
14981.140625
14980.9150390625
14980.6953125
14980.48046875
14980.267578125
14980.0576171875
14979.8544921875
14979.654296875
14979.4599609375
14979.265625
14979.0771484375
14978.892578125
14978.7099609375
14978.5322265625
14978.3544921875
14978.18359375
14978.013671875
14977.8447265625
14977.677734375
14977.517578125
14977.359375
14977.201171875
14977.046875
14976.89453125
14976.744140625
14976.59765625
14976.4501953125
14976.3076171875
14976.16796875
14976.0263671875
14975.890625
14975.75390625
14975.619140625
14975.484375
14975.3544921875
14975.2255859375
14975.099609375
14974.97265625
14974.8515625
14974.73046875
14974.611328125
14974.4912109375
14974.3759765625
14974.2607421875
14974.1435546875
14974.03125
14973.9208984375
14973.8115234375
14973.703125
14973.59765625
14973.494140625
14973.388671875
14973.283203125
14973.18359375
14973.080078125
14972.9833984375
14972.88671875
14972.7890625
14972.693359375
14972.595703125
14972.505859375
14972.412109375
14972.3203125
14972.232421875
14972.1435546875
14972.0537109375
14971.966796875
14971.87890625
14971.796875
14971.7080078125
14971.6220703125
14971.5400390625
14971.458984375
14971.3779296875
14971.2978515625
14971.22265625
14971.140625
14971.06640625
14970.98828125
14970.9091796875
14970.833984375
14970.7607421875
14970.6875
14970.6171875
14970.54296875
14970.474609375
14970.40234375
14970.333984375
14970.263671875
14970.197265625
14970.126953125
14970.0625
14969.9951171875
14969.931640625
14969.86328125
14969.7998046875
14969.736328125
14969.671875
14969.6103515625
14969.5498046875
14969.486328125
14969.4248046875
14969.3662109375
14969.30859375
14969.25
14969.1904296875
14969.1328125
14969.076171875
14969.01953125
17254954.0
280754.5
194667.5
116389.625
73926.1484375
82950.3125
97200.125
70954.1328125
65036.09765625
67669.09375
81192.1875
67061.6875
59594.23828125
57949.7109375
58084.40625
57608.26171875
55275.25
52348.15625
49918.125
48104.91015625
46585.421875
45154.19140625
43766.75390625
42507.7421875
41324.9921875
40162.6328125
39021.75390625
37936.34375
36906.54296875
35912.48828125
34934.8671875
33966.69921875
33026.4375
32123.26171875
31274.5
30491.0703125
29758.0390625
29053.44140625
28369.103515625
27712.67578125
27097.8359375
26528.63671875
26002.45703125
25514.240234375
25052.583984375
24609.708984375
24182.81640625
23770.671875
23373.455078125
22990.53125
22622.169921875
22268.93359375
21932.037109375
21610.025390625
21307.8046875
21013.271484375
20735.72265625
20472.568359375
20222.48046875
19988.529296875
19761.00390625
19540.35546875
19328.720703125
19121.6328125
18924.55078125
18732.705078125
18552.23046875
18378.6015625
18208.25
18048.77734375
17891.45703125
17743.212890625
17598.298828125
17460.033203125
17325.78125
17191.943359375
17066.9140625
16946.009765625
16823.91015625
16714.0078125
16600.576171875
16494.669921875
16386.4921875
16287.845703125
16192.08984375
16098.126953125
16002.30859375
15919.40234375
15833.9912109375
15753.28125
15662.2177734375
15590.240234375
15502.0146484375
15431.6591796875
15352.1396484375
15280.82421875
15206.1513671875
15137.29296875
15067.224609375
14998.6953125
14934.130859375
14867.7705078125
14804.986328125
14741.0029296875
14679.9638671875
14617.3359375
14558.642578125
14498.576171875
14440.111328125
14382.6201171875
14326.0166015625
14270.126953125
14215.1259765625
14161.6298828125
14107.943359375
14056.0986328125
14004.5009765625
13954.2294921875
13904.1630859375
13855.5390625
13806.833984375
13759.21484375
13711.8603515625
13665.5166015625
13619.564453125
13574.65625
13530.162109375
13486.390625
13443.060546875
13400.3564453125
13357.9375
13316.1689453125
13274.7265625
13233.7099609375
13193.095703125
13152.9189453125
13113.0234375
13073.533203125
13034.38671875
12995.6767578125
12957.3828125
12919.611328125
12882.322265625
12845.7138671875
12809.626953125
12773.4365234375
12737.3154296875
12702.2138671875
12668.0068359375
12633.6318359375
12599.1298828125
12565.8486328125
12533.369140625
12500.51953125
12468.04296875
12436.63671875
12405.4853515625
12374.3603515625
12343.89453125
12314.037109375
12284.33984375
12254.939453125
12226.15234375
12197.716796875
12169.451171875
12141.6494140625
12114.251953125
12087.05859375
12060.208984375
12033.72265625
12007.5068359375
11981.5244140625
11955.837890625
11930.3974609375
11905.1943359375
11880.212890625
11855.4599609375
11830.927734375
11806.5712890625
11782.4775390625
11758.55859375
11734.8125
11711.2998046875
11688.0009765625
11664.9248046875
11642.0859375
11619.51171875
11597.234375
11575.2353515625
11553.521484375
11532.1123046875
11511.03515625
11490.26953125
11469.7587890625
11449.5263671875
11429.5791015625
11409.853515625
11390.380859375
11371.1103515625
11352.0185546875
11333.154296875
11314.44921875
11295.951171875
11277.62109375
11259.4453125
11241.46875
11223.650390625
11205.994140625
11188.5048828125
11171.1640625
11153.9853515625
11136.974609375
11120.10546875
11103.400390625
11086.8330078125
11070.439453125
11054.203125
11038.15625
11022.40234375
11006.83203125
10991.9306640625
10976.326171875
10961.3798828125
10945.220703125
10929.7578125
10915.013671875
10900.7978515625
10887.603515625
10872.453125
10857.630859375
10844.013671875
10832.7041015625
10822.490234375
10805.0
10786.5400390625
10773.94140625
10763.005859375
10747.974609375
10731.451171875
10719.92578125
10707.12109375
10691.28125
10678.47265625
10665.830078125
10651.48046875
10639.39453125
10626.0009765625
10612.19921875
10600.48046875
10587.35546875
10573.51953125
10561.578125
10549.5595703125
10536.0263671875
10522.802734375
10510.9033203125
10498.734375
10485.6796875
10473.3916015625
10460.97265625
10448.2568359375
10435.8408203125
10423.1455078125
10410.46875
10398.392578125
10386.2548828125
10374.7353515625
10368.2470703125
10387.48046875
10357.458984375
10348.158203125
10330.447265625
10330.400390625
10298.5166015625
10300.5888671875
10279.025390625
10276.390625
10258.5166015625
10248.6181640625
10237.2626953125
10225.662109375
10215.08203125
10204.3505859375
10196.78515625
10191.1103515625
10179.80078125
10168.6875
10155.2470703125
10143.298828125
10131.26953125
10123.421875
10117.0615234375
10103.888671875
10096.1416015625
10082.501953125
10069.17578125
10060.98828125
10050.7265625
10037.18359375
10029.25390625
10019.2607421875
10007.5712890625
9998.3251953125
9988.5078125
9978.3662109375
9969.267578125
9960.6640625
9949.220703125
9938.35546875
9928.64453125
9918.92578125
9909.830078125
9900.08203125
9890.56640625
9882.037109375
9873.1455078125
9862.859375
9853.1201171875
9844.794921875
9836.25390625
9827.0205078125
9817.537109375
9808.51171875
9799.75
9791.09375
9782.255859375
9773.6484375
9765.142578125
9756.431640625
9747.8193359375
9739.3681640625
9731.001953125
9722.490234375
9714.0537109375
9705.353515625
9696.685546875
9688.09375
9679.6162109375
9670.974609375
9662.318359375
9653.875
9645.646484375
9637.4462890625
9629.37890625
9621.52734375
9613.7734375
9605.7880859375
9597.43359375
9589.19921875
9581.369140625
9573.861328125
9566.2333984375
9558.4326171875
9550.7578125
9543.28515625
9535.890625
9528.5
9521.177734375
9513.984375
9506.82421875
9499.677734375
9492.568359375
9485.560546875
9478.6328125
9471.8076171875
9465.001953125
9458.3125
9451.669921875
9445.09375
9438.37109375
9431.609375
9424.8837890625
9418.5390625
9412.283203125
9406.2119140625
9399.865234375
9393.537109375
9387.201171875
9380.98046875
9374.412109375
9367.5986328125
9361.009765625
9354.9521484375
9349.2216796875
9343.23828125
9337.00390625
9330.931640625
9325.404296875
9319.90625
9314.1640625
9308.017578125
9301.8583984375
9295.94921875
9290.0517578125
9284.4658203125
9278.47265625
9272.0458984375
9264.59765625
9257.3203125
9250.837890625
9245.1142578125
9239.41015625
9233.470703125
9227.59375
9222.099609375
9216.83984375
9211.5625
9206.1767578125
9200.8525390625
9195.611328125
9190.333984375
9184.958984375
9179.552734375
9174.310546875
9169.4033203125
9164.6376953125
9159.77734375
9154.7548828125
9149.70703125
9144.732421875
9139.7841796875
9134.91796875
9130.08203125
9125.083984375
9119.8740234375
9114.544921875
9109.4208984375
9104.701171875
9100.25
9095.748046875
9091.0341796875
9086.123046875
9081.30078125
9076.6875
9072.109375
9067.6640625
9062.859375
9058.03515625
9052.951171875
9048.0625
9043.2890625
9038.57421875
9033.8359375
9029.234375
9024.935546875
9021.0224609375
9017.21484375
9013.333984375
9009.294921875
9005.3125
9001.060546875
8996.775390625
8992.388671875
8988.591796875
8985.02734375
8981.42578125
8977.2783203125
8972.6279296875
8967.921875
8963.025390625
8958.111328125
8953.326171875
8949.25
8945.5810546875
8941.716796875
8937.2109375
8932.23828125
8927.326171875
8922.787109375
8918.60546875
8914.421875
8910.244140625
8905.8388671875
8901.7265625
8897.5009765625
8893.4345703125
8889.0078125
8884.66015625
8880.3359375
8876.35546875
8872.5146484375
8868.6533203125
8864.6318359375
8860.625
8856.9267578125
8853.611328125
8850.529296875
8847.177734375
8843.5439453125
8839.3828125
8835.4697265625
8831.75390625
8828.3046875
8824.87890625
8820.95703125
8817.2802734375
8813.240234375
8809.7197265625
8806.134765625
8803.0205078125
8799.9091796875
8796.75390625
8793.2109375
8789.5146484375
8785.8779296875
8782.44921875
8778.796875
8774.900390625
8770.9814453125
8767.798828125
8765.1728515625
8762.8046875
8759.5625
8755.4765625
8750.8349609375
8747.166015625
8744.6181640625
8742.861328125
8740.326171875
8737.33203125
8733.46484375
8730.306640625
8727.017578125
8723.873046875
8720.353515625
8717.04296875
8714.181640625
8711.4501953125
8708.298828125
8704.423828125
8700.244140625
8696.5654296875
8693.4375
8690.5791015625
8687.5009765625
8684.2685546875
8680.7119140625
8677.291015625
8673.517578125
8670.1005859375
8666.5546875
8663.5224609375
8660.30078125
8657.0380859375
8653.6103515625
8650.18359375
8646.748046875
8643.306640625
8639.880859375
8636.693359375
8633.78515625
8631.2265625
8628.486328125
8625.703125
8622.4013671875
8619.337890625
8616.0673828125
8613.552734375
8610.857421875
8608.787109375
8605.9921875
8603.1865234375
8599.71875
8596.669921875
8593.9443359375
8592.056640625
8590.2109375
8588.576171875
8585.8515625
8582.7529296875
8578.728515625
8575.4833984375
8573.30859375
8572.2109375
8571.2646484375
8569.3994140625
8566.71484375
8563.1484375
8559.5830078125
8556.3193359375
8554.220703125
8553.8623046875
8557.4072265625
8549.677734375
8539.17578125
8537.7822265625
8539.9296875
8537.341796875
8534.2734375
8534.5234375
8529.36328125
8525.330078125
8525.31640625
8521.22265625
8515.279296875
8514.806640625
8510.6171875
8504.7734375
8502.8017578125
8500.1298828125
8495.1298828125
8493.208984375
8490.75
8487.5
8486.123046875
8484.66015625
8481.0244140625
8478.14453125
8475.6298828125
8473.0087890625
8470.94921875
8469.017578125
8466.013671875
8463.5166015625
8460.744140625
8457.70703125
8454.517578125
8451.677734375
8448.451171875
8445.546875
8442.802734375
8440.125
8437.521484375
8435.166015625
8432.619140625
8430.21484375
8427.982421875
8425.837890625
8423.79296875
8421.9375
8419.8642578125
8417.70703125
8415.796875
8414.197265625
8412.8154296875
8410.9365234375
8407.7275390625
8403.380859375
8399.0859375
8396.3388671875
8394.5380859375
8392.6630859375
8389.775390625
8386.78125
8384.517578125
8383.5537109375
8382.65625
8382.3203125
8381.751953125
8382.0625
8381.6171875
8379.8603515625
8375.8798828125
8371.50390625
8368.12890625
8367.7060546875
8368.9423828125
8370.9951171875
8371.4609375
8370.2822265625
8367.23046875
8362.4638671875
8356.318359375
8349.39453125
8346.7421875
8348.34375
8349.3310546875
8346.2392578125
8341.20703125
8336.990234375
8333.974609375
8330.861328125
8329.134765625
8327.779296875
8327.193359375
8325.958984375
8327.6435546875
8330.82421875
8339.59765625
8330.091796875
8314.4267578125
8310.111328125
8314.7578125
8313.44921875
8305.6318359375
8304.646484375
8305.052734375
8298.0078125
8294.521484375
8297.0146484375
8294.306640625
8289.40234375
8290.89453125
8287.259765625
8282.052734375
8282.0458984375
8279.4462890625
8276.427734375
8277.2529296875
8276.0400390625
8275.1611328125
8274.431640625
8273.060546875
8270.841796875
8268.107421875
8266.1083984375
8264.2158203125
8262.0390625
8262.642578125
8262.296875
8259.23828125
8255.8505859375
8250.15625
8246.4814453125
8247.0771484375
8246.849609375
8244.435546875
8239.7626953125
8237.171875
8236.3955078125
8236.0947265625
8234.5302734375
8232.08203125
8230.369140625
8231.2939453125
8231.9248046875
8232.15234375
8232.33984375
8233.099609375
8232.4501953125
8229.1220703125
8223.1982421875
8218.1474609375
8215.0927734375
8213.6953125
8211.6796875
8209.146484375
8208.4609375
8207.79296875
8208.380859375
8204.9853515625
8200.248046875
8195.724609375
8193.59375
8193.388671875
8195.078125
8199.5390625
8199.119140625
8196.880859375
8199.833984375
8205.953125
8234.998046875
8259.2783203125
8259.728515625
8255.69921875
8350.70703125
8343.0556640625
8298.759765625
8337.7451171875
8304.443359375
8273.6669921875
8298.828125
8262.2041015625
8248.859375
8242.7880859375
8240.9345703125
8243.728515625
8236.734375
8224.662109375
8218.384765625
8204.97265625
8204.556640625
8192.443359375
8188.1552734375
8186.59228515625
8178.404296875
8180.732421875
8172.3828125
8169.30419921875
8166.0927734375
8159.056640625
8156.5771484375
8155.48046875
8154.470703125
8155.9716796875
8153.04638671875
8151.9287109375
8144.7841796875
8138.810546875
8134.994140625
8132.2138671875
8133.05419921875
8132.2470703125
8129.685546875
8126.8701171875
8122.2626953125
8121.40966796875
8121.396484375
8120.1142578125
8119.20654296875
8116.72119140625
8115.52197265625
8114.21484375
8113.0166015625
8111.6943359375
8109.71728515625
8108.7109375
8108.43115234375
8108.0185546875
8108.03759765625
8108.02685546875
8108.63232421875
8108.4267578125
8107.2490234375
8104.14453125
8100.7939453125
8097.3994140625
8096.041015625
8096.412109375
8097.82080078125
8098.0517578125
8096.4150390625
8093.91015625
8091.9619140625
8091.21875
8091.43359375
8091.9755859375
8091.53076171875
8089.85400390625
8087.02734375
8083.8603515625
8081.185546875
8078.8701171875
8077.27001953125
8076.1865234375
8075.291015625
8074.64453125
8074.1044921875
8073.853515625
8073.787109375
8073.70166015625
8073.44873046875
8072.84326171875
8071.794921875
8070.01904296875
8067.41796875
8064.05712890625
8060.6025390625
8057.67529296875
8056.09228515625
8055.4482421875
8055.37353515625
8054.4599609375
8052.7060546875
8049.8056640625
8047.0439453125
8044.16796875
8042.5078125
8040.412109375
8039.859375
8038.15478515625
8037.8154296875
8036.6689453125
8037.6884765625
8040.64013671875
8046.24462890625
8041.51806640625
8041.8525390625
8046.73388671875
8043.66845703125
8037.0380859375
8040.19140625
8037.248046875
8034.85693359375
8032.9970703125
8028.3388671875
8029.4970703125
8027.314453125
8021.28564453125
8020.3974609375
8021.318359375
8021.89208984375
8020.4892578125
8019.7392578125
8021.986328125
8021.87890625
8021.587890625
8021.08251953125
8021.36376953125
8023.3408203125
8024.37646484375
8025.90673828125
8025.1787109375
8023.07763671875
8020.51904296875
8016.7265625
8014.5146484375
8013.16015625
8012.5859375
8010.53369140625
8007.5703125
8004.58447265625
8001.4765625
7998.90966796875
7995.99267578125
7994.7744140625
7993.1376953125
7992.51513671875
7990.986328125
7990.005859375
7987.7451171875
7985.89404296875
7983.5390625
7982.27685546875
7981.31640625
7981.0966796875
7980.6806640625
7980.54541015625
7980.38232421875
7980.17041015625
7979.40478515625
7977.587890625
7975.26953125
7973.32470703125
7972.611328125
7972.9658203125
7974.083984375
7974.408203125
7974.34765625
7973.8076171875
7973.9560546875
7974.09814453125
7974.369140625
7973.3505859375
7971.32470703125
7968.1025390625
7965.4365234375
7963.91015625
7964.0009765625
7964.4560546875
7964.55712890625
7963.7744140625
7962.78955078125
7962.2041015625
7963.16259765625
7964.3974609375
7966.2822265625
7964.89404296875
7962.34814453125
7956.5927734375
7952.37548828125
7948.45703125
7947.23486328125
7946.80322265625
7947.1982421875
7947.09765625
7946.68017578125
7945.88134765625
7945.1298828125
7944.4775390625
7943.6298828125
7942.630859375
7941.61328125
7940.6162109375
7939.8603515625
7939.0927734375
7938.4990234375
7937.833984375
7937.39404296875
7936.8994140625
7936.453125
7935.9443359375
7934.724609375
7933.078125
7930.3740234375
7927.6416015625
7925.072265625
7923.58837890625
7923.46630859375
7924.95458984375
7927.6572265625
7931.2978515625
7935.046875
7938.16552734375
7939.17626953125
7936.748046875
7931.23974609375
7924.68798828125
7919.73095703125
7917.38671875
7916.63818359375
7916.162109375
7914.5703125
7912.26953125
7909.81884765625
7908.26953125
7907.62841796875
7907.3486328125
7906.6064453125
7904.9501953125
7902.84619140625
7889.8896484375
7893.32568359375
7895.2431640625
7886.51708984375
7892.47314453125
7888.49609375
7885.75830078125
7889.1220703125
7884.275390625
7884.89599609375
7885.09716796875
7881.8935546875
7883.0595703125
7881.68701171875
7880.18603515625
7880.6865234375
7879.05615234375
7878.46435546875
7878.2587890625
7876.92529296875
7876.615234375
7875.98779296875
7875.0126953125
7874.68701171875
7873.8974609375
7873.18896484375
7872.732421875
7871.96240234375
7871.37890625
7870.8056640625
7870.11767578125
7869.552734375
7868.939453125
7868.3232421875
7867.73193359375
7867.1279296875
7866.5439453125
7865.93359375
7865.359375
7864.7587890625
7864.162109375
7863.6015625
7862.9970703125
7862.4111328125
7861.85107421875
7861.25146484375
7860.6826171875
7860.11376953125
7859.513671875
7858.95947265625
7858.380859375
7857.80419921875
7857.24365234375
7856.6689453125
7856.09765625
7855.5341796875
7854.962890625
7854.3896484375
7853.83056640625
7853.25439453125
7852.69677734375
7852.1328125
7851.56884765625
7851.00390625
7850.4423828125
7849.87841796875
7849.31591796875
7848.75390625
7848.19873046875
7847.63525390625
7847.0712890625
7846.5146484375
7845.953125
7845.39990234375
7844.8388671875
7844.2861328125
7843.7314453125
7843.169921875
7842.62109375
7842.06787109375
7841.515625
7840.9658203125
7840.4111328125
7839.85888671875
7839.30712890625
7838.755859375
7838.20361328125
7837.6513671875
7837.1064453125
7836.552734375
7836.0146484375
7835.4638671875
7834.91064453125
7834.3642578125
7833.818359375
7833.27099609375
7832.72802734375
7832.1845703125
7831.64013671875
7831.0927734375
7830.5458984375
7830.001953125
7829.4599609375
7828.91845703125
7828.375
7827.83251953125
7827.2861328125
7826.7451171875
7826.19580078125
7825.65869140625
7825.1181640625
7824.56982421875
7824.02783203125
7823.486328125
7822.9462890625
7822.4013671875
7821.861328125
7821.3193359375
7820.7763671875
7820.236328125
7819.7041015625
7819.16357421875
7818.62353515625
7818.0791015625
7817.54541015625
7817.0087890625
7816.4716796875
7815.9345703125
7815.3984375
7814.8544921875
7814.318359375
7813.77734375
7813.234375
7812.7001953125
7812.16357421875
7811.6240234375
7811.08984375
7810.552734375
7810.0185546875
7809.47216796875
7808.93212890625
7808.39892578125
7807.86474609375
7807.3212890625
7806.783203125
7806.25048828125
7805.71142578125
7805.173828125
7804.642578125
7804.1025390625
7803.56298828125
7803.02587890625
7802.486328125
7801.943359375
7801.4013671875
7800.85986328125
7800.32080078125
7799.78515625
7799.2421875
7798.7060546875
7798.16357421875
7797.62451171875
7797.0791015625
7796.5439453125
7795.99951171875
7795.453125
7794.9130859375
7794.36962890625
7793.8310546875
7793.2900390625
7792.75
7792.203125
7791.6630859375
7791.119140625
7790.58349609375
7790.0380859375
7789.4970703125
7788.953125
7788.40771484375
7787.861328125
7787.318359375
7786.77294921875
7786.22705078125
7785.6845703125
7785.13671875
7784.59130859375
7784.0439453125
7783.4990234375
7782.9501953125
7782.40673828125
7781.861328125
7781.3212890625
7780.775390625
7780.2373046875
7779.689453125
7779.14404296875
7778.59912109375
7778.0517578125
7777.5029296875
7776.9560546875
7776.40625
7775.8662109375
7775.310546875
7774.75830078125
7774.20068359375
7773.642578125
7773.0791015625
7772.51171875
7771.9462890625
7771.37109375
7770.79736328125
7770.22412109375
7769.6298828125
7769.037109375
7768.4345703125
7767.83056640625
7767.2109375
7766.5830078125
7765.95556640625
7765.3193359375
7764.677734375
7764.025390625
7763.3740234375
7762.7275390625
7762.091796875
7761.4560546875
7760.84765625
7760.244140625
7759.66357421875
7759.10205078125
7758.552734375
7758.0048828125
7757.45068359375
7756.9052734375
7756.36669921875
7755.8193359375
7755.2744140625
7754.7314453125
7754.1806640625
7753.63720703125
7753.0986328125
7752.55810546875
7752.015625
7751.4912109375
7750.958984375
7750.4296875
7749.89697265625
7749.36328125
7748.84619140625
7748.328125
7747.8046875
7747.28125
7746.7607421875
7746.236328125
7745.73095703125
7745.2041015625
7744.68994140625
7744.173828125
7743.6630859375
7743.14697265625
7742.63720703125
7742.126953125
7741.61669921875
7741.1044921875
7740.59375
7740.08984375
7739.5830078125
7739.0791015625
7738.56640625
7738.0576171875
7737.5576171875
7737.05126953125
7736.54638671875
7736.04052734375
7735.53173828125
7735.03662109375
7734.52880859375
7734.0234375
7733.5146484375
7733.0126953125
7732.50537109375
7732.00341796875
7731.494140625
7730.98388671875
7730.4775390625
7729.9716796875
7729.47119140625
7728.966796875
7728.451171875
7727.94384765625
7727.44140625
7726.939453125
7726.435546875
7725.9306640625
7725.41552734375
7724.912109375
7724.4111328125
7723.904296875
7723.40234375
7722.89990234375
7722.38671875
7721.8798828125
7721.37353515625
7720.8662109375
7720.357421875
7719.84423828125
7719.3330078125
7718.82421875
7718.31787109375
7717.8056640625
7717.2958984375
7716.78125
7716.2724609375
7715.7705078125
7715.25
7714.74658203125
7714.23486328125
7713.724609375
7713.220703125
7712.7119140625
7712.20654296875
7711.6953125
7711.18701171875
7710.6796875
7710.1728515625
7709.6630859375
7709.15625
7708.64111328125
7708.13134765625
7707.6142578125
7707.10498046875
7706.595703125
7706.08251953125
7705.57666015625
7705.06591796875
7704.55810546875
7704.0458984375
7703.5400390625
7703.03515625
7702.52099609375
7702.0087890625
7701.5078125
7701.00048828125
7700.49072265625
7699.98876953125
7699.47998046875
7698.97021484375
7698.462890625
7697.953125
7697.4443359375
7696.939453125
7696.43115234375
7695.92626953125
7695.4189453125
7694.91455078125
7694.4111328125
7693.9052734375
7693.390625
7692.89111328125
7692.38134765625
7691.87890625
7691.36865234375
7690.8681640625
7690.3642578125
7689.859375
7689.3544921875
7688.85498046875
7688.35302734375
7687.84765625
7687.3486328125
7686.8447265625
7686.34375
7685.83544921875
7685.3330078125
7684.8291015625
7684.33056640625
7683.8291015625
7683.32958984375
7682.826171875
7682.3212890625
7681.826171875
7681.328125
7680.8251953125
7680.32763671875
7679.82958984375
7679.3359375
7678.83642578125
7678.3388671875
7677.83740234375
7677.34033203125
7676.8388671875
7676.34228515625
7675.8466796875
7675.3525390625
7674.859375
7674.3623046875
7673.8671875
7673.365234375
7672.8701171875
7672.375
7671.87890625
7671.37841796875
7670.88720703125
7670.388671875
7669.8916015625
7669.390625
7668.8896484375
7668.38720703125
7667.8896484375
7667.38525390625
7666.8818359375
7666.3828125
7665.8876953125
7665.3857421875
7664.884765625
7664.390625
7663.8818359375
7663.388671875
7662.8896484375
7662.3876953125
7661.88818359375
7661.38623046875
7660.88232421875
7660.380859375
7659.8818359375
7659.380859375
7658.88037109375
7658.3818359375
7657.88720703125
7657.3955078125
7656.8955078125
7656.4072265625
7655.92138671875
7655.44140625
7654.95947265625
7654.4794921875
7653.9931640625
7653.5078125
7653.0107421875
7652.501953125
7651.974609375
7651.4345703125
7650.90966796875
7650.373046875
7649.85791015625
7649.34619140625
7648.8466796875
7648.3564453125
7647.87353515625
7647.3876953125
7646.9052734375
7646.4306640625
7645.96533203125
7645.50341796875
7645.0810546875
7644.72119140625
7644.44287109375
7644.33935546875
7644.4306640625
7644.865234375
7645.5087890625
7646.33056640625
7646.400390625
7645.4375
7643.11865234375
7640.7568359375
7639.46533203125
7639.451171875
7639.92822265625
7639.91796875
7639.25048828125
7638.3701171875
7637.982421875
7638.13037109375
7638.2626953125
7637.86376953125
7636.78515625
7635.47509765625
7634.3994140625
7633.771484375
7633.4169921875
7633.07861328125
7632.66943359375
7632.21044921875
7631.76171875
7631.3310546875
7630.953125
7630.6640625
7630.5673828125
7630.529296875
7630.7158203125
7630.58740234375
7630.810546875
7630.3154296875
7630.4306640625
7629.744140625
7629.3935546875
7628.5654296875
7627.99462890625
7627.513671875
7627.37890625
7627.28173828125
7626.8876953125
7625.9443359375
7624.615234375
7623.259765625
7622.3203125
7621.892578125
7621.916015625
7622.1533203125
7622.4248046875
7622.69580078125
7622.99755859375
7623.5419921875
7624.30810546875
7625.33154296875
7626.064453125
7626.26611328125
7625.6240234375
7624.58984375
7624.26171875
7624.69091796875
7626.12890625
7627.4111328125
7628.20947265625
7628.19091796875
7627.6435546875
7627.64208984375
7627.61279296875
7628.2314453125
7628.1005859375
7627.9814453125
7627.49462890625
7627.40869140625
7627.2724609375
7627.43603515625
7627.0107421875
7626.3994140625
7624.9765625
7623.3291015625
7621.24267578125
7619.16943359375
7617.06396484375
7615.5087890625
7614.39404296875
7613.9609375
7613.87744140625
7614.080078125
7614.3681640625
7614.65478515625
7614.8017578125
7614.59033203125
7613.962890625
7612.96337890625
7611.7978515625
7610.8662109375
7610.357421875
7610.4052734375
7610.8896484375
7611.60546875
7612.15966796875
7612.1748046875
7611.3837890625
7609.841796875
7607.9931640625
7606.30517578125
7605.11181640625
7604.35400390625
7603.8828125
7603.39453125
7602.8154296875
7602.12744140625
7601.5146484375
7601.078125
7600.78125
7600.64404296875
7600.400390625
7600.287109375
7599.75390625
7599.61376953125
7598.791015625
7598.80224609375
7598.0673828125
7598.2080078125
7597.8759765625
7598.10791015625
7597.904296875
7597.9287109375
7597.55419921875
7597.35546875
7597.1123046875
7597.23193359375
7597.73291015625
7598.84716796875
7600.48583984375
7602.6552734375
7604.9111328125
7606.9423828125
7608.48681640625
7609.42529296875
7609.36181640625
7607.81787109375
7604.6142578125
7600.72802734375
7597.2744140625
7595.40380859375
7595.1611328125
7595.9716796875
7597.029296875
7597.61669921875
7597.98046875
7597.6474609375
7597.0712890625
7595.33984375
7593.33056640625
7590.9580078125
7589.5224609375
7588.677734375
7588.603515625
7588.3701171875
7588.01416015625
7587.287109375
7586.9345703125
7586.7841796875
7587.21337890625
7587.4140625
7587.49951171875
7587.0361328125
7586.609375
7586.08642578125
7586.0390625
7585.94140625
7586.37451171875
7586.587890625
7587.24609375
7587.59326171875
7588.08984375
7587.81982421875
7586.666015625
7584.4375
7581.939453125
7580.19189453125
7579.59765625
7579.904296875
7580.10546875
7579.68798828125
7578.298828125
7576.58740234375
7575.04296875
7574.03662109375
7573.4794921875
7573.1328125
7572.7919921875
7572.4580078125
7572.1376953125
7571.91015625
7571.6181640625
7571.267578125
7570.7890625
7570.32958984375
7570.10205078125
7570.15673828125
7570.63232421875
7571.2021484375
7572.24951171875
7573.05859375
7574.474609375
7575.2490234375
7576.33837890625
7576.46484375
7576.49462890625
7575.9423828125
7575.49169921875
7575.16357421875
7575.130859375
7575.35400390625
7575.7255859375
7575.87744140625
7575.44140625
7574.10693359375
7572.04296875
7570.01318359375
7568.24267578125
7566.92578125
7565.759765625
7564.70458984375
7563.80078125
7563.306640625
7563.4033203125
7564.1474609375
7565.1484375
7566.0029296875
7566.1923828125
7565.5947265625
7564.3623046875
7563.173828125
7562.5009765625
7562.89794921875
7564.0322265625
7565.5703125
7566.6630859375
7566.8935546875
7565.833984375
7563.7587890625
7561.0654296875
7558.60302734375
7556.8369140625
7555.96435546875
7555.5859375
7555.24951171875
7554.447265625
7553.2734375
7551.912109375
7550.884765625
7550.302734375
7550.1953125
7550.0927734375
7549.9921875
7549.5927734375
7549.349609375
7549.0439453125
7549.2041015625
7549.2666015625
7549.59423828125
7549.6318359375
7549.84765625
7549.8623046875
7550.11474609375
7549.83349609375
7549.3349609375
7547.67626953125
7546.0537109375
7544.0849609375
7542.83056640625
7541.35107421875
7540.3125
7539.0830078125
7538.361328125
7537.546875
7537.18603515625
7536.87109375
7537.09814453125
7537.36767578125
7537.81591796875
7538.12939453125
7538.5703125
7538.93310546875
7539.26806640625
7539.38671875
7539.388671875
7539.275390625
7539.15380859375
7538.9560546875
7538.80859375
7538.7109375
7538.7470703125
7538.83984375
7538.904296875
7538.88818359375
7538.751953125
7538.5068359375
7538.228515625
7537.720703125
7537.3251953125
7536.47119140625
7535.95068359375
7534.9013671875
7534.3984375
7533.63330078125
7533.5126953125
7533.55419921875
7534.35498046875
7535.57763671875
7537.6298828125
7539.73486328125
7541.818359375
7542.2978515625
7541.23974609375
7538.2412109375
7535.03076171875
7532.328125
7531.06005859375
7530.50830078125
7530.240234375
7529.35009765625
7528.13232421875
7526.72705078125
7525.794921875
7525.025390625
7524.42578125
7523.44091796875
7522.29541015625
7520.90625
7519.54296875
7518.15966796875
7517.1396484375
7516.55029296875
7516.4267578125
7515.185546875
7513.5283203125
7512.7197265625
7512.58935546875
7511.96923828125
7511.169921875
7511.2119140625
7511.4140625
7511.03515625
7510.8740234375
7511.2607421875
7511.3701171875
7511.4365234375
7511.9326171875
7512.3662109375
7512.556640625
7512.69482421875
7513.33935546875
7514.03662109375
7515.18310546875
7516.560546875
7518.5634765625
7520.22705078125
7521.59423828125
7522.2734375
7521.94140625
7520.2548828125
7517.830078125
7515.6943359375
7514.7529296875
7514.423828125
7514.380859375
7514.32080078125
7514.53076171875
7515.31787109375
7516.1435546875
7516.76171875
7516.294921875
7515.6240234375
7515.1533203125
7515.6533203125
7516.576171875
7517.3779296875
7517.7744140625
7517.4658203125
7516.93505859375
7515.75830078125
7514.42822265625
7512.4345703125
7510.46630859375
7508.20166015625
7506.3291015625
7504.755859375
7503.8427734375
7503.1650390625
7502.5380859375
7501.599609375
7500.81298828125
7500.287109375
7500.076171875
7499.9521484375
7499.43994140625
7498.708984375
7497.59423828125
7496.68896484375
7495.671875
7494.9384765625
7493.953125
7493.1025390625
7491.92529296875
7490.8505859375
7489.6337890625
7488.95166015625
7488.486328125
7488.6708984375
7488.84716796875
7489.408203125
7489.6669921875
7490.201171875
7490.3193359375
7490.4189453125
7490.00634765625
7489.4443359375
7488.61376953125
7488.0478515625
7487.56591796875
7487.552734375
7487.11279296875
7486.3896484375
7485.0146484375
7483.794921875
7483.13671875
7483.44775390625
7484.6376953125
7486.6318359375
7488.95166015625
7491.44091796875
7493.0244140625
7493.44580078125
7491.31689453125
7487.66796875
7483.958984375
7482.25732421875
7483.1474609375
7485.1083984375
7486.9228515625
7487.0791015625
7486.798828125
7486.654296875
7488.36083984375
7490.93701171875
7494.025390625
7495.916015625
7496.9267578125
7497.14111328125
7497.5166015625
7497.76611328125
7497.3681640625
7495.77685546875
7493.29736328125
7490.9365234375
7489.060546875
7488.53125
7488.4736328125
7488.994140625
7488.8818359375
7488.30029296875
7487.13232421875
7486.0400390625
7485.05810546875
7484.072265625
7482.6630859375
7481.03662109375
7479.501953125
7478.6689453125
7478.6259765625
7478.869140625
7478.904296875
7478.3720703125
7477.38671875
7476.31103515625
7475.37353515625
7474.59326171875
7473.6025390625
7472.3408203125
7470.87353515625
7469.484375
7468.64013671875
7468.25537109375
7468.4638671875
7468.64990234375
7468.8720703125
7468.744140625
7468.75537109375
7468.63525390625
7468.96337890625
7469.140625
7469.84033203125
7470.2275390625
7470.974609375
7471.0029296875
7470.97900390625
7469.9931640625
7468.87060546875
7467.2099609375
7465.8896484375
7464.73583984375
7464.2568359375
7463.984375
7464.01953125
7463.75
7463.34130859375
7462.4208984375
7461.39794921875
7460.2119140625
7459.28515625
7458.751953125
7458.814453125
7459.40380859375
7460.2490234375
7461.00244140625
7461.0888671875
7460.8857421875
7460.01513671875
7459.75439453125
7459.5380859375
7460.1474609375
7460.779296875
7461.73046875
7462.64697265625
7463.98828125
7465.4921875
7467.00244140625
7467.6162109375
7466.7666015625
7464.22705078125
7460.9775390625
7458.021484375
7456.564453125
7456.33740234375
7457.0048828125
