7834.611328125
7818.3369140625
7802.923828125
7788.326171875
7774.484375
7761.35302734375
7748.876953125
7737.00634765625
7725.68896484375
7714.8828125
7704.5458984375
7694.64404296875
7685.14208984375
7676.01708984375
7667.2373046875
7658.7880859375
7650.6494140625
7642.8076171875
7635.24853515625
7627.9619140625
7620.939453125
7614.1630859375
7607.62890625
7601.32958984375
7595.2587890625
7589.39990234375
7583.74658203125
7578.2900390625
7573.0224609375
7567.93505859375
7563.01806640625
7558.263671875
7553.66845703125
7549.2216796875
7544.923828125
7540.7607421875
7536.73486328125
7532.837890625
7529.0615234375
7525.40576171875
7521.869140625
7518.44140625
7515.12109375
7511.900390625
7508.78125
7505.7568359375
7502.82568359375
7499.9814453125
7497.22265625
7494.54541015625
7491.94873046875
7489.42578125
7486.97900390625
7484.6005859375
7482.2880859375
7480.0419921875
7477.8583984375
7475.734375
7473.669921875
7471.65966796875
7469.70751953125
7467.80224609375
7465.94775390625
7464.14306640625
7462.388671875
7460.6767578125
7459.00927734375
7457.3828125
7455.79833984375
7454.2509765625
7452.7421875
7451.2705078125
7449.83251953125
7448.43115234375
7447.06201171875
7445.724609375
7444.4140625
7443.13671875
7441.88818359375
7440.6669921875
7439.4736328125
7438.306640625
7437.162109375
7436.044921875
7434.951171875
7433.880859375
7432.83203125
7431.8056640625
7430.79833984375
7429.8115234375
7428.845703125
7427.89697265625
7426.96728515625
7426.0546875
7425.16162109375
7424.28173828125
7423.419921875
7422.57421875
7421.74267578125
7420.9287109375
7420.1259765625
7419.337890625
7418.560546875
7417.79638671875
7417.05078125
7416.31396484375
7415.591796875
7414.88037109375
7414.1806640625
7413.4912109375
7412.8134765625
7412.14501953125
7411.490234375
7410.8427734375
7410.20703125
7409.58203125
7408.9638671875
7408.35546875
7407.755859375
7407.166015625
7406.5830078125
7406.01171875
7405.44873046875
7404.8896484375
7404.3408203125
7403.8017578125
7403.2705078125
7402.7470703125
7402.23095703125
7401.72265625
7401.2216796875
7400.72900390625
7400.24267578125
7399.7626953125
7399.28759765625
7398.82470703125
7398.3671875
7397.9140625
7397.4716796875
7397.033203125
7396.6044921875
7396.181640625
7395.7646484375
7395.35498046875
7394.951171875
7394.5537109375
7394.1611328125
7393.7763671875
7393.3984375
7393.0224609375
7392.65625
7392.2958984375
7391.93896484375
7391.5849609375
7391.2421875
7390.90234375
7390.568359375
7390.2373046875
7389.912109375
7389.59423828125
7389.2802734375
7388.97314453125
7388.669921875
7388.369140625
7388.07568359375
7387.78662109375
7387.5
7387.21826171875
7386.9423828125
7386.6689453125
7386.39892578125
7386.1318359375
7385.86962890625
7385.611328125
7385.35693359375
7385.10546875
7384.85888671875
7384.615234375
7384.375
7384.138671875
7383.904296875
7383.6728515625
7383.44580078125
7383.21923828125
7382.99658203125
7382.77587890625
7382.55810546875
7382.3427734375
7382.130859375
7381.921875
7381.71484375
7381.50927734375
7381.306640625
7381.10693359375
7380.90966796875
7380.71337890625
7380.5185546875
7380.3251953125
7380.13623046875
7379.9501953125
1114216576.0
87710.296875
46585.69921875
1028941.6875
50467.3046875
51994.03125
49168.75390625
46896.21484375
45542.6875
45326.2109375
44905.015625
44078.328125
42913.19140625
41827.484375
40949.05859375
40004.765625
38895.3359375
37779.84765625
36900.64453125
36265.25
35678.57421875
35008.5546875
34266.88671875
33540.63671875
32878.70703125
32273.921875
31703.689453125
31142.580078125
30572.41796875
30002.0
29447.2421875
28906.19140625
28371.892578125
27851.162109375
27360.42578125
26903.48828125
26465.056640625
26029.947265625
25600.34375
25185.658203125
24791.1640625
24418.939453125
24071.232421875
23744.5234375
23430.19921875
23125.08984375
22828.421875
22537.033203125
22256.060546875
21995.83984375
21755.390625
21526.96484375
21306.765625
21092.994140625
20885.16015625
20682.67578125
20485.12109375
20293.560546875
20110.197265625
19935.6953125
19767.341796875
19603.162109375
19443.1171875
19288.748046875
19141.029296875
18998.83984375
18860.4375
18724.998046875
18593.234375
18465.44921875
18341.24609375
18220.671875
18103.912109375
17990.873046875
17881.232421875
17774.458984375
17670.267578125
17568.51953125
17469.34765625
17372.8828125
17279.1484375
17187.916015625
17099.130859375
17012.939453125
16929.23828125
16847.66015625
16768.021484375
16690.07421875
16613.96484375
16540.080078125
16468.84375
16400.263671875
16333.861328125
16269.0322265625
16205.5400390625
16143.3427734375
16082.31640625
16022.4658203125
15963.736328125
15906.0205078125
15849.21875
15793.296875
15738.16796875
15683.94140625
15630.603515625
15578.1357421875
15526.583984375
15475.912109375
15426.15625
15377.3095703125
15329.435546875
15282.4638671875
15236.201171875
15190.603515625
15145.771484375
15101.697265625
15058.3125
15015.58984375
14973.55859375
14932.1708984375
14891.423828125
14851.30859375
14811.7958984375
14772.888671875
14734.59765625
14696.916015625
14659.8408203125
14623.3046875
14587.3330078125
14551.8984375
14517.0048828125
14482.6015625
14448.7392578125
14415.3818359375
14382.525390625
14350.1171875
14318.19140625
14286.70703125
14255.6845703125
14225.0791015625
14194.8828125
14165.07421875
14135.67578125
14106.662109375
14078.041015625
14049.818359375
14021.990234375
13994.5302734375
13967.50390625
13940.8291015625
13914.533203125
13888.615234375
13863.0634765625
13837.8525390625
13813.0126953125
13788.4853515625
13764.294921875
13740.4296875
13716.86328125
13693.599609375
13670.630859375
13647.9443359375
13625.54296875
13603.3818359375
13581.41015625
13559.62109375
13538.158203125
13516.984375
13495.98046875
13475.12890625
13454.568359375
13434.224609375
13414.0166015625
13393.9677734375
13374.150390625
13354.47265625
13334.9091796875
13315.552734375
13296.376953125
13277.2939453125
13258.365234375
13239.59375
13220.962890625
13202.439453125
13184.060546875
13165.859375
13147.7734375
13129.880859375
13112.171875
13094.474609375
13076.7109375
13059.125
13041.8759765625
13024.787109375
13007.640625
12990.5908203125
12973.8046875
12957.14453125
12940.455078125
12923.8935546875
12907.53515625
12891.251953125
12874.982421875
12858.8857421875
12842.94921875
12827.0703125
12811.30859375
12795.736328125
12780.298828125
12764.951171875
12749.7880859375
12734.787109375
12719.8984375
12705.12890625
12690.51953125
12676.044921875
12661.6396484375
12647.3935546875
12633.322265625
12619.330078125
12605.2255859375
12590.9521484375
12576.8544921875
12563.14453125
12549.5517578125
12535.796875
12522.09765625
12508.7255859375
12495.5859375
12482.341796875
12468.984375
12455.51953125
12441.951171875
12428.53515625
12415.51171875
12402.7744140625
12389.8876953125
12376.7119140625
12363.640625
12350.8828125
12338.2998046875
12325.6474609375
12312.9375
12300.271484375
12287.7451171875
12275.376953125
12263.087890625
12250.8203125
12238.6181640625
12226.6943359375
12215.140625
12203.552734375
12191.3486328125
12178.462890625
12166.099609375
12154.7255859375
12143.3232421875
12131.0751953125
12118.685546875
12107.1669921875
12096.1162109375
12084.52734375
12072.6875
12061.5615234375
12051.0703125
12040.357421875
12028.9892578125
12017.6015625
12006.0625
11994.3916015625
11982.9052734375
11972.146484375
11961.9248046875
11951.1162109375
11939.599609375
11928.3642578125
11917.828125
11907.30859375
11896.46484375
11885.9306640625
11875.6396484375
11864.8017578125
11853.595703125
11842.9619140625
11832.828125
11822.4248046875
11811.68359375
11801.173828125
11790.927734375
11780.59765625
11770.1728515625
11759.857421875
11749.634765625
11739.37109375
11729.1572265625
11719.0126953125
11708.6845703125
11698.248046875
11688.0634765625
11678.0263671875
11667.8173828125
11657.466796875
11647.275390625
11636.998046875
11626.3427734375
11615.6005859375
11605.0830078125
11594.5361328125
11583.8388671875
11573.3623046875
11563.1787109375
11552.7724609375
11541.9990234375
11531.14453125
11520.3759765625
11509.15625
11497.21484375
11484.4345703125
11472.3310546875
11461.7626953125
11451.94140625
11441.8583984375
11431.6572265625
11421.474609375
11411.033203125
11400.619140625
11390.701171875
11380.9765625
11371.1865234375
11361.2900390625
11351.248046875
11340.58203125
11329.6015625
11318.6806640625
11308.150390625
11297.58984375
11286.7109375
11275.4833984375
11264.34375
11253.390625
11242.734375
11232.2373046875
11221.94140625
11211.7646484375
11201.6064453125
11191.6875
11181.974609375
11172.2470703125
11162.4384765625
11152.78515625
11143.3984375
11134.3828125
11125.6181640625
11117.1455078125
11109.2197265625
11101.8818359375
11093.736328125
11083.6123046875
11072.3671875
11062.8388671875
11055.44140625
11047.919921875
11038.5263671875
11028.353515625
11019.62890625
11012.0126953125
11003.3369140625
10993.111328125
10983.064453125
10974.5107421875
10966.611328125
10957.966796875
10948.8125
10939.8828125
10931.25
10922.41796875
10913.369140625
10904.505859375
10895.8291015625
10886.927734375
10877.716796875
10868.6328125
10859.919921875
10851.302734375
10842.51171875
10833.7705078125
10825.640625
10818.080078125
10810.208984375
10801.2197265625
10791.2978515625
10781.783203125
10773.50390625
10766.0947265625
10758.5322265625
10750.33984375
10742.02734375
10734.3076171875
10727.1103515625
10719.6484375
10711.2431640625
10702.333984375
10693.78125
10686.2578125
10678.9267578125
10671.55859375
10664.1162109375
10657.44921875
10651.2353515625
10644.078125
10634.6552734375
10623.8046875
10614.810546875
10608.431640625
10601.955078125
10593.3671875
10584.154296875
10576.759765625
10570.4072265625
10563.08203125
10554.970703125
10547.216796875
10539.4697265625
10530.8017578125
10521.798828125
10513.6171875
10505.978515625
10498.16796875
10490.408203125
10483.44140625
10476.5517578125
10468.712890625
10459.8515625
10451.453125
10444.119140625
10437.220703125
10429.896484375
10422.166015625
10414.4951171875
10406.9404296875
10399.39453125
10391.8369140625
10384.517578125
10377.400390625
10370.2861328125
10363.07421875
10355.912109375
10348.873046875
10341.76171875
10334.3017578125
10326.521484375
10318.7822265625
10311.447265625
10304.47265625
10297.443359375
10290.1669921875
10282.04296875
10272.7275390625
10263.2021484375
10255.103515625
10247.96875
10240.427734375
10231.279296875
10221.16796875
10210.6796875
10204.4892578125
10186.3583984375
10171.4697265625
10164.90234375
10158.373046875
10159.705078125
10140.70703125
10130.6181640625
10117.162109375
10113.728515625
10102.3251953125
10096.9892578125
10089.287109375
10079.2939453125
10075.021484375
10064.7998046875
10055.6572265625
10048.0859375
10037.369140625
10030.42578125
10023.515625
10016.5390625
10009.25390625
10000.57421875
9993.3515625
9986.044921875
9979.97265625
9973.900390625
9966.080078125
9958.61328125
9951.119140625
9944.6650390625
9939.396484375
9933.01171875
9925.083984375
9917.0107421875
9908.93359375
9902.0791015625
9895.7666015625
9888.5537109375
9880.81640625
9872.927734375
9866.0791015625
9859.9833984375
9853.728515625
9847.208984375
9840.2255859375
9833.8330078125
9828.44921875
9823.4638671875
9817.8779296875
9810.189453125
9799.955078125
9790.0810546875
9782.552734375
9777.6015625
9772.498046875
9765.6904296875
9757.0068359375
9748.6923828125
9741.796875
9735.60546875
9728.81640625
9721.4794921875
9714.5546875
9708.2900390625
9702.09375
9694.94921875
9686.646484375
9677.67578125
9669.123046875
9661.4306640625
9654.525390625
9648.404296875
9642.912109375
9637.8095703125
9631.970703125
9624.27734375
9614.96875
9606.75390625
9601.3291015625
9597.072265625
9590.8798828125
9581.609375
9571.470703125
9563.419921875
9557.626953125
9552.0390625
9545.34375
9538.140625
9531.419921875
9524.79296875
9517.462890625
9509.693359375
9502.45703125
9496.26171875
9490.3828125
9484.1357421875
9477.494140625
9470.8623046875
9464.3427734375
9457.78515625
9451.34375
9445.3173828125
9439.7265625
9433.984375
9427.423828125
9420.1923828125
9413.166015625
9407.2685546875
9402.3857421875
9398.2412109375
9393.7666015625
9388.8701171875
9382.35546875
9373.771484375
9363.7734375
9354.990234375
9348.8017578125
9345.1494140625
9341.07421875
9335.20703125
9326.9033203125
9318.75390625
9312.6201171875
9308.328125
9303.71484375
9297.232421875
9289.322265625
9281.416015625
9274.654296875
9268.185546875
9260.92578125
9252.453125
9243.9140625
9236.6142578125
9230.66796875
9225.2138671875
9219.287109375
9212.7080078125
9205.802734375
9199.0908203125
9192.529296875
9186.12890625
9179.654296875
9173.2578125
9167.150390625
9161.630859375
9156.4775390625
9151.1845703125
9145.36328125
9139.203125
9133.173828125
9127.3125
9120.87890625
9113.5703125
9105.9580078125
9099.3251953125
9094.0732421875
9089.51171875
9084.38671875
9078.091796875
9070.892578125
9063.900390625
9057.09375
9050.638671875
9043.9892578125
9037.615234375
9031.6796875
9025.7939453125
9019.4169921875
9012.04296875
9004.3671875
8996.828125
8990.25390625
8984.287109375
8978.1533203125
8971.2119140625
8963.484375
8955.83203125
8948.8212890625
8942.693359375
8936.822265625
8930.515625
8923.517578125
8916.11328125
8908.998046875
8902.4140625
8896.248046875
8890.1171875
8883.890625
8877.8466796875
8872.21484375
8867.1787109375
8862.3447265625
8857.6142578125
8852.1826171875
8846.8916015625
8840.8388671875
8836.177734375
8831.9970703125
8829.1708984375
8825.86328125
8819.6484375
8810.47265625
8802.734375
8799.595703125
8797.162109375
8791.67578125
8782.8134765625
8775.7236328125
8770.84765625
8766.234375
8760.833984375
8754.8330078125
8746.7529296875
8735.9091796875
8725.302734375
8717.3408203125
8712.341796875
8707.51953125
8701.3291015625
8693.64453125
8685.630859375
8678.546875
8672.638671875
8667.19921875
8661.1826171875
8654.853515625
8648.5029296875
8642.84375
8637.1630859375
8631.2470703125
8625.0078125
8618.943359375
8612.896484375
8607.0224609375
8601.03515625
8595.03125
8588.02734375
8580.908203125
8574.24609375
8568.54296875
8563.611328125
8558.7822265625
8553.5361328125
8547.0908203125
8540.06640625
8532.607421875
8525.4951171875
8519.12890625
8513.3671875
8508.138671875
8502.625
8496.775390625
8490.466796875
8484.7041015625
8478.9873046875
8474.5966796875
8468.615234375
8463.02734375
8457.751953125
8453.044921875
8449.240234375
8445.365234375
8441.931640625
8437.78125
8434.234375
8431.419921875
8428.5263671875
8425.279296875
8421.1728515625
8416.8798828125
8411.68359375
8404.2763671875
8393.966796875
8382.2109375
8371.4638671875
8363.5068359375
8358.056640625
8353.791015625
8348.962890625
8343.572265625
8337.96875
8332.87109375
8328.0859375
8323.322265625
8318.150390625
8312.44921875
8306.37890625
8299.87890625
8293.4052734375
8286.650390625
8280.107421875
8273.962890625
8268.623046875
8263.6923828125
8258.62890625
8252.7919921875
8246.24609375
8239.5478515625
8233.3251953125
8227.76953125
8222.568359375
8217.0576171875
8211.1591796875
8204.703125
8198.5029296875
8192.7353515625
8187.7177734375
8183.451171875
8179.2607421875
8174.8623046875
8169.9560546875
8164.955078125
8159.80078125
8154.62451171875
8148.84228515625
8142.4658203125
8135.80615234375
8129.380859375
8123.8330078125
8119.1123046875
8115.134765625
8111.33984375
8107.6103515625
8103.56103515625
8099.0849609375
8093.53125
8086.7919921875
8079.615234375
8073.2587890625
8068.921875
8065.3154296875
8061.916015625
8056.4609375
8050.5107421875
8043.703125
8038.658203125
8034.83349609375
8032.33056640625
8029.4716796875
8025.01416015625
8018.8564453125
8012.54150390625
8007.978515625
8005.20849609375
8003.3994140625
8000.0107421875
7994.86279296875
7986.94189453125
7978.05322265625
7968.7900390625
7960.78369140625
7954.1923828125
7949.03515625
7944.2607421875
7939.0654296875
7932.9404296875
7925.39794921875
7916.75537109375
7907.970703125
7900.5048828125
7894.9189453125
7890.36767578125
7885.728515625
7880.1376953125
7874.0234375
7867.7646484375
7862.2939453125
7857.4150390625
7853.6669921875
7850.4736328125
7848.0439453125
7845.33251953125
7841.52734375
7835.451171875
7827.9306640625
7819.99462890625
7814.7421875
7811.5390625
7809.87353515625
7807.81298828125
7803.748046875
7798.4365234375
7791.7333984375
7785.4013671875
7778.5419921875
7771.67431640625
7764.02978515625
7757.369140625
7751.3330078125
7746.982421875
7743.0322265625
7739.51513671875
7735.60400390625
7731.51416015625
7727.25341796875
7723.0400390625
7719.1201171875
7715.73828125
7714.10009765625
7711.76953125
7707.44140625
7701.111328125
7695.9736328125
7690.140625
7683.7958984375
7677.8974609375
7672.65283203125
7667.0166015625
7661.7470703125
7656.11474609375
7648.25
7639.275390625
7632.6806640625
7627.54296875
7623.0205078125
7618.7548828125
7615.51708984375
7612.06201171875
7609.48388671875
7607.1962890625
7604.28076171875
7600.4111328125
7596.3349609375
7591.33642578125
7583.138671875
7573.158203125
7564.3837890625
7558.20703125
7553.5576171875
7548.48583984375
7542.26123046875
7534.845703125
7527.28125
7519.376953125
7512.64990234375
7507.5263671875
7503.6572265625
7498.99755859375
7492.90380859375
7487.25048828125
7483.4619140625
7481.296875
7479.04345703125
7475.455078125
7470.5634765625
7464.5517578125
7458.29541015625
7452.1689453125
7447.05615234375
7443.29296875
7440.697265625
7438.2373046875
7435.2294921875
7431.01171875
7425.4755859375
7418.6337890625
7411.998046875
7407.10009765625
7405.1494140625
7404.01806640625
7402.00830078125
7397.62548828125
7391.84912109375
7385.724609375
7380.64111328125
7376.25634765625
7372.564453125
7368.541015625
7364.46826171875
7359.0986328125
7353.4345703125
7347.48828125
7343.10009765625
7340.0048828125
7337.9150390625
7336.33544921875
7335.4833984375
7335.357421875
7335.0966796875
7333.21337890625
7328.52294921875
7321.64453125
7312.82861328125
7303.791015625
7294.40966796875
7286.8740234375
7281.4658203125
7278.6865234375
7276.541015625
7273.0732421875
7267.10888671875
7259.6689453125
7252.56787109375
7246.81640625
7242.353515625
7237.83544921875
7233.044921875
7227.94091796875
7224.0185546875
7221.42138671875
7220.1591796875
7218.59814453125
7215.3544921875
7209.3544921875
7201.1015625
7192.4921875
7185.58984375
7181.623046875
7179.92578125
7179.40283203125
7177.931640625
7175.07177734375
7169.99658203125
7164.333984375
7158.7919921875
7155.2626953125
7153.7119140625
7153.94677734375
7154.07421875
7151.65771484375
7144.56494140625
7134.2275390625
7125.2734375
7121.3349609375
7120.279296875
7117.80322265625
7110.2412109375
7099.53759765625
7089.958984375
7085.294921875
7084.19677734375
7083.123046875
7079.41259765625
7054.03955078125
7058.39404296875
7059.55126953125
7042.4521484375
7051.2470703125
7041.39208984375
7036.0205078125
7038.89453125
7028.7509765625
7028.625
7025.9150390625
7019.3916015625
7019.24609375
7014.53466796875
7010.71826171875
7009.1884765625
7004.4912109375
7001.8701171875
6999.20703125
6995.1826171875
6992.8251953125
6989.5498046875
6986.23779296875
6983.64306640625
6980.29052734375
6977.38525390625
6974.4560546875
6971.3466796875
6968.4580078125
6965.4609375
6962.5029296875
6959.5234375
6956.60107421875
6953.6328125
6950.6689453125
6947.794921875
6944.79248046875
6941.90087890625
6938.98046875
6936.00732421875
6933.146484375
6930.18603515625
6927.2724609375
6924.38818359375
6921.427734375
6918.56298828125
6915.64501953125
6912.7236328125
6909.8583984375
6906.93310546875
6904.0478515625
6901.181640625
6898.2783203125
6895.42138671875
6892.5576171875
6889.6884765625
6886.853515625
6883.9951171875
6881.16552734375
6878.3447265625
6875.50439453125
6872.6845703125
6869.86083984375
6867.0380859375
6864.228515625
6861.41650390625
6858.615234375
6855.8193359375
6853.01953125
6850.2265625
6847.44140625
6844.6416015625
6841.857421875
6839.080078125
6836.2939453125
6833.521484375
6830.74462890625
6827.96630859375
6825.20263671875
6822.4306640625
6819.658203125
6816.89404296875
6814.1181640625
6811.3525390625
6808.58154296875
6805.8154296875
6803.0595703125
6800.2890625
6797.5302734375
6794.767578125
6792.0078125
6789.2548828125
6786.49267578125
6783.73193359375
6780.9716796875
6778.2099609375
6775.45654296875
6772.69140625
6769.92822265625
6767.16650390625
6764.412109375
6761.642578125
6758.8818359375
6756.1181640625
6753.357421875
6750.60400390625
6747.84716796875
6745.09228515625
6742.337890625
6739.5927734375
6736.83935546875
6734.09326171875
6731.3486328125
6728.61376953125
6725.8740234375
6723.1474609375
6720.4150390625
6717.6884765625
6714.9638671875
6712.2421875
6709.53076171875
6706.82421875
6704.109375
6701.40869140625
6698.70947265625
6696.009765625
6693.31298828125
6690.61669921875
6687.92626953125
6685.24169921875
6682.5537109375
6679.86865234375
6677.1865234375
6674.49658203125
6671.81494140625
6669.13916015625
6666.45703125
6663.783203125
6661.11328125
6658.44482421875
6655.7685546875
6653.091796875
6650.4208984375
6647.7451171875
6645.07861328125
6642.41015625
6639.740234375
6637.0732421875
6634.40625
6631.73779296875
6629.0673828125
6626.39453125
6623.724609375
6621.05908203125
6618.380859375
6615.720703125
6613.0517578125
6610.38232421875
6607.712890625
6605.0478515625
6602.37158203125
6599.7060546875
6597.0244140625
6594.35546875
6591.6806640625
6589.0078125
6586.32470703125
6583.6484375
6580.96484375
6578.283203125
6575.6015625
6572.919921875
6570.2451171875
6567.5546875
6564.880859375
6562.18603515625
6559.5078125
6556.826171875
6554.14404296875
6551.45703125
6548.7724609375
6546.0927734375
6543.40283203125
6540.7197265625
6538.0361328125
6535.3623046875
6532.68603515625
6530.00537109375
6527.322265625
6524.6376953125
6521.96337890625
6519.2919921875
6516.6171875
6513.94091796875
6511.2744140625
6508.6083984375
6505.94482421875
6503.2734375
6500.6142578125
6497.9677734375
6495.328125
6492.69091796875
6490.0615234375
6487.4287109375
6484.80908203125
6482.1904296875
6479.572265625
6476.97509765625
6474.38330078125
6471.7919921875
6469.20458984375
6466.6259765625
6464.0546875
6461.49169921875
6458.94287109375
6456.3916015625
6453.85302734375
6451.3115234375
6448.78515625
6446.2578125
6443.74609375
6441.22509765625
6438.7265625
6436.21875
6433.7294921875
6431.23681640625
6428.7431640625
6426.255859375
6423.7763671875
6421.30078125
6418.8310546875
6416.3544921875
6413.896484375
6411.4326171875
6408.978515625
6406.521484375
6404.072265625
6401.62646484375
6399.1826171875
6396.7412109375
6394.306640625
6391.869140625
6389.4375
6387.00830078125
6384.57373046875
6382.14990234375
6379.73095703125
6377.3115234375
6374.89013671875
6372.47265625
6370.05126953125
6367.642578125
6365.22216796875
6362.806640625
6360.3896484375
6357.97802734375
6355.5576171875
6353.1416015625
6350.7119140625
6348.2919921875
6345.8564453125
6343.4228515625
6340.9853515625
6338.54345703125
6336.10107421875
6333.64453125
6331.193359375
6328.732421875
6326.26904296875
6323.81005859375
6321.35693359375
6318.90185546875
6316.4609375
6314.0283203125
6311.595703125
6309.18115234375
6306.7685546875
6304.37255859375
6301.986328125
6299.6142578125
6297.2412109375
6294.884765625
6292.53466796875
6290.1884765625
6287.85595703125
6285.52099609375
6283.1953125
6280.8759765625
6278.560546875
6276.25146484375
6273.9453125
6271.646484375
6269.3486328125
6267.060546875
6264.7724609375
6262.4951171875
6260.21875
6257.9482421875
6255.6650390625
6253.4052734375
6251.1435546875
6248.8955078125
6246.6435546875
6244.39306640625
6242.1552734375
6239.91650390625
6237.6845703125
6235.45849609375
6233.23974609375
6231.017578125
6228.8056640625
6226.5966796875
6224.390625
6222.19140625
6219.9912109375
6217.79296875
6215.5908203125
6213.39453125
6211.19921875
6208.9970703125
6206.7841796875
6204.5673828125
6202.33349609375
6200.10595703125
6197.84619140625
6195.5732421875
6193.2705078125
6190.94775390625
6188.59326171875
6186.205078125
6183.7919921875
6181.357421875
6178.9033203125
6176.4482421875
6174.00537109375
6171.6005859375
6169.24169921875
6166.9638671875
6164.75439453125
6162.64111328125
6160.63037109375
6158.7001953125
6156.771484375
6154.7666015625
6152.634765625
6150.54296875
6148.76513671875
6147.626953125
6146.74072265625
6144.13818359375
6140.5556640625
6139.0390625
6137.7822265625
6134.833984375
6132.56640625
6131.10791015625
6128.7666015625
6126.5625
6124.931640625
6122.85791015625
6120.603515625
6118.76416015625
6116.8623046875
6114.7529296875
6112.89599609375
6111.06298828125
6109.00732421875
6107.1171875
6105.2880859375
6103.30859375
6101.435546875
6099.6025390625
6097.701171875
6095.84375
6094.00439453125
6092.1484375
6090.2861328125
6088.4453125
6086.63427734375
6084.80810546875
6082.9853515625
6081.19921875
6079.376953125
6077.5712890625
6075.80029296875
6074.0029296875
6072.2177734375
6070.46630859375
6068.69873046875
6066.9375
6065.2041015625
6063.45654296875
6061.716796875
6059.98779296875
6058.2607421875
6056.5537109375
6054.849609375
6053.154296875
6051.466796875
6049.787109375
6048.138671875
6046.51953125
6044.9453125
6043.48681640625
6042.11865234375
6041.060546875
6040.01220703125
6039.5185546875
6038.0234375
6036.4697265625
6033.3251953125
6030.484375
6028.478515625
6027.3671875
6026.64306640625
6025.18505859375
6023.2373046875
6020.88134765625
6019.01123046875
6017.732421875
6016.53173828125
6015.08056640625
6013.1708984375
6011.28955078125
6009.71875
6008.39013671875
6007.0390625
6005.43115234375
6003.7109375
6002.08935546875
6000.673828125
5999.33740234375
5997.89306640625
5996.33935546875
5994.8154296875
5993.4912109375
5992.36328125
5991.328125
5990.388671875
5989.55810546875
5988.8203125
5987.6513671875
5985.9091796875
5983.8583984375
5982.49609375
5982.39111328125
5982.70703125
5982.3544921875
5979.759765625
5975.935546875
5972.77099609375
5971.716796875
5971.9287109375
5971.591796875
5970.01806640625
5968.1025390625
5967.064453125
5966.8203125
5965.8779296875
5963.564453125
5960.6533203125
5958.50341796875
5957.333984375
5956.3720703125
5954.94921875
5953.48095703125
5952.3056640625
5951.61181640625
5950.40625
5949.2294921875
5947.47216796875
5946.2177734375
5944.8251953125
5943.3125
5941.6845703125
5940.19189453125
5938.9609375
5937.9453125
5937.06689453125
5936.0927734375
5935.02392578125
5933.50830078125
5931.7822265625
5929.9716796875
5928.462890625
5927.26904296875
5926.265625
5925.197265625
5923.9130859375
5922.4599609375
5920.95703125
5919.56396484375
5918.26416015625
5917.06640625
5915.87109375
5914.6689453125
5913.40771484375
5912.15625
5910.95703125
5909.88916015625
5908.9521484375
5908.10498046875
5907.2900390625
5906.4384765625
5905.42724609375
5904.3671875
5903.193359375
5902.60302734375
5901.982421875
5902.056640625
5901.64892578125
5901.3828125
5900.65234375
5899.798828125
5898.8046875
5897.89404296875
5897.111328125
5896.1640625
5895.0361328125
5894.04248046875
5894.1328125
5895.1455078125
5896.9150390625
5898.306640625
5899.3916015625
5899.7412109375
5900.2587890625
5900.6484375
5900.98828125
5900.4462890625
5898.45458984375
5895.0478515625
5890.841796875
5887.77978515625
5886.4150390625
5886.44140625
5886.4951171875
5885.9658203125
5885.35498046875
5885.1328125
5884.78369140625
5883.2314453125
5880.77734375
5878.73828125
5878.3662109375
5878.89453125
5878.7265625
5876.92333984375
5874.185546875
5871.984375
5870.76953125
5870.04345703125
5867.8427734375
5863.99755859375
5859.87353515625
5857.98876953125
5856.68359375
5854.93896484375
5852.70947265625
5850.84521484375
5849.17041015625
5847.462890625
5846.080078125
5844.78515625
5843.34912109375
5841.8134765625
5840.68310546875
5839.89599609375
5839.41796875
5838.7392578125
5837.85791015625
5836.3291015625
5834.61962890625
5833.123046875
5832.27490234375
5831.28857421875
5829.87841796875
5827.93896484375
5826.16796875
5824.58642578125
5823.63671875
5822.814453125
5822.3486328125
5821.37744140625
5820.4609375
5819.81640625
5819.56298828125
5819.37744140625
5818.82666015625
5817.74609375
5816.162109375
5814.32958984375
5812.3505859375
5810.365234375
5808.1591796875
5806.06103515625
5804.0537109375
5802.62451171875
5801.6064453125
5801.259765625
5801.291015625
5801.7978515625
5802.24951171875
5801.2080078125
5797.6640625
5793.8935546875
5792.06591796875
5790.58447265625
5788.10546875
5786.14306640625
5785.53955078125
5784.4833984375
5782.9990234375
5782.09765625
5781.6630859375
5780.46484375
5779.2958984375
5778.3291015625
5777.041015625
5775.36865234375
5774.0771484375
5773.30908203125
5772.83203125
5773.248046875
5773.158203125
5772.802734375
5771.55322265625
5770.744140625
5770.3095703125
5770.2919921875
5769.986328125
5768.4091796875
5765.3056640625
5761.5498046875
5758.47265625
5756.90478515625
5756.662109375
5757.13671875
5757.28173828125
5756.939453125
5756.07373046875
5755.2578125
5754.55078125
5754.119140625
5753.56787109375
5752.35302734375
5750.2509765625
5747.53125
5744.8662109375
5742.744140625
5741.2822265625
5740.443359375
5739.99658203125
5739.8564453125
5739.72265625
5739.4619140625
5738.87890625
5738.04638671875
5736.9912109375
5735.92822265625
5734.8369140625
5733.771484375
5732.6357421875
5731.48583984375
5730.2841796875
5729.15234375
5728.2470703125
5728.0732421875
5728.326171875
5729.80712890625
5729.31884765625
5728.716796875
5728.787109375
5729.974609375
5730.88623046875
5729.462890625
5726.0771484375
5722.6845703125
5720.056640625
5717.95263671875
5716.25048828125
5715.828125
5715.6259765625
5714.2705078125
5711.8955078125
5709.3642578125
5707.3115234375
5705.15673828125
5703.13720703125
5701.76904296875
5700.9365234375
5700.16796875
5699.7666015625
5699.943359375
5700.232421875
5699.9501953125
5699.38623046875
5699.20458984375
5699.28125
5698.75537109375
5697.48095703125
5696.13916015625
5695.64306640625
5695.82666015625
5696.365234375
5696.396484375
5695.685546875
5693.59033203125
5690.380859375
5686.296875
5682.7119140625
5680.359375
5679.693359375
5679.79345703125
5679.81689453125
5678.6943359375
5676.6875
5674.5869140625
5673.50634765625
5673.9033203125
5675.47900390625
5677.4755859375
5679.05810546875
5679.748046875
5679.47900390625
5678.3876953125
5676.96484375
5675.1474609375
5672.8203125
5669.6171875
5666.1708984375
5663.04296875
5660.845703125
5659.3203125
5658.0244140625
5656.40625
5654.51708984375
5652.8486328125
5652.06298828125
5652.31494140625
5653.3115234375
5654.4501953125
5655.37353515625
5655.9970703125
5656.4443359375
5656.80126953125
5656.8154296875
5656.05517578125
5654.119140625
5651.224609375
5648.1162109375
5645.87890625
5644.85302734375
5644.9228515625
5645.21826171875
5645.072265625
5644.0126953125
5642.21875
5640.3271484375
5638.7744140625
5638.04248046875
5637.6455078125
5637.716796875
5637.470703125
5637.251953125
5636.42236328125
5635.73876953125
5634.4345703125
5633.48779296875
5632.1669921875
5631.193359375
5629.9794921875
5628.4013671875
5625.97509765625
5623.0107421875
5619.89404296875
5616.96240234375
5614.5107421875
5612.6201171875
5611.17724609375
5610.02734375
5608.86328125
5607.703125
5606.58837890625
5605.771484375
5605.3828125
5605.54345703125
5606.1904296875
5607.06640625
5607.67626953125
5607.5576171875
5606.4365234375
5604.345703125
5601.8818359375
5599.3671875
5597.4970703125
5595.8662109375
5594.7890625
5593.68115234375
5592.73828125
5591.90234375
5591.25732421875
5590.7978515625
5590.6396484375
5590.70166015625
5591.0009765625
5591.4140625
5591.78759765625
5591.78125
5591.09814453125
5589.7177734375
5587.73388671875
5585.69970703125
5583.85009765625
5582.6396484375
5581.89404296875
5581.576171875
5581.37548828125
5581.1787109375
5580.89404296875
5580.50732421875
5579.98779296875
5579.1748046875
5578.2138671875
5576.9150390625
5575.87255859375
5574.701171875
5573.8837890625
5572.765625
5571.7001953125
5570.25830078125
5568.8359375
5567.2275390625
5565.6376953125
5563.91943359375
5562.35791015625
5561.001953125
5560.1748046875
5559.91455078125
5560.345703125
5561.3271484375
5562.66748046875
5563.875
5564.2744140625
5563.388671875
5561.01513671875
5558.1142578125
5555.2490234375
5553.5634765625
5552.6640625
5552.677734375
5552.640625
5552.5146484375
5551.9580078125
5551.1025390625
5550.140625
5549.216796875
5548.1904296875
5546.865234375
5545.1376953125
5543.37353515625
5541.91357421875
5541.037109375
5540.5615234375
5540.41455078125
5540.1005859375
5540.01953125
5539.529296875
5539.38134765625
5537.73486328125
5535.36181640625
5531.1025390625
5526.8974609375
5523.65087890625
5522.0791015625
5521.669921875
5521.4765625
5520.90283203125
5519.8203125
5518.53564453125
5517.326171875
5516.4736328125
5516.0361328125
5515.6640625
5514.8291015625
5513.2548828125
5511.2275390625
5509.1689453125
5507.48291015625
5506.01708984375
5504.74853515625
5503.46826171875
5502.29296875
5501.10107421875
5500.0302734375
5499.2109375
5499.0009765625
5499.50146484375
5500.62744140625
5501.99755859375
5503.3466796875
5504.55712890625
5505.5830078125
5506.3935546875
5506.71728515625
5506.4375
5505.2275390625
5503.0927734375
5499.9833984375
5496.40283203125
5493.103515625
5490.68701171875
5489.5009765625
5489.05029296875
5488.94921875
5488.69482421875
5488.45654296875
5488.2568359375
5488.318359375
5488.1123046875
5487.3603515625
5485.55517578125
5483.42236328125
5481.408203125
5480.453125
5480.23828125
5479.736328125
5477.966796875
5474.34130859375
5470.39306640625
5467.83837890625
5467.1298828125
5467.4892578125
5467.5078125
5466.673828125
5464.8720703125
5462.759765625
5460.63134765625
5458.7998046875
5457.115234375
5455.6533203125
5454.8388671875
5454.501953125
5455.04443359375
5455.154296875
5455.2666015625
5454.689453125
5454.02783203125
5453.65283203125
5453.69140625
5454.4873046875
5455.228515625
5455.46142578125
5454.51171875
5452.95166015625
5451.119140625
5449.572265625
5448.064453125
5446.419921875
5444.677734375
5442.79931640625
5441.1240234375
5439.46728515625
5438.11767578125
5436.7314453125
5435.50830078125
5434.2138671875
5433.08056640625
5431.9091796875
5430.830078125
5429.8251953125
5429.03125
5428.3154296875
5427.6142578125
5426.9111328125
5426.486328125
5426.47705078125
5427.1015625
5427.5322265625
5426.0419921875
5422.0712890625
5417.435546875
5413.4873046875
5411.07470703125
5410.5810546875
5410.4853515625
5409.17431640625
5406.96240234375
5404.33544921875
5401.7529296875
5399.9140625
5399.03076171875
5399.1416015625
5399.4990234375
5399.119140625
5398.26220703125
5397.13671875
5395.42626953125
5393.53076171875
