7834.611328125
7818.3369140625
7802.923828125
7788.326171875
7774.484375
7761.35302734375
7748.876953125
7737.00634765625
7725.68896484375
7714.8828125
7704.5458984375
7694.64404296875
7685.14208984375
7676.01708984375
7667.2373046875
7658.7880859375
7650.6494140625
7642.8076171875
7635.24853515625
7627.9619140625
7620.939453125
7614.1630859375
7607.62890625
7601.32958984375
7595.2587890625
7589.39990234375
7583.74658203125
7578.2900390625
7573.0224609375
7567.93505859375
7563.01806640625
7558.263671875
7553.66845703125
7549.2216796875
7544.923828125
7540.7607421875
7536.73486328125
7532.837890625
7529.0615234375
7525.40576171875
7521.869140625
7518.44140625
7515.12109375
7511.900390625
7508.78125
7505.7568359375
7502.82568359375
7499.9814453125
7497.22265625
7494.54541015625
7491.94873046875
7489.42578125
7486.97900390625
7484.6005859375
7482.2880859375
7480.0419921875
7477.8583984375
7475.734375
7473.669921875
7471.65966796875
7469.70751953125
7467.80224609375
7465.94775390625
7464.14306640625
7462.388671875
7460.6767578125
7459.00927734375
7457.3828125
7455.79833984375
7454.2509765625
7452.7421875
7451.2705078125
7449.83251953125
7448.43115234375
7447.06201171875
7445.724609375
7444.4140625
7443.13671875
7441.88818359375
7440.6669921875
7439.4736328125
7438.306640625
7437.162109375
7436.044921875
7434.951171875
7433.880859375
7432.83203125
7431.8056640625
7430.79833984375
7429.8115234375
7428.845703125
7427.89697265625
7426.96728515625
7426.0546875
7425.16162109375
7424.28173828125
7423.419921875
7422.57421875
7421.74267578125
7420.9287109375
7420.1259765625
7419.337890625
7418.560546875
7417.79638671875
7417.05078125
7416.31396484375
7415.591796875
7414.88037109375
7414.1806640625
7413.4912109375
7412.8134765625
7412.14501953125
7411.490234375
7410.8427734375
7410.20703125
7409.58203125
7408.9638671875
7408.35546875
7407.755859375
7407.166015625
7406.5830078125
7406.01171875
7405.44873046875
7404.8896484375
7404.3408203125
7403.8017578125
7403.2705078125
7402.7470703125
7402.23095703125
7401.72265625
7401.2216796875
7400.72900390625
7400.24267578125
7399.7626953125
7399.28759765625
7398.82470703125
7398.3671875
7397.9140625
7397.4716796875
7397.033203125
7396.6044921875
7396.181640625
7395.7646484375
7395.35498046875
7394.951171875
7394.5537109375
7394.1611328125
7393.7763671875
7393.3984375
7393.0224609375
7392.65625
7392.2958984375
7391.93896484375
7391.5849609375
7391.2421875
7390.90234375
7390.568359375
7390.2373046875
7389.912109375
7389.59423828125
7389.2802734375
7388.97314453125
7388.669921875
7388.369140625
7388.07568359375
7387.78662109375
7387.5
7387.21826171875
7386.9423828125
7386.6689453125
7386.39892578125
7386.1318359375
7385.86962890625
7385.611328125
7385.35693359375
7385.10546875
7384.85888671875
7384.615234375
7384.375
7384.138671875
7383.904296875
7383.6728515625
7383.44580078125
7383.21923828125
7382.99658203125
7382.77587890625
7382.55810546875
7382.3427734375
7382.130859375
7381.921875
7381.71484375
7381.50927734375
7381.306640625
7381.10693359375
7380.90966796875
7380.71337890625
7380.5185546875
7380.3251953125
7380.13623046875
7379.9501953125
639786240.0
37070300.0
79843.9609375
73757.1796875
567971.6875
1519048.5
1813350.375
184855.484375
87333.140625
80365.609375
74263.9765625
67366.421875
62763.1640625
60347.66015625
59024.3671875
57984.19140625
56882.7109375
55780.3203125
54808.12890625
53988.484375
53141.84375
52141.30078125
50945.859375
49646.625
48360.546875
47137.87109375
45966.33984375
44852.15234375
43825.6484375
42903.36328125
42083.75
41341.390625
40614.8125
39826.21875
38959.2734375
38073.640625
37242.265625
36494.0078125
35820.02734375
35202.2578125
34618.0
34046.22265625
33483.34765625
32933.265625
32397.25
31880.978515625
31386.41796875
30907.77734375
30439.8984375
29982.734375
29537.08203125
29105.89453125
28691.548828125
28294.033203125
27913.44921875
27547.03125
27193.810546875
26851.642578125
26518.30078125
26194.044921875
25880.490234375
25578.376953125
25285.365234375
25000.6796875
24724.140625
24455.7109375
24195.1015625
23941.998046875
23696.130859375
23456.8203125
23224.291015625
22998.736328125
22780.23046875
22567.78515625
22361.20703125
22160.55078125
21965.57421875
21775.4296875
21590.021484375
21409.5546875
21233.81640625
21062.544921875
20895.6953125
20733.384765625
20575.58984375
20422.046875
20272.49609375
20126.65234375
19984.455078125
19845.970703125
19711.208984375
19580.00390625
19452.2109375
19327.58203125
19205.94921875
19087.248046875
18971.35546875
18858.259765625
18747.873046875
18640.015625
18534.689453125
18431.68359375
18330.837890625
18232.1015625
18135.306640625
18040.380859375
17947.19140625
17855.58984375
17765.5234375
17676.9453125
17589.865234375
17504.265625
17420.169921875
17337.6328125
17256.732421875
17177.5546875
17100.0390625
17024.248046875
16950.064453125
16877.4453125
16806.240234375
16736.28125
16667.46875
16599.72265625
16532.90234375
16466.970703125
16401.9765625
16337.861328125
16274.67578125
16212.357421875
16150.978515625
16090.53515625
16031.0341796875
15972.4814453125
15914.8193359375
15858.0478515625
15802.1318359375
15746.8623046875
15692.12890625
15638.099609375
15584.962890625
15532.4609375
15480.37109375
15428.8271484375
15377.947265625
15327.4033203125
15277.107421875
15227.51171875
15178.830078125
15130.896484375
15083.732421875
15037.67578125
14992.4228515625
14947.5078125
14903.046875
14859.12890625
14815.6484375
14772.45703125
14729.8037109375
14687.7041015625
14646.0419921875
14604.84375
14564.173828125
14523.908203125
14483.9267578125
14444.287109375
14405.0595703125
14366.1396484375
14327.5087890625
14289.216796875
14251.236328125
14213.5634765625
14176.0361328125
14138.615234375
14101.2451171875
14064.1513671875
14027.384765625
13990.6796875
13953.921875
13917.3310546875
13880.931640625
13844.533203125
13808.1318359375
13771.9208984375
13735.970703125
13700.126953125
13664.3046875
13628.39453125
13592.794921875
13557.8955078125
13523.4072265625
13489.076171875
13455.4091796875
13422.9248046875
13390.607421875
13357.712890625
13324.48828125
13292.759765625
13262.1376953125
13231.171875
13199.669921875
13168.6533203125
13138.53515625
13108.4765625
13078.09765625
13048.41015625
13019.529296875
12990.5732421875
12961.56640625
12933.197265625
12905.40234375
12877.552734375
12849.712890625
12822.337890625
12795.083984375
12767.740234375
12740.748046875
12714.33203125
12688.064453125
12661.765625
12635.6171875
12609.716796875
12583.92578125
12558.275390625
12532.9541015625
12508.115234375
12483.291015625
12457.478515625
12430.8115234375
12405.0078125
12380.67578125
12356.291015625
12330.8857421875
12305.767578125
12281.9423828125
12258.349609375
12234.052734375
12209.8505859375
12186.607421875
12163.6337890625
12140.099609375
12116.54296875
12093.587890625
12070.70703125
12047.7490234375
12025.42578125
12005.76953125
11985.57421875
11972.234375
11938.822265625
11920.9462890625
11904.013671875
11870.3701171875
11864.5078125
11881.2109375
11824.658203125
11824.68359375
11798.6953125
11760.501953125
11747.6826171875
11715.33984375
11705.9697265625
11672.2578125
11663.51171875
11630.3095703125
11619.19921875
11589.5419921875
11570.87890625
11554.1630859375
11530.0517578125
11510.1259765625
11488.66015625
11471.0234375
11451.1298828125
11430.841796875
11411.3232421875
11391.70703125
11373.919921875
11354.2744140625
11335.7666015625
11316.7685546875
11298.5126953125
11280.154296875
11261.490234375
11243.6640625
11225.1748046875
11207.208984375
11189.2958984375
11171.248046875
11153.458984375
11135.83984375
11118.447265625
11100.861328125
11083.0771484375
11065.4228515625
11047.7724609375
11030.078125
11012.22265625
10994.9755859375
10977.8310546875
10960.498046875
10942.6650390625
10924.666015625
10907.0
10889.5107421875
10872.2265625
10854.787109375
10837.2861328125
10819.5986328125
10801.4814453125
10782.7998046875
10763.908203125
10745.5927734375
10727.955078125
10710.568359375
10692.75390625
10674.5361328125
10656.283203125
10638.14453125
10619.6826171875
10600.783203125
10582.31640625
10564.552734375
10547.015625
10529.111328125
10511.14453125
10493.4853515625
10475.822265625
10457.8525390625
10439.95703125
10422.458984375
10405.201171875
10387.93359375
10370.62109375
10353.4189453125
10336.365234375
10319.283203125
10302.271484375
10285.4892578125
10268.908203125
10252.58203125
10236.7080078125
10221.43359375
10206.103515625
10191.638671875
10175.8076171875
10160.2138671875
10143.4306640625
10127.6748046875
10113.3447265625
10099.9921875
10087.2607421875
10072.63671875
10057.974609375
10044.36328125
10031.56640625
10018.998046875
10005.1689453125
9991.5078125
9978.7177734375
9966.75
9954.8984375
9941.8466796875
9928.8447265625
9916.6298828125
9905.01953125
9892.9072265625
9879.1318359375
9865.1943359375
9852.2607421875
9840.552734375
9829.2412109375
9817.1484375
9804.3125
9791.40234375
9779.462890625
9768.4033203125
9757.1728515625
9745.08984375
9732.560546875
9720.5673828125
9709.3857421875
9698.4375
9687.19921875
9675.89453125
9664.986328125
9655.412109375
9645.66015625
9637.853515625
9626.3095703125
9615.2080078125
9602.9296875
9591.03515625
9580.408203125
9570.978515625
9561.5703125
9550.9091796875
9540.029296875
9528.03515625
9517.08984375
9506.59765625
9496.80859375
9487.2333984375
9475.619140625
9464.021484375
9452.8291015625
9442.90234375
9433.833984375
9424.603515625
9415.490234375
9406.3505859375
9397.2548828125
9387.3466796875
9376.099609375
9364.66796875
9354.6708984375
9346.0966796875
9337.55859375
9328.017578125
9318.1416015625
9308.9833984375
9300.435546875
9291.244140625
9281.1171875
9270.7900390625
9261.0009765625
9251.67578125
9242.2607421875
9232.6142578125
9222.94140625
9213.494140625
9204.302734375
9195.349609375
9186.44921875
9177.3046875
9167.9853515625
9158.724609375
9149.798828125
9141.193359375
9132.8515625
9124.7021484375
9116.6171875
9108.544921875
9100.7177734375
9093.095703125
9085.259765625
9076.26171875
9066.291015625
9058.07421875
9052.5185546875
9046.2783203125
9036.4375
9025.3564453125
9016.572265625
9008.8720703125
8999.142578125
8988.154296875
8978.755859375
8971.3388671875
8964.451171875
8957.560546875
8950.6328125
8944.083984375
8937.8212890625
8931.572265625
8922.576171875
8912.568359375
8902.1630859375
8892.6513671875
8882.4423828125
8873.576171875
8865.4560546875
8858.244140625
8850.2568359375
8841.12890625
8831.9365234375
8823.9755859375
8817.3583984375
8811.03515625
8804.849609375
8798.3037109375
8791.2890625
8782.8505859375
8772.94140625
8762.646484375
8753.822265625
8747.32421875
8741.896484375
8735.31640625
8726.705078125
8717.6962890625
8709.8037109375
8703.05859375
8696.462890625
8689.248046875
8681.7119140625
8674.544921875
8667.8828125
8661.37109375
8654.5947265625
8648.3271484375
8641.9384765625
8633.7890625
8624.177734375
8617.7451171875
8612.744140625
8605.1845703125
8598.0537109375
8594.1552734375
8589.515625
8583.17578125
8576.8388671875
8568.5
8559.728515625
8551.93359375
8544.294921875
8536.2890625
8530.5341796875
8526.447265625
8521.52734375
8515.158203125
8506.2587890625
8496.326171875
8487.666015625
8480.279296875
8473.33984375
8467.0986328125
8461.263671875
8454.4599609375
8446.9677734375
8439.439453125
8432.244140625
8425.765625
8419.40625
8412.36328125
8404.869140625
8397.7763671875
8391.189453125
8384.84375
8378.4609375
8371.71875
8364.7001953125
8357.8515625
8351.421875
8345.359375
8339.5
8333.818359375
8328.2802734375
8322.89453125
8317.619140625
8311.72265625
8304.91015625
8296.8720703125
8289.103515625
8281.5078125
8275.0
8268.3994140625
8261.966796875
8254.890625
8248.490234375
8241.662109375
8235.701171875
8229.1650390625
8222.92578125
8216.755859375
8209.91015625
8202.7255859375
8194.3017578125
8185.89013671875
8178.197265625
8171.1083984375
8164.31640625
8156.72412109375
8149.44482421875
8142.6494140625
8136.04296875
8129.06591796875
8121.27001953125
8113.43994140625
8106.34228515625
8100.01806640625
8093.7578125
8087.2333984375
8080.8642578125
8074.791015625
8069.2080078125
8063.89111328125
8058.68603515625
8053.41943359375
8047.01416015625
8040.18359375
8034.04296875
8030.6728515625
8029.111328125
8026.8369140625
8020.59228515625
8010.728515625
7999.4365234375
7989.705078125
7982.2890625
7977.484375
7973.71875
7969.2255859375
7962.68359375
7955.5458984375
7949.1611328125
7944.45849609375
7939.0361328125
7932.18359375
7924.0888671875
7916.3232421875
7910.28955078125
7904.4248046875
7898.05908203125
7891.33544921875
7885.552734375
7880.66015625
7876.2451171875
7871.4345703125
7866.078125
7860.779296875
7855.890625
7851.39501953125
7847.10546875
7841.6298828125
7834.31103515625
7825.3056640625
7817.10107421875
7811.328125
7807.44140625
7803.3466796875
7797.7822265625
7791.2099609375
7785.06591796875
7779.60107421875
7774.17919921875
7768.1611328125
7761.40625
7755.08349609375
7749.6669921875
7744.8935546875
7739.69970703125
7734.091796875
7728.341796875
7723.23828125
7718.2109375
7712.79443359375
7707.072265625
7701.5869140625
7696.642578125
7691.80517578125
7686.75390625
7681.138671875
7675.513671875
7669.9150390625
7665.0244140625
7660.5166015625
7656.7568359375
7653.1435546875
7649.48828125
7645.4638671875
7640.392578125
7634.5361328125
7628.02001953125
7621.7763671875
7615.388671875
7609.2529296875
7602.7431640625
7597.560546875
7593.7431640625
7590.833984375
7587.4033203125
7583.00048828125
7578.134765625
7573.587890625
7568.36328125
7562.82666015625
7555.43359375
7549.953125
7545.4697265625
7543.203125
7540.8203125
7538.6376953125
7535.578125
7532.47998046875
7527.47119140625
7520.66455078125
7513.41650390625
7505.564453125
7499.63330078125
7493.48876953125
7488.23779296875
7483.35009765625
7478.458984375
7473.2666015625
7467.76025390625
7464.212890625
7457.5478515625
7452.06689453125
7447.16015625
7443.1240234375
7441.49072265625
7438.63037109375
7437.65185546875
7435.9326171875
7435.703125
7435.60205078125
7428.0107421875
7418.9833984375
7411.498046875
7409.54296875
7412.509765625
7408.6015625
7404.09619140625
7400.3037109375
7393.7978515625
7388.83984375
7379.9560546875
7379.404296875
7384.263671875
7375.6630859375
7372.91943359375
7372.9619140625
7363.126953125
7360.7998046875
7361.8623046875
7345.68212890625
7347.6103515625
7353.177734375
7337.65771484375
7342.47607421875
7326.4541015625
7322.353515625
7317.884765625
7305.994140625
7306.61767578125
7298.720703125
7294.0244140625
7291.431640625
7283.5849609375
7279.798828125
7275.52734375
7269.4384765625
7267.61767578125
7260.9716796875
7258.67333984375
7254.97412109375
7250.37451171875
7247.54736328125
7240.37744140625
7235.72021484375
7230.51953125
7226.9873046875
7223.63818359375
7219.8046875
7216.2705078125
7213.44482421875
7208.8447265625
7205.1826171875
7201.138671875
7198.2568359375
7195.70849609375
7193.279296875
7191.802734375
7189.70263671875
7186.81298828125
7183.1435546875
7178.97900390625
7175.361328125
7172.95703125
7171.2861328125
7169.25
7165.748046875
7162.0947265625
7159.70654296875
7160.7978515625
7165.0029296875
7169.580078125
7168.23046875
7155.04931640625
7138.62109375
7130.0166015625
7128.591796875
7126.6181640625
7120.0546875
7113.96923828125
7112.1611328125
7111.662109375
7109.4580078125
7106.8955078125
7105.1611328125
7102.78955078125
7098.75341796875
7093.818359375
7087.2900390625
7079.3603515625
7071.98486328125
7068.6220703125
7067.5419921875
7065.0517578125
7059.01025390625
7052.5244140625
7048.20849609375
7045.8818359375
7043.3076171875
7041.0634765625
7038.8701171875
7037.2373046875
7034.515625
7031.2265625
7026.849609375
7021.857421875
7016.2607421875
7011.416015625
7007.623046875
7004.787109375
7001.53564453125
6997.84423828125
6994.11328125
6990.603515625
6987.64990234375
6984.4072265625
6981.27001953125
6977.2255859375
6973.0830078125
6968.7431640625
6965.55615234375
6963.35400390625
6962.0712890625
6960.6904296875
6959.0556640625
6956.775390625
6953.8525390625
6950.072265625
6946.44580078125
6943.37744140625
6941.3408203125
6939.169921875
6936.43017578125
6932.64599609375
6928.1416015625
6923.40625
6918.6376953125
6914.375
6911.3662109375
6910.0908203125
6910.2978515625
6909.3212890625
6905.1298828125
6897.43408203125
6890.2333984375
6885.78125
6884.3837890625
6882.447265625
6879.3212890625
6874.08740234375
6870.53125
6867.833984375
6866.3779296875
6863.7421875
6860.53515625
6857.7890625
6855.67724609375
6854.11328125
6851.34228515625
6848.064453125
6845.341796875
6844.029296875
6844.2490234375
6843.1201171875
6840.271484375
6834.60400390625
6829.00390625
6824.94384765625
6822.76416015625
6821.88134765625
6820.220703125
6817.8271484375
6813.20556640625
6808.0625
6802.16015625
6797.486328125
6794.166015625
6792.2080078125
6790.615234375
6788.525390625
6785.5283203125
6782.10546875
6778.86083984375
6776.126953125
6773.8154296875
6771.822265625
6770.412109375
6770.009765625
6770.640625
6771.591796875
6771.07421875
6768.02880859375
6763.037109375
6757.8193359375
6754.775390625
6752.46630859375
6750.3896484375
6745.9404296875
6740.38916015625
6734.01171875
6729.0908203125
6725.466796875
6723.0654296875
6720.4423828125
6716.9423828125
6712.2236328125
6706.9892578125
6702.23486328125
6698.634765625
6696.0751953125
6693.91357421875
6691.5283203125
6688.84033203125
6686.16796875
6684.06689453125
6682.6240234375
6681.8154296875
6681.14990234375
6680.8818359375
6680.4248046875
6680.93505859375
6680.59619140625
6681.38134765625
6679.208984375
6677.556640625
6672.36669921875
6667.5390625
6662.185546875
6658.4921875
6657.23095703125
6657.5712890625
6657.396484375
6654.4794921875
6649.326171875
6643.39208984375
6638.423828125
6634.240234375
6629.7890625
6624.7734375
6619.908203125
6616.30517578125
6613.51953125
6611.2255859375
6608.72216796875
6606.75146484375
6604.927734375
6603.5322265625
6601.25390625
6598.18017578125
6594.150390625
6589.81787109375
6585.9453125
6582.53271484375
6580.0751953125
6577.94677734375
6575.76611328125
6572.634765625
6568.6708984375
6564.48583984375
6561.36474609375
6559.70947265625
6559.4609375
6559.728515625
6559.8447265625
6559.56640625
6558.828125
6557.27294921875
6554.4189453125
6549.8740234375
6544.34765625
6538.52978515625
6533.775390625
6530.1044921875
6527.8671875
6526.1708984375
6524.66748046875
6522.74267578125
6520.23828125
6516.71533203125
6512.392578125
6507.609375
6503.396484375
6500.2998046875
6498.87548828125
6498.763671875
6499.5322265625
6500.6318359375
6501.4013671875
6501.5361328125
6500.0234375
6496.7607421875
6492.111328125
6486.90234375
6482.86328125
6480.1923828125
6458.4365234375
6461.5693359375
6465.70654296875
6449.4814453125
6458.193359375
6451.791015625
6445.49169921875
6450.546875
6441.94384765625
6441.716796875
6441.50732421875
6435.4951171875
6436.26513671875
6433.5478515625
6430.0810546875
6429.95166015625
6426.82080078125
6424.54833984375
6423.685546875
6420.61669921875
6418.994140625
6417.54833984375
6414.7470703125
6413.4755859375
6411.4853515625
6409.19091796875
6407.8427734375
6405.615234375
6403.755859375
6402.1123046875
6400.001953125
6398.26953125
6396.4482421875
6394.5087890625
6392.72119140625
6390.8984375
6389.0126953125
6387.2119140625
6385.392578125
6383.50244140625
6381.7431640625
6379.89453125
6378.05029296875
6376.28955078125
6374.42578125
6372.626953125
6370.830078125
6368.99169921875
6367.19970703125
6365.3857421875
6363.5703125
6361.77197265625
6359.96044921875
6358.162109375
6356.33349609375
6354.5361328125
6352.7216796875
6350.9189453125
6349.115234375
6347.3037109375
6345.4873046875
6343.6875
6341.8701171875
6340.060546875
6338.244140625
6336.4296875
6334.6083984375
6332.78173828125
6330.953125
6329.126953125
6327.3037109375
6325.47216796875
6323.640625
6321.796875
6319.953125
6318.09814453125
6316.24169921875
6314.376953125
6312.50341796875
6310.6318359375
6308.75634765625
6306.8818359375
6305.0029296875
6303.1298828125
6301.2548828125
6299.3798828125
6297.5146484375
6295.64599609375
6293.77978515625
6291.9228515625
6290.04931640625
6288.185546875
6286.31103515625
6284.4404296875
6282.56982421875
6280.71435546875
6278.853515625
6276.9853515625
6275.12548828125
6273.2734375
6271.41455078125
6269.56005859375
6267.712890625
6265.86328125
6264.0166015625
6262.17333984375
6260.3310546875
6258.4931640625
6256.646484375
6254.8046875
6252.95556640625
6251.11962890625
6249.275390625
6247.43212890625
6245.603515625
6243.7666015625
6241.9375
6240.09228515625
6238.263671875
6236.4267578125
6234.5908203125
6232.7470703125
6230.90234375
6229.046875
6227.1923828125
6225.31884765625
6223.4541015625
6221.56982421875
6219.68115234375
6217.78125
6215.8701171875
6213.94384765625
6212.01171875
6210.05810546875
6208.10546875
6206.13671875
6204.146484375
6202.1357421875
6200.13134765625
6198.11572265625
6196.06689453125
6194.01708984375
6191.9453125
6189.8701171875
6187.78076171875
6185.673828125
6183.5625
6181.447265625
6179.33154296875
6177.24169921875
6175.14990234375
6173.06884765625
6171.00732421875
6168.9609375
6166.94873046875
6164.9482421875
6162.9697265625
6161.00390625
6159.0595703125
6157.126953125
6155.2109375
6153.306640625
6151.4208984375
6149.54296875
6147.6796875
6145.8369140625
6144.005859375
6142.1845703125
6140.38330078125
6138.5859375
6136.802734375
6135.03759765625
6133.2744140625
6131.52392578125
6129.783203125
6128.0380859375
6126.31005859375
6124.58544921875
6122.85888671875
6121.13671875
6119.4130859375
6117.7099609375
6116.0
6114.2890625
6112.58447265625
6110.89306640625
6109.193359375
6107.494140625
6105.81396484375
6104.1181640625
6102.439453125
6100.765625
6099.080078125
6097.41015625
6095.7431640625
6094.0673828125
6092.3984375
6090.73193359375
6089.07275390625
6087.41064453125
6085.7578125
6084.10205078125
6082.458984375
6080.8037109375
6079.1552734375
6077.5087890625
6075.86865234375
6074.224609375
6072.58056640625
6070.93310546875
6069.2978515625
6067.6640625
6066.0205078125
6064.390625
6062.7578125
6061.126953125
6059.498046875
6057.8583984375
6056.2412109375
6054.60888671875
6052.9853515625
6051.3642578125
6049.7431640625
6048.12841796875
6046.50390625
6044.88720703125
6043.26513671875
6041.64404296875
6040.0244140625
6038.4013671875
6036.7734375
6035.1494140625
6033.5302734375
6031.9013671875
6030.28564453125
6028.6767578125
6027.08837890625
6025.56201171875
6024.13671875
6023.02734375
6022.0615234375
6021.9912109375
6020.2568359375
6018.35546875
6014.54541015625
6012.16259765625
6011.205078125
6009.869140625
6007.970703125
6005.2216796875
6003.234375
6001.76220703125
5999.814453125
5997.82177734375
5995.58154296875
5993.7099609375
5992.11328125
5990.2373046875
5988.3662109375
5986.5537109375
5984.8740234375
5983.27734375
5981.54443359375
5979.8369140625
5978.1552734375
5976.48046875
5974.888671875
5973.27978515625
5971.6328125
5969.97314453125
5968.3974609375
5966.85546875
5965.232421875
5963.5791015625
5962.0009765625
5960.47265625
5958.8759765625
5957.234375
5955.65869140625
5954.12109375
5952.5546875
5950.9501953125
5949.36474609375
5947.8232421875
5946.27197265625
5944.705078125
5943.13623046875
5941.59326171875
5940.0478515625
5938.49267578125
5936.9326171875
5935.38232421875
5933.84765625
5932.30224609375
5930.76171875
5929.2275390625
5927.68798828125
5926.146484375
5924.6123046875
5923.08203125
5921.54736328125
5920.0087890625
5918.48095703125
5916.951171875
5915.43408203125
5913.90087890625
5912.3740234375
5910.85302734375
5909.33251953125
5907.810546875
5906.28515625
5904.7705078125
5903.25439453125
5901.7333984375
5900.22314453125
5898.7021484375
5897.19140625
5895.6787109375
5894.1708984375
5892.65234375
5891.150390625
5889.642578125
5888.134765625
5886.62353515625
5885.123046875
5883.6171875
5882.11474609375
5880.6103515625
5879.1015625
5877.60302734375
5876.10546875
5874.60595703125
5873.1064453125
5871.60595703125
5870.107421875
5868.6123046875
5867.119140625
5865.6181640625
5864.1318359375
5862.6376953125
5861.1533203125
5859.6640625
5858.171875
5856.68408203125
5855.197265625
5853.7138671875
5852.2265625
5850.736328125
5849.2568359375
5847.7734375
5846.29150390625
5844.8134765625
5843.333984375
5841.849609375
5840.373046875
5838.896484375
5837.4189453125
5835.9326171875
5834.4541015625
5832.97314453125
5831.5
5830.02783203125
5828.5498046875
5827.0771484375
5825.59130859375
5824.12109375
5822.65625
5821.1826171875
5819.71533203125
5818.24462890625
5816.77685546875
5815.30810546875
5813.83251953125
5812.3740234375
5810.904296875
5809.4375
5807.9853515625
5806.52734375
5805.08544921875
5803.640625
5802.20458984375
5800.78173828125
5799.36962890625
5797.96484375
5796.5634765625
5795.18994140625
5793.8515625
5792.6201171875
5791.6123046875
5790.9638671875
5790.78759765625
5791.08642578125
5791.44921875
5791.130859375
5788.919921875
5784.9140625
5780.65869140625
5778.1279296875
5777.49365234375
5777.40869140625
5776.41796875
5774.0751953125
5771.42529296875
5769.517578125
5768.462890625
5767.48388671875
5766.02099609375
5764.1962890625
5762.4111328125
5760.89208984375
5759.552734375
5758.22265625
5756.77685546875
5755.19482421875
5753.66064453125
5752.259765625
5750.93798828125
5749.5810546875
5748.2060546875
5746.9306640625
5745.8447265625
5744.9345703125
5744.25830078125
5743.76220703125
5743.359375
5742.431640625
5740.73046875
5737.98681640625
5735.01171875
5732.61328125
5731.2587890625
5730.6279296875
5729.99609375
5728.791015625
5726.75244140625
5724.4853515625
5722.55078125
5721.2255859375
5720.275390625
5719.23291015625
5717.83203125
5716.072265625
5714.3095703125
5712.7685546875
5711.49609375
5710.328125
5709.021484375
5707.55078125
5705.994140625
5704.52685546875
5703.22802734375
5702.0595703125
5700.9365234375
5699.77392578125
5698.50341796875
5697.13330078125
5695.6083984375
5694.0224609375
5692.5244140625
5691.17333984375
5689.94873046875
5688.6796875
5687.2626953125
5685.77099609375
5684.31982421875
5683.0595703125
5681.80908203125
5680.70458984375
5679.2578125
5677.82421875
5675.9501953125
5674.1103515625
5672.3271484375
5670.775390625
5669.38720703125
5667.931640625
5666.2607421875
5664.2978515625
5662.2802734375
5660.26318359375
5658.458984375
5656.69482421875
5654.9921875
5653.25
5651.5712890625
5649.87890625
5648.251953125
5646.65625
5645.1689453125
5643.8115234375
5642.58447265625
5641.43359375
5640.326171875
5639.240234375
5638.1357421875
5636.92626953125
5635.51123046875
5633.8740234375
5632.0732421875
5630.2314453125
5628.603515625
5627.22314453125
5626.0478515625
5624.90966796875
5623.794921875
5622.7001953125
5621.73779296875
5621.009765625
5620.48828125
5620.13671875
5619.78564453125
5619.22021484375
5618.29296875
5616.9990234375
5615.6591796875
5614.38720703125
5613.28369140625
5612.05224609375
5610.927734375
5609.4375
5608.2373046875
5607.0869140625
5606.54541015625
5606.5205078125
5606.77880859375
5606.880859375
5606.6376953125
5606.18994140625
5605.888671875
5606.00341796875
5606.1865234375
5606.13671875
5605.64892578125
5605.0517578125
5605.064453125
5606.6201171875
5609.76416015625
5612.7294921875
5612.87109375
5608.666015625
5602.310546875
5596.994140625
5594.86328125
5594.8583984375
5594.6552734375
5592.79296875
5589.26953125
5585.8720703125
5583.38623046875
5581.92724609375
5580.67578125
5579.5341796875
5578.37890625
5577.35595703125
5575.33154296875
5571.9912109375
5567.564453125
5563.470703125
5560.6142578125
5558.9755859375
5557.68359375
5556.162109375
5554.4267578125
5552.568359375
5550.62255859375
5548.5224609375
5546.47216796875
5544.70361328125
5543.16162109375
5541.84228515625
5540.76171875
5539.9443359375
5539.27392578125
5538.4228515625
5537.23095703125
5535.81396484375
5534.390625
5532.9248046875
5531.375
5529.8017578125
5528.42138671875
5527.34326171875
5526.5546875
5525.8505859375
5525.31689453125
5524.6708984375
5524.130859375
5523.1767578125
5522.0771484375
5520.748046875
5519.45703125
5519.0224609375
5518.458984375
5518.2861328125
5516.38671875
5513.78369140625
5510.75146484375
5508.71630859375
5507.5302734375
5506.72119140625
5505.8623046875
5504.4501953125
5503.1494140625
5501.9453125
5501.65673828125
5501.97119140625
5502.7509765625
5502.82080078125
5501.7861328125
5499.44921875
5496.7763671875
5494.560546875
5493.33056640625
5492.833984375
5492.3134765625
5491.4013671875
5490.1357421875
5489.076171875
5488.3544921875
5487.7275390625
5486.544921875
5484.46240234375
5482.001953125
5479.93896484375
5478.6513671875
5478.24609375
5477.7705078125
5477.021484375
5475.4541015625
5473.8857421875
5472.3125
5470.9052734375
5469.083984375
5466.86376953125
5464.66015625
5463.13916015625
5462.56494140625
5462.5556640625
5462.4208984375
5461.5908203125
5459.994140625
5458.1044921875
5456.6005859375
5455.84765625
5455.7314453125
5455.7626953125
5455.39306640625
5454.74560546875
5453.7080078125
5452.8125
5451.43115234375
5449.814453125
5447.3388671875
5444.7685546875
5442.25927734375
5440.421875
5439.0908203125
5438.01806640625
5436.7646484375
5435.1943359375
5433.3515625
5431.64453125
5430.2578125
5429.6318359375
5429.314453125
5429.45849609375
5429.30029296875
5429.1298828125
5428.35595703125
5427.4033203125
5425.8662109375
5424.146484375
5422.07958984375
5420.1005859375
5418.15185546875
5416.55810546875
5415.166015625
5413.9619140625
5412.72021484375
5411.447265625
5410.11669921875
5408.763671875
5407.494140625
5406.375
5405.41845703125
5404.6279296875
5403.96923828125
5403.4287109375
5402.8662109375
5402.24658203125
5401.3369140625
5399.96728515625
5397.91162109375
5395.130859375
5391.869140625
5388.5615234375
5385.82275390625
5383.9580078125
5383.01123046875
5382.6318359375
5382.4208984375
5382.033203125
5381.44921875
5380.7578125
5380.2197265625
5379.876953125
5379.720703125
5379.4814453125
5379.14208984375
5378.40966796875
5377.466796875
5376.02587890625
5374.43310546875
5372.75
5371.47509765625
5370.99609375
5371.31640625
5372.5244140625
5373.7041015625
5374.7041015625
5374.3837890625
5373.04931640625
5370.8876953125
5368.4208984375
5366.30712890625
5364.26220703125
5362.59814453125
5361.37841796875
5360.9052734375
5361.1962890625
5361.71337890625
5361.8515625
5360.888671875
5358.9580078125
5356.5068359375
5354.26318359375
5352.7119140625
5351.6796875
5350.94775390625
5350.11279296875
5349.1552734375
5347.87841796875
5346.3310546875
5344.3515625
5342.013671875
5339.34765625
5336.6171875
5334.119140625
5332.060546875
5330.615234375
5329.5849609375
5328.845703125
5327.998046875
5326.96875
5325.669921875
5324.35986328125
5323.3046875
5322.5615234375
5322.34033203125
5322.30322265625
5322.55810546875
5322.515625
5322.294921875
5321.4892578125
5320.6845703125
5319.994140625
5319.57275390625
5318.8486328125
5317.3212890625
5314.8056640625
5311.74609375
5309.0322265625
5307.359375
5306.93359375
5307.22607421875
5307.708984375
5307.7646484375
5307.3330078125
5306.3837890625
5305.1650390625
5303.73876953125
5302.173828125
5300.681640625
5299.396484375
5298.64892578125
5298.4736328125
5298.7099609375
5299.1787109375
5299.24951171875
5298.90234375
5297.4384765625
5295.28125
5292.3388671875
5289.39794921875
5286.912109375
5285.23974609375
5284.302734375
5283.8095703125
5283.435546875
5282.947265625
5282.5087890625
5282.02978515625
5281.7578125
5281.37890625
5281.05859375
5280.4375
5279.5302734375
5278.224609375
5276.4697265625
5274.8076171875
5273.2353515625
5272.3818359375
5271.77294921875
5271.4599609375
5270.6162109375
5269.3603515625
5267.3515625
5265.322265625
5263.4248046875
5262.20751953125
5261.52490234375
5261.28759765625
5261.1474609375
5260.65576171875
5259.7060546875
5258.13818359375
5256.38037109375
5254.4716796875
5252.6044921875
5250.43994140625
5248.1279296875
5245.73828125
5243.70703125
5242.40576171875
5241.8486328125
5241.8623046875
5241.96240234375
5241.787109375
5241.27734375
5240.49560546875
5240.0
5239.8828125
5240.39990234375
5241.1240234375
5241.89013671875
5242.09765625
5241.72705078125
5240.59765625
5239.20458984375
5237.66796875
5236.34326171875
5235.0205078125
5233.931640625
5232.7978515625
5232.1552734375
5231.28515625
5230.701171875
5229.412109375
5228.11962890625
5226.2255859375
5224.2939453125
5222.27587890625
5220.49609375
5219.03857421875
5217.56005859375
5216.078125
5214.20654296875
5212.40380859375
5210.6279296875
5209.380859375
5208.51416015625
5208.224609375
5208.0859375
5207.9208984375
5207.29150390625
5206.2529296875
5204.73583984375
5203.1728515625
5201.6787109375
5200.6005859375
5199.8671875
5199.5205078125
5199.3994140625
5199.28125
5199.140625
5198.5927734375
5197.8544921875
5196.697265625
5195.515625
5194.06103515625
5192.46484375
5190.5244140625
5188.486328125
5186.6962890625
5185.58349609375
5185.4521484375
5186.291015625
5187.67626953125
5189.171875
5189.64111328125
5188.47509765625
5185.5576171875
5181.76904296875
5178.6142578125
5176.2939453125
5174.8525390625
5173.02734375
5170.8798828125
5168.4775390625
5166.65185546875
5165.8857421875
5165.76123046875
5165.95556640625
5165.44921875
5164.41259765625
5162.74169921875
5161.455078125
5160.89208984375
5161.2109375
5161.78515625
5162.064453125
5161.6240234375
5160.63037109375
5159.46875
5158.4453125
5157.45703125
5156.3525390625
5154.8798828125
5153.14990234375
5151.3662109375
5149.99169921875
5149.3466796875
5149.572265625
5150.435546875
5151.40234375
5151.88720703125
5151.4091796875
5149.9345703125
5147.69482421875
5145.2841796875
5143.0625
5141.455078125
5140.43896484375
5140.02197265625
5139.8720703125
5139.64697265625
5139.22802734375
5138.369140625
5137.568359375
5136.8779296875
5136.8447265625
5137.2734375
5138.08984375
5138.56689453125
5138.33447265625
5136.98046875
5134.82421875
5132.0517578125
5129.33837890625
5126.6240234375
5124.67431640625
5123.2841796875
5122.99072265625
5122.94287109375
5122.74853515625
5121.36865234375
5118.982421875
5115.830078125
5112.849609375
5110.76025390625
5109.3125
5108.4599609375
5107.4365234375
5106.42529296875
5105.16796875
5103.888671875
5102.3857421875
5100.71630859375
5099.1083984375
5097.8349609375
5097.5859375
5097.953125
5099.11865234375
5099.8115234375
5100.09130859375
5099.40234375
5098.2529296875
5097.0263671875
5095.9423828125
5094.8603515625
5093.6982421875
5092.80810546875
5092.4541015625
5092.548828125
5092.3955078125
5091.80859375
5090.70166015625
5089.8388671875
5089.35400390625
