7834.611328125
7818.3369140625
7802.923828125
7788.326171875
7774.484375
7761.35302734375
7748.876953125
7737.00634765625
7725.68896484375
7714.8828125
7704.5458984375
7694.64404296875
7685.14208984375
7676.01708984375
7667.2373046875
7658.7880859375
7650.6494140625
7642.8076171875
7635.24853515625
7627.9619140625
7620.939453125
7614.1630859375
7607.62890625
7601.32958984375
7595.2587890625
7589.39990234375
7583.74658203125
7578.2900390625
7573.0224609375
7567.93505859375
7563.01806640625
7558.263671875
7553.66845703125
7549.2216796875
7544.923828125
7540.7607421875
7536.73486328125
7532.837890625
7529.0615234375
7525.40576171875
7521.869140625
7518.44140625
7515.12109375
7511.900390625
7508.78125
7505.7568359375
7502.82568359375
7499.9814453125
7497.22265625
7494.54541015625
7491.94873046875
7489.42578125
7486.97900390625
7484.6005859375
7482.2880859375
7480.0419921875
7477.8583984375
7475.734375
7473.669921875
7471.65966796875
7469.70751953125
7467.80224609375
7465.94775390625
7464.14306640625
7462.388671875
7460.6767578125
7459.00927734375
7457.3828125
7455.79833984375
7454.2509765625
7452.7421875
7451.2705078125
7449.83251953125
7448.43115234375
7447.06201171875
7445.724609375
7444.4140625
7443.13671875
7441.88818359375
7440.6669921875
7439.4736328125
7438.306640625
7437.162109375
7436.044921875
7434.951171875
7433.880859375
7432.83203125
7431.8056640625
7430.79833984375
7429.8115234375
7428.845703125
7427.89697265625
7426.96728515625
7426.0546875
7425.16162109375
7424.28173828125
7423.419921875
7422.57421875
7421.74267578125
7420.9287109375
7420.1259765625
7419.337890625
7418.560546875
7417.79638671875
7417.05078125
7416.31396484375
7415.591796875
7414.88037109375
7414.1806640625
7413.4912109375
7412.8134765625
7412.14501953125
7411.490234375
7410.8427734375
7410.20703125
7409.58203125
7408.9638671875
7408.35546875
7407.755859375
7407.166015625
7406.5830078125
7406.01171875
7405.44873046875
7404.8896484375
7404.3408203125
7403.8017578125
7403.2705078125
7402.7470703125
7402.23095703125
7401.72265625
7401.2216796875
7400.72900390625
7400.24267578125
7399.7626953125
7399.28759765625
7398.82470703125
7398.3671875
7397.9140625
7397.4716796875
7397.033203125
7396.6044921875
7396.181640625
7395.7646484375
7395.35498046875
7394.951171875
7394.5537109375
7394.1611328125
7393.7763671875
7393.3984375
7393.0224609375
7392.65625
7392.2958984375
7391.93896484375
7391.5849609375
7391.2421875
7390.90234375
7390.568359375
7390.2373046875
7389.912109375
7389.59423828125
7389.2802734375
7388.97314453125
7388.669921875
7388.369140625
7388.07568359375
7387.78662109375
7387.5
7387.21826171875
7386.9423828125
7386.6689453125
7386.39892578125
7386.1318359375
7385.86962890625
7385.611328125
7385.35693359375
7385.10546875
7384.85888671875
7384.615234375
7384.375
7384.138671875
7383.904296875
7383.6728515625
7383.44580078125
7383.21923828125
7382.99658203125
7382.77587890625
7382.55810546875
7382.3427734375
7382.130859375
7381.921875
7381.71484375
7381.50927734375
7381.306640625
7381.10693359375
7380.90966796875
7380.71337890625
7380.5185546875
7380.3251953125
7380.13623046875
7379.9501953125
310469312.0
3769126.25
75049376.0
191548384.0
12137556992.0
8141899.5
64187492.0
140469280.0
1229168768.0
38397452.0
104537312.0
57856800.0
42528636.0
65824012.0
212893696.0
23345810.0
3351247.5
1157348.25
1009121.6875
1216647.875
1543073.5
1919307.0
2299387.25
2668528.75
3065599.75
3541493.0
4023234.0
4224470.0
3877635.0
3099476.5
2262111.5
1608671.625
1178934.0
923386.0
785669.0625
725916.125
720156.25
754416.625
819160.3125
904515.375
996230.5
1073988.375
1115304.375
1105284.75
1045349.9375
952053.875
846864.5625
746166.6875
658507.875
586210.1875
528193.5625
482116.71875
445550.09375
416339.8125
392761.9375
373504.84375
357573.78125
344211.5625
332860.375
323085.84375
314564.6875
307057.0625
300371.96875
294359.5625
288909.3125
283921.96875
279329.96875
275073.3125
271102.5
267380.5625
263874.59375
260563.984375
257422.59375
254432.234375
251578.015625
248847.546875
246226.453125
243710.1875
241284.140625
238944.546875
236683.890625
234495.03125
232374.265625
230321.46875
228323.203125
226383.84375
224495.421875
222654.0
220863.03125
219115.28125
217409.1875
215740.984375
214109.015625
212514.421875
210955.203125
209426.453125
207928.421875
206461.703125
205022.484375
203609.34375
202223.015625
200860.328125
199522.78125
198206.65625
196913.34375
195642.359375
194391.3125
193158.3125
191946.90625
190755.046875
189582.421875
188424.96875
187288.6875
186169.109375
185066.828125
183983.015625
182913.78125
181861.109375
180823.171875
179801.28125
178796.171875
177803.078125
176825.515625
175862.65625
174909.609375
173971.734375
173045.0
172131.921875
171227.453125
170335.625
169453.328125
168582.96875
167723.109375
166871.5625
166031.96875
165203.0625
164381.53125
163572.171875
162772.03125
161980.890625
161200.59375
160426.703125
159663.078125
158907.75
158162.53125
157423.671875
156696.0625
155973.78125
155260.8125
154554.4375
153855.890625
153165.03125
152482.09375
151805.71875
151135.109375
150472.59375
149816.3125
149164.59375
148522.96875
147885.15625
147256.4375
146633.46875
146015.8125
145403.421875
144798.453125
144199.234375
143604.828125
143017.171875
142434.09375
141856.296875
141284.609375
140717.359375
140156.171875
139599.984375
139049.4375
138505.9375
137966.765625
137428.875
136892.15625
136366.28125
135846.125
135324.25
134811.109375
134304.40625
133796.359375
133297.125
132801.765625
132308.65625
131821.515625
131338.109375
130856.8203125
130380.8671875
129909.9140625
129440.078125
128976.5390625
128516.1640625
128058.5
127605.796875
127154.6328125
126708.5390625
126266.1953125
125827.5546875
125391.0859375
124957.4453125
124529.21875
124103.0703125
123681.265625
123261.1015625
122845.0546875
122432.859375
122022.5234375
121615.3671875
121211.6953125
120811.1796875
120412.1640625
120018.40625
119624.7890625
119237.21875
118850.765625
118466.8515625
118086.6328125
117709.25
117336.6015625
116963.1796875
116593.2578125
116224.7421875
115861.0546875
115501.140625
115138.8125
114781.9921875
114428.8515625
114075.5546875
113724.2890625
113375.734375
113030.203125
112687.5703125
112346.3359375
112007.3359375
111671.3984375
111337.4375
111005.5859375
110676.1015625
110348.625
110023.5546875
109701.6015625
109380.0546875
109060.375
108743.484375
108428.953125
108116.078125
107804.7578125
107496.28125
107189.3046875
106884.3125
106581.5703125
106279.53125
105980.09375
105682.7734375
105386.6875
105092.171875
104800.1015625
104510.1640625
104221.2421875
103934.5390625
103649.859375
103366.359375
103084.2734375
102804.2734375
102526.1953125
102249.859375
101974.7734375
101702.3671875
101432.9921875
101168.046875
100904.734375
100632.234375
100358.484375
100101.109375
99838.5234375
99571.984375
99316.40625
99058.0546875
98798.5703125
98547.5234375
98291.328125
98040.0078125
97790.484375
97539.609375
97293.296875
97046.734375
96801.890625
96559.1328125
96316.6171875
96076.453125
95836.671875
95599.8203125
95364.1875
95128.5703125
94892.59375
94658.875
94426.78125
94197.0859375
93967.78125
93737.546875
93510.7890625
93285.3671875
93061.84375
92837.9609375
92616.5859375
92396.0625
92175.9765625
91957.9765625
91740.3046875
91524.78125
91309.953125
91096.1171875
90883.421875
90671.6015625
90461.1015625
90251.515625
90043.109375
89835.3984375
89629.109375
89424.2421875
89219.6015625
89016.421875
88814.9453125
88614.6953125
88414.8203125
88215.640625
88017.53125
87820.65625
87625.6875
87430.4375
87236.3671875
87043.875
86852.25
86660.5078125
86470.578125
86281.6015625
86093.890625
85906.25
85719.8671875
85534.671875
85350.1328125
85166.7421875
84983.6640625
84801.9453125
84621.6875
84441.828125
84262.5078125
84084.28125
83906.9296875
83730.6875
83555.296875
83380.25
83207.109375
83034.4140625
82862.7890625
82691.9765625
82521.1484375
82350.7109375
82180.8203125
82012.328125
81845.640625
81678.875
81513.1015625
81347.9140625
81183.6328125
81020.3046875
80858.28125
80697.0
80536.1328125
80375.796875
80216.8203125
80057.609375
79898.4921875
79740.125
79583.0703125
79427.921875
79273.28125
79118.890625
78964.9140625
78811.0703125
78658.0859375
78506.125
78355.1484375
78205.2265625
78055.2109375
77906.515625
77757.859375
77610.546875
77463.484375
77317.171875
77171.609375
77026.8046875
76882.3984375
76739.4140625
76598.265625
76457.2578125
76315.3203125
76172.6640625
76029.8984375
75890.265625
75752.375
75614.625
75474.578125
75336.234375
75200.2890625
75065.421875
74930.6875
74793.9375
74658.515625
74523.4296875
74389.09375
74256.0625
74123.5859375
73991.9140625
73860.2734375
73728.3671875
73597.015625
73466.1875
73335.5859375
73206.1640625
73077.6171875
72950.5
72822.9921875
72695.2265625
72567.9375
72440.34375
72313.6171875
72187.3125
72062.59375
71938.515625
71814.625
71690.5
71567.0625
71444.2890625
71322.578125
71201.8515625
71082.109375
70962.3515625
70843.1640625
70723.953125
70604.296875
70486.1953125
70369.8046875
70253.3359375
70136.8984375
70019.75
69902.9921875
69787.203125
69673.609375
69560.5546875
69447.96875
69334.7109375
69220.9296875
69107.515625
68994.0703125
68882.484375
68772.6484375
68663.6015625
68553.34375
68442.578125
68333.1796875
68225.84375
68117.4609375
68009.3984375
67900.9765625
67794.2421875
67688.0390625
67582.2421875
67476.2734375
67370.53125
67264.84375
67160.1171875
67056.75
66953.6796875
66851.0546875
66748.375
66646.3125
66544.28125
66443.5625
66343.3046875
66243.875
66144.875
66044.234375
65943.0078125
65841.9453125
65743.4765625
65646.578125
65549.53125
65452.046875
65353.328125
65256.1953125
65159.171875
65063.58203125
64967.8359375
64871.90234375
64777.23046875
64682.8828125
64588.9140625
64495.265625
64401.640625
64307.90234375
64214.4609375
64120.61328125
64027.65234375
63934.4609375
63841.9609375
63750.5078125
63659.3828125
63568.671875
63477.57421875
63387.15234375
63297.0625
63206.734375
63116.6015625
63026.6640625
62937.69140625
62849.32421875
62761.72265625
62674.01171875
62586.85546875
62499.7578125
62413.203125
62327.03515625
62241.45703125
62156.66015625
62072.125
61987.4140625
61902.69921875
61817.77734375
61734.5546875
61652.84375
61571.71875
61489.05859375
61405.0234375
61320.52734375
61238.234375
61156.09765625
61073.140625
60991.2890625
60911.8046875
60832.578125
60751.7890625
60670.56640625
60591.49609375
60513.3515625
60432.91796875
60351.609375
60271.77734375
60192.88671875
60114.453125
60035.0625
59956.36328125
59879.42578125
59802.9453125
59725.86328125
59648.3046875
59571.20703125
59495.19921875
59420.1953125
59345.46484375
59270.4140625
59195.4765625
59120.48828125
59046.7734375
58972.875
58899.94140625
58827.015625
58754.03125
58680.5078125
58606.14453125
58530.984375
58457.08984375
58384.046875
58312.55859375
58241.86328125
58171.36328125
58099.60546875
58028.2578125
57956.984375
57886.8984375
57816.6796875
57745.9921875
57674.8828125
57604.1640625
57534.328125
57466.0390625
57398.265625
57330.640625
57261.89453125
57193.25
57123.5703125
57055.171875
56987.9375
56922.0
56856.11328125
56790.5234375
56724.59765625
56658.0078125
56590.37890625
56522.5234375
56455.390625
56389.6875
56324.74609375
56258.70703125
56191.796875
56125.10546875
56059.1796875
55995.01171875
55931.4375
55867.921875
55803.6796875
55739.9375
55676.39453125
55614.62109375
55552.8203125
55490.78125
55428.15234375
55365.77734375
55304.13671875
55243.69921875
55183.46484375
55122.9453125
55060.8359375
54998.234375
54934.54296875
54872.46875
54811.3359375
54751.9296875
54693.5
54634.58984375
54574.2578125
54512.94921875
54451.5546875
54391.75390625
54333.12109375
54275.9140625
54218.49609375
54161.34765625
54103.14453125
54044.97265625
53986.6015625
53927.61328125
53868.3203125
53810.171875
53753.44921875
53697.0078125
53639.76171875
53581.5703125
53523.3828125
53467.0078125
53411.625
53358.57421875
53304.8984375
53250.78125
53195.109375
53139.515625
53082.7109375
53027.578125
52970.70703125
52915.86328125
52861.53125
52808.203125
52755.19921875
52700.9921875
52645.390625
52589.75390625
52535.00390625
52481.30859375
52427.98046875
52374.54296875
52321.15234375
52268.91796875
52217.01953125
52164.9296875
52111.59375
52058.81640625
52006.71875
51955.3359375
51903.421875
51850.45703125
51797.515625
51745.421875
51694.34375
51643.76171875
51593.2265625
51543.01953125
51492.89453125
51443.15625
51393.65625
51344.265625
51294.8046875
51245.1875
51194.578125
51143.65234375
51093.20703125
51043.2734375
50993.83984375
50945.12109375
50896.2421875
50848.31640625
50800.9609375
50754.5703125
50708.2890625
50662.57421875
50616.8515625
50570.5703125
50522.5234375
50472.80078125
50421.484375
50370.93359375
50322.953125
50277.046875
50231.64453125
50185.328125
50137.359375
50089.8515625
50043.56640625
49997.484375
49951.1484375
49903.55859375
49856.0703125
49809.36328125
49763.2265625
49718.390625
49674.046875
49630.10546875
49585.44140625
49541.578125
49496.578125
49451.97265625
49406.28515625
49361.26953125
49316.87890625
49273.44921875
49230.96875
49190.0
49151.22265625
49113.07421875
49072.58984375
49026.46875
48973.609375
48921.14453125
48876.11328125
48838.125
48799.9453125
48757.421875
48712.1171875
48669.23046875
48627.15625
48583.671875
48539.0390625
48497.515625
48459.4609375
48421.3359375
48379.2578125
48334.734375
48290.0546875
48246.55859375
48202.87109375
48160.05078125
48119.8125
48081.53515625
48042.02734375
47998.3828125
47952.6953125
47907.375
47865.02734375
47824.7109375
47784.72265625
47743.77734375
47702.2578125
47661.12109375
47620.39453125
47580.02734375
47539.6484375
47499.48828125
47459.375
47419.72265625
47380.265625
47341.46484375
47303.4921875
47265.95703125
47228.72265625
47190.98828125
47152.953125
47114.28515625
47076.0390625
47037.60546875
46999.859375
46962.00390625
46923.5703125
46885.046875
46846.40625
46808.68359375
46771.04296875
46734.09765625
46696.3203125
46658.1171875
46619.75390625
46582.015625
46545.15625
46508.765625
46472.6484375
46437.1484375
46402.98828125
46370.12109375
46337.1171875
46302.5703125
46266.296875
46230.8046875
46195.05078125
46156.609375
46114.4453125
46075.96484375
46043.4375
46008.8828125
45966.96875
45924.828125
45890.33984375
45859.8515625
45823.8359375
45784.7578125
45748.11328125
45714.30859375
45679.2890625
45643.19921875
45607.31640625
45572.72265625
45538.43359375
45504.26171875
45470.6171875
45437.890625
45404.5625
45370.4375
45336.7265625
45303.98828125
45270.92578125
45235.9296875
45200.671875
45167.02734375
45136.14453125
45108.4921875
45082.40234375
45053.57421875
45019.03515625
44980.62109375
44942.078125
44905.515625
44870.68359375
44835.89453125
44801.8359375
44768.51171875
44736.2109375
44703.55859375
44671.015625
44637.8515625
44604.3828125
44570.5625
44537.1015625
44505.76953125
44476.5625
44447.10546875
44415.96484375
44382.5234375
44348.25
44313.7734375
44278.44140625
44243.85546875
44210.74609375
44180.22265625
44150.52734375
44120.9453125
44090.078125
44058.36328125
44026.171875
43994.6015625
43962.71484375
43931.51953125
43900.26171875
43870.07421875
43839.5859375
43809.578125
43779.1640625
43749.19921875
43718.71875
43688.15234375
43656.96484375
43625.875
43595.18359375
43565.140625
43535.97265625
43507.0703125
43478.53515625
43450.578125
43422.1640625
43394.125
43364.97265625
43335.87890625
43307.01171875
43279.671875
43252.63671875
43226.0859375
43198.57421875
43170.69921875
43142.16015625
43114.09375
43085.8125
43055.48046875
43023.34765625
42990.546875
42959.515625
42930.52734375
42902.453125
42874.2265625
42845.1796875
42816.609375
42788.890625
42762.82421875
42736.78515625
42710.4375
42682.45703125
42653.546875
42624.390625
42596.55859375
42569.8125
42543.76953125
42516.8671875
42488.0625
42457.4609375
42426.96875
42397.87890625
42371.1875
42346.19921875
42321.51953125
42296.1015625
42268.984375
42241.19921875
42212.92578125
42184.921875
42157.16796875
42129.0234375
42101.359375
42073.328125
42046.30859375
42019.6484375
41993.75390625
41967.30859375
41940.60546875
41913.21875
41886.39453125
41860.43359375
41836.0859375
41812.04296875
41788.1484375
41762.5234375
41736.6015625
41710.3515625
41686.03515625
41662.06640625
41638.60546875
41613.66796875
41588.70703125
41563.66015625
41539.26171875
41514.74609375
41489.953125
41463.5390625
41436.5390625
41409.06640625
41382.34375
41356.26171875
41329.9609375
41302.640625
41274.96484375
41247.57421875
41221.80859375
41196.7578125
41172.125
41146.953125
41121.390625
41096.33203125
41072.0078125
41049.125
41026.75
41004.484375
40980.6171875
40955.21875
40928.53125
40902.68359375
40878.6796875
40856.60546875
40834.53515625
40810.86328125
40785.34375
40759.11328125
40733.51953125
40710.63671875
40675.8046875
40662.96875
40652.59765625
40622.21875
40615.33984375
40595.5546875
40573.359375
40564.3203125
40541.6484375
40525.37109375
40512.10546875
40490.66796875
40476.5234375
40460.12109375
40441.34765625
40426.9140625
40409.6328125
40392.546875
40377.27734375
40359.98828125
40343.7578125
40327.94921875
40310.9375
40294.9296875
40278.9140625
40262.31640625
40246.52734375
40230.35546875
40214.1015625
40198.2578125
40181.984375
40165.9609375
40150.14453125
40134.05078125
40118.14453125
40102.2109375
40086.2265625
40070.25
40054.46484375
40038.54296875
40022.66015625
40006.81640625
39991.0859375
39975.24609375
39959.4296875
39943.6875
39927.96875
39912.328125
39896.68359375
39880.890625
39865.3125
39849.60546875
39833.98046875
39818.38671875
39802.76953125
39787.17578125
39771.6171875
39756.0546875
39740.5078125
39725.0390625
39709.58203125
39694.0234375
39678.546875
39663.140625
39647.59375
39632.2578125
39616.8203125
39601.359375
39586.0703125
39570.625
39555.2421875
39539.93359375
39524.63671875
39509.3203125
39494.109375
39478.90234375
39463.53515625
39448.36328125
39433.24609375
39418.0390625
39402.9765625
39387.75390625
39372.640625
39357.546875
39342.546875
39327.40234375
39312.3828125
39297.33203125
39282.4140625
39267.3203125
39252.40234375
39237.44921875
39222.5
39207.55078125
39192.6484375
39177.8125
39162.875
39147.9765625
39133.28515625
39118.4609375
39103.6640625
39088.9140625
39074.1328125
39059.390625
39044.6484375
39030.01953125
39015.22265625
39000.6015625
38985.87890625
38971.31640625
38956.6484375
38942.078125
38927.48828125
38912.9296875
38898.2734375
38883.7421875
38869.1796875
38854.6328125
38840.19140625
38825.58203125
38811.21875
38796.7421875
38782.33203125
38768.015625
38753.5
38739.08203125
38724.84375
38710.4453125
38696.15234375
38681.84375
38667.59765625
38653.35546875
38639.06640625
38624.8984375
38610.69140625
38596.38671875
38582.26171875
38568.125
38554.015625
38539.8203125
38525.5859375
38511.65625
38497.69921875
38483.59375
38469.55859375
38455.65625
38441.6484375
38427.72265625
38413.75
38399.81640625
38385.9140625
38372.03515625
38358.11328125
38344.26171875
38330.43359375
38316.6171875
38302.71484375
38288.9453125
38275.171875
38261.40234375
38247.62890625
38233.82421875
38220.08984375
38206.32421875
38192.609375
38178.83984375
38165.1640625
38151.53125
38137.78125
38124.1171875
38110.4375
38096.80859375
38083.17578125
38069.625
38055.921875
38042.359375
38028.7890625
38015.25390625
38001.6640625
37988.125
37974.4921875
37960.97265625
37947.46875
37933.92578125
37920.4375
37907.01171875
37893.46875
37880.0546875
37866.5859375
37853.1328125
37839.6640625
37826.30078125
37813.0078125
37799.53125
37786.20703125
37772.87890625
37759.62890625
37746.3125
37733.09765625
37719.8125
37706.625
37693.46484375
37680.2421875
37667.03515625
37653.96484375
37640.8828125
37627.671875
37614.70703125
37601.64453125
37588.54296875
37575.58984375
37562.56640625
37549.53515625
37536.63671875
37523.703125
37510.859375
37498.0703125
37485.71875
37474.1328125
37464.66796875
37459.32421875
37458.51953125
37448.1484375
37418.0859375
37396.56640625
37396.19921875
37381.59765625
37358.359375
37352.66796875
37339.9375
37320.49609375
37312.609375
37299.0390625
37282.578125
37273.08203125
37259.20703125
37244.51953125
37234.12109375
37220.34375
37206.69140625
37195.53515625
37181.83203125
37168.95703125
37157.30859375
37143.890625
37131.3046875
37119.2890625
37106.21875
37093.765625
37081.65625
37068.6875
37056.45703125
37044.2578125
37031.3515625
37019.32421875
37006.9765625
36994.22265625
36982.203125
36969.8203125
36957.25390625
36945.2421875
36932.77734375
36920.43359375
36908.421875
36895.94140625
36883.83203125
36871.78125
36859.45703125
36847.3125
36835.25
36823.078125
36811.01953125
36798.86328125
36786.82421875
36774.78125
36762.71484375
36750.625
36738.640625
36726.65234375
36714.58203125
36702.64453125
36690.59765625
36678.70703125
36666.77734375
36654.7578125
36642.82421875
36630.97265625
36619.046875
36607.10546875
36595.23046875
36583.390625
36571.4921875
36559.625
36547.79296875
36535.953125
36524.25390625
36512.453125
36500.70703125
36489.0
36477.34765625
36465.8828125
36454.29296875
36442.953125
36431.17578125
36419.59375
36407.43359375
36395.453125
36383.421875
36371.7109375
36360.09765625
36348.58203125
36337.1328125
36325.59765625
36314.09375
36302.3046875
36290.6484375
36278.8984375
36267.296875
36255.8671875
36244.40234375
36232.9453125
36221.4765625
36210.015625
36198.515625
36186.96875
36175.58203125
36164.125
36152.859375
36141.41796875
36130.21875
36118.73046875
36107.3984375
36095.8828125
36084.56640625
36073.1328125
36061.79296875
36050.4453125
36039.14453125
36027.83203125
36016.53125
36005.30078125
35993.98046875
35982.6484375
35971.5
35960.4296875
35949.7578125
35939.421875
35928.65625
35916.6640625
35903.984375
35892.51953125
35882.1015625
35870.8984375
35859.0390625
35847.63671875
35836.5703125
35825.21484375
35813.796875
35802.609375
35791.32421875
35779.984375
35768.78515625
35757.515625
35746.203125
35734.98828125
35723.828125
35712.6171875
35701.32421875
35690.171875
35679.08203125
35667.92578125
35656.75390625
35645.6484375
35634.64453125
35623.4921875
35612.50390625
35601.484375
35590.41015625
35579.4765625
35568.546875
35557.64453125
35546.66796875
35535.82421875
35524.94140625
35514.1015625
35503.26171875
35492.5078125
35481.6953125
35470.94140625
35460.23046875
35449.5078125
35438.78515625
35428.046875
35417.38671875
35406.72265625
35396.10546875
35385.48828125
35374.94921875
35364.390625
35353.8671875
35343.1796875
35332.58984375
35321.83984375
35311.14453125
35300.51953125
35289.953125
35279.5703125
35269.05859375
35258.515625
35247.9609375
35237.5234375
35227.01171875
35216.5546875
35206.1796875
35195.76953125
35185.44140625
35175.0703125
35164.63671875
35154.2890625
35143.92578125
35133.6953125
35123.28515625
35112.890625
35102.55859375
35092.2421875
35081.828125
35071.57421875
35061.2890625
35051.00390625
35040.90234375
35030.6875
35020.62890625
35010.3828125
35000.0
34989.52734375
34979.11328125
34968.76953125
34958.6875
34948.61328125
34938.61328125
34928.43359375
34918.14453125
34907.86328125
34897.61328125
34887.58984375
34877.6875
34867.76171875
34857.96875
34848.1328125
34838.3984375
34828.68359375
34819.07421875
34809.0625
34799.015625
34788.92578125
34778.98046875
34768.8046875
34758.4921875
34748.02734375
34737.76953125
34727.73828125
34718.0390625
34708.40625
34698.75
34689.13671875
34679.52734375
34670.3671875
34661.50390625
34652.8671875
34643.265625
34632.32421875
34620.734375
34609.765625
34600.63671875
34592.234375
34583.703125
34573.6484375
34563.09765625
34552.48828125
34542.7265625
34533.2265625
34523.28125
34512.9375
34502.54296875
34492.6015625
34483.02734375
34473.51953125
34463.87109375
34454.01953125
34444.30078125
34434.94140625
34425.65234375
34416.2890625
34406.9140625
34397.53125
34388.546875
34379.23046875
34369.953125
34359.71875
34349.6484375
34339.78125
34330.66015625
34321.546875
34312.6796875
34303.640625
34294.64453125
34285.23046875
34275.53515625
34265.8671875
34256.62890625
34247.53125
34238.5546875
34229.3125
34220.39453125
34212.20703125
34205.27734375
34198.5234375
34191.6875
34183.6953125
34174.34765625
34163.3515625
34151.2890625
34139.0859375
34127.6796875
34117.484375
34108.28515625
34099.5546875
34090.9765625
34082.45703125
34074.10546875
34065.953125
34057.84765625
34049.83203125
34041.8359375
34033.7421875
34025.234375
34015.6640625
34005.46875
33995.3515625
33986.0546875
33977.69921875
33969.7265625
33961.20703125
33952.05859375
33942.0546875
33932.37890625
33923.1953125
33914.91796875
33906.9921875
33898.765625
33889.2109375
33878.41015625
33866.53125
33854.80859375
33843.54296875
33833.61328125
33824.51171875
33816.29296875
33807.38671875
33797.73046875
33787.1640625
33776.7421875
33766.890625
33757.3671875
33747.703125
33737.953125
33728.078125
33718.640625
33709.6796875
33701.01171875
33692.55859375
33683.76171875
33674.6875
33665.34375
33656.125
33646.67578125
33637.140625
33627.4921875
33618.12890625
33609.0859375
33600.4296875
33592.00390625
33583.5625
33575.1328125
33566.43359375
33557.4609375
33548.3203125
33539.16796875
33530.14453125
33521.4375
33512.90625
33504.3984375
33495.703125
33486.56640625
33477.12109375
33467.58984375
33458.44140625
33449.6015625
33441.328125
33433.3671875
33425.37890625
33417.609375
33409.77734375
33402.0703125
33394.5
33386.8203125
33379.26171875
33371.57421875
33364.19921875
33356.86328125
33350.2109375
33343.74609375
33337.85546875
33331.83203125
33325.72265625
33318.8203125
33311.35546875
33302.5546875
33293.15234375
33282.9140625
33273.5390625
33264.46484375
33255.890625
33246.19140625
33235.84765625
33225.69921875
33216.6328125
33207.9453125
33198.84375
33188.73828125
33178.796875
33169.89453125
33162.23046875
33154.890625
33146.33984375
33136.3671875
33125.75390625
33115.34765625
33105.53125
33096.32421875
33087.4296875
33079.00390625
33070.828125
33062.734375
33054.1796875
33045.09765625
33035.66796875
33026.4375
33017.7578125
33009.44140625
33001.390625
32993.1015625
32984.76953125
32976.2890625
32967.9453125
32959.8203125
32951.9453125
32944.34765625
32936.99609375
32929.76171875
32922.14453125
32914.0703125
32905.40625
32896.15625
32886.68359375
32877.45703125
32868.67578125
32860.65625
32853.2265625
32846.31640625
32839.875
32833.87890625
32828.0546875
32822.8125
32817.9453125
32813.7890625
32809.53125
32805.07421875
32799.07421875
32791.484375
32781.6171875
32770.03125
32757.4609375
32746.10546875
32737.1171875
32730.9296875
32726.154296875
32721.2734375
32715.26171875
32707.798828125
32699.384765625
32690.38671875
32681.46875
32672.216796875
32663.1640625
32653.587890625
32643.873046875
32633.36328125
32622.71875
32612.322265625
32603.01953125
32594.970703125
32587.828125
32580.65625
32573.0390625
32564.9296875
32556.63671875
32548.744140625
32541.359375
32534.40625
32527.6328125
32520.7734375
32513.4609375
32506.15234375
32498.92578125
32492.314453125
32485.609375
32478.4765625
32469.55859375
32459.1328125
32448.08203125
32438.421875
32431.21875
32425.95703125
32421.111328125
32414.7734375
32406.34375
32396.61328125
32387.193359375
32378.947265625
32371.939453125
32364.978515625
32357.3203125
32348.76953125
32339.458984375
32330.48828125
32322.1796875
32314.77734375
32307.61328125
32300.521484375
32293.046875
32285.46875
32277.73046875
32270.32421875
32263.16015625
32256.6015625
32250.3125
32244.4375
32238.486328125
32232.37109375
32225.37890625
32217.84765625
32209.34765625
32200.55859375
32191.765625
32183.375
32175.716796875
32168.568359375
32161.4765625
32154.26953125
32146.826171875
32139.583984375
32132.548828125
32126.00390625
32119.484375
32113.00390625
32106.10546875
32098.95703125
32091.162109375
32083.02734375
32074.224609375
32065.216796875
32056.125
32047.421875
32039.2109375
32031.513671875
32024.34375
32017.47265625
32011.099609375
32004.830078125
31998.9609375
31993.0703125
31986.96875
31979.9921875
31973.005859375
31964.6953125
31958.2109375
31949.85546875
31943.09375
31935.826171875
31929.01953125
31920.9609375
31913.375
31905.404296875
31901.783203125
31891.12890625
31884.92578125
31892.40234375
31883.44921875
31870.75390625
31870.544921875
31854.83984375
31857.3125
31837.4609375
31832.875
31833.90234375
31863.63671875
31879.23828125
31877.470703125
31863.62109375
31857.478515625
31852.990234375
31836.76953125
31828.9453125
31819.193359375
31804.890625
31794.421875
31779.599609375
31768.45703125
31759.53515625
31746.533203125
31735.548828125
31723.2421875
31711.27734375
31708.193359375
31696.1640625
31687.240234375
31676.51953125
31660.994140625
31652.3203125
31642.8984375
31637.373046875
31630.43359375
31621.00390625
31613.40625
31603.5625
31597.240234375
31589.439453125
31580.85546875
31573.232421875
31565.453125
31557.408203125
31549.76171875
31542.2265625
31534.8359375
31527.4296875
31521.064453125
31514.080078125
31507.091796875
31499.41015625
31491.6875
31484.53125
31477.46484375
31470.87109375
31464.25390625
31457.3203125
31450.0546875
31442.216796875
31434.443359375
31427.1875
31420.796875
31415.36328125
31410.509765625
31405.6328125
31400.328125
31394.03125
31386.9453125
31379.107421875
31371.21484375
31363.75
31356.904296875
31350.515625
31344.35546875
31338.0703125
31331.41796875
31324.453125
31317.26171875
31310.36328125
31303.796875
31298.31640625
31293.677734375
31290.16796875
31286.98046875
31283.724609375
31279.44921875
31273.9296875
31267.201171875
31259.904296875
31252.048828125
31243.51171875
31233.2265625
31221.88671875
31210.65234375
31201.203125
31194.201171875
31188.443359375
31182.78125
31176.0234375
31168.1640625
31159.7421875
31151.84375
31144.70703125
31138.49609375
31132.58203125
31126.552734375
31120.203125
31113.509765625
31106.65234375
31099.6328125
31092.80078125
31086.15625
31079.87890625
31073.53125
31066.845703125
31059.65234375
31052.16796875
31044.638671875
31037.39453125
31030.56640625
31024.203125
31018.43359375
31013.296875
31009.3046875
31005.185546875
31002.234375
30996.24609375
30988.072265625
30981.2421875
30975.634765625
30969.130859375
30961.177734375
30953.2578125
30946.216796875
30938.4921875
30929.841796875
30921.734375
30914.578125
30907.818359375
30901.951171875
30896.884765625
30890.71484375
30883.28515625
30876.35546875
30870.0546875
30863.12890625
30856.197265625
30849.609375
30843.1484375
30836.361328125
30830.443359375
30825.05859375
30820.189453125
30815.71875
30811.63671875
30807.4140625
30802.369140625
30796.66015625
30790.328125
30783.66796875
30777.1953125
30771.326171875
30766.06640625
30761.326171875
30756.90234375
30752.998046875
30748.7421875
30744.18359375
30737.88671875
30729.8359375
30719.515625
30708.09375
30697.052734375
30688.23828125
30682.1796875
30677.953125
30673.63671875
30667.73046875
30660.30078125
30652.287109375
30645.0625
30638.40234375
30632.1328125
30625.2734375
30618.056640625
30610.580078125
30603.6953125
30597.431640625
30591.9140625
30586.669921875
30581.65234375
30576.587890625
30571.79296875
30567.248046875
30563.1640625
30559.23828125
30555.158203125
30550.310546875
30544.14453125
30536.462890625
