7834.611328125
7818.3369140625
7802.923828125
7788.326171875
7774.484375
7761.35302734375
7748.876953125
7737.00634765625
7725.68896484375
7714.8828125
7704.5458984375
7694.64404296875
7685.14208984375
7676.01708984375
7667.2373046875
7658.7880859375
7650.6494140625
7642.8076171875
7635.24853515625
7627.9619140625
7620.939453125
7614.1630859375
7607.62890625
7601.32958984375
7595.2587890625
7589.39990234375
7583.74658203125
7578.2900390625
7573.0224609375
7567.93505859375
7563.01806640625
7558.263671875
7553.66845703125
7549.2216796875
7544.923828125
7540.7607421875
7536.73486328125
7532.837890625
7529.0615234375
7525.40576171875
7521.869140625
7518.44140625
7515.12109375
7511.900390625
7508.78125
7505.7568359375
7502.82568359375
7499.9814453125
7497.22265625
7494.54541015625
7491.94873046875
7489.42578125
7486.97900390625
7484.6005859375
7482.2880859375
7480.0419921875
7477.8583984375
7475.734375
7473.669921875
7471.65966796875
7469.70751953125
7467.80224609375
7465.94775390625
7464.14306640625
7462.388671875
7460.6767578125
7459.00927734375
7457.3828125
7455.79833984375
7454.2509765625
7452.7421875
7451.2705078125
7449.83251953125
7448.43115234375
7447.06201171875
7445.724609375
7444.4140625
7443.13671875
7441.88818359375
7440.6669921875
7439.4736328125
7438.306640625
7437.162109375
7436.044921875
7434.951171875
7433.880859375
7432.83203125
7431.8056640625
7430.79833984375
7429.8115234375
7428.845703125
7427.89697265625
7426.96728515625
7426.0546875
7425.16162109375
7424.28173828125
7423.419921875
7422.57421875
7421.74267578125
7420.9287109375
7420.1259765625
7419.337890625
7418.560546875
7417.79638671875
7417.05078125
7416.31396484375
7415.591796875
7414.88037109375
7414.1806640625
7413.4912109375
7412.8134765625
7412.14501953125
7411.490234375
7410.8427734375
7410.20703125
7409.58203125
7408.9638671875
7408.35546875
7407.755859375
7407.166015625
7406.5830078125
7406.01171875
7405.44873046875
7404.8896484375
7404.3408203125
7403.8017578125
7403.2705078125
7402.7470703125
7402.23095703125
7401.72265625
7401.2216796875
7400.72900390625
7400.24267578125
7399.7626953125
7399.28759765625
7398.82470703125
7398.3671875
7397.9140625
7397.4716796875
7397.033203125
7396.6044921875
7396.181640625
7395.7646484375
7395.35498046875
7394.951171875
7394.5537109375
7394.1611328125
7393.7763671875
7393.3984375
7393.0224609375
7392.65625
7392.2958984375
7391.93896484375
7391.5849609375
7391.2421875
7390.90234375
7390.568359375
7390.2373046875
7389.912109375
7389.59423828125
7389.2802734375
7388.97314453125
7388.669921875
7388.369140625
7388.07568359375
7387.78662109375
7387.5
7387.21826171875
7386.9423828125
7386.6689453125
7386.39892578125
7386.1318359375
7385.86962890625
7385.611328125
7385.35693359375
7385.10546875
7384.85888671875
7384.615234375
7384.375
7384.138671875
7383.904296875
7383.6728515625
7383.44580078125
7383.21923828125
7382.99658203125
7382.77587890625
7382.55810546875
7382.3427734375
7382.130859375
7381.921875
7381.71484375
7381.50927734375
7381.306640625
7381.10693359375
7380.90966796875
7380.71337890625
7380.5185546875
7380.3251953125
7380.13623046875
7379.9501953125
508967.59375
1745926.875
47367.27734375
64502.53125
1198839.125
50040.30078125
46798.8046875
45192.1328125
51947.23828125
147906.734375
170153.703125
77493.6796875
55138.671875
53879.94140625
52319.0625
45916.33203125
39352.078125
34660.58203125
31578.892578125
29398.51171875
27636.248046875
26092.0625
24773.44140625
23691.25
22771.810546875
21906.9453125
21040.68359375
20214.6640625
19481.744140625
18821.98046875
18166.884765625
17504.384765625
16866.58984375
16276.4423828125
15731.5732421875
15219.2353515625
14729.796875
14264.693359375
13829.59375
13423.76171875
13044.1015625
12682.3994140625
12328.2578125
11982.8818359375
11656.748046875
11351.50390625
11063.0615234375
10789.49609375
10529.416015625
10281.12890625
10043.533203125
9816.4794921875
9601.1201171875
9396.552734375
9201.0771484375
9012.716796875
8832.322265625
8660.3623046875
8494.560546875
8336.15625
8186.26416015625
8044.44384765625
7910.453125
7783.05126953125
7660.919921875
7543.92578125
7432.03369140625
7324.8388671875
7222.07373046875
7123.86474609375
7029.4736328125
6937.9755859375
6849.32666015625
6763.6572265625
6680.8857421875
6600.82470703125
6523.54541015625
6448.8896484375
6376.494140625
6306.26123046875
6237.93603515625
6171.5498046875
6107.10009765625
6044.54296875
5984.0400390625
5925.3876953125
5868.1689453125
5812.119140625
5757.4072265625
5704.05419921875
5651.9755859375
5601.1708984375
5551.50146484375
5502.94873046875
5455.6259765625
5409.5693359375
5364.6552734375
5320.78369140625
5277.88623046875
5235.947265625
5195.046875
5155.15625
5116.22119140625
5078.193359375
5040.93603515625
5004.419921875
4968.6669921875
4933.71484375
4899.619140625
4866.3662109375
4833.9423828125
4802.30859375
4771.41015625
4741.21875
4711.7158203125
4682.876953125
4654.666015625
4627.02685546875
4599.9267578125
4573.3212890625
4547.20166015625
4521.54443359375
4496.35595703125
4471.630859375
4447.3896484375
4423.62646484375
4400.3525390625
4377.52490234375
4355.1259765625
4333.15087890625
4311.548828125
4290.30029296875
4269.39990234375
4248.8134765625
4228.5517578125
4208.60302734375
4188.970703125
4169.66552734375
4150.69287109375
4132.03857421875
4113.6884765625
4095.65966796875
4077.906005859375
4060.43359375
4043.24267578125
4026.30908203125
4009.620849609375
3993.15576171875
3976.9189453125
3960.89697265625
3945.07666015625
3929.4248046875
3913.97412109375
3898.7568359375
3883.7451171875
3868.9228515625
3854.2431640625
3839.72998046875
3825.39599609375
3811.2529296875
3797.27978515625
3783.4482421875
3769.78955078125
3756.33837890625
3743.10400390625
3729.99951171875
3716.83251953125
3703.5458984375
3690.46240234375
3677.79296875
3665.30712890625
3652.67724609375
3640.029296875
3627.66015625
3615.501953125
3603.28125
3591.00927734375
3578.943359375
3567.01904296875
3555.0400390625
3543.052734375
3531.20361328125
3519.43798828125
3507.6259765625
3495.80712890625
3484.10400390625
3472.44287109375
3460.779296875
3449.1396484375
3437.59912109375
3426.1494140625
3414.75732421875
3403.52099609375
3392.5810546875
3382.09326171875
3372.08251953125
3361.98095703125
3350.3984375
3338.4052734375
3328.287109375
3319.158203125
3308.72607421875
3297.84326171875
3288.51708984375
3279.3564453125
3269.07080078125
3259.31591796875
3250.45947265625
3240.8955078125
3231.09814453125
3222.1162109375
3213.037109375
3203.46337890625
3194.31884765625
3185.451171875
3176.19140625
3167.0615234375
3158.32958984375
3149.458984375
3140.53125
3131.9541015625
3123.48388671875
3114.90771484375
3106.55810546875
3098.4345703125
3090.41064453125
3082.763671875
3075.0341796875
3066.16796875
3058.1806640625
3050.666015625
3042.24853515625
3034.78125
3027.02197265625
3019.24951171875
3012.349609375
3004.91748046875
2997.49560546875
2988.85009765625
2980.55517578125
2973.7294921875
2966.2470703125
2958.3603515625
2950.6201171875
2943.330078125
2935.66357421875
2928.05859375
2920.796875
2913.03662109375
2905.5927734375
2898.26904296875
2890.7724609375
2883.3076171875
2875.94921875
2868.60595703125
2861.28662109375
2854.13671875
2846.90966796875
2839.8876953125
2833.1162109375
2826.283203125
2819.56298828125
2813.03857421875
2806.7314453125
2800.6728515625
2794.3720703125
2787.2275390625
2780.7431640625
2774.96728515625
2768.32421875
2761.91943359375
2756.19189453125
2749.79150390625
2743.76806640625
2738.10546875
2731.82275390625
2725.70361328125
2719.4775390625
2713.36279296875
2707.88671875
2702.0322265625
2696.0322265625
2690.28173828125
2684.56396484375
2679.04443359375
2673.3076171875
2667.603515625
2662.314453125
2657.0771484375
2651.931640625
2646.537109375
2640.609375
2634.61669921875
2629.19873046875
2624.21435546875
2618.802734375
2613.0
2607.68408203125
2602.65087890625
2597.26025390625
2591.76513671875
2586.6416015625
2581.5693359375
2576.19775390625
2570.8837890625
2565.7529296875
2560.3798828125
2554.8779296875
2549.68798828125
2544.62060546875
2539.35986328125
2534.05126953125
2528.89208984375
2523.796875
2518.68896484375
2513.6533203125
2508.642578125
2503.59619140625
2498.625
2493.7998046875
2489.06298828125
2484.3720703125
2479.640625
2474.6875
2469.5126953125
2464.59228515625
2460.1494140625
2455.84423828125
2451.271484375
2446.4892578125
2441.79541015625
2437.03369140625
2431.78564453125
2426.373046875
2421.62841796875
2417.314453125
2412.42724609375
2406.9560546875
2401.9873046875
2397.669921875
2392.9658203125
2387.64306640625
2382.5615234375
2377.94140625
2373.1923828125
2368.1396484375
2363.11376953125
2358.1923828125
2353.2646484375
2348.3583984375
2343.39794921875
2338.2177734375
2332.94970703125
2327.8447265625
2322.8583984375
2317.826171875
2312.8076171875
2307.83544921875
2302.85888671875
2297.91259765625
2293.0966796875
2288.3017578125
2283.4697265625
2278.654296875
2273.93896484375
2269.28369140625
2264.6591796875
2260.1455078125
2255.82763671875
2251.685546875
2247.5986328125
2243.1748046875
2238.03173828125
2232.337890625
2226.90673828125
2222.314453125
2218.31396484375
2214.1416015625
2209.310546875
2204.19091796875
2199.423828125
2195.2578125
2191.28271484375
2187.0732421875
2182.4638671875
2177.4375
2172.14599609375
2166.9873046875
2162.263671875
2157.869140625
2153.388671875
2148.5302734375
2143.4755859375
2138.6396484375
2134.15869140625
2129.7822265625
2125.30078125
2120.71826171875
2116.36767578125
2111.82958984375
2108.21630859375
2102.36962890625
2097.396484375
2092.3349609375
2088.16015625
2084.73681640625
2080.638671875
2078.2021484375
2071.32861328125
2066.7744140625
2063.8623046875
2059.1357421875
2054.615234375
2050.09521484375
2046.3349609375
2043.35107421875
2039.5419921875
2035.84033203125
2031.19482421875
2027.1484375
2023.80419921875
2020.2099609375
2016.75927734375
2013.19921875
2009.0185546875
2004.93896484375
2001.53955078125
1999.2890625
1996.224609375
1991.630859375
1986.5068359375
1982.2880859375
1979.22314453125
1976.142578125
1972.6611328125
1968.89453125
1964.80029296875
1961.1298828125
1957.7705078125
1954.80859375
1951.13525390625
1946.97998046875
1942.95166015625
1939.45458984375
1936.197265625
1932.91552734375
1930.1357421875
1927.65673828125
1924.46728515625
1919.6591796875
1914.10546875
1909.91015625
1907.67724609375
1905.99462890625
1903.10009765625
1898.61962890625
1894.111328125
1891.005859375
1888.7216796875
1885.3505859375
1880.17724609375
1874.7919921875
1871.11572265625
1868.99169921875
1866.5966796875
1862.81298828125
1858.33203125
1854.57177734375
1851.81689453125
1849.1484375
1845.8837890625
1842.28125
1839.24609375
1837.12646484375
1835.74560546875
1834.43115234375
1832.65234375
1829.4453125
1825.64453125
1821.734375
1818.935546875
1816.77587890625
1814.4072265625
1811.369140625
1807.73193359375
1803.88134765625
1800.1318359375
1796.611328125
1793.5224609375
1790.3056640625
1786.94921875
1783.6962890625
1780.982421875
1778.50048828125
1775.9755859375
1773.4150390625
1771.10302734375
1768.61767578125
1765.98095703125
1763.4404296875
1761.60107421875
1759.59814453125
1757.0712890625
1753.5439453125
1749.96728515625
1746.6962890625
1744.296875
1742.36572265625
1740.1943359375
1737.40625
1734.56494140625
1732.34521484375
1730.56982421875
1728.6064453125
1726.16259765625
1723.16455078125
1719.87890625
1716.7353515625
1714.56787109375
1712.86279296875
1711.3720703125
1708.5625
1705.8173828125
1703.30029296875
1701.470703125
1699.123046875
1695.9482421875
1692.7919921875
1690.5400390625
1688.9765625
1687.080078125
1685.017578125
1682.3427734375
1680.44775390625
1678.16796875
1675.85400390625
1673.443359375
1671.3056640625
1669.7685546875
1668.34375
1667.763671875
1664.8681640625
1662.2587890625
1659.46533203125
1657.04150390625
1655.21630859375
1652.5458984375
1651.34765625
1647.8798828125
1645.7939453125
1644.8974609375
1643.7734375
1643.359375
1642.29443359375
1641.111328125
1639.5771484375
1635.921875
1631.7373046875
1626.55224609375
1623.64794921875
1622.55859375
1622.51953125
1622.56640625
1622.19482421875
1622.62255859375
1622.5537109375
1619.42138671875
1612.49072265625
1605.00048828125
1601.29150390625
1601.0322265625
1600.84765625
1598.048828125
1593.3994140625
1589.71630859375
1588.0732421875
1587.42529296875
1585.966796875
1583.4345703125
1580.60546875
1578.705078125
1577.6083984375
1576.06396484375
1572.80517578125
1568.5107421875
1565.2470703125
1564.2919921875
1564.71875
1564.5673828125
1562.85888671875
1560.11279296875
1557.24072265625
1554.9482421875
1553.47021484375
1552.3466796875
1551.041015625
1548.9697265625
1546.60888671875
1544.57275390625
1544.07275390625
1544.017578125
1544.1552734375
1541.4365234375
1537.1416015625
1531.728515625
1527.7646484375
1526.05078125
1525.74072265625
1525.513671875
1523.9208984375
1521.3974609375
1518.67529296875
1516.58349609375
1515.13525390625
1513.65771484375
1511.875
1509.75
1507.6962890625
1505.7666015625
1504.15869140625
1502.58154296875
1501.431640625
1500.48583984375
1499.77197265625
1498.59912109375
1496.78369140625
1494.2392578125
1491.08544921875
1488.2822265625
1486.421875
1485.56689453125
1485.55712890625
1485.3369140625
1484.55712890625
1481.744140625
1477.37646484375
1473.431640625
1470.79052734375
1470.033203125
1468.443359375
1466.35205078125
1463.765625
1461.7822265625
1459.923828125
1457.51953125
1455.08154296875
1453.5810546875
1452.9033203125
1451.974609375
1449.91748046875
1447.14794921875
1444.82373046875
1443.0380859375
1442.201171875
1440.95703125
1440.05712890625
1438.43896484375
1436.666015625
1434.54150390625
1432.76904296875
1431.390625
1430.421875
1429.81201171875
1429.30859375
1428.56103515625
1427.5673828125
1427.12451171875
1426.78662109375
1425.5146484375
1422.35498046875
1418.4951171875
1415.24853515625
1412.99560546875
1411.1337890625
1409.48291015625
1408.28857421875
1407.71142578125
1407.02880859375
1405.98876953125
1404.54638671875
1403.28662109375
1402.3564453125
1401.40576171875
1401.0029296875
1399.28515625
1397.22705078125
1392.837890625
1388.28125
1384.23876953125
1381.904296875
1380.74853515625
1380.14013671875
1378.9794921875
1377.0
1375.29345703125
1373.30517578125
1372.595703125
1371.283203125
1370.07568359375
1368.4287109375
1366.9853515625
1365.77734375
1364.81640625
1364.43994140625
1362.53564453125
1361.6630859375
1361.18603515625
1362.4287109375
1365.443359375
1369.625
1375.953125
1375.8701171875
1372.37646484375
1365.17822265625
1356.578125
1352.04541015625
1349.947265625
1350.60205078125
1349.931640625
1347.03173828125
1343.193359375
1339.4501953125
1337.39111328125
1336.1064453125
1334.8544921875
1333.1044921875
1330.62744140625
1328.216796875
1325.73193359375
1324.177734375
1323.25390625
1322.63037109375
1321.9775390625
1320.8984375
1320.072265625
1319.228515625
1318.53857421875
1318.12109375
1316.87939453125
1315.36767578125
1313.0576171875
1311.7353515625
1310.638671875
1309.95556640625
1308.47314453125
1306.7373046875
1305.0654296875
1303.93603515625
1303.30126953125
1302.91748046875
1302.42626953125
1301.41259765625
1299.73681640625
1297.43994140625
1294.86083984375
1292.5107421875
1291.06005859375
1290.29443359375
1290.119140625
1289.4228515625
1288.1689453125
1286.10498046875
1284.1572265625
1282.4697265625
1281.078125
1279.6552734375
1278.189453125
1276.86279296875
1275.78271484375
1274.8291015625
1273.7841796875
1272.74169921875
1272.1142578125
1272.0673828125
1272.53564453125
1272.8056640625
1272.724609375
1271.68115234375
1270.23583984375
1268.5341796875
1267.2861328125
1266.822265625
1266.99853515625
1267.2470703125
1266.677734375
1264.9609375
1262.228515625
1259.6826171875
1258.044921875
1257.40087890625
1257.1318359375
1256.7734375
1255.9951171875
1255.1279296875
1254.3896484375
1253.86767578125
1253.33203125
1252.5068359375
1251.52099609375
1250.7451171875
1250.81591796875
1251.771484375
1253.35546875
1254.26513671875
1254.12451171875
1251.92138671875
1249.59375
1246.4384765625
1245.17333984375
1245.0234375
1245.64697265625
1245.72802734375
1245.04345703125
1244.45458984375
1242.455078125
1241.09423828125
1238.072265625
1236.017578125
1235.56982421875
1232.84814453125
1232.39892578125
1229.03759765625
1227.91650390625
1228.2900390625
1226.85986328125
1225.88525390625
1225.0830078125
1225.373046875
1226.43359375
1226.0927734375
1224.8720703125
1221.75732421875
1218.826171875
1216.21435546875
1214.412109375
1213.60009765625
1213.267578125
1213.43408203125
1213.49658203125
1212.9853515625
1211.64990234375
1210.09033203125
1208.7744140625
1208.31396484375
1208.2392578125
1208.32080078125
1207.78515625
1206.81103515625
1205.41552734375
1204.1689453125
1203.2099609375
1202.40234375
1201.43505859375
1200.1796875
1198.96923828125
1198.310546875
1198.330078125
1198.54052734375
1198.3369140625
1197.2685546875
1195.44580078125
1193.3212890625
1191.546875
1190.59716796875
1190.49658203125
1190.87939453125
1191.16845703125
1189.830078125
1186.7490234375
1181.95361328125
1178.0078125
1175.791015625
1175.94384765625
1175.94091796875
1175.3759765625
1173.5
1171.77880859375
1170.705078125
1170.611328125
1170.0986328125
1168.84716796875
1166.74609375
1165.1435546875
1164.7587890625
1165.57470703125
1166.9443359375
1168.2021484375
1169.091796875
1169.38671875
1169.4873046875
1168.9736328125
1168.58984375
1167.76708984375
1167.08740234375
1166.6953125
1166.751953125
1167.318359375
1167.396484375
1166.7685546875
1164.27685546875
1161.158203125
1158.02978515625
1156.724609375
1158.34521484375
1161.12451171875
1164.328125
1165.78515625
1166.001953125
1164.55322265625
1161.86181640625
1157.93505859375
1153.3701171875
1149.17431640625
1146.12939453125
1144.8427734375
1145.01220703125
1146.06396484375
1146.74365234375
1146.865234375
1145.88916015625
1144.2548828125
1142.08251953125
1139.50634765625
1136.5458984375
1133.5498046875
1130.2548828125
1127.4482421875
1124.7265625
1123.1044921875
1121.70654296875
1120.8701171875
1119.666015625
1118.453125
1117.3681640625
1116.6630859375
1116.5224609375
1116.8427734375
1117.55859375
1118.37841796875
1120.10205078125
1123.6083984375
1121.41162109375
1114.31494140625
1114.8740234375
1118.109375
1117.3369140625
1119.275390625
1122.7568359375
1122.43359375
1121.93896484375
1124.6943359375
1122.5
1120.63818359375
1120.04296875
1116.62109375
1115.43505859375
1115.8408203125
1114.697265625
1114.6015625
1113.83837890625
1112.37353515625
1111.6845703125
1110.708984375
1107.9033203125
1104.81201171875
1101.29296875
1098.71044921875
1097.7470703125
1097.740234375
1097.07177734375
1096.82470703125
1096.29052734375
1097.55517578125
1099.43798828125
1101.1806640625
1100.9619140625
1099.4423828125
1097.96875
1097.9140625
1098.98291015625
1101.2275390625
1103.40966796875
1104.31298828125
1101.7080078125
1095.2001953125
1086.8310546875
1080.34521484375
1078.04443359375
1079.06640625
1081.56591796875
1083.00390625
1083.15771484375
1082.498046875
1082.09033203125
1082.611328125
1083.8583984375
1085.54296875
1086.6787109375
1087.1494140625
1086.96728515625
1086.69482421875
1050.009765625
1059.51025390625
1068.2890625
1042.1025390625
1061.85595703125
1050.96435546875
1043.666015625
1056.00830078125
1041.0908203125
1045.8876953125
1046.83349609375
1038.10546875
1044.45947265625
1039.4560546875
1037.7587890625
1040.23583984375
1035.404296875
1036.73974609375
1035.72314453125
1033.43017578125
1034.46484375
1032.396484375
1031.931640625
1031.7216796875
1030.18017578125
1030.16455078125
1029.244140625
1028.4560546875
1028.15771484375
1027.2041015625
1026.77392578125
1026.18310546875
1025.45849609375
1025.04638671875
1024.35302734375
1023.810546875
1023.3125
1022.6728515625
1022.1962890625
1021.64306640625
1021.07568359375
1020.60302734375
1020.0546875
1019.53125
1019.04931640625
1018.5244140625
1018.02685546875
1017.54541015625
1017.0322265625
1016.5498046875
1016.0693359375
1015.5654296875
1015.10009765625
1014.61865234375
1014.1298828125
1013.671875
1013.19140625
1012.716796875
1012.25537109375
1011.7802734375
1011.3125
1010.85107421875
1010.37890625
1009.91748046875
1009.4580078125
1008.99755859375
1008.54443359375
1008.0859375
1007.6298828125
1007.17919921875
1006.7236328125
1006.2724609375
1005.82421875
1005.375
1004.927734375
1004.48779296875
1004.0458984375
1003.6064453125
1003.16064453125
1002.7158203125
1002.27587890625
1001.83251953125
1001.392578125
1000.9560546875
1000.51953125
1000.0869140625
999.65478515625
999.22509765625
998.79345703125
998.36279296875
997.92919921875
997.50048828125
997.07373046875
996.6455078125
996.2177734375
995.79345703125
995.3671875
994.94140625
994.51904296875
994.0927734375
993.67236328125
993.25
992.830078125
992.408203125
991.98828125
991.56298828125
991.14208984375
990.72216796875
990.30224609375
989.876953125
989.453125
989.03173828125
988.6083984375
988.18994140625
987.7666015625
987.3486328125
986.9267578125
986.5029296875
986.08154296875
985.6533203125
985.22802734375
984.8095703125
984.3818359375
983.955078125
983.52587890625
983.09912109375
982.6689453125
982.23486328125
981.7978515625
981.359375
980.91748046875
980.47509765625
980.025390625
979.576171875
979.1259765625
978.6708984375
978.20703125
977.73876953125
977.2666015625
976.78564453125
976.29931640625
975.80224609375
975.3017578125
974.79052734375
974.2685546875
973.73779296875
973.1943359375
972.6435546875
972.080078125
971.5009765625
970.91748046875
970.31884765625
969.716796875
969.1044921875
968.48681640625
967.8623046875
967.236328125
966.60546875
965.97900390625
965.353515625
964.7470703125
964.16796875
963.6416015625
963.283203125
963.7431640625
968.19921875
980.44873046875
983.3134765625
964.7314453125
970.0439453125
971.38134765625
962.69189453125
969.701171875
961.083984375
965.859375
960.58349609375
962.10546875
960.83154296875
959.06787109375
960.1279296875
957.02490234375
958.93798828125
955.6083984375
957.62255859375
954.44775390625
956.09619140625
953.7109375
954.421875
953.0693359375
952.9326171875
952.23876953125
951.7177734375
951.26025390625
950.654296875
950.31396484375
949.5966796875
949.43798828125
948.5146484375
948.564453125
947.55712890625
947.6171875
946.69091796875
946.6015625
945.890625
945.625
945.07861328125
944.7001953125
944.24951171875
943.8203125
943.421875
942.96484375
942.60302734375
942.13330078125
941.787109375
941.337890625
940.97265625
940.5634765625
940.17333984375
939.8046875
939.384765625
939.03271484375
938.6142578125
938.27001953125
937.873046875
937.51416015625
937.146484375
936.78271484375
936.4365234375
936.0693359375
935.755859375
935.42724609375
935.15234375
934.89697265625
934.64599609375
934.32470703125
933.8623046875
933.32666015625
932.84716796875
932.5234375
932.29248046875
932.00927734375
931.61962890625
931.1630859375
930.77197265625
930.47119140625
930.19287109375
929.87060546875
929.4775390625
929.0810546875
928.740234375
928.43896484375
928.1416015625
927.79736328125
927.4296875
927.08056640625
926.7578125
926.4541015625
926.13623046875
925.798828125
925.44873046875
925.11669921875
924.7998046875
924.4921875
924.16845703125
923.83740234375
923.5029296875
923.17724609375
922.86328125
922.5517578125
922.236328125
921.9130859375
921.59033203125
921.267578125
920.94775390625
920.6357421875
920.3251953125
920.013671875
919.69580078125
919.380859375
919.0693359375
918.755859375
918.44482421875
918.13232421875
917.8154296875
917.50244140625
917.189453125
916.87744140625
916.5634765625
916.25146484375
915.94384765625
915.63427734375
915.32763671875
915.0234375
914.71923828125
914.4111328125
914.10546875
913.8017578125
913.5009765625
913.20458984375
912.9150390625
912.64794921875
912.4091796875
912.224609375
912.173828125
912.2802734375
912.8017578125
913.4248046875
914.5634765625
914.17333984375
912.9033203125
910.4736328125
909.275390625
909.75048828125
910.49853515625
910.2021484375
908.63720703125
907.755859375
908.05810546875
908.3603515625
907.7958984375
906.69970703125
906.302734375
906.5361328125
906.38134765625
905.66015625
905.0126953125
904.93505859375
904.95361328125
904.51611328125
903.9375
903.67431640625
903.693359375
903.5390625
903.12451171875
902.712890625
902.3994140625
902.017578125
901.51513671875
901.09814453125
900.8984375
900.7666015625
900.47265625
900.01171875
899.58984375
899.3095703125
899.10400390625
898.826171875
898.47705078125
898.12939453125
897.82421875
897.54541015625
897.25244140625
896.94677734375
896.6435546875
896.34375
896.0283203125
895.71826171875
895.42138671875
895.146484375
894.86865234375
894.57080078125
894.26123046875
893.96044921875
893.67822265625
893.40869140625
893.13720703125
892.857421875
892.58447265625
892.33837890625
892.1572265625
892.07958984375
892.251953125
892.83056640625
894.00048828125
894.97412109375
894.4765625
891.85986328125
890.0634765625
890.7236328125
891.66455078125
890.74072265625
889.02294921875
888.90966796875
889.6904296875
889.2587890625
887.9921875
887.6328125
888.01318359375
887.70703125
886.8212890625
886.5595703125
886.74609375
886.38818359375
885.7021484375
885.4931640625
885.54150390625
885.21533203125
884.7265625
884.619140625
884.568359375
884.23974609375
883.8203125
883.64013671875
883.36669921875
882.890625
882.4609375
882.2265625
882.015625
881.70751953125
881.4677734375
881.2841796875
881.0419921875
880.7080078125
880.4921875
880.31787109375
880.349609375
880.0771484375
880.259765625
879.65185546875
879.31396484375
878.61376953125
878.1474609375
877.75390625
877.4287109375
877.15576171875
876.93359375
876.76708984375
876.5341796875
876.435546875
876.06640625
875.87109375
875.33740234375
874.93505859375
874.5322265625
874.1875
873.98681640625
873.66650390625
873.59912109375
873.17626953125
873.00927734375
872.49365234375
872.2080078125
871.693359375
871.33203125
870.83544921875
870.4267578125
869.98876953125
869.5908203125
869.203125
868.853515625
868.5205078125
868.2119140625
867.9130859375
867.61865234375
867.3369140625
867.046875
866.7587890625
866.4560546875
866.17822265625
865.87744140625
865.62451171875
865.3330078125
865.1240234375
864.84716796875
864.70556640625
864.4013671875
864.298828125
863.8984375
863.70361328125
863.2666015625
862.984375
862.61376953125
862.328125
862.02685546875
861.7705078125
861.517578125
861.3359375
861.1171875
861.11083984375
860.86328125
860.9775390625
860.521484375
860.3740234375
859.88623046875
859.61328125
859.26611328125
859.0439453125
858.72021484375
858.560546875
858.345703125
858.41552734375
858.470703125
858.9091796875
859.32568359375
860.16064453125
860.69189453125
861.30126953125
861.1240234375
860.734375
860.11279296875
859.73681640625
859.767578125
860.248046875
861.18359375
862.0078125
862.70751953125
863.05859375
863.359375
863.455078125
863.275390625
862.84423828125
862.33837890625
862.0859375
862.20849609375
862.84423828125
863.6357421875
864.28076171875
864.037109375
863.154296875
861.818359375
860.94921875
860.32177734375
859.744140625
858.7998046875
857.78271484375
857.130859375
857.255859375
857.9345703125
858.59423828125
858.86376953125
858.4521484375
857.47314453125
856.00732421875
854.52197265625
853.67724609375
853.8046875
854.7958984375
855.87841796875
856.455078125
856.2607421875
855.7099609375
855.3505859375
855.62890625
856.18408203125
856.87841796875
857.16650390625
857.34912109375
857.49951171875
857.96435546875
858.4404296875
858.7607421875
858.40576171875
857.681640625
856.44482421875
855.0205078125
853.12353515625
851.28662109375
850.0947265625
850.23095703125
851.6142578125
853.591796875
855.2001953125
855.74658203125
855.3251953125
854.47998046875
853.91259765625
853.94970703125
854.41162109375
854.76953125
854.4365234375
853.23876953125
851.54052734375
849.984375
849.09130859375
849.029296875
849.42041015625
849.986328125
850.50830078125
850.99365234375
851.5634765625
851.771484375
851.6015625
850.662109375
849.59423828125
848.56298828125
848.17041015625
848.0791015625
848.3466796875
848.232421875
847.9130859375
846.97998046875
845.7998046875
844.6669921875
843.486328125
842.8935546875
842.41357421875
842.47998046875
842.71435546875
843.2294921875
843.87255859375
844.64892578125
845.43701171875
846.11181640625
846.4130859375
846.10302734375
845.240234375
844.107421875
843.27978515625
842.921875
843.28857421875
843.8369140625
844.5771484375
844.76171875
844.8349609375
844.44921875
844.41552734375
844.31884765625
844.431640625
844.013671875
843.072265625
841.52783203125
840.0859375
839.40673828125
839.82470703125
841.11962890625
842.58837890625
843.705078125
843.94677734375
843.65966796875
842.85400390625
842.26025390625
841.564453125
841.150390625
840.46728515625
839.68408203125
838.40673828125
837.0078125
835.73095703125
835.15478515625
835.2255859375
835.73046875
835.99365234375
835.66748046875
834.6318359375
833.39208984375
832.3251953125
831.8466796875
831.9345703125
832.44921875
833.54052734375
834.61181640625
836.0986328125
837.330078125
838.01416015625
837.6728515625
835.81103515625
833.50537109375
831.2646484375
830.14404296875
829.5595703125
829.25
828.7294921875
828.251953125
828.2880859375
829.19384765625
830.90966796875
832.74560546875
834.29052734375
834.83154296875
834.55419921875
833.65625
832.154296875
830.3095703125
827.98779296875
825.8896484375
824.60498046875
824.67822265625
825.7080078125
827.05224609375
827.93310546875
827.94970703125
827.47802734375
827.03662109375
827.36474609375
828.16650390625
829.2919921875
829.794921875
829.8173828125
829.16064453125
828.28076171875
827.26513671875
826.39501953125
825.94921875
826.109375
826.78466796875
827.60009765625
828.2470703125
828.3779296875
828.1474609375
827.60791015625
827.2802734375
827.134765625
827.24267578125
827.1875
826.861328125
826.11376953125
825.1962890625
824.29638671875
823.6591796875
823.18212890625
822.73828125
822.298828125
821.79150390625
821.58837890625
821.4453125
821.83740234375
822.2646484375
823.13720703125
824.18310546875
825.7236328125
827.40966796875
829.09521484375
830.3876953125
831.037109375
830.58349609375
828.6884765625
825.484375
821.9208984375
819.1240234375
817.9794921875
818.263671875
819.39013671875
820.056640625
819.7763671875
818.32080078125
816.79150390625
816.111328125
816.8271484375
818.42333984375
819.87890625
820.5244140625
819.87109375
818.6826171875
817.30126953125
816.529296875
816.43310546875
816.84326171875
817.3232421875
817.310546875
816.66455078125
815.50048828125
814.30615234375
813.46435546875
813.13623046875
813.18408203125
813.26806640625
813.11083984375
812.64501953125
812.0888671875
811.822265625
812.09765625
812.76171875
813.587890625
814.0068359375
814.10205078125
813.73876953125
813.39990234375
813.07177734375
812.8720703125
812.546875
812.03076171875
811.3701171875
810.73046875
810.41259765625
810.39306640625
810.771484375
810.95068359375
810.91259765625
810.2626953125
809.515625
809.1640625
809.72900390625
811.3251953125
813.46435546875
815.474609375
816.34765625
815.79736328125
813.681640625
811.1005859375
808.5341796875
806.7841796875
805.71826171875
805.6103515625
806.02294921875
806.7021484375
806.95361328125
806.515625
805.400390625
804.3203125
803.96142578125
804.59326171875
805.916015625
807.2041015625
808.06787109375
808.46240234375
808.88671875
809.60107421875
810.71044921875
811.71533203125
812.3193359375
812.25390625
811.75927734375
811.03271484375
810.162109375
809.283203125
808.22265625
807.1416015625
805.99462890625
805.03857421875
804.501953125
804.55126953125
805.119140625
805.78857421875
806.45458984375
806.318359375
805.43017578125
803.09619140625
800.3447265625
797.83154296875
796.7734375
797.1240234375
798.224609375
799.2373046875
799.47265625
799.20703125
798.6162109375
798.240234375
797.76708984375
797.32763671875
796.5498046875
795.98779296875
795.60546875
795.84130859375
796.205078125
796.72265625
796.92333984375
797.0185546875
796.80517578125
796.42626953125
795.67724609375
794.73974609375
793.84326171875
793.24755859375
793.17431640625
793.34521484375
793.791015625
793.9404296875
794.2412109375
794.3408203125
794.99169921875
795.62841796875
796.4189453125
796.54248046875
796.1025390625
795.03076171875
793.935546875
793.12646484375
792.8876953125
793.080078125
793.52001953125
793.9951171875
794.56787109375
795.2587890625
796.3193359375
797.51220703125
798.884765625
799.70751953125
800.01123046875
799.2529296875
797.95751953125
795.94921875
794.162109375
792.357421875
791.49560546875
790.8876953125
791.14208984375
791.3974609375
791.95458984375
792.3232421875
792.673828125
792.9970703125
793.552734375
794.59423828125
795.91845703125
797.404296875
798.2509765625
798.52392578125
797.8603515625
796.9150390625
795.44921875
794.1103515625
792.5078125
791.04296875
789.00927734375
786.75
784.2060546875
782.2880859375
781.2412109375
780.92431640625
780.46875
779.4140625
777.5107421875
775.64599609375
774.314453125
774.177734375
774.71630859375
775.5283203125
775.88134765625
775.91845703125
775.728515625
775.828125
776.306640625
777.13818359375
777.990234375
778.73974609375
779.2314453125
779.74267578125
780.3994140625
781.4755859375
782.9013671875
784.806640625
786.9658203125
789.4580078125
791.96728515625
794.646484375
797.29296875
799.6767578125
801.0166015625
800.07763671875
796.51171875
790.76904296875
784.96484375
780.7880859375
779.08349609375
779.3798828125
780.33935546875
780.9638671875
780.46728515625
779.36328125
778.0498046875
777.291015625
776.81005859375
776.654296875
776.09912109375
775.40478515625
774.28076171875
773.41015625
772.4873046875
772.16552734375
771.6962890625
771.56689453125
770.85986328125
770.27294921875
769.27099609375
768.7822265625
768.33056640625
768.44140625
768.642578125
768.927734375
769.1455078125
769.17626953125
769.49365234375
769.921875
771.0849609375
772.36083984375
774.044921875
775.3876953125
776.4892578125
777.2392578125
777.88720703125
778.60791015625
779.3642578125
779.75927734375
779.57275390625
778.4990234375
777.01611328125
775.44140625
774.4326171875
773.740234375
773.32861328125
772.80859375
772.3984375
772.22216796875
772.4892578125
772.974609375
773.3388671875
773.36181640625
773.1005859375
772.7099609375
