7834.611328125
7818.3369140625
7802.923828125
7788.326171875
7774.484375
7761.35302734375
7748.876953125
7737.00634765625
7725.68896484375
7714.8828125
7704.5458984375
7694.64404296875
7685.14208984375
7676.01708984375
7667.2373046875
7658.7880859375
7650.6494140625
7642.8076171875
7635.24853515625
7627.9619140625
7620.939453125
7614.1630859375
7607.62890625
7601.32958984375
7595.2587890625
7589.39990234375
7583.74658203125
7578.2900390625
7573.0224609375
7567.93505859375
7563.01806640625
7558.263671875
7553.66845703125
7549.2216796875
7544.923828125
7540.7607421875
7536.73486328125
7532.837890625
7529.0615234375
7525.40576171875
7521.869140625
7518.44140625
7515.12109375
7511.900390625
7508.78125
7505.7568359375
7502.82568359375
7499.9814453125
7497.22265625
7494.54541015625
7491.94873046875
7489.42578125
7486.97900390625
7484.6005859375
7482.2880859375
7480.0419921875
7477.8583984375
7475.734375
7473.669921875
7471.65966796875
7469.70751953125
7467.80224609375
7465.94775390625
7464.14306640625
7462.388671875
7460.6767578125
7459.00927734375
7457.3828125
7455.79833984375
7454.2509765625
7452.7421875
7451.2705078125
7449.83251953125
7448.43115234375
7447.06201171875
7445.724609375
7444.4140625
7443.13671875
7441.88818359375
7440.6669921875
7439.4736328125
7438.306640625
7437.162109375
7436.044921875
7434.951171875
7433.880859375
7432.83203125
7431.8056640625
7430.79833984375
7429.8115234375
7428.845703125
7427.89697265625
7426.96728515625
7426.0546875
7425.16162109375
7424.28173828125
7423.419921875
7422.57421875
7421.74267578125
7420.9287109375
7420.1259765625
7419.337890625
7418.560546875
7417.79638671875
7417.05078125
7416.31396484375
7415.591796875
7414.88037109375
7414.1806640625
7413.4912109375
7412.8134765625
7412.14501953125
7411.490234375
7410.8427734375
7410.20703125
7409.58203125
7408.9638671875
7408.35546875
7407.755859375
7407.166015625
7406.5830078125
7406.01171875
7405.44873046875
7404.8896484375
7404.3408203125
7403.8017578125
7403.2705078125
7402.7470703125
7402.23095703125
7401.72265625
7401.2216796875
7400.72900390625
7400.24267578125
7399.7626953125
7399.28759765625
7398.82470703125
7398.3671875
7397.9140625
7397.4716796875
7397.033203125
7396.6044921875
7396.181640625
7395.7646484375
7395.35498046875
7394.951171875
7394.5537109375
7394.1611328125
7393.7763671875
7393.3984375
7393.0224609375
7392.65625
7392.2958984375
7391.93896484375
7391.5849609375
7391.2421875
7390.90234375
7390.568359375
7390.2373046875
7389.912109375
7389.59423828125
7389.2802734375
7388.97314453125
7388.669921875
7388.369140625
7388.07568359375
7387.78662109375
7387.5
7387.21826171875
7386.9423828125
7386.6689453125
7386.39892578125
7386.1318359375
7385.86962890625
7385.611328125
7385.35693359375
7385.10546875
7384.85888671875
7384.615234375
7384.375
7384.138671875
7383.904296875
7383.6728515625
7383.44580078125
7383.21923828125
7382.99658203125
7382.77587890625
7382.55810546875
7382.3427734375
7382.130859375
7381.921875
7381.71484375
7381.50927734375
7381.306640625
7381.10693359375
7380.90966796875
7380.71337890625
7380.5185546875
7380.3251953125
7380.13623046875
7379.9501953125
100771664.0
57881736.0
4510576.5
123534928.0
141680.6875
99906.6015625
52187.8515625
47960.44921875
47768.53125
48592.1875
49216.37890625
49953.30859375
50903.79296875
51510.74609375
51322.5546875
50484.1328125
49594.01953125
49217.5703125
49769.40625
51338.89453125
53603.55078125
55389.30859375
55177.9921875
52861.875
49776.0546875
47017.703125
44903.15234375
43323.13671875
42078.0546875
41003.3125
39995.6875
39087.38671875
38156.73046875
37291.29296875
36520.1640625
35796.59765625
35140.37890625
34528.5234375
33949.78125
33398.671875
32873.7734375
32369.978515625
31886.73046875
31423.5703125
30986.681640625
30576.708984375
30179.26953125
29793.8359375
29429.607421875
29085.259765625
28757.193359375
28438.56640625
28125.35546875
27823.81640625
27535.12890625
27256.646484375
26986.669921875
26724.064453125
26468.7109375
26223.6796875
25991.82421875
25771.53515625
25560.18359375
25358.873046875
25167.67578125
24984.857421875
24810.037109375
24643.28515625
24483.52734375
24329.51953125
24180.33203125
24035.21875
23894.583984375
23758.78515625
23626.697265625
23497.79296875
23372.599609375
23251.298828125
23133.130859375
23017.767578125
22905.130859375
22795.291015625
22688.41796875
22584.345703125
22482.685546875
22383.37890625
22286.443359375
22191.626953125
22098.6640625
22007.58984375
21918.501953125
21831.26171875
21745.671875
21661.677734375
21579.23828125
21498.2734375
21418.68359375
21340.3671875
21263.373046875
21187.634765625
21112.97265625
21039.3828125
20966.80078125
20895.197265625
20824.58203125
20754.91796875
20686.24609375
20618.564453125
20551.853515625
20486.109375
20421.39453125
20357.677734375
20294.85546875
20232.83984375
20171.541015625
20110.9296875
20051.015625
19991.791015625
19933.28515625
19875.44140625
19818.234375
19761.64453125
19705.654296875
19650.21875
19595.359375
19541.0625
19487.34765625
19434.201171875
19381.609375
19329.55078125
19278.046875
19227.0703125
19176.578125
19126.57421875
19077.009765625
19027.88671875
18979.189453125
18930.873046875
18882.958984375
18835.455078125
18788.3359375
18741.6171875
18695.3046875
18649.416015625
18603.904296875
18558.66015625
18513.5703125
18468.87890625
18424.740234375
18380.943359375
18337.30859375
18293.9453125
18251.08203125
18208.5234375
18166.115234375
18124.009765625
18082.3203125
18040.8671875
17999.66015625
17958.853515625
17918.46875
17878.3828125
17838.6328125
17799.265625
17760.203125
17721.38671875
17682.87890625
17644.71484375
17606.859375
17569.291015625
17532.048828125
17495.1171875
17458.4453125
17422.0625
17385.98046875
17350.193359375
17314.638671875
17279.20703125
17243.92578125
17208.81640625
17173.8046875
17138.84375
17103.87109375
17068.91015625
17033.857421875
16998.609375
16963.10546875
16927.302734375
16891.4453125
16856.349609375
16823.3515625
16790.76171875
16757.748046875
16725.146484375
16692.87890625
16660.888671875
16629.32421875
16597.93359375
16566.35546875
16534.72265625
16503.734375
16473.23046875
16442.607421875
16412.61328125
16381.029296875
16350.34375
16320.02734375
16290.17578125
16260.484375
16230.71875
16202.25
16171.34765625
16143.27734375
16118.427734375
16086.529296875
16070.2529296875
16074.0126953125
16071.23046875
16026.677734375
16001.7998046875
15975.59765625
15940.6982421875
15908.8095703125
15872.431640625
15841.1533203125
15811.79296875
15782.328125
15755.341796875
15724.08203125
15692.92578125
15664.5625
15632.4150390625
15599.2900390625
15569.77734375
15541.373046875
15514.03125
15486.8115234375
15459.626953125
15433.056640625
15406.55859375
15381.3251953125
15356.146484375
15331.0126953125
15305.75390625
15281.583984375
15255.9482421875
15230.6806640625
15206.3671875
15182.837890625
15158.6640625
15134.015625
15109.107421875
15084.8662109375
15061.431640625
15038.1162109375
15014.1748046875
14990.42578125
14967.3505859375
14944.69140625
14921.7080078125
14898.7724609375
14876.412109375
14854.3671875
14832.412109375
14810.6669921875
14789.10546875
14767.546875
14745.896484375
14724.416015625
14703.736328125
14683.916015625
14664.5546875
14644.388671875
14622.19140625
14599.2744140625
14579.033203125
14560.3603515625
14539.853515625
14518.15234375
14498.3037109375
14479.533203125
14459.302734375
14438.552734375
14419.4453125
14400.5869140625
14380.3671875
14360.326171875
14341.5205078125
14322.4765625
14302.720703125
14283.46875
14264.8828125
14246.1435546875
14227.5029296875
14210.26171875
14193.09375
14174.822265625
14152.1962890625
14132.556640625
14116.443359375
14097.3447265625
14076.244140625
14057.4296875
14039.66015625
14020.015625
14000.6767578125
13983.19140625
13964.650390625
13945.2890625
13927.783203125
13910.1552734375
13891.6240234375
13874.39453125
13857.46875
13839.4765625
13821.943359375
13804.6826171875
13786.9140625
13769.912109375
13753.5859375
13736.51953125
13719.099609375
13702.0830078125
13685.0625
13668.005859375
13651.3095703125
13634.7109375
13617.9453125
13601.404296875
13585.1630859375
13568.76171875
13552.125
13535.65234375
13519.27734375
13502.7421875
13486.173828125
13469.92578125
13453.859375
13437.6943359375
13421.53125
13405.6171875
13389.943359375
13374.35546875
13359.009765625
13344.01171875
13329.111328125
13313.45703125
13297.02734375
13281.06640625
13265.9296875
13250.64453125
13234.8349609375
13219.2890625
13204.2822265625
13189.099609375
13173.5732421875
13158.2109375
13143.1591796875
13127.80859375
13112.060546875
13096.419921875
13081.2763671875
13066.2099609375
13050.783203125
13035.34375
13020.380859375
13005.9921875
12993.423828125
12984.638671875
12981.365234375
12965.4345703125
12941.33203125
12928.986328125
12920.322265625
12898.93359375
12878.9736328125
12870.4697265625
12851.583984375
12835.658203125
12825.1787109375
12807.107421875
12794.7578125
12782.59765625
12761.5556640625
12751.3935546875
12736.0146484375
12722.4892578125
12709.779296875
12691.0048828125
12678.3369140625
12664.37890625
12650.4560546875
12638.095703125
12622.203125
12608.8427734375
12595.4296875
12580.4609375
12568.0439453125
12552.8740234375
12540.8515625
12528.04296875
12514.3759765625
12501.31640625
12486.9169921875
12473.396484375
12459.89453125
12446.6572265625
12434.6875
12423.482421875
12410.541015625
12396.30078125
12382.181640625
12369.767578125
12358.203125
12345.63671875
12332.857421875
12320.0595703125
12307.869140625
12296.21484375
12283.705078125
12268.541015625
12253.0048828125
12240.3486328125
12229.3837890625
12216.8515625
12203.26171875
12191.15234375
12180.107421875
12168.296875
12156.24609375
12144.0009765625
12130.744140625
12116.80078125
12105.03515625
12094.9140625
12083.26953125
12069.794921875
12057.0546875
12045.9736328125
12035.04296875
12023.3583984375
12011.892578125
12001.2451171875
11990.513671875
11978.828125
11966.109375
11953.390625
11941.33984375
11929.5419921875
11917.9453125
11906.4453125
11894.9169921875
11883.2548828125
11871.908203125
11861.0283203125
11850.2451171875
11839.38671875
11828.7705078125
11818.560546875
11808.2734375
11796.89453125
11784.3076171875
11771.669921875
11760.505859375
11750.732421875
11740.80078125
11729.373046875
11716.6640625
11704.2919921875
11693.3759765625
11683.45703125
11673.3193359375
11662.337890625
11650.9169921875
11639.7392578125
11628.9091796875
11618.048828125
11606.982421875
11596.1142578125
11585.87890625
11576.18359375
11566.634765625
11557.3916015625
11548.984375
11541.2548828125
11529.7841796875
11515.697265625
11504.205078125
11497.0986328125
11489.630859375
11478.833984375
11468.5263671875
11459.712890625
11449.79296875
11437.400390625
11425.64453125
11415.6796875
11405.2685546875
11392.859375
11381.279296875
11371.955078125
11362.2548828125
11351.29296875
11340.380859375
11329.9423828125
11319.705078125
11309.650390625
11299.6318359375
11289.515625
11279.14453125
11268.634765625
11258.5986328125
11249.0283203125
11239.1259765625
11229.0234375
11219.4365234375
11210.5322265625
11202.009765625
11193.412109375
11184.45703125
11174.828125
11164.017578125
11152.1767578125
11140.7001953125
11130.6171875
11121.5478515625
11112.29296875
11102.04296875
11091.1484375
11080.71484375
11071.2001953125
11062.08203125
11052.48828125
11042.2841796875
11032.2265625
11023.2431640625
11015.396484375
11007.6181640625
10998.74609375
10988.654296875
10978.0498046875
10967.7958984375
10958.0478515625
10948.435546875
10938.724609375
10929.03515625
10919.4150390625
10909.61328125
10899.806640625
10890.4755859375
10881.6923828125
10872.6328125
10862.4931640625
10851.5078125
10841.1630859375
10832.037109375
10823.4921875
10814.255859375
10804.8974609375
10796.16015625
10788.06640625
10779.3515625
10768.60546875
10757.302734375
10747.197265625
10738.966796875
10731.01953125
10722.0791015625
10712.42578125
10703.04296875
10694.37890625
10685.751953125
10676.66796875
10667.169921875
10657.6728515625
10648.3291015625
10639.197265625
10629.9716796875
10620.94140625
10611.9287109375
10602.943359375
10593.755859375
10584.70703125
10576.1884765625
10568.53515625
10561.322265625
10554.3115234375
10547.16015625
10540.533203125
10534.03515625
10527.806640625
10519.0390625
10507.80078125
10494.2421875
10482.12890625
10473.728515625
10468.1220703125
10462.6005859375
10454.7041015625
10445.1796875
10435.6298828125
10427.2021484375
10419.138671875
10410.37890625
10400.94921875
10391.4970703125
10382.65234375
10374.53125
10367.123046875
10360.26171875
10353.6904296875
10347.173828125
10340.822265625
10335.130859375
10330.1259765625
10325.2763671875
10318.9609375
10310.91796875
10300.767578125
10290.390625
10280.216796875
10271.1328125
10262.50390625
10254.0537109375
10245.30078125
10236.3671875
10227.59765625
10219.447265625
10212.2529296875
10205.794921875
10199.2265625
10191.947265625
10183.732421875
10175.287109375
10166.9501953125
10158.896484375
10150.869140625
10142.73828125
10134.87109375
10127.529296875
10121.08203125
10114.599609375
10107.8837890625
10099.8486328125
10091.3271484375
10082.6259765625
10074.73828125
10067.822265625
10061.6259765625
10055.7119140625
10049.291015625
10042.27734375
10034.212890625
10026.3525390625
10018.900390625
10012.23046875
10005.216796875
9997.478515625
9989.4619140625
9982.4833984375
9976.59765625
9970.70703125
9963.79296875
9956.251953125
9949.1455078125
9943.2666015625
9937.4638671875
9930.9521484375
9923.306640625
9916.1259765625
9909.556640625
9903.6171875
9896.787109375
9889.3955078125
9881.7294921875
9875.7724609375
9870.166015625
9865.3583984375
9859.3720703125
9852.578125
9844.7802734375
9836.6025390625
9828.2939453125
9819.830078125
9811.69140625
9803.591796875
9796.123046875
9788.724609375
9781.3447265625
9773.8271484375
9766.5625
9759.830078125
9753.255859375
9746.6171875
9739.6455078125
9732.765625
9726.193359375
9719.875
9713.322265625
9706.056640625
9698.03125
9689.34375
9680.95703125
9673.296875
9666.6279296875
9660.6328125
9654.8681640625
9648.876953125
9642.611328125
9636.548828125
9631.5654296875
9627.82421875
9625.103515625
9621.18359375
9617.1005859375
9611.791015625
9607.1142578125
9599.021484375
9588.6708984375
9578.396484375
9571.4111328125
9567.927734375
9564.8203125
9560.060546875
9551.888671875
9543.33984375
9535.333984375
9527.3642578125
9520.05078125
9513.384765625
9508.4072265625
9502.8515625
9495.2431640625
9486.1484375
9478.7265625
9474.201171875
9471.13671875
9466.88671875
9460.0380859375
9451.85546875
9443.54296875
9435.1962890625
9425.751953125
9416.4150390625
9408.2197265625
9402.037109375
9396.4130859375
9390.326171875
9383.34765625
9376.552734375
9369.7978515625
9362.7060546875
9355.0419921875
9346.9521484375
9339.1728515625
9332.189453125
9326.134765625
9320.6796875
9315.171875
9309.525390625
9303.998046875
9299.158203125
9294.6787109375
9290.171875
9285.041015625
9279.0703125
9272.443359375
9265.30859375
9259.1376953125
9253.703125
9249.509765625
9243.9609375
9236.716796875
9227.619140625
9219.14453125
9213.0126953125
9209.376953125
9206.9326171875
9204.0029296875
9199.50390625
9192.927734375
9185.62890625
9179.03515625
9174.333984375
9171.3505859375
9169.0712890625
9166.48828125
9161.7216796875
9153.5029296875
9142.3603515625
9131.345703125
9121.8671875
9115.048828125
9109.5830078125
9104.5673828125
9097.818359375
9089.794921875
9080.8232421875
9073.1484375
9066.578125
9061.3740234375
9056.291015625
9050.619140625
9044.228515625
9038.04296875
9032.984375
9028.615234375
9024.3056640625
9019.7783203125
9014.74609375
9009.55859375
9004.2421875
8999.08203125
8994.484375
8990.6376953125
8987.4765625
8983.2529296875
8976.345703125
8966.392578125
8956.078125
8948.8623046875
8944.70703125
8940.3896484375
8933.09765625
8923.333984375
8914.40625
8908.791015625
8905.9052734375
8903.3720703125
8898.9453125
8892.62109375
8884.51171875
8876.16015625
8867.5791015625
8859.8046875
8853.1640625
8847.876953125
8843.84375
8839.677734375
8835.349609375
8829.890625
8824.595703125
8818.7041015625
8813.4423828125
8807.5078125
8801.5341796875
8794.640625
8787.7578125
8780.87890625
8774.7001953125
8769.017578125
8764.1181640625
8759.470703125
8755.3515625
8751.296875
8747.240234375
8742.8779296875
8738.2548828125
8733.9921875
8729.8701171875
8726.4677734375
8722.1357421875
8718.044921875
8713.015625
8709.6640625
8703.84765625
8698.453125
8693.3017578125
8689.998046875
8687.1826171875
8681.5
8673.892578125
8665.5625
8659.8671875
8656.3720703125
8653.712890625
8651.55859375
8650.5419921875
8649.6484375
8647.7060546875
8642.7568359375
8636.8056640625
8629.630859375
8622.361328125
8613.43359375
8604.1533203125
8595.28515625
8588.3857421875
8582.9501953125
8578.744140625
8574.4794921875
8569.9609375
8564.263671875
8557.4658203125
8550.0703125
8542.69140625
8536.224609375
8530.197265625
8525.138671875
8520.4697265625
8516.7734375
8513.8759765625
8511.1708984375
8507.93359375
8503.26953125
8497.47265625
8490.666015625
8484.22265625
8478.0927734375
8473.0703125
8468.75
8464.748046875
8460.1591796875
8454.8125
8448.7900390625
8442.90625
8437.6845703125
8433.9580078125
8431.29296875
8429.625
8427.9345703125
8426.1376953125
8423.87109375
8421.4365234375
8418.5751953125
8414.8115234375
8412.357421875
8417.478515625
8397.6328125
8380.0419921875
8376.48046875
8364.3779296875
8367.482421875
8362.1689453125
8361.76171875
8354.423828125
8350.224609375
8344.37890625
8342.30078125
8338.470703125
8333.33984375
8326.5966796875
8318.533203125
8313.484375
8308.2958984375
8306.1064453125
8302.267578125
8300.1943359375
8297.84765625
8297.326171875
8296.751953125
8295.595703125
8292.1162109375
8288.103515625
8283.6240234375
8279.8837890625
8274.4375
8268.63671875
8262.109375
8256.0849609375
8249.02734375
8241.2138671875
8232.2109375
8223.8203125
8215.9931640625
8209.875
8204.626953125
8200.0
8195.35546875
8190.41552734375
8184.919921875
8178.95166015625
8172.087890625
8165.1728515625
8157.9267578125
8151.3291015625
8145.0947265625
8139.74169921875
8135.060546875
8131.1123046875
8127.49267578125
8124.10595703125
8120.8349609375
8117.8515625
8115.1298828125
8112.2421875
8108.4765625
8103.62109375
8098.25537109375
8093.4189453125
8089.8095703125
8087.26953125
8084.94189453125
8082.40576171875
8079.9658203125
8077.77197265625
8075.681640625
8072.43798828125
8067.8076171875
8061.68896484375
8055.1337890625
8027.482421875
8032.48388671875
8034.79931640625
8015.146484375
8025.638671875
8015.67431640625
8008.3447265625
8013.580078125
8001.5283203125
8001.5693359375
7999.8251953125
7991.5986328125
7992.626953125
7987.4013671875
7983.173828125
7982.2509765625
7976.919921875
7974.47607421875
7971.8017578125
7967.57421875
7965.2451171875
7961.92822265625
7958.5322265625
7955.8486328125
7952.560546875
7949.4794921875
7946.58056640625
7943.4541015625
7940.412109375
7937.474609375
7934.4404296875
7931.416015625
7928.4921875
7925.48193359375
7922.4794921875
7919.59033203125
7916.58203125
7913.625
7910.72802734375
7907.740234375
7904.8193359375
7901.9091796875
7898.94140625
7896.03369140625
7893.1181640625
7890.171875
7887.27783203125
7884.36669921875
7881.4384765625
7878.5556640625
7875.6484375
7872.734375
7869.85595703125
7866.958984375
7864.06396484375
7861.18359375
7858.287109375
7855.40283203125
7852.5244140625
7849.63916015625
7846.76953125
7843.89404296875
7841.01953125
7838.150390625
7835.283203125
7832.41259765625
7829.5498046875
7826.69873046875
7823.8310546875
7820.97314453125
7818.1201171875
7815.26806640625
7812.4189453125
7809.5732421875
7806.720703125
7803.8828125
7801.03857421875
7798.19873046875
7795.35888671875
7792.5224609375
7789.6787109375
7786.84912109375
7784.01708984375
7781.1884765625
7778.36328125
7775.54345703125
7772.7177734375
7769.8974609375
7767.07275390625
7764.2587890625
7761.44140625
7758.6279296875
7755.81396484375
7753.0029296875
7750.19189453125
7747.3916015625
7744.5810546875
7741.7763671875
7738.9814453125
7736.17529296875
7733.37744140625
7730.5849609375
7727.791015625
7725.001953125
7722.20654296875
7719.4228515625
7716.6318359375
7713.841796875
7711.0654296875
7708.2841796875
7705.5048828125
7702.732421875
7699.953125
7697.177734375
7694.404296875
7691.638671875
7688.86767578125
7686.10546875
7683.3408203125
7680.578125
7677.8173828125
7675.0595703125
7672.30322265625
7669.5458984375
7666.7802734375
7664.0322265625
7661.28515625
7658.54296875
7655.80126953125
7653.05859375
7650.318359375
7647.5732421875
7644.833984375
7642.1044921875
7639.369140625
7636.63818359375
7633.9111328125
7631.173828125
7628.44970703125
7625.7255859375
7623.0029296875
7620.27734375
7617.5615234375
7614.8408203125
7612.1220703125
7609.4091796875
7606.6962890625
7603.98046875
7601.26953125
7598.5615234375
7595.85546875
7593.15234375
7590.4462890625
7587.7431640625
7585.03857421875
7582.34033203125
7579.6376953125
7576.93994140625
7574.24462890625
7571.548828125
7568.8583984375
7566.173828125
7563.48095703125
7560.80029296875
7558.111328125
7555.4365234375
7552.751953125
7550.0732421875
7547.3984375
7544.7275390625
7542.052734375
7539.3779296875
7536.703125
7534.0380859375
7531.3671875
7528.6982421875
7526.0322265625
7523.36279296875
7520.70361328125
7518.04833984375
7515.38525390625
7512.724609375
7510.06591796875
7507.412109375
7504.7529296875
7502.09912109375
7499.44580078125
7496.7958984375
7494.1435546875
7491.4990234375
7488.8505859375
7486.2021484375
7483.564453125
7480.9208984375
7478.27587890625
7475.63330078125
7472.9892578125
7470.35009765625
7467.70703125
7465.06591796875
7462.4326171875
7459.791015625
7457.1513671875
7454.515625
7451.8798828125
7449.24560546875
7446.6103515625
7443.97412109375
7441.3408203125
7438.69921875
7436.06201171875
7433.4306640625
7430.7939453125
7428.162109375
7425.52734375
7422.8857421875
7420.2529296875
7417.61962890625
7414.98095703125
7412.3515625
7409.7119140625
7407.080078125
7404.4453125
7401.818359375
7399.1845703125
7396.560546875
7393.931640625
7391.3076171875
7388.689453125
7386.0634765625
7383.4423828125
7380.82275390625
7378.212890625
7375.60498046875
7372.994140625
7370.396484375
7367.8037109375
7365.2080078125
7362.62451171875
7360.0341796875
7357.4541015625
7354.88427734375
7352.30859375
7349.7412109375
7347.1748046875
7344.60986328125
7342.0478515625
7339.4794921875
7336.9189453125
7334.36474609375
7331.802734375
7329.25341796875
7326.70166015625
7324.1513671875
7321.6025390625
7319.056640625
7316.51123046875
7313.96923828125
7311.42236328125
7308.88427734375
7306.3486328125
7303.810546875
7301.2763671875
7298.7431640625
7296.21875
7293.6845703125
7291.154296875
7288.6259765625
7286.10400390625
7283.5791015625
7281.05908203125
7278.5390625
7276.01171875
7273.49609375
7270.9853515625
7268.4658203125
7265.9521484375
7263.447265625
7260.93017578125
7258.4208984375
7255.919921875
7253.4169921875
7250.92626953125
7248.4482421875
7245.998046875
7243.5947265625
7241.30078125
7239.189453125
7237.41357421875
7236.05712890625
7234.8154296875
7232.716796875
7228.70703125
7224.0185546875
7221.0537109375
7219.86474609375
7218.10546875
7214.544921875
7211.00830078125
7209.02392578125
7207.30908203125
7204.35205078125
7201.0771484375
7198.8505859375
7196.8994140625
7194.10498046875
7191.111328125
7188.82373046875
7186.6748046875
7183.947265625
7181.158203125
7178.84130859375
7176.552734375
7173.86865234375
7171.2197265625
7168.8798828125
7166.4912109375
7163.8525390625
7161.28125
7158.90625
7156.4580078125
7153.85791015625
7151.33154296875
7148.927734375
7146.4453125
7143.88037109375
7141.36572265625
7138.9306640625
7136.4375
7133.890625
7131.39306640625
7128.93603515625
7126.427734375
7123.8818359375
7121.3486328125
7118.822265625
7116.2529296875
7113.6630859375
7111.10205078125
7108.564453125
7106.0048828125
7103.4248046875
7100.8369140625
7098.24658203125
7095.6240234375
7092.9970703125
7090.37451171875
7087.7568359375
7085.1298828125
7082.4814453125
7079.83837890625
7077.19580078125
7074.5439453125
7071.9052734375
7069.26904296875
7066.65478515625
7064.0546875
7061.451171875
7058.87939453125
7056.30859375
7053.751953125
7051.2041015625
7048.6787109375
7046.158203125
7043.63671875
7041.1201171875
7038.6015625
7036.08447265625
7033.556640625
7031.03564453125
7028.50390625
7025.970703125
7023.43408203125
7020.890625
7018.3408203125
7015.7861328125
7013.2294921875
7010.65966796875
7008.0869140625
7005.5166015625
7002.9384765625
7000.35595703125
6997.7724609375
6995.18505859375
6992.59375
6990.005859375
6987.4130859375
6984.8203125
6982.22607421875
6979.6298828125
6977.04638671875
6974.4736328125
6971.93017578125
6969.44677734375
6967.107421875
6965.0400390625
6963.40234375
6962.19677734375
6961.1064453125
6959.28564453125
6955.818359375
6950.986328125
6946.58642578125
6943.72509765625
6941.9287109375
6939.9677734375
6937.1748046875
6933.7568359375
6930.2919921875
6927.4150390625
6925.1337890625
6922.90234375
6920.3349609375
6917.5166015625
6914.76171875
6912.1259765625
6909.6142578125
6907.23583984375
6904.84130859375
6902.2763671875
6899.58984375
6897.01953125
6894.654296875
6892.3037109375
6889.8388671875
6887.3203125
6884.8212890625
6882.39013671875
6880.0283203125
6877.73046875
6875.45947265625
6873.23046875
6871.169921875
6869.2861328125
6867.6435546875
6865.75146484375
6863.4736328125
6860.20654296875
6856.6650390625
6853.59716796875
6851.31884765625
6849.5791015625
6847.92578125
6845.98828125
6843.17578125
6840.0146484375
6837.1435546875
6834.85791015625
6832.92578125
6830.91357421875
6828.54296875
6825.76171875
6823.01708984375
6820.544921875
6818.3134765625
6816.10546875
6813.716796875
6811.16845703125
6808.5947265625
6806.12890625
6803.7822265625
6801.46142578125
6799.0986328125
6796.6689453125
6794.22314453125
6791.8349609375
6789.5078125
6787.24853515625
6785.0537109375
6782.9736328125
6781.087890625
6779.47216796875
6778.166015625
6776.8779296875
6775.1376953125
6772.2646484375
6768.41796875
6764.5869140625
6761.9375
6760.4892578125
6759.34375
6757.47119140625
6754.67578125
6751.5361328125
6748.84912109375
6746.81640625
6745.087890625
6742.912109375
6740.1650390625
6737.18212890625
6734.6513671875
6732.65234375
6730.697265625
6728.45556640625
6725.96484375
6723.994140625
6722.4111328125
6721.712890625
6720.181640625
6718.74609375
6716.0439453125
6713.6611328125
6711.158203125
6709.40234375
6707.78857421875
6706.45556640625
6704.9267578125
6702.8935546875
6700.62109375
6698.1728515625
6695.9169921875
6693.8974609375
6691.908203125
6689.8134765625
6687.31494140625
6684.6494140625
6681.97705078125
6679.796875
6678.32861328125
6677.58056640625
6676.7763671875
6675.17626953125
6672.4755859375
6669.43115234375
6667.19091796875
6666.1748046875
6665.7890625
6665.40234375
6664.3662109375
6663.2255859375
6662.13134765625
6661.822265625
6662.0390625
6662.63623046875
6662.275390625
6660.59375
6656.89013671875
6652.6171875
6648.23583984375
6644.201171875
6640.3232421875
6637.35205078125
6636.33203125
6637.5888671875
6639.35546875
6639.11328125
6635.3037109375
6629.2900390625
6623.52294921875
6620.0625
6618.10888671875
6616.0693359375
6612.8505859375
6609.58349609375
6607.0126953125
6605.66162109375
6604.07080078125
6601.2421875
6596.5595703125
6590.919921875
6586.0732421875
6582.84912109375
6581.1015625
6579.7294921875
6578.09375
6575.95263671875
6574.1103515625
6572.8291015625
6572.4990234375
6572.0869140625
6571.4248046875
6569.22216796875
6566.1787109375
6562.4990234375
6559.365234375
6556.80126953125
6554.916015625
6553.3955078125
6552.60107421875
6552.3271484375
6552.3798828125
6551.9189453125
6550.56005859375
6547.78515625
6543.802734375
6538.849609375
6533.5849609375
6528.7958984375
6524.99365234375
6522.3818359375
6520.814453125
6519.84228515625
6518.9716796875
6517.6455078125
6515.6650390625
6513.0908203125
6510.08447265625
6506.79052734375
6503.39453125
6500.1171875
6497.43896484375
6495.259765625
6493.4501953125
6491.6318359375
6489.69921875
6487.69482421875
6485.8779296875
6484.4111328125
6483.3310546875
6482.50341796875
6481.60498046875
6480.4326171875
6478.78564453125
6476.73095703125
6474.5068359375
6472.32861328125
6470.40234375
6468.55517578125
6466.50732421875
6463.89697265625
6460.7666015625
6457.15576171875
6453.7177734375
6450.3544921875
6447.560546875
6444.9794921875
6442.81201171875
6440.802734375
6438.837890625
6436.888671875
6434.763671875
6432.625
6430.26123046875
6428.037109375
6425.74658203125
6423.966796875
6422.2177734375
6420.79248046875
6418.81494140625
6416.5390625
6413.71484375
6410.9228515625
6408.3115234375
6406.1484375
6404.2900390625
6402.56884765625
6400.81884765625
6399.06982421875
6397.31201171875
6395.6025390625
6393.615234375
6391.375
6388.880859375
6386.515625
6384.498046875
6382.9296875
6381.50927734375
6380.1298828125
6378.7685546875
6377.673828125
6376.77294921875
6375.9609375
6374.9267578125
6373.46435546875
6371.5595703125
6369.2548828125
6366.8154296875
6364.5078125
6362.5751953125
6361.390625
6360.462890625
6359.91162109375
6359.119140625
6358.72509765625
6358.375
6357.9912109375
6356.2275390625
6353.2431640625
6349.443359375
6346.427734375
6344.59765625
6343.953125
6343.197265625
6341.60888671875
6338.6044921875
6334.568359375
6329.9765625
6325.462890625
6321.1474609375
6317.3779296875
6314.24609375
6311.81787109375
6309.63525390625
6307.23095703125
6304.27001953125
6300.7626953125
6297.22900390625
6294.12890625
6291.8115234375
6289.9716796875
6288.14453125
6285.79296875
6282.70703125
6279.009765625
6275.083984375
6271.291015625
6267.951171875
6265.1201171875
6262.79345703125
6260.77294921875
6258.90087890625
6257.03515625
6255.18359375
6253.2978515625
6251.330078125
6249.11328125
6246.623046875
6243.9541015625
6241.55029296875
6239.6884765625
6238.5361328125
6237.751953125
6237.1591796875
6236.4169921875
6235.6494140625
6234.96484375
6234.5693359375
6234.4072265625
6234.33984375
6234.13330078125
6233.576171875
6232.7783203125
6231.529296875
6230.11572265625
6227.71142578125
6224.78076171875
6220.8544921875
6217.17724609375
6213.8515625
6211.1689453125
6208.32958984375
6205.17333984375
6201.73681640625
6198.2978515625
6195.48046875
6193.26953125
6191.5771484375
6190.0263671875
6188.14208984375
6185.79296875
6182.6513671875
6179.0205078125
6174.98779296875
6171.2880859375
6168.04736328125
6165.53857421875
6163.4912109375
6161.65673828125
6159.7529296875
6157.6201171875
6155.314453125
6152.92724609375
6150.7783203125
6148.89990234375
6147.37939453125
6145.6630859375
6143.771484375
6141.19580078125
6138.46435546875
6135.658203125
6133.1591796875
6131.072265625
6129.484375
6128.3330078125
6127.38916015625
6126.51416015625
6125.2822265625
6123.6904296875
6121.443359375
6118.72802734375
6115.55810546875
6112.26953125
6109.2255859375
6106.64013671875
6104.6279296875
6102.8583984375
6101.10009765625
6099.09716796875
6096.8837890625
6094.6826171875
6092.572265625
6090.697265625
6088.73583984375
6086.7138671875
6084.46044921875
6082.4619140625
6080.880859375
6080.22998046875
6080.27734375
6081.0947265625
6082.029296875
6082.6376953125
6082.5654296875
6081.1337890625
6078.80517578125
6075.2529296875
6071.421875
6067.1259765625
6062.9814453125
6058.5107421875
6054.1962890625
6049.7548828125
6045.7041015625
6042.4228515625
6039.9560546875
6038.21875
6036.607421875
6034.736328125
6032.37353515625
6029.73876953125
6027.2109375
6025.13134765625
6023.63720703125
6022.755859375
6022.45654296875
6022.54833984375
6022.9140625
6022.78173828125
6021.98681640625
6020.0029296875
6017.494140625
6014.8671875
6012.72265625
6010.83837890625
6008.787109375
6006.0244140625
6002.771484375
5999.314453125
5996.05126953125
5993.46044921875
5991.2578125
5989.7294921875
5988.0185546875
5986.27490234375
5983.98681640625
5981.4716796875
5978.6708984375
5975.783203125
5972.8134765625
5969.916015625
5967.28515625
5965.00048828125
5963.068359375
5961.173828125
5959.2041015625
5956.8916015625
5954.4169921875
5951.74609375
5949.30029296875
5947.0693359375
5945.35693359375
5943.97265625
5942.9453125
5941.93896484375
5940.9521484375
5939.7568359375
5938.5400390625
5937.1591796875
5935.80419921875
5934.2451171875
5932.5703125
5930.62158203125
5928.5771484375
5926.537109375
5924.6533203125
5923.1201171875
5921.65869140625
5920.40673828125
5918.36962890625
5916.0634765625
5912.3798828125
5908.6005859375
5904.89208984375
5902.36083984375
5901.19091796875
5901.0458984375
5901.23046875
5900.875
5899.52978515625
5897.263671875
5894.5263671875
5892.1005859375
5890.04345703125
5888.78662109375
5888.45703125
5888.71240234375
5888.873046875
5888.212890625
5886.80322265625
5885.55712890625
5885.02734375
5884.7197265625
5883.4638671875
5880.98828125
5877.39599609375
5873.2275390625
5869.3544921875
5866.9970703125
5865.85546875
5865.08447265625
5863.1240234375
5860.11865234375
5856.1845703125
5852.5546875
5849.248046875
5846.7734375
5844.80859375
5843.39697265625
5841.83349609375
5839.98388671875
5837.873046875
5835.95654296875
5834.1806640625
5832.15234375
5829.4775390625
5826.083984375
5822.6103515625
5819.5732421875
5817.5
5816.18115234375
5815.3857421875
5814.48046875
5813.375
5812.01220703125
5810.76611328125
5809.7451171875
5809.1630859375
5808.794921875
5808.47509765625
5807.7265625
5806.27001953125
5803.78662109375
5800.443359375
5796.5908203125
5793.0419921875
5790.0732421875
5788.0224609375
5786.52197265625
5785.41259765625
5784.388671875
5783.30224609375
5782.3701171875
5781.33203125
5780.63671875
5779.60546875
5778.7890625
5777.6279296875
5776.6875
5775.7041015625
5774.7041015625
5773.0302734375
5770.2958984375
5766.33203125
5761.560546875
5756.8330078125
5752.58544921875
5749.2919921875
5746.6220703125
5744.55224609375
5742.4462890625
5740.43994140625
5738.17236328125
5736.08203125
5734.04248046875
5732.416015625
5731.04296875
5730.0224609375
5729.08740234375
5728.185546875
5727.05322265625
5725.6962890625
5724.052734375
5722.2119140625
5720.244140625
5718.3955078125
5716.80712890625
5715.76806640625
5715.15185546875
5714.8916015625
5714.61474609375
5714.13134765625
5713.16650390625
5711.478515625
5709.0615234375
5705.8564453125
5702.40478515625
5698.9638671875
5696.0341796875
5693.7529296875
