7834.611328125
7818.3369140625
7802.923828125
7788.326171875
7774.484375
7761.35302734375
7748.876953125
7737.00634765625
7725.68896484375
7714.8828125
7704.5458984375
7694.64404296875
7685.14208984375
7676.01708984375
7667.2373046875
7658.7880859375
7650.6494140625
7642.8076171875
7635.24853515625
7627.9619140625
7620.939453125
7614.1630859375
7607.62890625
7601.32958984375
7595.2587890625
7589.39990234375
7583.74658203125
7578.2900390625
7573.0224609375
7567.93505859375
7563.01806640625
7558.263671875
7553.66845703125
7549.2216796875
7544.923828125
7540.7607421875
7536.73486328125
7532.837890625
7529.0615234375
7525.40576171875
7521.869140625
7518.44140625
7515.12109375
7511.900390625
7508.78125
7505.7568359375
7502.82568359375
7499.9814453125
7497.22265625
7494.54541015625
7491.94873046875
7489.42578125
7486.97900390625
7484.6005859375
7482.2880859375
7480.0419921875
7477.8583984375
7475.734375
7473.669921875
7471.65966796875
7469.70751953125
7467.80224609375
7465.94775390625
7464.14306640625
7462.388671875
7460.6767578125
7459.00927734375
7457.3828125
7455.79833984375
7454.2509765625
7452.7421875
7451.2705078125
7449.83251953125
7448.43115234375
7447.06201171875
7445.724609375
7444.4140625
7443.13671875
7441.88818359375
7440.6669921875
7439.4736328125
7438.306640625
7437.162109375
7436.044921875
7434.951171875
7433.880859375
7432.83203125
7431.8056640625
7430.79833984375
7429.8115234375
7428.845703125
7427.89697265625
7426.96728515625
7426.0546875
7425.16162109375
7424.28173828125
7423.419921875
7422.57421875
7421.74267578125
7420.9287109375
7420.1259765625
7419.337890625
7418.560546875
7417.79638671875
7417.05078125
7416.31396484375
7415.591796875
7414.88037109375
7414.1806640625
7413.4912109375
7412.8134765625
7412.14501953125
7411.490234375
7410.8427734375
7410.20703125
7409.58203125
7408.9638671875
7408.35546875
7407.755859375
7407.166015625
7406.5830078125
7406.01171875
7405.44873046875
7404.8896484375
7404.3408203125
7403.8017578125
7403.2705078125
7402.7470703125
7402.23095703125
7401.72265625
7401.2216796875
7400.72900390625
7400.24267578125
7399.7626953125
7399.28759765625
7398.82470703125
7398.3671875
7397.9140625
7397.4716796875
7397.033203125
7396.6044921875
7396.181640625
7395.7646484375
7395.35498046875
7394.951171875
7394.5537109375
7394.1611328125
7393.7763671875
7393.3984375
7393.0224609375
7392.65625
7392.2958984375
7391.93896484375
7391.5849609375
7391.2421875
7390.90234375
7390.568359375
7390.2373046875
7389.912109375
7389.59423828125
7389.2802734375
7388.97314453125
7388.669921875
7388.369140625
7388.07568359375
7387.78662109375
7387.5
7387.21826171875
7386.9423828125
7386.6689453125
7386.39892578125
7386.1318359375
7385.86962890625
7385.611328125
7385.35693359375
7385.10546875
7384.85888671875
7384.615234375
7384.375
7384.138671875
7383.904296875
7383.6728515625
7383.44580078125
7383.21923828125
7382.99658203125
7382.77587890625
7382.55810546875
7382.3427734375
7382.130859375
7381.921875
7381.71484375
7381.50927734375
7381.306640625
7381.10693359375
7380.90966796875
7380.71337890625
7380.5185546875
7380.3251953125
7380.13623046875
7379.9501953125
4071662.75
251131.90625
73689.2109375
59189.64453125
99690.15625
98268.2734375
70513.5703125
58819.84765625
53614.90234375
51464.9140625
49813.65625
47975.734375
46386.33203125
45182.40234375
44081.765625
42823.81640625
41371.1796875
39817.3671875
38290.05859375
36861.4609375
35504.30078125
34151.00390625
32835.95703125
31635.578125
30550.328125
29526.3671875
28530.580078125
27543.71484375
26571.51171875
25627.873046875
24729.08984375
23891.166015625
23114.513671875
22386.318359375
21689.861328125
21011.65625
20356.94140625
19737.45703125
19154.125
18598.646484375
18066.80078125
17558.423828125
17071.869140625
16604.046875
16156.0625
15737.00390625
15347.5654296875
14976.9296875
14616.8359375
14270.857421875
13945.2138671875
13638.59765625
13347.0234375
13068.3798828125
12802.208984375
12548.125
12305.236328125
12072.5341796875
11849.3857421875
11636.279296875
11432.708984375
11236.3671875
11046.2587890625
10863.12109375
10687.3359375
10518.8935546875
10357.1669921875
10200.8193359375
10049.3232421875
9902.623046875
9760.380859375
9622.171875
9487.99609375
9358.240234375
9232.791015625
9111.6640625
8994.7001953125
8881.669921875
8772.130859375
8665.6767578125
8562.0546875
8461.248046875
8363.08984375
8267.53515625
8174.67529296875
8084.38330078125
7996.43310546875
7910.5693359375
7826.70068359375
7744.892578125
7664.95361328125
7586.642578125
7510.02197265625
7435.1796875
7362.1005859375
7290.67578125
7220.76953125
7152.24658203125
7085.1572265625
7019.484375
6955.11376953125
6892.02783203125
6830.23681640625
6769.708984375
6710.4033203125
6652.283203125
6595.3310546875
6539.47216796875
6484.625
6430.7744140625
6377.8623046875
6325.8681640625
6274.734375
6224.41943359375
6174.9423828125
6126.2373046875
6078.34033203125
6031.216796875
5984.857421875
5939.24755859375
5894.36083984375
5850.16796875
5806.61328125
5763.69189453125
5721.390625
5679.7177734375
5638.6708984375
5598.26953125
5558.51611328125
5519.4248046875
5481.00146484375
5443.2412109375
5406.142578125
5369.68408203125
5333.85546875
5298.626953125
5263.96435546875
5229.8583984375
5196.24755859375
5163.10986328125
5130.4560546875
5098.2724609375
5066.62646484375
5035.533203125
5005.0361328125
4974.86083984375
4944.75537109375
4915.05224609375
4886.26953125
4858.029296875
4829.796875
4801.95556640625
4774.86962890625
4748.0703125
4721.39453125
4695.25341796875
4669.60302734375
4644.09130859375
4618.88427734375
4594.1953125
4569.748046875
4545.4892578125
4521.6474609375
4498.1533203125
4474.83349609375
4451.8212890625
4429.16796875
4406.751953125
4384.5537109375
4362.68017578125
4341.09375
4319.71533203125
4298.607421875
4277.802734375
4257.22705078125
4236.890625
4216.85205078125
4197.10400390625
4177.62060546875
4158.31689453125
4139.09619140625
4120.041015625
4101.3828125
4083.07421875
4064.8896484375
4046.78955078125
4028.9921875
4011.50634765625
3994.1328125
3976.86474609375
3959.87353515625
3943.10546875
3926.41259765625
3909.85693359375
3893.517578125
3877.3134765625
3861.17431640625
3845.16943359375
3829.31591796875
3813.49560546875
3797.71240234375
3782.0
3766.33935546875
3750.6435546875
3734.890625
3719.1142578125
3703.23779296875
3687.234375
3671.10498046875
3654.84814453125
3638.3701171875
3621.64697265625
3604.93603515625
3588.5859375
3572.36279296875
3556.60546875
3540.859375
3525.873046875
3511.32470703125
3497.6044921875
3484.9375
3471.728515625
3457.07177734375
3439.98388671875
3425.55078125
3413.4169921875
3399.1875
3384.34375
3371.53369140625
3358.81005859375
3344.78564453125
3331.74267578125
3319.5126953125
3306.09716796875
3293.05224609375
3281.10107421875
3268.4296875
3255.6943359375
3243.73681640625
3231.40185546875
3219.009765625
3207.26513671875
3195.17626953125
3182.8818359375
3171.16259765625
3159.3095703125
3147.357421875
3135.8916015625
3124.4482421875
3113.01806640625
3102.029296875
3091.1611328125
3080.42138671875
3070.16162109375
3060.14599609375
3050.20068359375
3040.2119140625
3029.7080078125
3019.19775390625
3009.57275390625
3000.1337890625
2990.07470703125
2979.376953125
2969.4365234375
2960.2705078125
2950.89453125
2940.87060546875
2930.4970703125
2920.626953125
2911.310546875
2902.11376953125
2892.77099609375
2883.197265625
2873.71484375
2864.62060546875
2855.76220703125
2846.6474609375
2837.25244140625
2828.1015625
2819.40380859375
2810.75439453125
2801.908203125
2793.14697265625
2784.69677734375
2776.36181640625
2767.65771484375
2758.7041015625
2750.21142578125
2742.09814453125
2733.6328125
2725.001953125
2716.8720703125
2708.8486328125
2700.54833984375
2692.41552734375
2684.51611328125
2676.57421875
2668.806640625
2661.2900390625
2654.10009765625
2647.9814453125
2644.0869140625
2635.7099609375
2624.69580078125
2616.16552734375
2611.11767578125
2603.638671875
2594.10693359375
2589.1494140625
2581.8232421875
2572.8017578125
2569.21728515625
2561.0869140625
2552.37646484375
2548.47216796875
2540.10400390625
2533.88720703125
2528.3857421875
2520.45703125
2515.58740234375
2508.08349609375
2501.458984375
2495.61962890625
2488.4921875
2483.0908203125
2476.13330078125
2470.39697265625
2464.958984375
2458.6474609375
2452.7001953125
2445.73046875
2439.25244140625
2433.14208984375
2427.2197265625
2422.07470703125
2416.28076171875
2410.17626953125
2403.6826171875
2397.3515625
2391.78173828125
2386.1826171875
2380.572265625
2374.6083984375
2368.623046875
2363.08203125
2357.6650390625
2352.33203125
2346.70751953125
2340.91845703125
2335.328125
2329.83349609375
2324.5166015625
2319.12451171875
2313.64697265625
2308.21484375
2302.7705078125
2297.44775390625
2292.12353515625
2286.8486328125
2281.68603515625
2276.4638671875
2271.046875
2265.291015625
2259.6728515625
2254.5927734375
2249.8642578125
2245.21337890625
2240.30419921875
2235.138671875
2229.79150390625
2224.65625
2219.8994140625
2215.232421875
2210.46484375
2205.873046875
2201.88330078125
2198.123046875
2194.26953125
2189.4140625
2184.255859375
2179.109375
2174.51025390625
2170.52734375
2166.74267578125
2162.94140625
2159.384765625
2157.14013671875
2156.8154296875
2157.16650390625
2154.97998046875
2145.46875
2133.2626953125
2127.48583984375
2128.3125
2126.96337890625
2118.71142578125
2110.58447265625
2108.2158203125
2106.67431640625
2100.958984375
2094.4248046875
2091.40966796875
2089.0498046875
2084.0283203125
2078.904296875
2076.01123046875
2073.00732421875
2068.37255859375
2064.41259765625
2062.48388671875
2059.84130859375
2054.7060546875
2048.763671875
2044.685546875
2041.97265625
2038.98828125
2035.544921875
2032.1748046875
2029.86572265625
2028.58544921875
2029.2197265625
2025.4501953125
2020.015625
2010.40283203125
2005.69384765625
2005.7568359375
2004.6494140625
2001.3076171875
1995.71142578125
1993.1845703125
1992.5419921875
1988.31005859375
1981.68310546875
1976.14892578125
1973.81396484375
1973.0556640625
1971.08203125
1969.216796875
1965.01953125
1958.30078125
1952.82861328125
1950.865234375
1950.21337890625
1947.24365234375
1943.06103515625
1939.59375
1935.37890625
1930.46923828125
1926.39306640625
1923.07080078125
1919.0859375
1914.966796875
1912.00732421875
1909.15869140625
1905.4150390625
1901.87158203125
1898.9296875
1895.505859375
1891.60546875
1888.0234375
1884.814453125
1881.779296875
1878.919921875
1875.9384765625
1872.6787109375
1869.93798828125
1867.3671875
1865.1611328125
1861.55078125
1858.1259765625
1854.212890625
1850.49462890625
1847.75048828125
1845.767578125
1843.66845703125
1840.49658203125
1837.21630859375
1833.60595703125
1830.57080078125
1828.13525390625
1826.03515625
1823.7275390625
1820.9248046875
1818.12158203125
1815.212890625
1812.25244140625
1809.294921875
1806.6591796875
1804.14306640625
1801.56689453125
1798.86181640625
1796.0234375
1793.130859375
1790.26318359375
1787.40673828125
1784.45849609375
1781.46875
1778.48291015625
1775.7041015625
1773.32763671875
1771.24560546875
1768.87255859375
1766.0087890625
1763.43017578125
1761.36474609375
1759.0263671875
1756.1142578125
1753.23291015625
1751.06689453125
1749.7216796875
1748.65966796875
1747.22412109375
1744.9873046875
1742.00830078125
1740.138671875
1740.0595703125
1741.0478515625
1739.0673828125
1733.51953125
1725.67041015625
1722.5537109375
1722.94091796875
1720.41162109375
1714.775390625
1711.02685546875
1710.1494140625
1707.75
1703.55712890625
1701.09765625
1699.41796875
1696.228515625
1693.50390625
1692.23388671875
1690.1640625
1687.87841796875
1686.9072265625
1686.87841796875
1685.8955078125
1685.1552734375
1684.31201171875
1682.95263671875
1680.0
1675.462890625
1669.54443359375
1665.1513671875
1664.4443359375
1665.30419921875
1663.64306640625
1659.193359375
1654.85107421875
1652.58203125
1651.779296875
1650.89404296875
1649.70361328125
1648.140625
1646.31103515625
1643.755859375
1641.00146484375
1639.1611328125
1638.76318359375
1637.9755859375
1634.888671875
1629.42041015625
1624.18603515625
1621.3818359375
1621.49267578125
1622.20556640625
1620.73876953125
1616.33154296875
1611.67138671875
1609.1728515625
1608.49609375
1607.2080078125
1604.9248046875
1602.02001953125
1599.890625
1597.4580078125
1595.08056640625
1593.21533203125
1592.10888671875
1590.7373046875
1588.501953125
1586.30859375
1585.14501953125
1584.78466796875
1583.49462890625
1581.50048828125
1579.388671875
1578.1845703125
1577.234375
1575.73193359375
1574.38916015625
1573.54296875
1574.0439453125
1572.6025390625
1570.57275390625
1566.7001953125
1565.048828125
1564.51806640625
1564.796875
1563.623046875
1561.39794921875
1557.62744140625
1552.88330078125
1548.3671875
1545.33154296875
1544.1318359375
1543.39208984375
1542.0263671875
1539.76123046875
1537.240234375
1535.36669921875
1533.95556640625
1532.5
1530.62451171875
1528.50634765625
1526.34326171875
1524.3544921875
1522.4482421875
1521.1083984375
1520.2177734375
1519.81494140625
1518.30908203125
1515.38134765625
1511.26318359375
1508.32666015625
1507.64599609375
1508.087890625
1507.900390625
1506.49072265625
1505.0791015625
1505.67431640625
1506.04736328125
1505.552734375
1500.6484375
1495.47705078125
1492.57275390625
1492.3974609375
1492.962890625
1491.982421875
1490.14306640625
1488.7744140625
1487.49658203125
1486.8974609375
1485.82958984375
1484.79736328125
1483.08837890625
1480.65283203125
1477.47021484375
1474.5888671875
1472.45458984375
1470.95849609375
1469.60693359375
1467.9228515625
1466.291015625
1464.30322265625
1462.638671875
1461.20703125
1460.7255859375
1460.25927734375
1459.57373046875
1458.0634765625
1456.19775390625
1454.2470703125
1452.3193359375
1450.72412109375
1449.34619140625
1449.62158203125
1449.5751953125
1451.31494140625
1448.791015625
1446.02001953125
1440.98486328125
1438.05810546875
1437.5751953125
1438.0625
1438.025390625
1435.05322265625
1431.1015625
1427.0810546875
1424.587890625
1423.1640625
1421.65966796875
1419.89501953125
1417.734375
1415.8203125
1414.4267578125
1413.26611328125
1412.474609375
1411.6025390625
1410.77978515625
1409.64208984375
1407.94921875
1405.86474609375
1403.76416015625
1402.4111328125
1401.71142578125
1401.3642578125
1400.54931640625
1399.93115234375
1398.73681640625
1398.5634765625
1397.30615234375
1396.1669921875
1393.9521484375
1392.05712890625
1390.80908203125
1390.70263671875
1391.39013671875
1392.60888671875
1395.392578125
1399.47509765625
1403.810546875
1399.22509765625
1392.65478515625
1393.5478515625
1396.296875
1391.18212890625
1384.0625
1383.3876953125
1380.79052734375
1373.21484375
1370.9736328125
1372.017578125
1369.37939453125
1368.16845703125
1368.658203125
1365.84912109375
1363.34716796875
1363.255859375
1360.9111328125
1358.240234375
1356.87353515625
1354.89111328125
1353.20068359375
1353.83154296875
1355.41552734375
1356.67529296875
1357.36328125
1355.4384765625
1350.6220703125
1345.97509765625
1343.2265625
1342.66455078125
1343.9306640625
1345.25830078125
1345.2626953125
1343.92041015625
1342.27294921875
1340.6123046875
1340.349609375
1341.142578125
1342.4169921875
1342.69482421875
1341.56689453125
1338.765625
1335.0185546875
1331.54345703125
1329.53759765625
1329.5693359375
1330.466796875
1331.6484375
1330.5634765625
1329.03076171875
1325.5341796875
1322.8310546875
1320.93212890625
1320.76806640625
1321.78466796875
1323.2451171875
1323.65869140625
1322.59619140625
1320.4580078125
1318.66943359375
1317.8134765625
1317.52685546875
1316.64892578125
1314.4091796875
1311.6142578125
1309.5029296875
1309.7138671875
1312.05615234375
1316.09326171875
1319.16845703125
1321.10888671875
1318.986328125
1314.904296875
1308.9228515625
1304.63134765625
1302.97216796875
1303.13818359375
1302.88525390625
1300.853515625
1298.04052734375
1295.76220703125
1295.5810546875
1295.849609375
1294.37060546875
1290.61376953125
1287.013671875
1285.955078125
1286.52783203125
1286.458984375
1284.46923828125
1281.99169921875
1280.9306640625
1280.9658203125
1280.4453125
1278.701171875
1277.5322265625
1277.86083984375
1279.78857421875
1280.0869140625
1279.39013671875
1277.59619140625
1276.6748046875
1276.44482421875
1275.97900390625
1275.29296875
1274.4873046875
1274.40966796875
1274.8134765625
1275.90673828125
1276.95361328125
1278.3623046875
1279.3251953125
1278.5029296875
1277.625
1273.11083984375
1269.3720703125
1263.79052734375
1260.06494140625
1257.2529296875
1256.3466796875
1256.154296875
1255.89697265625
1255.50146484375
1253.9287109375
1253.0927734375
1253.79052734375
1262.9111328125
1305.5751953125
1373.29541015625
1289.5966796875
1283.4970703125
1293.42578125
1270.228515625
1278.48583984375
1260.14697265625
1268.306640625
1252.58544921875
1257.1796875
1250.501953125
1250.1640625
1245.7919921875
1240.224609375
1234.974609375
1232.853515625
1231.7568359375
1235.99169921875
1235.619140625
1232.8203125
1238.81689453125
1238.0205078125
1235.83349609375
1232.2041015625
1230.31396484375
1223.58984375
1223.37841796875
1217.10498046875
1217.90087890625
1215.70556640625
1215.951171875
1216.5009765625
1217.4873046875
1215.82666015625
1215.294921875
1211.4970703125
1209.37158203125
1206.49609375
1205.2587890625
1204.8056640625
1205.86669921875
1206.06787109375
1207.4091796875
1206.14453125
1205.091796875
1203.505859375
1202.8896484375
1203.4560546875
1204.423828125
1204.1083984375
1202.27978515625
1197.6396484375
1192.29736328125
1187.87255859375
1186.0302734375
1186.9423828125
1189.626953125
1192.4267578125
1194.146484375
1194.60986328125
1194.78076171875
1196.1787109375
1199.9091796875
1202.8056640625
1203.484375
1200.15087890625
1195.57275390625
1191.521484375
1188.89794921875
1187.09716796875
1185.68701171875
1184.39453125
1183.5615234375
1182.44140625
1181.380859375
1178.5869140625
1175.61328125
1173.78759765625
1173.7001953125
1174.04638671875
1173.0078125
1171.24951171875
1170.2578125
1171.06103515625
1171.79296875
1171.32080078125
1169.6552734375
1169.14404296875
1170.4345703125
1173.34521484375
1175.45947265625
1176.07763671875
1174.728515625
1172.77880859375
1170.97509765625
1169.4462890625
1167.5673828125
1165.22119140625
1162.76708984375
1161.42236328125
1160.42919921875
1160.025390625
1158.99072265625
1157.8505859375
1156.12744140625
1154.3115234375
1152.66650390625
1151.494140625
1150.92578125
1150.21044921875
1149.52587890625
1148.79296875
1148.6826171875
1149.482421875
1151.0537109375
1153.02685546875
1154.5
1154.912109375
1153.48583984375
1150.568359375
1146.9990234375
1144.177734375
1143.400390625
1144.44921875
1146.708984375
1148.416015625
1148.77392578125
1147.15478515625
1144.705078125
1142.40625
1141.91455078125
1143.6572265625
1147.357421875
1151.2607421875
1153.38037109375
1152.4833984375
1149.40478515625
1147.04833984375
1148.1015625
1153.40625
1160.232421875
1165.048828125
1165.3740234375
1161.23193359375
1154.900390625
1148.517578125
1144.5634765625
1142.962890625
1143.666015625
1144.04638671875
1143.61181640625
1141.5048828125
1139.01171875
1137.13525390625
1136.6162109375
1137.787109375
1139.2216796875
1140.16650390625
1139.14111328125
1113.4111328125
1121.24658203125
1126.162109375
1108.9169921875
1122.6328125
1114.3291015625
1110.6396484375
1118.103515625
1108.2578125
1112.1171875
1111.806640625
1106.82568359375
1110.84716796875
1107.2431640625
1106.732421875
1107.912109375
1104.998046875
1105.94140625
1105.1044921875
1103.9033203125
1104.35546875
1103.14794921875
1102.9150390625
1102.5966796875
1101.833984375
1101.69775390625
1101.09765625
1100.7236328125
1100.392578125
1099.87451171875
1099.60595703125
1099.15625
1098.783203125
1098.47265625
1098.0341796875
1097.7333984375
1097.36376953125
1096.9833984375
1096.69140625
1096.31201171875
1095.9814453125
1095.6669921875
1095.2978515625
1094.98876953125
1094.65966796875
1094.31201171875
1094.0068359375
1093.67138671875
1093.33837890625
1093.02880859375
1092.6953125
1092.375
1092.0615234375
1091.73486328125
1091.41552734375
1091.10107421875
1090.77392578125
1090.46337890625
1090.14306640625
1089.8251953125
1089.5185546875
1089.1962890625
1088.8857421875
1088.57763671875
1088.2607421875
1087.9541015625
1087.64111328125
1087.3271484375
1087.01904296875
1086.7021484375
1086.388671875
1086.080078125
1085.76904296875
1085.458984375
1085.150390625
1084.8388671875
1084.53173828125
1084.22216796875
1083.9072265625
1083.59619140625
1083.28662109375
1082.97705078125
1082.67236328125
1082.36376953125
1082.0556640625
1081.74658203125
1081.43798828125
1081.130859375
1080.8310546875
1080.51953125
1080.21630859375
1079.9091796875
1079.6005859375
1079.294921875
1078.98974609375
1078.68994140625
1078.384765625
1078.08154296875
1077.7763671875
1077.470703125
1077.1630859375
1076.85888671875
1076.55615234375
1076.2548828125
1075.94970703125
1075.64453125
1075.3330078125
1075.0322265625
1074.72216796875
1074.41845703125
1074.11083984375
1073.80810546875
1073.5009765625
1073.19482421875
1072.8935546875
1072.587890625
1072.28466796875
1071.98046875
1071.67578125
1071.37158203125
1071.064453125
1070.76123046875
1070.45556640625
1070.1494140625
1069.8447265625
1069.53466796875
1069.23193359375
1068.92626953125
1068.62109375
1068.31689453125
1068.0146484375
1067.70849609375
1067.4013671875
1067.09228515625
1066.7861328125
1066.47900390625
1066.17333984375
1065.86328125
1065.55517578125
1065.2490234375
1064.93896484375
1064.630859375
1064.3203125
1064.0126953125
1063.703125
1063.3935546875
1063.083984375
1062.7734375
1062.4619140625
1062.150390625
1061.8369140625
1061.52587890625
1061.2158203125
1060.90478515625
1060.59228515625
1060.2802734375
1059.9677734375
1059.658203125
1059.34375
1059.02783203125
1058.716796875
1058.4052734375
1058.09228515625
1057.77587890625
1057.45849609375
1057.14208984375
1056.8271484375
1056.50830078125
1056.18896484375
1055.8740234375
1055.55908203125
1055.2373046875
1054.9169921875
1054.6015625
1054.2822265625
1053.962890625
1053.64208984375
1053.31982421875
1052.9990234375
1052.67626953125
1052.3544921875
1052.02880859375
1051.70458984375
1051.3759765625
1051.05029296875
1050.7255859375
1050.3994140625
1050.076171875
1049.74755859375
1049.421875
1049.099609375
1048.77001953125
1048.44140625
1048.11376953125
1047.7890625
1047.4609375
1047.1328125
1046.80859375
1046.48046875
1046.15283203125
1045.822265625
1045.4873046875
1045.15380859375
1044.82421875
1044.49365234375
1044.16259765625
1043.828125
1043.494140625
1043.158203125
1042.828125
1042.49169921875
1042.16064453125
1041.826171875
1041.490234375
1041.15185546875
1040.8125
1040.4736328125
1040.13427734375
1039.79638671875
1039.4580078125
1039.1171875
1038.7734375
1038.43359375
1038.09033203125
1037.7490234375
1037.40625
1037.064453125
1036.71826171875
1036.3720703125
1036.02685546875
1035.681640625
1035.33154296875
1034.982421875
1034.6328125
1034.2822265625
1033.93408203125
1033.5810546875
1033.228515625
1032.88232421875
1032.53076171875
1032.17822265625
1031.8232421875
1031.4658203125
1031.10888671875
1030.74755859375
1030.3896484375
1030.03173828125
1029.66943359375
1029.310546875
1028.947265625
1028.5810546875
1028.21630859375
1027.8466796875
1027.48486328125
1027.11328125
1026.740234375
1026.3671875
1025.99072265625
1025.609375
1025.23046875
1024.845703125
1024.45849609375
1024.06201171875
1023.65673828125
1023.2529296875
1022.83984375
1022.41943359375
1021.99169921875
1021.55810546875
1021.11669921875
1020.67431640625
1020.23388671875
1019.79736328125
1019.3623046875
1018.9423828125
1018.5322265625
1018.1220703125
1017.72265625
1017.32568359375
1016.9287109375
1016.5302734375
1016.1318359375
1015.7353515625
1015.3359375
1014.94384765625
1014.55322265625
1014.162109375
1013.78125
1013.3984375
1013.0087890625
1012.63232421875
1012.25732421875
1011.88427734375
1011.50634765625
1011.13232421875
1010.75634765625
1010.3837890625
1010.0126953125
1009.63916015625
1009.263671875
1008.8916015625
1008.51708984375
1008.14697265625
1007.771484375
1007.40234375
1007.02734375
1006.658203125
1006.28515625
1005.9130859375
1005.54150390625
1005.171875
1004.80224609375
1004.439453125
1004.09765625
1003.81640625
1003.685546875
1003.7392578125
1003.7421875
1002.9736328125
1001.947265625
1001.66015625
1001.7412109375
1001.2412109375
1000.44873046875
1000.224609375
1000.11279296875
999.50830078125
998.990234375
998.84375
998.4873046875
997.9306640625
997.62841796875
997.3955078125
996.92626953125
996.50634765625
996.263671875
995.90673828125
995.458984375
995.15625
994.8623046875
994.45263671875
994.0791015625
993.79150390625
993.4404296875
993.05029296875
992.7275390625
992.4130859375
992.044921875
991.69921875
991.39208984375
991.0537109375
990.69482421875
990.3681640625
990.0458984375
989.7021484375
989.365234375
989.05322265625
988.7236328125
988.38720703125
988.07177734375
987.76953125
987.470703125
987.1962890625
986.96923828125
986.78125
986.6455078125
986.50830078125
986.31787109375
985.88818359375
985.2880859375
984.63818359375
984.15380859375
983.87255859375
983.6787109375
983.44140625
983.0869140625
982.65478515625
982.220703125
981.85498046875
981.546875
981.263671875
980.958984375
980.603515625
980.2158203125
979.83251953125
979.4951171875
979.18994140625
978.8818359375
978.54248046875
978.17431640625
977.81005859375
977.4658203125
977.13427734375
976.80712890625
976.4716796875
976.1220703125
975.76611328125
975.4091796875
975.0576171875
974.7138671875
974.37451171875
974.03125
973.6796875
973.32958984375
972.9931640625
972.6826171875
972.4375
972.29345703125
972.32861328125
972.71923828125
973.57177734375
975.1455078125
976.5234375
977.03515625
974.25244140625
970.44384765625
968.44384765625
969.26171875
970.57470703125
969.7802734375
967.72607421875
966.41650390625
966.47265625
966.66845703125
965.90673828125
964.7138671875
963.92529296875
963.6279296875
963.2890625
962.57861328125
961.7421875
961.1337890625
960.7314453125
960.2275390625
959.5400390625
958.92236328125
958.49658203125
958.052734375
957.44921875
956.88623046875
956.5078125
956.1181640625
955.57177734375
955.02490234375
954.650390625
954.31298828125
953.84375
953.33544921875
952.96044921875
952.69873046875
952.41552734375
952.125
951.88671875
951.61865234375
951.083984375
950.458984375
950.1982421875
950.5546875
951.4501953125
951.953125
951.45849609375
949.4951171875
948.18505859375
948.166015625
947.986328125
947.00390625
946.255859375
946.41943359375
946.2099609375
945.10302734375
944.5361328125
944.87548828125
944.8330078125
944.23193359375
944.23046875
944.75244140625
944.79931640625
943.943359375
942.869140625
941.7939453125
940.89990234375
940.501953125
940.60595703125
940.6142578125
940.0947265625
939.45458984375
939.08349609375
938.90869140625
938.72119140625
938.416015625
937.88427734375
937.1884765625
936.66796875
936.51123046875
936.46240234375
936.20751953125
935.716796875
935.2080078125
934.82373046875
934.5830078125
934.3701171875
934.12158203125
933.7060546875
933.23046875
932.765625
932.38671875
932.07080078125
931.89501953125
931.9736328125
932.4580078125
933.3466796875
934.85400390625
936.6123046875
938.7109375
939.35595703125
938.63134765625
935.927734375
933.64990234375
933.3671875
935.1689453125
937.67919921875
939.2177734375
938.962890625
937.22314453125
934.8623046875
933.1337890625
932.57470703125
933.05810546875
934.03857421875
935.10546875
936.30859375
937.43115234375
938.5146484375
939.494140625
940.18505859375
940.81689453125
940.4677734375
939.99072265625
940.2890625
942.2890625
946.90185546875
949.9189453125
952.7705078125
949.80419921875
946.00048828125
941.982421875
939.9072265625
939.21337890625
938.47412109375
937.58154296875
936.01806640625
934.44677734375
932.5751953125
930.26220703125
928.1904296875
926.8173828125
926.88232421875
927.267578125
927.5732421875
927.29443359375
927.56689453125
928.91748046875
931.3564453125
933.6123046875
934.560546875
933.0732421875
929.52685546875
924.578125
920.12353515625
917.38671875
916.51904296875
916.560546875
916.3662109375
915.33447265625
913.77978515625
912.4609375
912.0654296875
912.2880859375
912.5126953125
912.05224609375
911.01904296875
909.88720703125
909.31494140625
909.23193359375
909.4482421875
909.29150390625
909.02978515625
908.43798828125
908.1484375
907.89013671875
907.79541015625
907.869140625
907.96240234375
908.31982421875
908.58984375
909.20361328125
909.80224609375
910.6298828125
911.171875
911.3935546875
910.97216796875
910.00146484375
908.638671875
907.15283203125
905.95166015625
905.1826171875
905.18798828125
905.7265625
906.81494140625
907.8720703125
908.7177734375
908.8173828125
908.3974609375
907.58251953125
906.9697265625
906.84814453125
907.23291015625
907.6982421875
907.5595703125
906.52587890625
904.72314453125
902.6845703125
900.97314453125
899.77685546875
899.029296875
898.42138671875
897.77587890625
897.015625
896.2705078125
895.708984375
895.375
895.3583984375
895.5849609375
896.0546875
896.5400390625
896.8955078125
896.81494140625
896.1796875
895.11279296875
893.986328125
893.20458984375
892.92724609375
893.0419921875
893.35400390625
893.70751953125
894.02099609375
894.3037109375
894.42822265625
894.25390625
893.486328125
892.24755859375
890.7734375
889.59033203125
888.939453125
888.951171875
889.3974609375
890.0576171875
890.642578125
891.0888671875
891.37158203125
891.5654296875
891.8388671875
892.2412109375
893.06103515625
893.9443359375
894.8046875
894.99267578125
894.72802734375
894.2412109375
893.97509765625
893.97314453125
894.146484375
894.13671875
893.7802734375
893.04638671875
892.1767578125
891.353515625
890.689453125
890.0634765625
889.51953125
888.8427734375
888.2041015625
887.29052734375
886.33984375
885.119140625
884.08447265625
883.1142578125
882.6162109375
882.37353515625
882.44287109375
882.43408203125
882.19677734375
881.466796875
880.353515625
879.08837890625
878.03662109375
877.40966796875
877.103515625
876.984375
876.85791015625
876.8388671875
876.95263671875
877.3359375
877.9716796875
878.89599609375
880.09423828125
881.45849609375
882.74951171875
883.52978515625
883.49462890625
882.83056640625
882.00146484375
881.755859375
881.6923828125
881.43212890625
880.0498046875
877.6884765625
874.9619140625
873.00634765625
872.4921875
873.3798828125
874.94384765625
876.474609375
877.564453125
878.19384765625
878.705078125
879.3037109375
880.05419921875
880.935546875
881.8583984375
882.900390625
883.71875
884.2958984375
883.7470703125
882.46533203125
880.12255859375
877.83349609375
875.77978515625
874.43408203125
873.68310546875
873.10888671875
872.609375
871.69677734375
870.7236328125
869.51513671875
868.4658203125
867.50732421875
866.92529296875
866.68701171875
866.826171875
867.2626953125
867.72705078125
868.07861328125
867.958984375
867.25390625
865.8837890625
864.23974609375
862.71923828125
861.884765625
861.76513671875
862.267578125
862.8623046875
863.31689453125
863.31787109375
863.10595703125
862.71484375
862.52490234375
862.52294921875
862.8935546875
863.28271484375
863.5615234375
863.2822265625
862.541015625
861.52880859375
860.8603515625
860.8740234375
861.5751953125
862.2685546875
862.1083984375
860.66015625
858.48779296875
856.77392578125
856.31884765625
856.9951171875
857.99658203125
858.5263671875
858.19873046875
857.27880859375
856.3046875
855.60107421875
855.40869140625
855.36279296875
855.57080078125
855.82275390625
856.2705078125
856.64599609375
856.5390625
855.6083984375
853.97509765625
852.611328125
852.3017578125
853.20751953125
854.49072265625
854.935546875
854.1259765625
852.4794921875
851.43115234375
851.529296875
852.6357421875
853.3388671875
852.9267578125
851.0166015625
848.82373046875
847.2451171875
846.9853515625
847.646484375
848.48046875
848.93115234375
848.75146484375
848.43701171875
848.25146484375
848.767578125
849.568359375
850.25830078125
850.13671875
848.8115234375
846.87890625
844.8212890625
843.818359375
843.2783203125
843.4423828125
843.46875
843.93115234375
846.6201171875
844.796875
840.7177734375
840.216796875
840.78369140625
843.00341796875
841.5625
840.97314453125
844.7998046875
839.66162109375
836.25
838.14306640625
837.70703125
839.134765625
836.521484375
835.0634765625
836.6123046875
836.3564453125
837.68017578125
836.798828125
837.63720703125
839.27392578125
838.5078125
838.150390625
835.5947265625
831.5166015625
827.7998046875
825.4833984375
824.31494140625
824.01513671875
824.064453125
822.25
820.5048828125
819.28662109375
818.7021484375
819.00732421875
819.41796875
819.640625
818.912109375
818.6240234375
818.3076171875
817.96337890625
818.359375
818.421875
818.34228515625
818.67822265625
818.73681640625
818.7177734375
819.05615234375
819.4326171875
819.71875
820.6279296875
821.47998046875
821.74365234375
821.56689453125
821.15625
819.5673828125
818.7646484375
817.775390625
816.6298828125
815.7412109375
814.8232421875
813.7724609375
813.67578125
814.1845703125
814.87890625
816.0703125
816.5380859375
815.3427734375
813.28271484375
810.72021484375
808.95556640625
808.93994140625
809.9765625
810.68505859375
811.2314453125
810.61328125
809.43408203125
808.08984375
806.9140625
805.48681640625
804.80810546875
804.43310546875
804.302734375
804.6181640625
804.78369140625
804.705078125
804.72314453125
804.78076171875
804.51611328125
804.607421875
804.50439453125
804.5615234375
804.63134765625
804.93603515625
804.83642578125
804.95458984375
804.7216796875
804.5673828125
804.6083984375
805.2197265625
806.04052734375
807.1796875
807.826171875
807.64453125
806.27685546875
803.9775390625
801.154296875
798.51025390625
796.89404296875
796.044921875
796.12451171875
796.31494140625
796.47705078125
796.38525390625
796.4560546875
796.80126953125
797.56005859375
798.46240234375
799.03955078125
799.02587890625
798.52685546875
797.9169921875
797.833984375
798.43212890625
799.86865234375
801.53173828125
803.326171875
804.287109375
804.29052734375
802.81787109375
800.38427734375
797.69580078125
795.84033203125
795.380859375
796.369140625
798.19970703125
800.23388671875
801.7578125
802.287109375
801.529296875
799.642578125
796.98486328125
794.36572265625
792.3828125
791.478515625
791.76416015625
793.064453125
794.96875
796.9873046875
798.5361328125
799.4091796875
799.22314453125
798.05126953125
795.81982421875
793.17041015625
790.578125
788.6787109375
787.3955078125
786.48095703125
785.60400390625
784.529296875
783.45556640625
782.5048828125
782.0986328125
782.041015625
