7834.611328125
7818.3369140625
7802.923828125
7788.326171875
7774.484375
7761.35302734375
7748.876953125
7737.00634765625
7725.68896484375
7714.8828125
7704.5458984375
7694.64404296875
7685.14208984375
7676.01708984375
7667.2373046875
7658.7880859375
7650.6494140625
7642.8076171875
7635.24853515625
7627.9619140625
7620.939453125
7614.1630859375
7607.62890625
7601.32958984375
7595.2587890625
7589.39990234375
7583.74658203125
7578.2900390625
7573.0224609375
7567.93505859375
7563.01806640625
7558.263671875
7553.66845703125
7549.2216796875
7544.923828125
7540.7607421875
7536.73486328125
7532.837890625
7529.0615234375
7525.40576171875
7521.869140625
7518.44140625
7515.12109375
7511.900390625
7508.78125
7505.7568359375
7502.82568359375
7499.9814453125
7497.22265625
7494.54541015625
7491.94873046875
7489.42578125
7486.97900390625
7484.6005859375
7482.2880859375
7480.0419921875
7477.8583984375
7475.734375
7473.669921875
7471.65966796875
7469.70751953125
7467.80224609375
7465.94775390625
7464.14306640625
7462.388671875
7460.6767578125
7459.00927734375
7457.3828125
7455.79833984375
7454.2509765625
7452.7421875
7451.2705078125
7449.83251953125
7448.43115234375
7447.06201171875
7445.724609375
7444.4140625
7443.13671875
7441.88818359375
7440.6669921875
7439.4736328125
7438.306640625
7437.162109375
7436.044921875
7434.951171875
7433.880859375
7432.83203125
7431.8056640625
7430.79833984375
7429.8115234375
7428.845703125
7427.89697265625
7426.96728515625
7426.0546875
7425.16162109375
7424.28173828125
7423.419921875
7422.57421875
7421.74267578125
7420.9287109375
7420.1259765625
7419.337890625
7418.560546875
7417.79638671875
7417.05078125
7416.31396484375
7415.591796875
7414.88037109375
7414.1806640625
7413.4912109375
7412.8134765625
7412.14501953125
7411.490234375
7410.8427734375
7410.20703125
7409.58203125
7408.9638671875
7408.35546875
7407.755859375
7407.166015625
7406.5830078125
7406.01171875
7405.44873046875
7404.8896484375
7404.3408203125
7403.8017578125
7403.2705078125
7402.7470703125
7402.23095703125
7401.72265625
7401.2216796875
7400.72900390625
7400.24267578125
7399.7626953125
7399.28759765625
7398.82470703125
7398.3671875
7397.9140625
7397.4716796875
7397.033203125
7396.6044921875
7396.181640625
7395.7646484375
7395.35498046875
7394.951171875
7394.5537109375
7394.1611328125
7393.7763671875
7393.3984375
7393.0224609375
7392.65625
7392.2958984375
7391.93896484375
7391.5849609375
7391.2421875
7390.90234375
7390.568359375
7390.2373046875
7389.912109375
7389.59423828125
7389.2802734375
7388.97314453125
7388.669921875
7388.369140625
7388.07568359375
7387.78662109375
7387.5
7387.21826171875
7386.9423828125
7386.6689453125
7386.39892578125
7386.1318359375
7385.86962890625
7385.611328125
7385.35693359375
7385.10546875
7384.85888671875
7384.615234375
7384.375
7384.138671875
7383.904296875
7383.6728515625
7383.44580078125
7383.21923828125
7382.99658203125
7382.77587890625
7382.55810546875
7382.3427734375
7382.130859375
7381.921875
7381.71484375
7381.50927734375
7381.306640625
7381.10693359375
7380.90966796875
7380.71337890625
7380.5185546875
7380.3251953125
7380.13623046875
7379.9501953125
3443457.75
7944335.5
129239.1328125
49281.6875
49236.37890625
102613.640625
81067.1171875
57156.21875
56779.875
47002.0
43028.20703125
39974.453125
37996.1484375
36979.3125
36242.53515625
35435.37890625
34570.30078125
33842.7109375
33327.09765625
32911.10546875
32412.796875
31790.240234375
31128.251953125
30502.6328125
29919.060546875
29363.890625
28815.953125
28257.701171875
27688.634765625
27086.181640625
26478.103515625
25870.904296875
25280.73828125
24711.21484375
24156.33984375
23610.2421875
23134.921875
22614.265625
22168.2265625
21725.916015625
21300.744140625
20912.72265625
20556.322265625
20204.349609375
19859.015625
19539.677734375
19238.20703125
18942.39453125
18657.041015625
18384.298828125
18115.77734375
17851.943359375
17603.7265625
17373.4765625
17152.794921875
16937.1484375
16728.5
16528.3125
16335.8896484375
16149.0361328125
15966.9326171875
15791.689453125
15623.9521484375
15461.7509765625
15304.30859375
15152.0546875
15005.0888671875
14862.935546875
14725.1494140625
14591.166015625
14459.9208984375
14331.28515625
14206.0537109375
14083.89453125
13964.56640625
13847.86328125
13733.6015625
13621.908203125
13513.341796875
13405.181640625
13299.234375
13195.693359375
13094.419921875
12995.3896484375
12897.31640625
12801.359375
12706.408203125
12613.53125
12522.365234375
12432.4306640625
12343.98046875
12256.564453125
12170.6298828125
12085.763671875
12002.509765625
11920.90234375
11840.2578125
11761.3037109375
11681.7626953125
11603.02734375
11525.0869140625
11448.98828125
11374.646484375
11297.814453125
11222.08203125
11147.234375
11074.2578125
11002.4609375
10929.109375
10858.39453125
10790.24609375
10722.34765625
10655.658203125
10591.0263671875
10528.208984375
10466.7919921875
10405.673828125
10346.3935546875
10288.5888671875
10230.658203125
10172.900390625
10115.7177734375
10059.390625
10003.72265625
9948.341796875
9893.7900390625
9840.23046875
9787.3681640625
9735.123046875
9683.474609375
9632.720703125
9582.7216796875
9533.2294921875
9484.2265625
9435.720703125
9387.90625
9340.7822265625
9294.2568359375
9248.177734375
9202.4814453125
9157.16015625
9112.318359375
9067.95703125
9024.05859375
8980.60546875
8937.5751953125
8894.970703125
8852.8291015625
8811.134765625
8769.89453125
8729.1396484375
8688.83203125
8648.990234375
8609.564453125
8570.5595703125
8531.9990234375
8493.8701171875
8456.19140625
8418.96875
8382.14453125
8345.8310546875
8309.8525390625
8274.556640625
8239.3046875
8204.767578125
8169.6474609375
8135.0390625
8100.88671875
8067.53076171875
8034.83984375
8002.685546875
7971.4228515625
7939.15478515625
7906.9775390625
7874.8544921875
7844.025390625
7814.39990234375
7784.82861328125
7756.45068359375
7723.9384765625
7693.7685546875
7667.05078125
7638.3408203125
7611.294921875
7579.3681640625
7552.64794921875
7525.9697265625
7494.7646484375
7467.4443359375
7443.09423828125
7413.87109375
7387.412109375
7363.02001953125
7334.412109375
7307.96240234375
7283.90185546875
7257.279296875
7232.0869140625
7208.552734375
7182.5380859375
7157.5009765625
7134.2724609375
7109.607421875
7085.6865234375
7063.02197265625
7039.00048828125
7015.32421875
6992.69580078125
6969.6357421875
6946.91748046875
6924.7431640625
6902.3916015625
6880.205078125
6858.16455078125
6836.50537109375
6815.0048828125
6793.32666015625
6772.04833984375
6751.064453125
6729.9501953125
6709.142578125
6688.55029296875
6667.94775390625
6647.5615234375
6627.3349609375
6607.25390625
6587.3095703125
6567.40869140625
6547.705078125
6528.208984375
6508.7294921875
6489.38525390625
6470.19287109375
6451.11962890625
6432.158203125
6413.27490234375
6394.51220703125
6375.8828125
6357.3544921875
6338.9072265625
6320.58447265625
6302.3544921875
6284.2314453125
6266.23828125
6248.3154296875
6230.5068359375
6212.8046875
6195.1943359375
6177.6611328125
6160.23681640625
6142.9296875
6125.74658203125
6108.74560546875
6091.9755859375
6075.337890625
6058.6171875
6041.302734375
6023.841796875
6007.005859375
5990.7470703125
5974.30859375
5957.328125
5940.5146484375
5924.2509765625
5907.94482421875
5891.31005859375
5874.6474609375
5858.283203125
5841.93212890625
5825.2294921875
5808.44140625
5791.82958984375
5775.16015625
5758.416015625
5742.26171875
5725.673828125
5708.11279296875
5690.18896484375
5672.98876953125
5656.818359375
5640.40625
5623.5615234375
5607.8056640625
5592.6240234375
5576.9736328125
5561.16015625
5546.3271484375
5531.5009765625
5515.90478515625
5500.5732421875
5485.9482421875
5471.95703125
5457.951171875
5445.2255859375
5433.59326171875
5419.4296875
5400.3603515625
5386.73388671875
5370.0546875
5356.16064453125
5345.4482421875
5331.166015625
5318.08056640625
5300.8662109375
5288.48681640625
5277.80078125
5260.94091796875
5244.515625
5228.3125
5218.99609375
5204.64111328125
5184.337890625
5172.42724609375
5163.435546875
5144.056640625
5128.5166015625
5118.53857421875
5104.06103515625
5089.82763671875
5079.578125
5066.033203125
5049.94677734375
5035.68408203125
5024.2841796875
5011.5087890625
4996.62744140625
4982.94140625
4971.0888671875
4959.380859375
4948.64794921875
4940.31689453125
4927.2177734375
4910.2744140625
4894.9853515625
4886.11474609375
4873.55029296875
4857.30712890625
4848.98046875
4837.15966796875
4820.56201171875
4812.3232421875
4799.81689453125
4784.8701171875
4777.1279296875
4762.80078125
4749.521484375
4740.0732421875
4725.86279296875
4715.79248046875
4704.51953125
4691.267578125
4681.37890625
4668.5693359375
4656.77197265625
4645.62060546875
4633.07177734375
4622.7490234375
4610.88427734375
4599.01416015625
4588.47216796875
4576.71044921875
4565.7451171875
4554.46044921875
4542.8232421875
4532.28515625
4521.1513671875
4510.158203125
4499.79541015625
4488.76025390625
4478.384765625
4466.96533203125
4455.4853515625
4444.5224609375
4433.3896484375
4422.4345703125
4411.78076171875
4401.24853515625
4390.3603515625
4379.1806640625
4367.9052734375
4357.328125
4347.2587890625
4336.93505859375
4326.27099609375
4314.978515625
4304.0810546875
4294.171875
4284.93115234375
4276.2470703125
4267.20947265625
4257.23828125
4245.484375
4232.7197265625
4221.3818359375
4212.23291015625
4203.7255859375
4193.77880859375
4182.8115234375
4172.82421875
4163.96875
4154.83203125
4144.466796875
4134.2060546875
4125.0361328125
4115.7236328125
4105.1015625
4094.0
4084.0986328125
4075.375
4066.353515625
4056.51220703125
4047.3515625
4040.1767578125
4034.9365234375
4027.39697265625
4013.46630859375
3998.84130859375
3990.24951171875
3986.51025390625
3981.31982421875
3969.681640625
3954.35498046875
3946.4384765625
3941.5048828125
3931.9599609375
3919.7060546875
3909.23486328125
3903.998046875
3896.2724609375
3885.9912109375
3878.67041015625
3873.21630859375
3864.1630859375
3851.10791015625
3839.84423828125
3831.4833984375
3823.28076171875
3814.5009765625
3807.009765625
3799.3427734375
3789.86669921875
3779.74462890625
3773.35986328125
3769.74951171875
3765.58935546875
3752.931640625
3737.18505859375
3726.0966796875
3721.58203125
3716.35693359375
3704.6357421875
3693.078125
3686.6513671875
3681.529296875
3673.232421875
3663.55908203125
3656.537109375
3649.734375
3639.4482421875
3628.6328125
3621.26171875
3616.4033203125
3610.3623046875
3601.916015625
3593.630859375
3586.87548828125
3580.1591796875
3572.22998046875
3563.103515625
3553.95703125
3545.169921875
3537.12451171875
3529.7548828125
3522.81884765625
3515.5693359375
3507.75
3499.85693359375
3492.4208984375
3485.85302734375
3479.78759765625
3472.84765625
3464.732421875
3455.8662109375
3448.654296875
3442.7001953125
3435.638671875
3427.21044921875
3419.0703125
3412.49853515625
3406.28515625
3399.23828125
3392.392578125
3386.443359375
3380.13330078125
3372.5322265625
3364.38427734375
3357.2021484375
3351.17578125
3345.25048828125
3339.34521484375
3333.06494140625
3326.9658203125
3320.13232421875
3313.3837890625
3306.6982421875
3300.521484375
3294.64599609375
3288.95556640625
3283.484375
3277.82666015625
3271.63623046875
3264.6650390625
3257.57958984375
3250.83984375
3244.8642578125
3239.63818359375
3235.50927734375
3231.59423828125
3228.021484375
3221.6328125
3213.9052734375
3205.32421875
3199.3115234375
3195.4326171875
3191.81201171875
3185.9619140625
3177.736328125
3169.5205078125
3163.60693359375
3159.359375
3155.06591796875
3149.623046875
3143.9912109375
3139.61181640625
3135.87744140625
3132.0
3127.90625
3123.587890625
3120.70263671875
3117.326171875
3112.85888671875
3104.69091796875
3095.39794921875
3088.62646484375
3085.26025390625
3083.76904296875
3080.576171875
3076.80322265625
3071.7705078125
3062.48974609375
3050.04150390625
3041.00927734375
3038.095703125
3035.2490234375
3028.16796875
3020.10205078125
3014.576171875
3009.51318359375
3002.96044921875
2997.69189453125
2994.74658203125
2991.365234375
2986.5927734375
2981.86669921875
2976.4716796875
2969.1669921875
2961.705078125
2956.91845703125
2954.13623046875
2950.19287109375
2944.1337890625
2938.1728515625
2933.845703125
2929.8818359375
2924.85986328125
2918.55517578125
2912.45703125
2906.84375
2902.5859375
2898.3447265625
2893.818359375
2888.798828125
2883.447265625
2878.537109375
2873.8310546875
2869.27685546875
2864.466796875
2859.9638671875
2855.017578125
2850.1318359375
2845.22998046875
2840.16943359375
2835.287109375
2830.43798828125
2826.201171875
2821.8974609375
2817.796875
2813.40673828125
2809.0556640625
2804.89453125
2800.775390625
2796.22265625
2791.15625
2786.32470703125
2781.95703125
2777.9775390625
2773.55078125
2768.46337890625
2763.19384765625
2758.41162109375
2754.09765625
2749.9091796875
2745.6474609375
2741.6494140625
2738.12255859375
2735.07958984375
2731.99365234375
2729.09521484375
2726.0634765625
2723.65576171875
2721.15185546875
2718.685546875
2715.82763671875
2712.21435546875
2708.12890625
2703.07861328125
2697.59814453125
2691.88427734375
2686.87841796875
2682.95166015625
2680.06591796875
2677.6689453125
2674.427734375
2669.763671875
2663.74560546875
2658.02392578125
2653.26806640625
2649.8583984375
2646.666015625
2643.28662109375
2639.08935546875
2634.7490234375
2630.14599609375
2625.71337890625
2621.4501953125
2617.619140625
2614.48974609375
2611.39501953125
2608.36669921875
2604.98095703125
2601.6220703125
2597.7060546875
2593.26025390625
2588.169921875
2583.90087890625
2580.90087890625
2579.8603515625
2578.03125
2575.705078125
2571.48681640625
2566.59912109375
2561.13232421875
2556.05859375
2552.154296875
2549.6787109375
2548.71484375
2547.068359375
2544.4609375
2540.30859375
2535.33642578125
2529.7080078125
2523.24169921875
2516.0791015625
2509.65673828125
2505.3896484375
2502.845703125
2500.728515625
2498.15234375
2495.3935546875
2493.33056640625
2491.40185546875
2488.7275390625
2483.86279296875
2477.64208984375
2471.666015625
2467.43994140625
2464.4453125
2461.45361328125
2457.61767578125
2453.623046875
2450.03271484375
2447.49267578125
2445.0341796875
2443.158203125
2440.38427734375
2436.75048828125
2433.34326171875
2431.98681640625
2433.02978515625
2435.10986328125
2437.69775390625
2438.611328125
2437.04052734375
2431.1337890625
2422.45654296875
2411.92822265625
2403.19580078125
2398.5927734375
2397.6123046875
2396.82275390625
2393.8759765625
2388.93603515625
2383.50830078125
2378.1650390625
2373.91015625
2370.4013671875
2367.76708984375
2364.78515625
2361.7177734375
2358.099609375
2354.30224609375
2349.4306640625
2344.22607421875
2339.01953125
2334.66650390625
2330.998046875
2327.8994140625
2324.86572265625
2321.70751953125
2318.69873046875
2316.16259765625
2314.193359375
2312.05419921875
2309.490234375
2306.76513671875
2304.9189453125
2304.66796875
2304.88037109375
2304.033203125
2301.294921875
2298.76953125
2294.1787109375
2288.294921875
2281.40576171875
2275.2177734375
2270.1220703125
2266.87744140625
2264.6943359375
2261.94091796875
2258.7490234375
2254.5263671875
2249.6201171875
2244.92529296875
2242.12451171875
2240.90625
2240.33544921875
2240.10498046875
2240.12158203125
2238.9541015625
2235.74951171875
2229.34423828125
2221.7021484375
2215.4443359375
2212.45849609375
2212.205078125
2212.22509765625
2210.73828125
2207.3271484375
2203.06396484375
2199.42333984375
2197.18603515625
2196.2763671875
2195.2119140625
2193.56787109375
2191.08642578125
2189.404296875
2188.1953125
2187.666015625
2185.83203125
2183.16552734375
2179.5791015625
2176.5556640625
2173.9658203125
2172.1025390625
2170.35546875
2169.0869140625
2167.94091796875
2167.4951171875
2167.09130859375
2166.306640625
2164.33544921875
2160.55419921875
2155.826171875
2150.673828125
2146.80908203125
2144.36083984375
2143.541015625
2143.14111328125
2142.3193359375
2140.1220703125
2136.8154296875
2133.322265625
2130.30419921875
2128.234375
2126.21240234375
2123.54345703125
2119.39892578125
2114.02978515625
2108.17333984375
2102.8271484375
2098.908203125
2096.3271484375
2094.44775390625
2092.0830078125
2089.05908203125
2085.3935546875
2081.8818359375
2078.53125
2075.681640625
2073.18896484375
2071.1357421875
2069.8310546875
2069.07568359375
2069.197265625
2069.4658203125
2070.1298828125
2069.8349609375
2068.6806640625
2065.95556640625
2061.90185546875
2057.47607421875
2051.8134765625
2048.0517578125
2047.9658203125
2050.50439453125
2051.40576171875
2048.71240234375
2044.35888671875
2041.59228515625
2040.48486328125
2038.6005859375
2034.65087890625
2030.51708984375
2028.189453125
2027.623046875
2026.44580078125
2024.26708984375
2022.2060546875
2021.2353515625
2019.912109375
2017.06103515625
2013.1787109375
2010.44287109375
2009.388671875
2009.6884765625
2008.50146484375
2006.07177734375
2001.72607421875
1998.08154296875
1996.0146484375
1996.412109375
1997.5400390625
1997.849609375
1996.68408203125
1994.93798828125
1992.6513671875
1989.47021484375
1984.7109375
1979.67919921875
1975.39013671875
1972.9091796875
1971.68115234375
1970.63134765625
1969.00341796875
1966.7861328125
1964.671875
1962.36328125
1960.189453125
1957.52490234375
1955.60888671875
1954.6162109375
1955.55517578125
1957.49609375
1959.4716796875
1959.78662109375
1957.7568359375
1952.88916015625
1946.79638671875
1940.3232421875
1935.49072265625
1932.7607421875
1931.8740234375
1931.6376953125
1931.08203125
1929.6845703125
1927.5341796875
1924.76708984375
1921.34814453125
1917.138671875
1912.43408203125
1907.873046875
1904.294921875
1901.74755859375
1900.0126953125
1898.24755859375
1896.048828125
1893.0859375
1889.6875
1886.1787109375
1882.947265625
1879.9609375
1877.1435546875
1874.1865234375
1871.1396484375
1868.0390625
1865.341796875
1863.03515625
1861.32568359375
1859.705078125
1858.24755859375
1856.61474609375
1855.21875
1854.1240234375
1853.60791015625
1853.58447265625
1853.90625
1854.212890625
1853.93115234375
1852.64208984375
1850.130859375
1847.1689453125
1844.58642578125
1843.630859375
1844.3447265625
1846.89013671875
1849.86865234375
1852.7490234375
1853.7060546875
1852.6982421875
1849.33984375
1845.5556640625
1842.47802734375
1840.951171875
1839.0322265625
1835.6357421875
1831.337890625
1828.4345703125
1828.21240234375
1830.3701171875
1832.44140625
1832.7470703125
1830.16015625
1826.0205078125
1820.37109375
1813.9091796875
1807.0927734375
1801.5849609375
1798.82177734375
1798.578125
1799.572265625
1799.12451171875
1796.5263671875
1792.06103515625
1788.431640625
1787.42236328125
1789.306640625
1792.8330078125
1795.55712890625
1796.45654296875
1794.04052734375
1789.494140625
1783.5029296875
1778.42724609375
1773.60498046875
1768.49365234375
1762.62109375
1757.58203125
1755.009765625
1754.69921875
1755.4716796875
1755.88818359375
1756.29638671875
1756.47607421875
1756.50830078125
1755.96142578125
1755.474609375
1755.25927734375
1755.36962890625
1756.06689453125
1757.26953125
1757.6826171875
1755.119140625
1747.29296875
1737.89013671875
1731.09130859375
1726.81494140625
1724.83642578125
1720.45361328125
1715.2314453125
1711.58935546875
1712.19970703125
1693.12109375
1695.548828125
1700.169921875
1683.80517578125
1694.6875
1686.3388671875
1683.11865234375
1688.02001953125
1679.53125
1681.046875
1679.720703125
1675.39013671875
1676.6103515625
1673.791015625
1671.63818359375
1672.14453125
1668.56298828125
1668.15478515625
1667.14013671875
1664.6796875
1664.25927734375
1662.5751953125
1661.0302734375
1660.16650390625
1658.5703125
1657.31640625
1656.32958984375
1654.7353515625
1653.72412109375
1652.4541015625
1651.240234375
1650.0712890625
1648.8896484375
1647.70263671875
1646.57861328125
1645.37548828125
1644.24365234375
1643.14453125
1641.90380859375
1640.89453125
1639.68115234375
1638.5830078125
1637.49365234375
1636.333984375
1635.2724609375
1634.119140625
1633.04736328125
1631.927734375
1630.8369140625
1629.7412109375
1628.650390625
1627.56494140625
1626.4716796875
1625.404296875
1624.30126953125
1623.2431640625
1622.16259765625
1621.083984375
1620.0205078125
1618.9404296875
1617.880859375
1616.81640625
1615.7470703125
1614.685546875
1613.623046875
1612.5625
1611.5087890625
1610.44775390625
1609.39501953125
1608.353515625
1607.2998046875
1606.25146484375
1605.19921875
1604.15966796875
1603.1064453125
1602.0703125
1601.0263671875
1599.98681640625
1598.94873046875
1597.916015625
1596.87646484375
1595.84423828125
1594.810546875
1593.77734375
1592.7490234375
1591.720703125
1590.68994140625
1589.6669921875
1588.642578125
1587.61181640625
1586.58837890625
1585.5673828125
1584.544921875
1583.5283203125
1582.5068359375
1581.48779296875
1580.4716796875
1579.453125
1578.43701171875
1577.41943359375
1576.4052734375
1575.392578125
1574.3759765625
1573.35693359375
1572.33740234375
1571.32373046875
1570.3037109375
1569.2841796875
1568.26416015625
1567.248046875
1566.232421875
1565.21240234375
1564.1953125
1563.171875
1562.1533203125
1561.13427734375
1560.11474609375
1559.09521484375
1558.07666015625
1557.056640625
1556.033203125
1555.01708984375
1554.0029296875
1552.986328125
1551.97412109375
1550.958984375
1549.9541015625
1548.9423828125
1547.94091796875
1546.94091796875
1545.9404296875
1544.94091796875
1543.94580078125
1542.95751953125
1541.96630859375
1540.9775390625
1539.99267578125
1539.009765625
1538.033203125
1537.05615234375
1536.0849609375
1535.1171875
1534.14794921875
1533.18701171875
1532.22705078125
1531.267578125
1530.3134765625
1529.36083984375
1528.4111328125
1527.462890625
1526.51806640625
1525.57568359375
1524.6328125
1523.697265625
1522.75830078125
1521.8212890625
1520.89111328125
1519.958984375
1519.02734375
1518.099609375
1517.171875
1516.24267578125
1515.3203125
1514.39794921875
1513.47900390625
1512.5634765625
1511.64306640625
1510.7265625
1509.81005859375
1508.90576171875
1507.9951171875
1507.0859375
1506.1806640625
1505.2744140625
1504.3701171875
1503.46923828125
1502.568359375
1501.66943359375
1500.76953125
1499.87255859375
1498.97412109375
1498.083984375
1497.1904296875
1496.29931640625
1495.40966796875
1494.52392578125
1493.63525390625
1492.74853515625
1491.85791015625
1490.974609375
1490.0966796875
1489.2138671875
1488.330078125
1487.451171875
1486.57763671875
1485.69775390625
1484.818359375
1483.94140625
1483.0673828125
1482.19189453125
1481.3193359375
1480.4423828125
1479.57080078125
1478.701171875
1477.83251953125
1476.96240234375
1476.09326171875
1475.22412109375
1474.35302734375
1473.48779296875
1472.61865234375
1471.7529296875
1470.88916015625
1470.0205078125
1469.15380859375
1468.28955078125
1467.4228515625
1466.5576171875
1465.693359375
1464.826171875
1463.96484375
1463.091796875
1462.22265625
1461.3525390625
1460.4814453125
1459.60498046875
1458.7353515625
1457.85498046875
1456.9794921875
1456.1005859375
1455.22265625
1454.32958984375
1453.43408203125
1452.53515625
1451.6396484375
1450.728515625
1449.82568359375
1448.9033203125
1447.97998046875
1447.05126953125
1446.11474609375
1445.173828125
1444.2255859375
1443.2880859375
1442.34423828125
1441.41259765625
1440.48974609375
1439.5654296875
1438.65576171875
1437.7568359375
1436.86767578125
1435.97607421875
1435.09765625
1434.220703125
1433.3447265625
1432.478515625
1431.619140625
1430.763671875
1429.908203125
1429.0576171875
1428.2080078125
1427.3603515625
1426.5166015625
1425.67333984375
1424.8359375
1423.9990234375
1423.15625
1422.3193359375
1421.4833984375
1420.65234375
1419.8173828125
1418.98095703125
1418.14892578125
1417.31689453125
1416.4853515625
1415.6591796875
1414.828125
1414.0009765625
1413.1748046875
1412.35205078125
1411.5283203125
1410.70458984375
1409.8828125
1409.06103515625
1408.2451171875
1407.427734375
1406.609375
1405.7890625
1404.97509765625
1404.15673828125
1403.3388671875
1402.52880859375
1401.71044921875
1400.8974609375
1400.08349609375
1399.2734375
1398.46337890625
1397.65576171875
1396.84228515625
1396.033203125
1395.220703125
1394.41259765625
1393.6044921875
1392.79296875
1391.9794921875
1391.1669921875
1390.35693359375
1389.54541015625
1388.734375
1387.92431640625
1387.11181640625
1386.2958984375
1385.48291015625
1384.6650390625
1383.85498046875
1383.0341796875
1382.21728515625
1381.400390625
1380.57763671875
1379.7568359375
1378.9306640625
1378.1025390625
1377.2724609375
1376.43603515625
1375.6005859375
1374.76025390625
1373.91845703125
1373.0712890625
1372.22216796875
1371.37646484375
1370.52197265625
1369.6640625
1368.80322265625
1367.9462890625
1367.0791015625
1366.216796875
1365.35205078125
1364.48486328125
1363.6171875
1362.7490234375
1361.8779296875
1361.0048828125
1360.12939453125
1359.25927734375
1358.384765625
1357.513671875
1356.646484375
1355.77783203125
1354.9091796875
1354.04345703125
1353.18505859375
1352.33154296875
1351.47998046875
1350.638671875
1349.796875
1348.95654296875
1348.12255859375
1347.2890625
1346.4609375
1345.6357421875
1344.80419921875
1343.97998046875
1343.15966796875
1342.333984375
1341.5126953125
1340.69189453125
1339.873046875
1339.0576171875
1338.2314453125
1337.4091796875
1336.5830078125
1335.76123046875
1334.93701171875
1334.11767578125
1333.29052734375
1332.47216796875
1331.65087890625
1330.83203125
1330.0146484375
1329.197265625
1328.384765625
1327.57861328125
1326.771484375
1325.9677734375
1325.166015625
1324.375
1323.583984375
1322.791015625
1322.0107421875
1321.2392578125
1320.47802734375
1319.736328125
1319.01416015625
1318.32861328125
1317.6884765625
1317.138671875
1316.61474609375
1316.2158203125
1315.63818359375
1315.00244140625
1313.89599609375
1312.71484375
1311.61865234375
1310.84228515625
1310.3037109375
1309.7236328125
1308.97119140625
1308.0068359375
1307.11572265625
1306.44384765625
1305.88671875
1305.248046875
1304.4287109375
1303.5771484375
1302.8212890625
1302.1767578125
1301.533203125
1300.80322265625
1300.0546875
1299.3349609375
1298.66455078125
1297.9853515625
1297.265625
1296.53466796875
1295.8310546875
1295.16015625
1294.49267578125
1293.7978515625
1293.09521484375
1292.39453125
1291.71484375
1291.03857421875
1290.3525390625
1289.662109375
1288.97509765625
1288.29931640625
1287.626953125
1286.9482421875
1286.2626953125
1285.57958984375
1284.9033203125
1284.22705078125
1283.5537109375
1282.876953125
1282.19873046875
1281.537109375
1280.876953125
1280.2177734375
1279.56982421875
1278.935546875
1278.33056640625
1277.77587890625
1277.29150390625
1276.93359375
1276.755859375
1276.8623046875
1277.27978515625
1278.01171875
1278.662109375
1278.72314453125
1277.5908203125
1275.67529296875
1274.18115234375
1273.61572265625
1273.416015625
1272.3115234375
1270.3232421875
1268.30126953125
1267.1708984375
1266.900390625
1266.71875
1265.98046875
1264.68212890625
1263.3701171875
1262.51904296875
1262.13330078125
1261.794921875
1261.1435546875
1260.169921875
1259.17724609375
1258.4130859375
1257.87158203125
1257.37939453125
1256.78857421875
1256.10595703125
1255.3994140625
1254.76025390625
1254.18017578125
1253.6845703125
1253.2021484375
1252.78271484375
1252.45068359375
1252.37939453125
1252.59765625
1253.1435546875
1253.40234375
1252.908203125
1251.5859375
1250.0986328125
1249.8408203125
1249.4951171875
1249.48095703125
1248.34130859375
1247.32373046875
1246.650390625
1246.74609375
1247.0361328125
1246.857421875
1245.92333984375
1244.4130859375
1242.8427734375
1241.5498046875
1240.9365234375
1240.89697265625
1241.5126953125
1242.28466796875
1242.83154296875
1242.76318359375
1241.986328125
1240.486328125
1238.583984375
1236.865234375
1235.85986328125
1235.60595703125
1235.744140625
1235.76220703125
1235.41943359375
1234.78271484375
1234.318359375
1234.27392578125
1234.8798828125
1235.7099609375
1236.875
1237.787109375
1239.02880859375
1239.873046875
1240.4677734375
1240.55322265625
1239.91796875
1239.3701171875
1239.21044921875
1239.767578125
1240.65966796875
1241.7119140625
1242.740234375
1243.98095703125
1245.39013671875
1246.34716796875
1245.87109375
1243.373046875
1239.26171875
1235.537109375
1233.53955078125
1233.82080078125
1235.32861328125
1236.9892578125
1237.92333984375
1238.00927734375
1237.45703125
1236.36865234375
1235.30810546875
1235.20849609375
1236.36474609375
1238.06689453125
1239.009765625
1238.220703125
1235.5380859375
1231.841796875
1228.34326171875
1225.5322265625
1223.462890625
1221.9150390625
1220.8837890625
1220.20556640625
1219.892578125
1219.7119140625
1219.5166015625
1219.1220703125
1218.29541015625
1216.78369140625
1214.822265625
1212.830078125
1211.36767578125
1210.3505859375
1209.4033203125
1207.9443359375
1206.00927734375
1204.28857421875
1203.82958984375
1205.07177734375
1207.38818359375
1209.6513671875
1210.58935546875
1209.5654296875
1206.84033203125
1203.87353515625
1202.24365234375
1201.91357421875
1201.982421875
1201.0244140625
1199.2138671875
1197.2265625
1196.1748046875
1195.830078125
1195.49462890625
1194.4970703125
1193.0576171875
1191.8759765625
1191.4990234375
1191.85400390625
1192.20263671875
1191.9814453125
1190.9072265625
1189.85107421875
1189.439453125
1189.58642578125
1189.7392578125
1189.49658203125
1189.26953125
1189.1103515625
1189.4892578125
1189.87353515625
1190.5302734375
1190.8125
1190.939453125
1190.521484375
1189.79931640625
1188.78271484375
1187.955078125
1187.73974609375
1188.49169921875
1189.74462890625
1190.841796875
1190.71337890625
1189.37060546875
1186.6826171875
1183.8251953125
1181.22314453125
1179.669921875
1178.9267578125
1178.74609375
1178.54150390625
1177.99609375
1177.046875
1175.79345703125
1174.533203125
1173.30712890625
1172.2080078125
1171.19384765625
1170.26513671875
1169.4873046875
1168.88818359375
1168.60791015625
1168.63330078125
1169.0283203125
1169.6005859375
1170.3486328125
1171.0546875
1172.015625
1173.078125
1174.44677734375
1175.6923828125
1176.44580078125
1176.361328125
1174.857421875
1172.494140625
1169.75390625
1168.1875
1167.8515625
1169.0498046875
1170.1904296875
1171.56396484375
1172.46630859375
1173.4033203125
1173.732421875
1169.314453125
1162.93505859375
1160.2294921875
1161.74462890625
1162.361328125
1159.61474609375
1156.6259765625
1156.48095703125
1156.32275390625
1153.6494140625
1150.7939453125
1150.60546875
1151.30029296875
1150.7138671875
1150.1103515625
1150.9033203125
1150.92578125
1149.03515625
1147.02001953125
1146.21142578125
1145.6767578125
1145.5107421875
1146.6708984375
1148.9853515625
1150.8623046875
1152.056640625
1152.298828125
1151.4248046875
1149.3369140625
1147.052734375
1145.6015625
1145.1083984375
1144.94873046875
1144.49951171875
1143.55810546875
1141.77783203125
1139.443359375
1137.17431640625
1135.88720703125
1135.57275390625
1135.9248046875
1136.359375
1136.494140625
1136.41845703125
1136.66162109375
1137.7412109375
1139.4521484375
1141.083984375
1141.90771484375
1141.62158203125
1140.6171875
1139.40966796875
1138.7890625
1138.736328125
1139.10693359375
1139.310546875
1139.0654296875
1138.3994140625
1137.5263671875
1136.8759765625
1136.69091796875
1137.26611328125
1138.31201171875
1139.8466796875
1140.57177734375
1140.63525390625
1138.8125
1135.91845703125
1132.37158203125
1129.12841796875
1126.89892578125
1126.0576171875
1126.33984375
1127.28271484375
1128.1923828125
1128.45849609375
1127.76708984375
1125.87060546875
1123.30029296875
1120.77490234375
1119.111328125
1118.68505859375
1119.15576171875
1119.85302734375
1120.044921875
1119.4013671875
1118.189453125
1116.98828125
1116.23291015625
1115.880859375
1115.72119140625
1115.28564453125
1114.7314453125
1113.74658203125
1112.81396484375
1111.884765625
1111.3193359375
1111.05078125
1110.92578125
1110.671875
1110.1923828125
1109.5859375
1109.060546875
1108.61083984375
1108.173828125
1107.7236328125
1107.38134765625
1107.3720703125
1107.802734375
1108.60302734375
1109.53076171875
1110.20751953125
1110.39013671875
1109.8798828125
1108.86328125
1107.51806640625
1106.20703125
1105.1025390625
1104.455078125
1104.05810546875
1103.751953125
1103.1201171875
1102.0869140625
1100.93701171875
1100.2509765625
1100.51611328125
1101.79248046875
1103.74462890625
1105.67724609375
1107.14990234375
1107.74609375
1107.82666015625
1107.5341796875
1107.3369140625
1107.00537109375
1106.3544921875
1105.328125
1103.89990234375
1102.7939453125
1101.95166015625
1101.82275390625
1101.55517578125
1101.3291015625
1100.509765625
1099.7978515625
1098.87255859375
1098.20703125
1097.4873046875
1097.02978515625
1096.857421875
1097.1474609375
1098.04248046875
1099.31884765625
1100.75146484375
1101.83984375
1102.38525390625
1101.8359375
1100.06640625
1096.9677734375
1093.3359375
1090.0302734375
1087.7470703125
1086.61669921875
1086.2265625
1086.138671875
1085.8671875
1085.47119140625
1085.068359375
1084.916015625
1084.89208984375
1085.05615234375
1085.3291015625
1085.8212890625
1086.423828125
1086.9873046875
1087.22314453125
1086.84716796875
1085.736328125
1084.041015625
1082.4501953125
1081.43896484375
1081.16015625
1081.07373046875
1080.5986328125
1079.68603515625
1078.59130859375
1077.84375
1077.18115234375
1076.63818359375
1075.9345703125
1075.7109375
1075.8984375
1076.50537109375
1076.9990234375
1077.501953125
1078.26318359375
1079.9697265625
1082.240234375
1084.6708984375
1085.970703125
1085.94140625
1084.171875
1081.15185546875
1077.3037109375
1073.64013671875
1070.82080078125
1069.3994140625
1068.7861328125
1068.49462890625
1067.53271484375
1065.9853515625
1063.94677734375
1062.2041015625
1060.76611328125
1059.9580078125
1059.3310546875
1059.06298828125
1058.890625
1059.0712890625
1059.529296875
1060.3603515625
1061.55517578125
1062.998046875
1064.85595703125
1066.83203125
1068.81591796875
1069.81494140625
1069.37890625
1067.1640625
1063.88134765625
1060.66064453125
1058.287109375
1057.51123046875
1058.10107421875
1059.72314453125
1061.56640625
1063.3994140625
1064.958984375
1066.3056640625
1067.43359375
1068.1259765625
1068.38330078125
1068.15380859375
1067.8486328125
1067.9345703125
1068.5126953125
1069.3818359375
1069.60595703125
1068.8701171875
1067.1123046875
1065.0966796875
1063.40576171875
1061.9892578125
1060.40234375
1058.20751953125
1055.67626953125
1053.544921875
1052.5556640625
1052.67578125
1053.44775390625
1053.97705078125
1054.07861328125
1053.5419921875
1052.93310546875
1052.19189453125
1051.92919921875
1051.63525390625
1051.9541015625
1051.73779296875
1051.62890625
1050.6064453125
1049.51953125
1048.703125
1048.7685546875
1049.85400390625
1051.60498046875
1053.31298828125
1054.099609375
1053.53173828125
1051.537109375
1048.69140625
1045.97900390625
1043.9404296875
1043.12939453125
1042.95361328125
1043.14892578125
1042.9912109375
1042.6220703125
1041.83203125
1040.6650390625
1038.99658203125
1036.8828125
1034.578125
1032.41455078125
1030.68603515625
1029.46435546875
1028.732421875
1028.3740234375
1028.2607421875
1028.2421875
1028.19091796875
1028.04541015625
1027.79345703125
1027.521484375
1027.318359375
1027.232421875
1027.291015625
1027.490234375
1027.8818359375
1028.4404296875
1029.2421875
1030.1982421875
1031.40576171875
1032.6357421875
1033.8505859375
1034.6865234375
1035.13818359375
1035.17822265625
1035.0517578125
1034.84912109375
1034.42919921875
1033.74267578125
1032.6943359375
1031.87841796875
