7834.611328125
7818.3369140625
7802.923828125
7788.326171875
7774.484375
7761.35302734375
7748.876953125
7737.00634765625
7725.68896484375
7714.8828125
7704.5458984375
7694.64404296875
7685.14208984375
7676.01708984375
7667.2373046875
7658.7880859375
7650.6494140625
7642.8076171875
7635.24853515625
7627.9619140625
7620.939453125
7614.1630859375
7607.62890625
7601.32958984375
7595.2587890625
7589.39990234375
7583.74658203125
7578.2900390625
7573.0224609375
7567.93505859375
7563.01806640625
7558.263671875
7553.66845703125
7549.2216796875
7544.923828125
7540.7607421875
7536.73486328125
7532.837890625
7529.0615234375
7525.40576171875
7521.869140625
7518.44140625
7515.12109375
7511.900390625
7508.78125
7505.7568359375
7502.82568359375
7499.9814453125
7497.22265625
7494.54541015625
7491.94873046875
7489.42578125
7486.97900390625
7484.6005859375
7482.2880859375
7480.0419921875
7477.8583984375
7475.734375
7473.669921875
7471.65966796875
7469.70751953125
7467.80224609375
7465.94775390625
7464.14306640625
7462.388671875
7460.6767578125
7459.00927734375
7457.3828125
7455.79833984375
7454.2509765625
7452.7421875
7451.2705078125
7449.83251953125
7448.43115234375
7447.06201171875
7445.724609375
7444.4140625
7443.13671875
7441.88818359375
7440.6669921875
7439.4736328125
7438.306640625
7437.162109375
7436.044921875
7434.951171875
7433.880859375
7432.83203125
7431.8056640625
7430.79833984375
7429.8115234375
7428.845703125
7427.89697265625
7426.96728515625
7426.0546875
7425.16162109375
7424.28173828125
7423.419921875
7422.57421875
7421.74267578125
7420.9287109375
7420.1259765625
7419.337890625
7418.560546875
7417.79638671875
7417.05078125
7416.31396484375
7415.591796875
7414.88037109375
7414.1806640625
7413.4912109375
7412.8134765625
7412.14501953125
7411.490234375
7410.8427734375
7410.20703125
7409.58203125
7408.9638671875
7408.35546875
7407.755859375
7407.166015625
7406.5830078125
7406.01171875
7405.44873046875
7404.8896484375
7404.3408203125
7403.8017578125
7403.2705078125
7402.7470703125
7402.23095703125
7401.72265625
7401.2216796875
7400.72900390625
7400.24267578125
7399.7626953125
7399.28759765625
7398.82470703125
7398.3671875
7397.9140625
7397.4716796875
7397.033203125
7396.6044921875
7396.181640625
7395.7646484375
7395.35498046875
7394.951171875
7394.5537109375
7394.1611328125
7393.7763671875
7393.3984375
7393.0224609375
7392.65625
7392.2958984375
7391.93896484375
7391.5849609375
7391.2421875
7390.90234375
7390.568359375
7390.2373046875
7389.912109375
7389.59423828125
7389.2802734375
7388.97314453125
7388.669921875
7388.369140625
7388.07568359375
7387.78662109375
7387.5
7387.21826171875
7386.9423828125
7386.6689453125
7386.39892578125
7386.1318359375
7385.86962890625
7385.611328125
7385.35693359375
7385.10546875
7384.85888671875
7384.615234375
7384.375
7384.138671875
7383.904296875
7383.6728515625
7383.44580078125
7383.21923828125
7382.99658203125
7382.77587890625
7382.55810546875
7382.3427734375
7382.130859375
7381.921875
7381.71484375
7381.50927734375
7381.306640625
7381.10693359375
7380.90966796875
7380.71337890625
7380.5185546875
7380.3251953125
7380.13623046875
7379.9501953125
11766629.0
11517886.0
212619.421875
117895.8671875
118631.6015625
90145.078125
79685.0390625
69042.53125
61493.98046875
58773.9140625
57866.5078125
57212.27734375
73532.5859375
57420.1015625
57018.3828125
56581.82421875
54610.015625
52055.7890625
49990.1875
48422.046875
47116.0390625
45939.61328125
44835.34765625
43709.41796875
42596.6953125
41573.8828125
40640.40234375
39763.83203125
38925.15234375
38131.5546875
37379.3359375
36648.27734375
35912.6484375
35155.8984375
34386.59375
33629.9765625
32890.08984375
32156.1484375
31428.78125
30721.71875
30043.0625
29388.08203125
28752.123046875
28141.53125
27561.560546875
27011.48828125
26485.4765625
25977.53515625
25490.509765625
25027.390625
24583.14453125
24153.767578125
23739.796875
23343.541015625
22966.3671875
22607.18359375
22265.55859375
21942.052734375
21637.068359375
21348.0546875
21072.658203125
20810.650390625
20560.45703125
20319.919921875
20088.158203125
19865.1640625
19650.232421875
19442.353515625
19241.302734375
19046.9375
18859.23828125
18677.990234375
18503.041015625
18334.04296875
18170.701171875
18012.525390625
17859.029296875
17709.728515625
17564.5546875
17423.310546875
17285.49609375
17150.828125
17019.19140625
16890.703125
16765.232421875
16642.63671875
16522.98828125
16406.08984375
16291.5537109375
16179.359375
16069.662109375
15962.228515625
15856.896484375
15753.6376953125
15652.4052734375
15553.126953125
15455.65625
15359.865234375
15265.72265625
15173.19921875
15082.126953125
14992.4609375
14904.251953125
14817.462890625
14732.09765625
14648.1279296875
14565.5185546875
14483.728515625
14402.875
14323.361328125
14245.576171875
14169.033203125
14093.0703125
14018.234375
13944.83984375
13872.701171875
13801.4658203125
13731.033203125
13661.9150390625
13593.951171875
13526.6455078125
13460.1171875
13394.4609375
13329.6875
13265.59375
13202.041015625
13139.21484375
13077.1640625
13015.8251953125
12955.0966796875
12894.9765625
12835.55859375
12776.8544921875
12718.7470703125
12661.291015625
12604.4580078125
12548.3232421875
12492.888671875
12438.0791015625
12383.8818359375
12330.2734375
12277.220703125
12224.80078125
12172.966796875
12121.681640625
12070.974609375
12020.8037109375
11971.208984375
11922.1650390625
11873.677734375
11825.73046875
11778.310546875
11731.408203125
11685.0
11639.0771484375
11593.611328125
11548.60546875
11504.056640625
11460.0
11416.392578125
11373.099609375
11330.0888671875
11287.501953125
11245.505859375
11203.890625
11162.546875
11121.5478515625
11081.056640625
11040.962890625
11001.15234375
10961.74609375
10922.76171875
10884.287109375
10845.87109375
10807.96484375
10769.7431640625
10731.880859375
10694.3671875
10657.529296875
10621.271484375
10585.12890625
10549.45703125
10513.2138671875
10477.568359375
10442.9609375
10409.3369140625
10374.90625
10339.044921875
10305.109375
10271.4228515625
10237.2919921875
10204.857421875
10171.9609375
10138.4599609375
10106.0947265625
10073.9296875
10041.80078125
10010.1728515625
9978.30859375
9946.865234375
9916.037109375
9885.0322265625
9854.44921875
9824.0185546875
9793.5576171875
9763.673828125
9733.912109375
9704.2177734375
9674.7568359375
9645.3115234375
9616.21484375
9587.4228515625
9558.55078125
9529.9423828125
9501.482421875
9473.0693359375
9444.9453125
9416.9970703125
9389.17578125
9361.5537109375
9334.119140625
9306.8515625
9279.9091796875
9253.150390625
9226.625
9200.26953125
9174.056640625
9148.248046875
9122.8046875
9097.4287109375
9072.13671875
9047.3173828125
9023.1337890625
8998.443359375
8972.529296875
8947.8828125
8924.037109375
8898.8388671875
8874.8671875
8851.2392578125
8826.8505859375
8803.8955078125
8780.7314453125
8757.517578125
8734.0498046875
8708.892578125
8684.951171875
8662.09375
8639.505859375
8616.595703125
8592.64453125
8569.7978515625
8547.6435546875
8525.087890625
8501.5625
8477.64453125
8455.1552734375
8433.298828125
8410.859375
8388.3515625
8366.166015625
8344.6328125
8322.869140625
8301.33984375
8280.326171875
8259.322265625
8238.337890625
8217.16796875
8196.19921875
8175.49609375
8155.1484375
8134.9208984375
8114.595703125
8094.42822265625
8074.72265625
8054.79541015625
8035.11376953125
8014.9462890625
7994.99658203125
7975.18310546875
7955.7275390625
7936.6318359375
7917.62109375
7898.8173828125
7879.79248046875
7860.7509765625
7841.44921875
7822.189453125
7803.474609375
7785.2744140625
7767.13330078125
7748.38720703125
7729.654296875
7711.4658203125
7693.607421875
7675.58056640625
7657.44677734375
7639.69970703125
7622.0546875
7604.11474609375
7586.12841796875
7568.67236328125
7551.63232421875
7534.47802734375
7517.208984375
7500.3251953125
7483.8173828125
7467.32763671875
7450.8447265625
7434.63818359375
7418.77978515625
7402.751953125
7386.5419921875
7369.84521484375
7353.0322265625
7336.181640625
7319.78564453125
7303.8701171875
7288.13427734375
7272.326171875
7256.43896484375
7240.8623046875
7225.6689453125
7210.876953125
7195.9228515625
7180.75341796875
7165.3603515625
7150.10693359375
7135.2060546875
7120.14794921875
7104.759765625
7089.3623046875
7074.80029296875
7061.10693359375
7047.54541015625
7033.28466796875
7018.3369140625
7003.5673828125
6989.3876953125
6975.470703125
6961.34521484375
6946.9228515625
6932.5478515625
6918.701171875
6905.33251953125
6892.0859375
6878.48193359375
6864.501953125
6850.462890625
6836.8154296875
6823.7236328125
6810.8671875
6797.9521484375
6785.01171875
6772.16796875
6759.52685546875
6747.1552734375
6735.291015625
6724.177734375
6713.65380859375
6702.806640625
6690.716796875
6677.318359375
6663.28564453125
6649.5439453125
6636.38525390625
6624.259765625
6612.578125
6600.888671875
6588.458984375
6575.5
6562.91796875
6551.1943359375
6539.90869140625
6528.4169921875
6516.7265625
6505.2822265625
6494.3876953125
6483.6484375
6472.484375
6460.330078125
6448.2431640625
6436.79345703125
6426.271484375
6415.53955078125
6404.02001953125
6391.9521484375
6380.255859375
6369.54736328125
6359.498046875
6349.44873046875
6338.8095703125
6328.80908203125
6318.09765625
6307.3388671875
6294.56103515625
6283.02734375
6273.451171875
6264.59765625
6254.650390625
6243.1416015625
6232.09521484375
6221.5234375
6209.9384765625
6197.35888671875
6185.111328125
6174.5322265625
6164.9658203125
6155.00439453125
6144.63525390625
6134.4794921875
6124.9853515625
6115.40576171875
6105.6328125
6098.4140625
6093.421875
6070.66943359375
6066.04931640625
6054.4521484375
6047.8701171875
6038.55908203125
6027.787109375
6015.0029296875
6001.05908203125
5988.12939453125
5977.12890625
5967.0595703125
5958.8310546875
5947.6279296875
5937.28125
5925.5703125
5917.6337890625
5907.986328125
5899.58935546875
5888.58203125
5880.2333984375
5871.27734375
5862.94775390625
5851.6435546875
5841.77880859375
5832.60791015625
5824.455078125
5814.16650390625
5804.7158203125
5795.63134765625
5786.62939453125
5777.3310546875
5768.1650390625
5759.5712890625
5750.728515625
5741.9677734375
5733.49365234375
5725.6884765625
5717.638671875
5710.11083984375
5702.291015625
5694.23828125
5686.259765625
5678.7412109375
5670.44921875
5661.09912109375
5651.6650390625
5642.283203125
5634.67919921875
5624.72802734375
5615.07421875
5606.6171875
5599.546875
5594.80029296875
5586.4951171875
5577.5517578125
5568.71435546875
5560.7578125
5554.400390625
5545.890625
5537.4248046875
5528.9248046875
5521.7119140625
5513.9140625
5505.3251953125
5498.3134765625
5491.29541015625
5483.052734375
5472.32666015625
5463.28271484375
5456.6513671875
5448.7705078125
5442.2919921875
5434.1494140625
5426.14697265625
5418.6943359375
5412.58154296875
5408.501953125
5398.103515625
5387.93115234375
5380.2900390625
5370.935546875
5361.60107421875
5351.6845703125
5343.130859375
5336.69677734375
5327.4521484375
5319.39501953125
5312.85302734375
5302.845703125
5293.640625
5285.79638671875
5279.26708984375
5272.34326171875
5261.189453125
5251.5146484375
5244.341796875
5237.3623046875
5229.99560546875
5221.22314453125
5213.7392578125
5207.0322265625
5199.3125
5191.65380859375
5183.869140625
5177.52734375
5171.87890625
5165.4892578125
5158.0791015625
5149.27734375
5141.1982421875
5134.47412109375
5129.0595703125
5124.09619140625
5119.1513671875
5112.98828125
5106.2216796875
5097.55908203125
5088.81787109375
5080.58251953125
5073.62646484375
5067.23046875
5060.4013671875
5053.220703125
5046.40380859375
5041.03955078125
5036.1689453125
5031.42529296875
5024.146484375
5015.3310546875
5005.77001953125
4997.5537109375
4991.05859375
4984.89599609375
4978.2451171875
4971.07275390625
4965.40869140625
4959.8125
4954.64208984375
4948.498046875
4941.73828125
4934.46875
4927.14453125
4919.8447265625
4912.50537109375
4905.6728515625
4898.58984375
4891.552734375
4883.9560546875
4876.611328125
4870.21484375
4864.583984375
4858.94482421875
4852.693359375
4846.044921875
4839.75390625
4834.4833984375
4830.2373046875
4826.67041015625
4822.91015625
4818.2919921875
4811.5849609375
4803.1806640625
4793.111328125
4784.3642578125
4775.5986328125
4769.0400390625
4762.4580078125
4756.3251953125
4750.1884765625
4743.9599609375
4737.89794921875
4731.453125
4725.5166015625
4718.7734375
4712.95751953125
4707.69677734375
4702.97900390625
4697.82763671875
4692.0400390625
4685.751953125
4678.05615234375
4670.62744140625
4663.5576171875
4657.2763671875
4651.650390625
4646.47705078125
4641.40576171875
4635.421875
4629.2294921875
4622.5615234375
4616.5986328125
4610.6923828125
4605.57421875
4600.0283203125
4594.91845703125
4589.7265625
4584.56787109375
4579.0576171875
4573.06884765625
4566.9697265625
4561.16552734375
4555.96826171875
4551.77734375
4547.7919921875
4545.12353515625
4540.51416015625
4536.01708984375
4529.06787109375
4520.82177734375
4512.0908203125
4505.01806640625
4499.927734375
4495.529296875
4490.8203125
4484.6376953125
4478.712890625
4472.3095703125
4467.6162109375
4463.1318359375
4459.56494140625
4455.84423828125
4451.28955078125
4445.302734375
4438.49462890625
4431.880859375
4426.66015625
4422.46728515625
4418.44384765625
4413.3134765625
4410.30419921875
4405.7626953125
4401.4541015625
4394.9404296875
4387.03515625
4379.4208984375
4372.7333984375
4366.72900390625
4361.5126953125
4357.56103515625
4354.025390625
4350.7548828125
4345.4599609375
4339.89990234375
4332.5712890625
4326.46826171875
4321.67578125
4318.48828125
4315.34716796875
4311.423828125
4305.845703125
4299.0478515625
4291.22021484375
4284.39697265625
4277.83642578125
4273.0234375
4267.54296875
4261.8681640625
4255.353515625
4248.6005859375
4242.5322265625
4238.47998046875
4235.78125
4234.0048828125
4232.9423828125
4230.35791015625
4228.0634765625
4223.5830078125
4218.3662109375
4210.8798828125
4202.02734375
4192.6884765625
4185.498046875
4181.78662109375
4178.97265625
4174.8564453125
4168.66650390625
4162.525390625
4159.06201171875
4153.87158203125
4150.7666015625
4143.6318359375
4137.48095703125
4131.7431640625
4126.06591796875
4122.95166015625
4118.07568359375
4114.13818359375
4108.1630859375
4103.11767578125
4098.63916015625
4094.220703125
4090.595703125
4086.56787109375
4083.279296875
4079.654296875
4076.8564453125
4073.8115234375
4070.765625
4066.439453125
4061.12548828125
4055.32275390625
4050.35986328125
4046.4697265625
4043.48193359375
4040.2265625
4036.54443359375
4032.83984375
4029.87109375
4027.9306640625
4025.95263671875
4021.96875
4015.5615234375
4005.298828125
3996.54345703125
3990.607421875
3988.8154296875
3988.2373046875
3986.5107421875
3982.5029296875
3977.5234375
3972.3427734375
3967.7802734375
3963.12353515625
3958.54150390625
3954.193359375
3950.54443359375
3947.6689453125
3944.3525390625
3940.34423828125
3936.63525390625
3933.6943359375
3933.2314453125
3931.208984375
3926.80810546875
3919.5966796875
3910.7919921875
3902.451171875
3895.26171875
3889.2529296875
3884.2490234375
3880.33203125
3876.84033203125
3871.84814453125
3867.48046875
3860.9677734375
3857.177734375
3854.251953125
3851.55615234375
3848.2138671875
3843.63525390625
3839.1533203125
3833.41015625
3828.07080078125
3823.85107421875
3820.7197265625
3817.75
3815.06640625
3812.00732421875
3809.8662109375
3807.85400390625
3805.58203125
3802.0703125
3797.509765625
3791.6484375
3785.65234375
3779.37255859375
3773.9814453125
3769.40576171875
3765.21142578125
3761.8046875
3758.841796875
3755.44482421875
3751.21630859375
3746.921875
3743.53515625
3740.103515625
3736.52587890625
3732.21435546875
3728.36376953125
3725.5576171875
3723.50927734375
3721.4892578125
3719.00634765625
3716.2548828125
3713.6982421875
3711.17333984375
3709.0595703125
3705.943359375
3702.9287109375
3698.9951171875
3695.3046875
3692.123046875
3689.91455078125
3689.0498046875
3688.1455078125
3687.64453125
3686.2685546875
3683.8251953125
3678.876953125
3671.24462890625
3661.4140625
3651.798828125
3645.0400390625
3642.28662109375
3642.20654296875
3642.06640625
3640.4091796875
3636.15087890625
3631.44189453125
3627.849609375
3624.45947265625
3621.61865234375
3617.8232421875
3613.373046875
3608.69384765625
3604.2294921875
3600.4345703125
3597.3701171875
3591.65283203125
3586.94189453125
3583.88134765625
3581.830078125
3580.705078125
3578.24365234375
3576.70556640625
3570.7294921875
3564.06689453125
3556.466796875
3550.087890625
3546.2099609375
3544.087890625
3544.2236328125
3542.09765625
3539.59814453125
3535.01318359375
3529.99755859375
3525.2099609375
3521.599609375
3519.08349609375
3515.76953125
3511.86962890625
3506.7998046875
3502.2255859375
3499.0888671875
3497.63330078125
3497.06591796875
3496.4072265625
3495.140625
3493.177734375
3491.0537109375
3488.90771484375
3485.88232421875
3482.46435546875
3478.0869140625
3475.2431640625
3473.2783203125
3472.66845703125
3470.93115234375
3468.81494140625
3464.9130859375
3461.34326171875
3457.52978515625
3453.7666015625
3449.1884765625
3444.51123046875
3440.81005859375
3439.30322265625
3439.5732421875
3439.8046875
3437.84033203125
3432.8720703125
3425.681640625
3418.10107421875
3411.72216796875
3407.5205078125
3405.20751953125
3404.29345703125
3403.8173828125
3403.09375
3401.6279296875
3399.38720703125
3397.0556640625
3394.896484375
3393.095703125
3390.6943359375
3387.6650390625
3384.10302734375
3381.4052734375
3380.2958984375
3380.60986328125
3381.517578125
3381.39599609375
3379.41357421875
3374.76171875
3367.8349609375
3360.1201171875
3352.900390625
3348.3662109375
3346.6455078125
3347.8779296875
3349.7744140625
3350.302734375
3347.193359375
3340.53955078125
3331.60400390625
3322.755859375
3315.837890625
3311.302734375
3308.80078125
3306.716796875
3304.16015625
3300.2724609375
3296.1123046875
3291.76806640625
3288.10302734375
3284.49560546875
3281.37353515625
3278.36328125
3275.62060546875
3272.609375
3269.1455078125
3265.2568359375
3261.40673828125
3258.0029296875
3255.2451171875
3253.0537109375
3251.2373046875
3249.5576171875
3247.91845703125
3246.533203125
3245.482421875
3244.9248046875
3243.92919921875
3242.53466796875
3239.697265625
3237.42578125
3235.01416015625
3234.6689453125
3234.5732421875
3235.7421875
3235.75
3235.669921875
3233.185546875
3229.51171875
3224.15478515625
3218.60400390625
3214.2353515625
3211.0439453125
3209.39501953125
3207.998046875
3206.5390625
3203.88232421875
3200.91064453125
3197.67138671875
3195.26953125
3193.77099609375
3192.3857421875
3190.84326171875
3188.64208984375
3186.3662109375
3184.447265625
3181.87646484375
3178.07958984375
3171.5634765625
3165.90966796875
3160.638671875
3157.01416015625
3153.5908203125
3149.13037109375
3144.42626953125
3141.03076171875
3139.0673828125
3137.5146484375
3134.91650390625
3132.21142578125
3129.28857421875
3126.63232421875
3123.078125
3118.7060546875
3114.4990234375
3111.765625
3110.89501953125
3111.03369140625
3111.8017578125
3112.099609375
3081.94775390625
3085.77734375
3094.5341796875
3070.744140625
3083.62548828125
3077.29736328125
3066.32568359375
3076.29931640625
3064.6572265625
3063.4267578125
3066.501953125
3056.57470703125
3059.1865234375
3056.8671875
3051.03564453125
3053.2236328125
3048.6669921875
3046.19677734375
3046.3330078125
3042.00927734375
3041.06640625
3039.47119140625
3036.3056640625
3035.46337890625
3033.10986328125
3030.93505859375
3029.634765625
3027.26171875
3025.56103515625
3023.85009765625
3021.72802734375
3020.10205078125
3018.2275390625
3016.3203125
3014.61474609375
3012.7431640625
3010.92333984375
3009.16015625
3007.3466796875
3005.56103515625
3003.76513671875
3001.99609375
3000.21533203125
2998.4169921875
2996.66162109375
2994.876953125
2993.11328125
2991.35546875
2989.57080078125
2987.81982421875
2986.0595703125
2984.28125
2982.5361328125
2980.7685546875
2979.00244140625
2977.25537109375
2975.47998046875
2973.72412109375
2971.962890625
2970.18505859375
2968.4267578125
2966.66552734375
2964.89208984375
2963.1259765625
2961.3564453125
2959.576171875
2957.8017578125
2956.0185546875
2954.23681640625
2952.45654296875
2950.66796875
2948.8857421875
2947.0986328125
2945.3076171875
2943.513671875
2941.71630859375
2939.92578125
2938.12744140625
2936.3388671875
2934.5419921875
2932.7529296875
2930.9599609375
2929.1787109375
2927.3955078125
2925.62255859375
2923.84130859375
2922.08154296875
2920.3173828125
2918.54736328125
2916.78271484375
2915.013671875
2913.2451171875
2911.4736328125
2909.69970703125
2907.9140625
2906.12255859375
2904.3154296875
2902.4912109375
2900.64208984375
2898.7578125
2896.84033203125
2894.8671875
2892.8505859375
2890.79052734375
2888.70556640625
2886.65087890625
2884.76806640625
2883.24365234375
2882.3876953125
2881.87451171875
2880.986328125
2877.78955078125
2873.79443359375
2871.59912109375
2871.30810546875
2870.3349609375
2867.37255859375
2864.73876953125
2863.77490234375
2862.70703125
2860.32275390625
2857.9736328125
2856.8037109375
2855.57470703125
2853.37255859375
2851.34619140625
2850.10205078125
2848.64599609375
2846.6103515625
2844.81982421875
2843.47802734375
2841.89013671875
2839.9716796875
2838.3330078125
2836.91845703125
2835.25146484375
2833.455078125
2831.8935546875
2830.39990234375
2828.7275390625
2827.01708984375
2825.4736328125
2823.94140625
2822.27490234375
2820.6357421875
2819.10595703125
2817.54150390625
2815.904296875
2814.30419921875
2812.76416015625
2811.20068359375
2809.5859375
2808.00341796875
2806.45849609375
2804.8818359375
2803.29248046875
2801.72705078125
2800.17919921875
2798.61328125
2797.03564453125
2795.47900390625
2793.93701171875
2792.376953125
2790.810546875
2789.26220703125
2787.7197265625
2786.17138671875
2784.6171875
2783.07763671875
2781.541015625
2779.99462890625
2778.44921875
2776.90771484375
2775.373046875
2773.83984375
2772.30419921875
2770.7724609375
2769.2412109375
2767.7158203125
2766.1923828125
2764.666015625
2763.1455078125
2761.62060546875
2760.1005859375
2758.58447265625
2757.0576171875
2755.5380859375
2754.01708984375
2752.5048828125
2750.9912109375
2749.48193359375
2747.96533203125
2746.45166015625
2744.9423828125
2743.4365234375
2741.927734375
2740.4248046875
2738.923828125
2737.421875
2735.9189453125
2734.4150390625
2732.921875
2731.42724609375
2729.931640625
2728.44140625
2726.953125
2725.4560546875
2723.9658203125
2722.484375
2720.994140625
2719.51416015625
2718.03466796875
2716.55615234375
2715.078125
2713.607421875
2712.13818359375
2710.66552734375
2709.2001953125
2707.73193359375
2706.27197265625
2704.8134765625
2703.3525390625
2701.89697265625
2700.43896484375
2698.9892578125
2697.54248046875
2696.0888671875
2694.6416015625
2693.19580078125
2691.748046875
2690.30419921875
2688.86279296875
2687.421875
2685.990234375
2684.55078125
2683.11474609375
2681.67822265625
2680.25048828125
2678.82470703125
2677.39111328125
2675.97119140625
2674.54296875
2673.1201171875
2671.6943359375
2670.275390625
2668.8544921875
2667.439453125
2666.0283203125
2664.61181640625
2663.1962890625
2661.78662109375
2660.376953125
2658.96923828125
2657.5615234375
2656.15966796875
2654.75244140625
2653.35498046875
2651.95947265625
2650.5576171875
2649.15576171875
2647.755859375
2646.36474609375
2644.97216796875
2643.57861328125
2642.18408203125
2640.79443359375
2639.40185546875
2638.0107421875
2636.626953125
2635.24658203125
2633.861328125
2632.486328125
2631.111328125
2629.73876953125
2628.37890625
2627.0322265625
2625.68798828125
2624.3662109375
2623.02490234375
2621.673828125
2620.283203125
2618.8388671875
2617.3701171875
2615.93115234375
2614.5400390625
2613.19921875
2611.85888671875
2610.5048828125
2609.1044921875
2607.68115234375
2606.2763671875
2604.88427734375
2603.521484375
2602.1630859375
2600.79638671875
2599.41357421875
2598.0244140625
2596.63623046875
2595.27197265625
2593.9111328125
2592.55224609375
2591.19482421875
2589.8330078125
2588.4716796875
2587.103515625
2585.744140625
2584.39306640625
2583.04638671875
2581.7060546875
2580.36572265625
2579.021484375
2577.68017578125
2576.3330078125
2575.0009765625
2573.66845703125
2572.33935546875
2571.013671875
2569.68896484375
2568.36865234375
2567.04248046875
2565.72021484375
2564.404296875
2563.0859375
2561.77001953125
2560.4541015625
2559.1357421875
2557.828125
2556.52001953125
2555.2119140625
2553.90966796875
2552.603515625
2551.30078125
2549.998046875
2548.69921875
2547.40478515625
2546.109375
2544.81201171875
2543.51513671875
2542.22216796875
2540.92333984375
2539.6298828125
2538.33984375
2537.0498046875
2535.76318359375
2534.474609375
2533.18408203125
2531.900390625
2530.6162109375
2529.3427734375
2528.06298828125
2526.7861328125
2525.51220703125
2524.24365234375
2522.97216796875
2521.7109375
2520.44873046875
2519.2041015625
2517.9677734375
2516.7568359375
2515.57373046875
2514.4296875
2513.326171875
2512.28515625
2511.2607421875
2510.2587890625
2509.12841796875
2507.8505859375
2506.2724609375
2504.5732421875
2502.89990234375
2501.44580078125
2500.25439453125
2499.2451171875
2498.25830078125
2497.1748046875
2495.96484375
2494.73583984375
2493.4619140625
2492.3056640625
2490.95751953125
2489.57373046875
2488.08056640625
2486.65625
2485.34912109375
2484.1435546875
2483.0126953125
2481.83447265625
2480.58544921875
2479.216796875
2477.8564453125
2476.5498046875
2475.31982421875
2474.14501953125
2472.953125
2471.71728515625
2470.43408203125
2469.14892578125
2467.88330078125
2466.64990234375
2465.4384765625
2464.2138671875
2462.9892578125
2461.73876953125
2460.49267578125
2459.2490234375
2458.0205078125
2456.8125
2455.59716796875
2454.375
2453.1396484375
2451.908203125
2450.6748046875
2449.4541015625
2448.2412109375
2447.02734375
2445.81396484375
2444.60107421875
2443.37841796875
2442.15234375
2440.93408203125
2439.7158203125
2438.5087890625
2437.30126953125
2436.095703125
2434.8876953125
2433.673828125
2432.4638671875
2431.25048828125
2430.0419921875
2428.84375
2427.6494140625
2426.46728515625
2425.29931640625
2424.1875
2423.140625
2422.35205078125
2421.63916015625
2421.91357421875
2421.12158203125
2421.44921875
2419.57958984375
2417.677734375
2415.00146484375
2412.78515625
2411.4521484375
2410.73828125
2410.1953125
2409.14404296875
2408.06640625
2405.85498046875
2404.06884765625
2402.90380859375
2402.234375
2401.6484375
2400.42626953125
2399.09130859375
2397.560546875
2396.283203125
2395.07666015625
2393.9462890625
2392.68408203125
2391.3525390625
2390.064453125
2388.85009765625
2387.7158203125
2386.48193359375
2385.18994140625
2383.9052734375
2382.69189453125
2381.560546875
2380.47607421875
2379.4365234375
2378.4423828125
2377.54833984375
2376.89990234375
2376.44091796875
2376.26171875
2375.708984375
2374.75244140625
2373.03466796875
2371.03759765625
2369.35107421875
2368.40625
2368.32080078125
2368.35791015625
2368.03564453125
2366.46337890625
2364.52392578125
2362.25634765625
2361.24609375
2360.6318359375
2360.96484375
2360.8623046875
2360.9599609375
2360.259765625
2359.943359375
2358.47412109375
2356.953125
2354.60009765625
2352.61376953125
2351.3779296875
2351.1298828125
2351.44921875
2351.27392578125
2350.1962890625
2347.6181640625
2344.8203125
2342.27001953125
2341.033203125
2340.57568359375
2340.85546875
2341.09912109375
2341.5439453125
2341.8564453125
2342.37353515625
2342.4765625
2341.8837890625
2340.1455078125
2338.2294921875
2337.1904296875
2337.89013671875
2339.55712890625
2340.8349609375
2339.6064453125
2335.69140625
2330.4619140625
2327.0361328125
2326.0390625
2326.6640625
2326.2783203125
2323.7109375
2319.36865234375
2314.93359375
2311.8798828125
2310.2568359375
2309.51171875
2308.92578125
2308.27783203125
2307.63330078125
2306.955078125
2306.37158203125
2305.8828125
2305.9111328125
2306.50537109375
2307.419921875
2307.50537109375
2305.31982421875
2300.7568359375
2295.48193359375
2292.0712890625
2291.423828125
2292.62548828125
2293.60546875
2293.47021484375
2292.1376953125
2291.57421875
2291.68359375
2292.857421875
2292.787109375
2292.09033203125
2289.947265625
2288.21337890625
2286.26318359375
2284.5693359375
2282.3681640625
2279.771484375
2276.943359375
2274.640625
2273.0126953125
2272.25341796875
2271.90185546875
2271.748046875
2271.72412109375
2271.072265625
2270.37353515625
2268.6064453125
2267.25537109375
2264.47265625
2262.1591796875
2258.5966796875
2255.81787109375
2254.3095703125
2254.61376953125
2256.5166015625
2259.4072265625
2262.1962890625
2260.685546875
2254.63623046875
2248.29248046875
2244.8876953125
2243.33837890625
2242.015625
2241.33544921875
2240.14794921875
2237.95068359375
2237.2919921875
2238.86279296875
2240.17626953125
2239.6572265625
2239.578125
2240.5009765625
2240.6240234375
2238.31201171875
2234.59375
2230.6796875
2227.8369140625
2226.13916015625
2225.6240234375
2224.9990234375
2224.2265625
2222.94384765625
2221.60546875
2219.78564453125
2218.47998046875
2217.9814453125
2218.4736328125
2219.24365234375
2220.00830078125
2220.9833984375
2221.7353515625
2222.4580078125
2222.4599609375
2221.76025390625
2220.265625
2218.08154296875
2215.76904296875
2213.345703125
2211.6640625
2210.216796875
2209.66650390625
2208.85888671875
2208.14697265625
2206.9619140625
2205.74560546875
2204.1259765625
2202.4169921875
2199.7763671875
2196.72119140625
2193.05224609375
2189.91845703125
2187.28173828125
2185.76904296875
2184.2734375
2183.083984375
2181.30078125
2179.861328125
2178.599609375
2178.21435546875
2177.888671875
2177.580078125
2176.4814453125
2174.92626953125
2172.79931640625
2170.876953125
2169.18017578125
2168.23046875
2167.5859375
2167.13623046875
2166.26806640625
2164.96484375
2163.330078125
2161.87109375
2160.9853515625
2160.61376953125
2160.529296875
2160.23486328125
2159.615234375
2158.87353515625
2157.919921875
2157.56005859375
2156.666015625
2156.169921875
2154.58984375
2153.0703125
2150.830078125
2149.2900390625
2147.76708984375
2147.1083984375
2146.23828125
2145.06103515625
2142.83544921875
2139.70556640625
2136.0693359375
2132.5478515625
2130.02685546875
2128.4755859375
2128.185546875
2128.599609375
2129.41943359375
2130.10595703125
2130.19091796875
2129.296875
2127.26953125
2124.6865234375
2122.13037109375
2121.7177734375
2121.18896484375
2123.0537109375
2122.4912109375
2122.35302734375
2120.48583984375
2118.853515625
2116.99560546875
2116.2548828125
2116.39453125
2117.54736328125
2118.8525390625
2119.2890625
2117.89208984375
2115.24658203125
2113.0478515625
2112.56298828125
2113.841796875
2115.4453125
2117.142578125
2117.52490234375
2118.3671875
2117.99169921875
2117.939453125
2115.81298828125
2112.630859375
2106.9873046875
2101.77099609375
2098.03369140625
2096.66259765625
2097.1103515625
2097.88134765625
2098.38818359375
2097.9072265625
2096.2978515625
2093.56787109375
2089.6826171875
2085.76904296875
2082.19091796875
2080.0986328125
2078.73681640625
2077.787109375
2076.5009765625
2074.8876953125
2073.1767578125
2072.01025390625
2071.2861328125
2070.69482421875
2069.70849609375
2068.1806640625
2066.35498046875
2064.62841796875
2063.333984375
2062.7861328125
2063.0322265625
2063.875
2064.8916015625
2065.35107421875
2064.8037109375
2062.86572265625
2059.9814453125
2056.36376953125
2052.91796875
2049.83544921875
2047.6923828125
2046.251953125
2045.27587890625
2044.341796875
2043.15771484375
2041.62353515625
2039.86962890625
2038.20654296875
2036.6806640625
2035.625
2034.63037109375
2033.92822265625
2033.1533203125
2032.6689453125
2032.2705078125
2032.2041015625
2032.1728515625
2032.26904296875
2032.29638671875
2032.6025390625
2033.0390625
2033.759765625
2034.302734375
2034.57470703125
2034.15576171875
2033.07958984375
2031.0791015625
2028.49560546875
2025.3251953125
2022.40283203125
2020.08154296875
2018.966796875
2018.77294921875
2019.30419921875
2019.88427734375
2020.41943359375
2020.796875
2021.2490234375
2021.89697265625
2022.8525390625
2023.86328125
2024.9873046875
2025.8232421875
2026.10205078125
2024.8203125
2021.771484375
2017.373046875
2013.3134765625
2011.1396484375
2011.1826171875
2012.6435546875
2013.85498046875
2013.5517578125
2011.16748046875
2007.13232421875
2002.4970703125
1998.3603515625
1995.82763671875
1995.01953125
1995.314453125
1995.69384765625
1995.60400390625
1995.10595703125
1994.0
1993.07421875
1991.548828125
1990.10009765625
1988.03515625
1985.51416015625
1982.5947265625
1979.3193359375
1976.6787109375
1974.31005859375
1973.07421875
1971.65625
1970.52880859375
1968.8310546875
1967.32861328125
1965.6337890625
1964.1962890625
1962.59326171875
1961.01171875
1959.47705078125
1958.40576171875
1958.060546875
1958.63818359375
1959.8369140625
1961.47412109375
1962.873046875
1963.9404296875
1963.8818359375
1963.09716796875
1961.45361328125
1959.916015625
1958.642578125
1958.0869140625
1958.0859375
1958.36328125
1958.66015625
1958.35302734375
1957.751953125
1956.39697265625
1955.16748046875
1953.75537109375
1952.9130859375
1952.4375
1952.53466796875
1953.11572265625
1954.15576171875
1955.591796875
1957.4130859375
1959.34619140625
1961.0615234375
1961.87548828125
1961.4443359375
1959.41796875
1956.23681640625
1952.1298828125
1948.0419921875
1944.03466796875
1940.859375
1937.8388671875
1935.3984375
1932.548828125
1929.8203125
1926.8876953125
1924.3203125
1922.03662109375
1920.30029296875
1918.94921875
1917.97607421875
1917.240234375
1916.3876953125
1915.49609375
1914.30859375
1913.18017578125
1912.0498046875
1911.1982421875
1910.5166015625
1909.986328125
1909.396484375
1908.6474609375
1907.66455078125
1906.4697265625
1905.142578125
1903.80224609375
1902.48583984375
1901.35546875
1900.3515625
1899.66259765625
1899.17626953125
1899.04541015625
1899.11083984375
1899.53759765625
1900.1943359375
1901.19970703125
1902.5322265625
1904.19970703125
1906.09716796875
1907.92138671875
1909.47509765625
1910.37646484375
1910.666015625
1910.1650390625
1909.11865234375
1907.2783203125
1904.904296875
1902.0517578125
1899.3955078125
1897.08935546875
1895.6748046875
1894.427734375
1893.64111328125
1892.298828125
1891.0654296875
1889.65185546875
1888.63671875
1888.14306640625
1888.17138671875
1888.87109375
1889.93017578125
1891.65576171875
1893.4599609375
1895.6533203125
1897.521484375
1899.140625
1899.98388671875
1899.6953125
1898.1376953125
1894.923828125
1890.66455078125
1885.70361328125
1881.091796875
1877.390625
1875.03515625
1873.833984375
1873.2978515625
1872.796875
1871.90234375
1870.43359375
1868.4306640625
1865.99658203125
1863.310546875
1860.86767578125
1858.85107421875
1857.46142578125
1856.5830078125
1855.92236328125
1855.16943359375
1854.1640625
1852.7333984375
1850.94384765625
1848.83837890625
1846.60693359375
1844.62744140625
1843.1669921875
1842.53515625
1842.720703125
1843.6533203125
1845.12451171875
1846.740234375
1848.10986328125
1848.52587890625
1847.8095703125
1846.1826171875
1844.86328125
1845.2744140625
1847.64892578125
1851.11181640625
1851.8701171875
1848.6669921875
1843.130859375
1840.42578125
1839.9423828125
1839.17138671875
1836.1806640625
1833.73876953125
1833.60595703125
1833.9951171875
1832.580078125
