7834.611328125
7818.3369140625
7802.923828125
7788.326171875
7774.484375
7761.35302734375
7748.876953125
7737.00634765625
7725.68896484375
7714.8828125
7704.5458984375
7694.64404296875
7685.14208984375
7676.01708984375
7667.2373046875
7658.7880859375
7650.6494140625
7642.8076171875
7635.24853515625
7627.9619140625
7620.939453125
7614.1630859375
7607.62890625
7601.32958984375
7595.2587890625
7589.39990234375
7583.74658203125
7578.2900390625
7573.0224609375
7567.93505859375
7563.01806640625
7558.263671875
7553.66845703125
7549.2216796875
7544.923828125
7540.7607421875
7536.73486328125
7532.837890625
7529.0615234375
7525.40576171875
7521.869140625
7518.44140625
7515.12109375
7511.900390625
7508.78125
7505.7568359375
7502.82568359375
7499.9814453125
7497.22265625
7494.54541015625
7491.94873046875
7489.42578125
7486.97900390625
7484.6005859375
7482.2880859375
7480.0419921875
7477.8583984375
7475.734375
7473.669921875
7471.65966796875
7469.70751953125
7467.80224609375
7465.94775390625
7464.14306640625
7462.388671875
7460.6767578125
7459.00927734375
7457.3828125
7455.79833984375
7454.2509765625
7452.7421875
7451.2705078125
7449.83251953125
7448.43115234375
7447.06201171875
7445.724609375
7444.4140625
7443.13671875
7441.88818359375
7440.6669921875
7439.4736328125
7438.306640625
7437.162109375
7436.044921875
7434.951171875
7433.880859375
7432.83203125
7431.8056640625
7430.79833984375
7429.8115234375
7428.845703125
7427.89697265625
7426.96728515625
7426.0546875
7425.16162109375
7424.28173828125
7423.419921875
7422.57421875
7421.74267578125
7420.9287109375
7420.1259765625
7419.337890625
7418.560546875
7417.79638671875
7417.05078125
7416.31396484375
7415.591796875
7414.88037109375
7414.1806640625
7413.4912109375
7412.8134765625
7412.14501953125
7411.490234375
7410.8427734375
7410.20703125
7409.58203125
7408.9638671875
7408.35546875
7407.755859375
7407.166015625
7406.5830078125
7406.01171875
7405.44873046875
7404.8896484375
7404.3408203125
7403.8017578125
7403.2705078125
7402.7470703125
7402.23095703125
7401.72265625
7401.2216796875
7400.72900390625
7400.24267578125
7399.7626953125
7399.28759765625
7398.82470703125
7398.3671875
7397.9140625
7397.4716796875
7397.033203125
7396.6044921875
7396.181640625
7395.7646484375
7395.35498046875
7394.951171875
7394.5537109375
7394.1611328125
7393.7763671875
7393.3984375
7393.0224609375
7392.65625
7392.2958984375
7391.93896484375
7391.5849609375
7391.2421875
7390.90234375
7390.568359375
7390.2373046875
7389.912109375
7389.59423828125
7389.2802734375
7388.97314453125
7388.669921875
7388.369140625
7388.07568359375
7387.78662109375
7387.5
7387.21826171875
7386.9423828125
7386.6689453125
7386.39892578125
7386.1318359375
7385.86962890625
7385.611328125
7385.35693359375
7385.10546875
7384.85888671875
7384.615234375
7384.375
7384.138671875
7383.904296875
7383.6728515625
7383.44580078125
7383.21923828125
7382.99658203125
7382.77587890625
7382.55810546875
7382.3427734375
7382.130859375
7381.921875
7381.71484375
7381.50927734375
7381.306640625
7381.10693359375
7380.90966796875
7380.71337890625
7380.5185546875
7380.3251953125
7380.13623046875
7379.9501953125
489531.59375
60019.5234375
45208.203125
45149.96875
47757.51171875
45258.296875
42030.796875
40131.94921875
39200.01171875
38156.63671875
36587.49609375
34740.984375
33133.65234375
31881.55078125
30733.35546875
29440.18359375
28081.642578125
26848.373046875
25807.078125
24834.494140625
23829.6953125
22845.24609375
21946.263671875
21122.0078125
20322.708984375
19526.0390625
18756.474609375
18046.544921875
17407.349609375
16819.92578125
16250.998046875
15692.6181640625
15158.166015625
14654.3818359375
14166.517578125
13689.79296875
13231.34375
12801.451171875
12403.4375
12028.0986328125
11667.34765625
11316.6259765625
10978.5751953125
10652.5029296875
10340.060546875
10046.080078125
9772.673828125
9512.279296875
9256.517578125
9008.4375
8774.974609375
8557.7080078125
8352.466796875
8156.06640625
7968.576171875
7789.39501953125
7616.666015625
7449.9443359375
7289.72265625
7137.0771484375
6992.18408203125
6854.0908203125
6721.15234375
6593.38427734375
6471.67822265625
6355.13818359375
6242.31640625
6133.10498046875
6027.8818359375
5926.4375
5828.796875
5734.94873046875
5645.1552734375
5558.716796875
5474.646484375
5393.10107421875
5314.4599609375
5238.3134765625
5164.423828125
5092.8193359375
5023.13427734375
4955.30078125
4889.2568359375
4824.82373046875
4761.94140625
4700.6025390625
4640.7744140625
4582.3173828125
4525.35498046875
4469.982421875
4415.8857421875
4362.9580078125
4311.36865234375
4261.208984375
4212.4345703125
4164.9228515625
4118.6904296875
4073.415283203125
4029.310546875
3985.4453125
3942.671875
3901.45703125
3861.84619140625
3823.38134765625
3784.9912109375
3747.212158203125
3710.20263671875
3674.5888671875
3639.966552734375
3605.367919921875
3571.285400390625
3538.220703125
3506.23388671875
3474.832763671875
3443.607177734375
3413.03515625
3383.312744140625
3354.340087890625
3325.810791015625
3297.544677734375
3269.87646484375
3242.89794921875
3216.374267578125
3190.070068359375
3164.14453125
3138.79931640625
3113.8671875
3089.2978515625
3065.1826171875
3041.3720703125
3017.80859375
2994.630859375
2971.9658203125
2949.67431640625
2927.6962890625
2906.109375
2884.84326171875
2863.869140625
2843.22216796875
2822.8837890625
2802.7236328125
2782.7705078125
2763.16845703125
2743.8642578125
2724.724609375
2705.70751953125
2686.87890625
2668.24951171875
2649.78955078125
2631.39306640625
2613.00244140625
2594.66845703125
2576.759765625
2559.611328125
2542.60205078125
2526.40087890625
2510.26708984375
2494.4033203125
2478.6025390625
2463.08251953125
2448.00341796875
2433.28564453125
2418.91748046875
2404.93017578125
2390.98046875
2377.478515625
2363.2861328125
2349.2392578125
2335.34033203125
2321.935546875
2309.24658203125
2296.9287109375
2284.87548828125
2271.322265625
2258.279296875
2246.19189453125
2234.55126953125
2223.51416015625
2211.43408203125
2199.0107421875
2187.2236328125
2176.822265625
2166.98388671875
2155.494140625
2144.05859375
2133.296875
2123.826171875
2114.90478515625
2103.6708984375
2093.2177734375
2083.9560546875
2074.685546875
2065.01904296875
2054.931640625
2045.7353515625
2037.14892578125
2028.24462890625
2019.193359375
2010.359375
2001.87890625
1993.0830078125
1983.61474609375
1974.52001953125
1965.99853515625
1957.150390625
1947.76025390625
1938.28662109375
1928.763671875
1918.83154296875
1909.0
1900.45166015625
1892.15625
1883.61474609375
1875.83837890625
1868.47314453125
1862.40234375
1859.041015625
1856.57568359375
1841.6982421875
1832.81640625
1830.861328125
1817.43359375
1811.97265625
1805.7578125
1794.9619140625
1791.45654296875
1781.705078125
1775.86865234375
1770.38232421875
1761.8740234375
1757.3076171875
1749.1328125
1744.041015625
1737.6484375
1731.23876953125
1726.0107421875
1719.16162109375
1714.3388671875
1707.8271484375
1702.630859375
1697.03125
1691.3525390625
1686.34423828125
1680.421875
1675.55322265625
1669.9384765625
1664.71044921875
1659.66259765625
1654.46875
1649.97119140625
1645.10986328125
1640.76123046875
1636.63525390625
1631.8994140625
1626.81787109375
1621.048828125
1616.2900390625
1612.1142578125
1607.96533203125
1603.158203125
1597.96435546875
1593.046875
1588.84228515625
1584.6162109375
1580.166015625
1575.53515625
1571.1181640625
1567.189453125
1563.341796875
1559.76318359375
1555.865234375
1553.31884765625
1547.1708984375
1543.69580078125
1541.87158203125
1535.11767578125
1531.5478515625
1529.4248046875
1522.7138671875
1521.87109375
1521.677734375
1512.8544921875
1513.23046875
1504.67578125
1503.6787109375
1497.55419921875
1495.63623046875
1492.59326171875
1488.6142578125
1484.6796875
1481.0986328125
1479.6142578125
1474.35595703125
1472.748046875
1467.07373046875
1464.0224609375
1459.0341796875
1457.0537109375
1453.8232421875
1450.3583984375
1446.56103515625
1443.0107421875
1440.36474609375
1436.8525390625
1434.1982421875
1430.72802734375
1427.8017578125
1424.91845703125
1421.98046875
1419.62939453125
1415.86962890625
1413.2255859375
1408.97021484375
1405.873046875
1402.2744140625
1400.0517578125
1397.169921875
1394.0537109375
1390.89794921875
1387.634765625
1385.2685546875
1382.43310546875
1380.0087890625
1376.609375
1373.64306640625
1370.6904296875
1368.13525390625
1365.3544921875
1362.595703125
1360.29052734375
1359.13818359375
1356.7509765625
1353.18115234375
1347.64501953125
1345.0087890625
1343.99755859375
1340.35693359375
1336.0751953125
1333.75048828125
1331.62890625
1328.06982421875
1324.90283203125
1322.90966796875
1320.31103515625
1316.986328125
1314.33642578125
1311.35595703125
1307.68505859375
1305.15576171875
1303.416015625
1300.556640625
1298.3046875
1295.59375
1293.27392578125
1289.79931640625
1286.72900390625
1283.890625
1281.419921875
1279.908203125
1277.775390625
1275.93115234375
1273.79443359375
1273.55419921875
1274.4716796875
1274.56494140625
1274.216796875
1266.02001953125
1260.80029296875
1262.41455078125
1262.9189453125
1267.13037109375
1256.412109375
1256.5439453125
1250.8671875
1249.7861328125
1254.9609375
1300.14208984375
1274.96728515625
1285.22607421875
1270.90869140625
1266.03857421875
1267.5546875
1250.73876953125
1255.55908203125
1244.0185546875
1235.2353515625
1231.63671875
1229.7333984375
1225.6943359375
1227.02099609375
1219.88818359375
1215.0478515625
1211.09326171875
1208.6279296875
1204.96923828125
1204.697265625
1201.1650390625
1198.400390625
1195.1142578125
1191.2744140625
1189.94580078125
1187.4287109375
1186.03759765625
1182.28515625
1180.958984375
1178.6669921875
1176.1728515625
1173.845703125
1171.658203125
1169.7099609375
1168.18994140625
1167.1474609375
1164.9521484375
1162.97216796875
1161.24609375
1160.35546875
1159.13818359375
1157.716796875
1155.4716796875
1151.79736328125
1149.1142578125
1147.5029296875
1146.712890625
1145.31396484375
1143.5224609375
1140.50390625
1138.56103515625
1137.5185546875
1136.19873046875
1134.95947265625
1131.96044921875
1130.63427734375
1130.701171875
1128.7197265625
1127.41357421875
1126.83544921875
1126.4384765625
1125.142578125
1121.802734375
1118.28271484375
1116.0859375
1115.0517578125
1114.82373046875
1113.3720703125
1110.99609375
1109.12890625
1108.20556640625
1108.4765625
1107.947265625
1107.7451171875
1105.92919921875
1103.61669921875
1101.23583984375
1099.7783203125
1099.49609375
1098.9609375
1097.1787109375
1094.130859375
1090.9326171875
1089.48388671875
1089.3583984375
1089.35595703125
1088.80712890625
1087.47314453125
1085.5810546875
1082.9521484375
1080.80712890625
1080.17919921875
1080.9794921875
1081.72802734375
1080.83837890625
1077.7626953125
1074.314453125
1071.1943359375
1068.82080078125
1066.40576171875
1064.3427734375
1063.0556640625
1062.431640625
1061.7099609375
1060.04541015625
1057.5244140625
1054.85693359375
1052.79736328125
1051.78564453125
1051.2744140625
1050.9638671875
1050.140625
1048.38916015625
1045.4619140625
1042.94189453125
1041.716796875
1041.6318359375
1040.42578125
1038.07080078125
1035.41796875
1033.982421875
1033.5830078125
1032.2802734375
1030.43310546875
1028.94384765625
1028.521484375
1028.3671875
1028.10009765625
1027.44775390625
1027.00146484375
1025.2568359375
1022.55859375
1019.66064453125
1018.01708984375
1017.71875
1017.7314453125
1017.8046875
1017.0009765625
1016.50732421875
1014.7666015625
1012.96337890625
1010.83349609375
1008.87646484375
1007.359375
1006.76025390625
1007.513671875
1007.97216796875
1008.09326171875
1007.775390625
1007.7275390625
1008.1396484375
1008.47802734375
1009.2021484375
1007.50244140625
1004.26171875
1000.931640625
998.919921875
998.13916015625
996.5673828125
995.20458984375
993.1025390625
992.0087890625
991.7685546875
991.06201171875
989.72021484375
988.05419921875
987.73388671875
988.72998046875
989.990234375
990.5009765625
989.13623046875
986.1669921875
982.9384765625
981.55078125
982.4345703125
983.7529296875
985.701171875
986.44287109375
988.52490234375
989.13720703125
987.0791015625
981.77001953125
976.28125
974.40673828125
974.787109375
973.4853515625
968.912109375
964.6689453125
964.7236328125
966.5029296875
967.8505859375
967.56689453125
965.48193359375
964.390625
962.29052734375
962.44140625
967.478515625
972.32958984375
978.994140625
986.16015625
973.22998046875
967.79541015625
965.05615234375
967.23193359375
957.21533203125
966.2060546875
995.759765625
1009.6748046875
998.68994140625
998.7236328125
981.2744140625
981.8603515625
986.24658203125
982.22998046875
979.55029296875
967.05078125
960.658203125
960.5908203125
949.6279296875
946.13720703125
952.3935546875
960.1015625
960.9345703125
950.802734375
952.73681640625
949.19921875
943.58740234375
942.48095703125
934.1923828125
930.5302734375
931.22802734375
923.00537109375
927.15625
920.82763671875
921.17919921875
918.2568359375
913.859375
914.74365234375
914.419921875
913.64892578125
914.45947265625
914.72607421875
914.62158203125
914.21875
911.4501953125
907.81591796875
904.341796875
901.2236328125
898.8447265625
898.38623046875
897.99951171875
898.34130859375
898.72802734375
898.37939453125
897.421875
895.10986328125
893.18896484375
891.626953125
891.26513671875
891.22998046875
890.9248046875
889.62890625
887.44091796875
885.08642578125
883.5146484375
882.2392578125
881.48828125
879.890625
878.37451171875
877.09521484375
876.5166015625
876.60400390625
876.88330078125
877.60400390625
876.88623046875
876.271484375
875.70947265625
876.29443359375
876.2099609375
875.296875
872.68017578125
868.27294921875
865.6376953125
865.8603515625
867.783203125
870.0341796875
870.669921875
868.88037109375
864.52392578125
862.498046875
863.98193359375
866.47802734375
868.1533203125
867.6376953125
864.974609375
864.30224609375
867.27392578125
872.7822265625
877.8388671875
879.08056640625
878.50048828125
880.2421875
882.81201171875
882.20947265625
878.7314453125
876.9443359375
879.4873046875
881.1552734375
876.27197265625
868.95947265625
864.68115234375
867.1591796875
867.68017578125
865.71044921875
863.6376953125
862.4111328125
864.20703125
863.6904296875
860.7939453125
856.90869140625
852.75390625
852.341796875
851.36865234375
849.5283203125
847.26171875
845.8291015625
846.46484375
845.92041015625
844.55908203125
843.330078125
842.84228515625
842.49951171875
842.08740234375
842.39453125
843.60693359375
845.84033203125
846.259765625
845.05810546875
840.2431640625
833.8642578125
829.6005859375
829.17333984375
831.64892578125
832.59912109375
831.0908203125
828.6962890625
827.68017578125
828.76708984375
829.009765625
828.09423828125
826.5751953125
826.087890625
826.18701171875
824.779296875
821.72509765625
817.28564453125
814.7646484375
814.4375
815.6396484375
816.44140625
816.1171875
815.12109375
814.01123046875
813.60009765625
814.10595703125
815.34912109375
817.56689453125
819.8740234375
822.0712890625
821.451171875
818.17578125
813.75244140625
810.61474609375
809.203125
809.33984375
811.02587890625
811.24169921875
810.162109375
806.5927734375
805.00048828125
805.2099609375
807.10693359375
809.39599609375
809.13720703125
807.3154296875
805.82421875
806.7275390625
809.4326171875
812.41064453125
815.47509765625
815.14306640625
814.7421875
814.3427734375
813.98193359375
813.94140625
814.9130859375
816.82470703125
817.19921875
814.4072265625
808.0068359375
802.2353515625
799.45654296875
800.89013671875
802.80859375
802.4423828125
798.36767578125
793.95361328125
791.9287109375
792.6005859375
793.26123046875
791.91748046875
788.912109375
786.1728515625
785.5361328125
785.990234375
786.90625
787.072265625
785.6884765625
783.6201171875
781.56640625
779.83251953125
778.5234375
778.0048828125
777.95166015625
777.9521484375
777.6875
776.69921875
774.7626953125
772.1875
770.4228515625
769.984375
770.841796875
772.0009765625
773.0419921875
774.13427734375
775.3623046875
777.265625
778.68994140625
779.88232421875
779.9755859375
780.4111328125
780.84326171875
781.5
781.1015625
779.73486328125
777.32958984375
774.56884765625
771.912109375
769.52783203125
767.4072265625
765.60693359375
764.2724609375
763.943359375
763.9521484375
764.2705078125
763.7568359375
762.62060546875
761.6357421875
761.16845703125
762.24560546875
764.02392578125
765.990234375
767.36669921875
767.64794921875
766.35302734375
762.8720703125
758.6171875
756.3251953125
756.84326171875
758.56201171875
758.681640625
756.724609375
753.7734375
751.77392578125
751.26123046875
751.7041015625
752.3974609375
752.6953125
753.3525390625
754.87841796875
757.59326171875
760.39404296875
761.15234375
759.390625
755.1416015625
750.4970703125
746.47705078125
743.76806640625
742.33056640625
741.953125
742.46923828125
743.34521484375
744.1142578125
744.373046875
743.7255859375
742.408203125
740.74365234375
740.1142578125
740.4755859375
742.41455078125
745.1181640625
748.84619140625
752.45703125
754.96728515625
754.56396484375
751.9658203125
749.20263671875
748.14208984375
749.3701171875
751.94091796875
754.140625
754.49609375
752.4951171875
749.36474609375
746.40625
744.50390625
743.306640625
742.36669921875
740.43408203125
737.83447265625
734.7216796875
731.83935546875
729.3125
727.470703125
726.44189453125
726.29931640625
726.8466796875
728.42333984375
730.4736328125
733.3525390625
735.28955078125
736.93408203125
736.49853515625
735.6884765625
733.85302734375
732.8544921875
731.8408203125
731.2109375
729.6171875
727.5068359375
724.7607421875
721.74658203125
718.3857421875
714.99072265625
712.173828125
710.4716796875
710.0732421875
710.41845703125
711.30810546875
711.9150390625
712.8369140625
713.32421875
714.5546875
715.4423828125
715.9375
714.94482421875
712.810546875
710.548828125
709.2666015625
709.04443359375
709.1826171875
709.4130859375
709.11181640625
709.17236328125
709.21826171875
709.57080078125
708.9609375
708.27099609375
708.2861328125
709.99609375
712.27197265625
713.9482421875
713.3017578125
710.4462890625
705.9169921875
700.892578125
697.18701171875
696.30126953125
698.85107421875
703.69384765625
708.5703125
712.287109375
714.25634765625
715.30615234375
714.453125
711.7685546875
707.28955078125
703.45849609375
701.67919921875
702.55322265625
704.13134765625
706.0107421875
709.33740234375
712.05712890625
699.5166015625
689.6494140625
693.6552734375
682.9833984375
683.255859375
684.24072265625
677.96630859375
680.92529296875
675.4248046875
676.1123046875
672.6064453125
672.3173828125
672.54443359375
670.404296875
671.04833984375
668.12158203125
669.2509765625
666.76953125
668.3330078125
667.20166015625
668.2626953125
668.525390625
670.0830078125
671.92138671875
674.40869140625
677.71484375
680.72509765625
684.4111328125
686.80712890625
688.4228515625
686.9814453125
651.98486328125
662.2275390625
670.65576171875
645.68017578125
665.17919921875
655.19921875
647.71923828125
660.826171875
646.09521484375
650.80322265625
652.93896484375
643.4228515625
650.8330078125
646.12109375
643.84423828125
647.91943359375
642.37353515625
644.14599609375
644.18896484375
640.99658203125
643.15576171875
641.25146484375
640.431640625
641.3310546875
639.4111328125
639.7119140625
639.40966796875
638.29345703125
638.6181640625
637.8359375
637.408203125
637.34130859375
636.630859375
636.4765625
636.1015625
635.6435546875
635.45068359375
635.00732421875
634.70458984375
634.408203125
634.02783203125
633.76220703125
633.41357421875
633.107421875
632.8203125
632.4775390625
632.21044921875
631.89306640625
631.578125
631.31494140625
630.98779296875
630.703125
630.41943359375
630.1064453125
629.8291015625
629.541015625
629.2373046875
628.958984375
628.65966796875
628.3720703125
628.09130859375
627.7998046875
627.52197265625
627.24169921875
626.94921875
626.67431640625
626.38720703125
626.0986328125
625.8125
625.52880859375
625.25146484375
624.96826171875
624.68359375
624.40576171875
624.12646484375
623.8447265625
623.5615234375
623.28125
623.001953125
622.71923828125
622.43408203125
622.15087890625
621.869140625
621.58447265625
621.3037109375
621.01953125
620.73388671875
620.4501953125
620.173828125
619.8896484375
619.61083984375
619.3271484375
619.041015625
618.755859375
618.470703125
618.1826171875
617.89794921875
617.61279296875
617.32470703125
617.0361328125
616.7509765625
616.46875
616.1787109375
615.8955078125
615.6123046875
615.3251953125
615.03857421875
614.7529296875
614.4609375
614.17529296875
613.88720703125
613.60205078125
613.3212890625
613.041015625
612.75830078125
612.47802734375
612.2001953125
611.92236328125
611.642578125
611.365234375
611.08984375
610.81396484375
610.54296875
610.26953125
609.998046875
609.72607421875
609.46240234375
609.197265625
608.9365234375
608.6708984375
608.4111328125
608.154296875
607.89208984375
607.63525390625
607.37841796875
607.1240234375
606.8720703125
606.61669921875
606.37109375
606.12060546875
605.87744140625
605.634765625
605.390625
605.1484375
604.90966796875
604.671875
604.4375
604.19677734375
603.96337890625
603.72998046875
603.4970703125
603.26611328125
603.037109375
602.81298828125
602.58642578125
602.3603515625
602.1357421875
601.91455078125
601.69140625
601.4716796875
601.255859375
601.0390625
600.82080078125
600.599609375
600.384765625
600.169921875
599.95703125
599.7412109375
599.53125
599.3251953125
599.1142578125
598.9072265625
598.70263671875
598.494140625
598.28857421875
598.087890625
597.88134765625
597.6728515625
597.46826171875
597.2685546875
597.0693359375
596.8701171875
596.66845703125
596.466796875
596.26708984375
596.0693359375
595.876953125
595.68505859375
595.490234375
595.29736328125
595.10400390625
594.9130859375
594.716796875
594.52587890625
594.33544921875
594.150390625
593.9619140625
593.771484375
593.5849609375
593.3935546875
593.19873046875
593.01123046875
592.8203125
592.63427734375
592.44482421875
592.255859375
592.0673828125
591.87939453125
591.69384765625
591.505859375
591.3203125
591.1337890625
590.9453125
590.7587890625
590.57275390625
590.38671875
590.2001953125
590.01611328125
589.82958984375
589.6494140625
589.46484375
589.28173828125
589.10107421875
588.9130859375
588.72900390625
588.546875
588.3642578125
588.18310546875
588.0009765625
587.81884765625
587.63671875
587.45361328125
587.2734375
587.09375
586.91015625
586.72998046875
586.5478515625
586.36328125
586.1787109375
586.00146484375
585.8212890625
585.63623046875
585.45361328125
585.2734375
585.09423828125
584.9130859375
584.73388671875
584.5537109375
584.37109375
584.18994140625
584.0087890625
583.82763671875
583.6494140625
583.46826171875
583.2919921875
583.1123046875
582.93115234375
582.75244140625
582.57421875
582.3974609375
582.2158203125
582.03955078125
581.861328125
581.6845703125
581.50341796875
581.32666015625
581.14892578125
580.974609375
580.8037109375
580.6357421875
580.4765625
580.3291015625
580.20654296875
580.134765625
580.1396484375
580.2041015625
580.3076171875
580.1650390625
579.72412109375
579.08154296875
578.7021484375
578.7041015625
578.787109375
578.6357421875
578.2080078125
577.85498046875
577.759765625
577.74853515625
577.58984375
577.25830078125
576.9970703125
576.89208984375
576.8134765625
576.62548828125
576.361328125
576.1591796875
576.04833984375
575.927734375
575.734375
575.50830078125
575.3310546875
575.19970703125
575.0537109375
574.869140625
574.673828125
574.5126953125
574.376953125
574.22607421875
574.04443359375
573.8642578125
573.70849609375
573.5634765625
573.408203125
573.23388671875
573.0634765625
572.9130859375
572.76904296875
572.61474609375
572.45751953125
572.29736328125
572.14501953125
571.99365234375
571.8408203125
571.68603515625
571.533203125
571.3818359375
571.2333984375
571.0859375
570.93603515625
570.78271484375
570.63427734375
570.48876953125
570.345703125
570.2021484375
570.0595703125
569.916015625
569.76708984375
569.623046875
569.48193359375
569.33642578125
569.18310546875
569.029296875
568.869140625
568.7138671875
568.5595703125
568.40771484375
568.2646484375
568.11865234375
567.98095703125
567.84326171875
567.70703125
567.5625
567.4189453125
567.27880859375
567.13525390625
566.9912109375
566.849609375
566.70947265625
566.568359375
566.43115234375
566.29736328125
566.1591796875
566.025390625
565.89013671875
565.755859375
565.6259765625
565.4931640625
565.35791015625
565.2255859375
565.0927734375
564.9619140625
564.83203125
564.705078125
564.57470703125
564.44580078125
564.31884765625
564.19482421875
564.07080078125
563.94873046875
563.826171875
563.705078125
563.58251953125
563.4599609375
563.33984375
563.21923828125
563.10009765625
562.9814453125
562.857421875
562.74365234375
562.62841796875
562.5107421875
562.3935546875
562.27587890625
562.1552734375
562.0390625
561.921875
561.8046875
561.68798828125
561.57666015625
561.45947265625
561.34423828125
561.22802734375
561.11669921875
561.0029296875
560.89111328125
560.78125
560.66943359375
560.5576171875
560.4501953125
560.337890625
560.22802734375
560.11962890625
560.01025390625
559.90576171875
559.796875
559.69091796875
559.583984375
559.478515625
559.373046875
559.2724609375
559.17626953125
559.0791015625
558.9951171875
558.91650390625
558.857421875
558.80859375
558.76416015625
558.7021484375
558.60546875
558.46533203125
558.3369140625
558.2421875
558.22705078125
558.26025390625
558.3017578125
558.2744140625
558.14501953125
557.9443359375
557.84326171875
557.94921875
558.31884765625
558.7041015625
558.9384765625
558.61328125
557.94287109375
557.275390625
557.0302734375
557.12744140625
557.26611328125
557.14453125
556.77099609375
556.365234375
556.16552734375
556.14453125
556.1552734375
556.044921875
555.833984375
555.67529296875
555.68896484375
555.89208984375
556.14453125
556.45166015625
556.896484375
557.70458984375
558.677734375
559.5361328125
559.451171875
558.38671875
556.62841796875
555.31005859375
555.01171875
555.59375
556.3076171875
556.45361328125
555.97119140625
555.267578125
554.93505859375
555.056640625
555.2578125
555.1083984375
554.52783203125
553.8935546875
553.580078125
553.6416015625
553.8271484375
553.8330078125
553.6796875
553.42333984375
553.4609375
553.46875
553.76953125
553.603515625
553.541015625
553.1669921875
553.04736328125
552.9736328125
553.1142578125
553.3125
553.62646484375
554.03515625
554.57763671875
555.0927734375
555.36474609375
555.169921875
554.59765625
554.01806640625
553.85498046875
554.3125
555.1865234375
556.19970703125
556.978515625
557.3984375
557.3837890625
557.046875
556.64599609375
556.48486328125
556.8896484375
557.99169921875
559.49072265625
560.94580078125
561.64306640625
562.03125
562.640625
564.45556640625
566.8828125
569.390625
570.97607421875
571.91845703125
572.2724609375
572.68896484375
572.91357421875
573.0322265625
572.71875
572.130859375
571.59814453125
571.2666015625
570.9306640625
570.23876953125
568.9970703125
568.10595703125
568.10986328125
569.3125
570.74267578125
571.234375
570.462890625
568.767578125
567.234375
566.255859375
565.74951171875
565.15869140625
564.326171875
563.50439453125
563.0791015625
562.98974609375
563.03662109375
562.8193359375
562.4365234375
562.1337890625
562.23681640625
562.6357421875
563.0771484375
563.05810546875
562.6025390625
561.6220703125
560.55419921875
559.6953125
559.42333984375
559.86962890625
561.0126953125
562.42236328125
563.65625
564.3984375
564.40087890625
563.49072265625
561.7783203125
559.7099609375
558.025390625
556.923828125
556.58544921875
556.60791015625
556.97216796875
557.1015625
557.18359375
556.681640625
556.3828125
555.76123046875
555.85546875
556.0166015625
556.6591796875
556.87158203125
556.75830078125
555.9150390625
554.86669921875
553.69189453125
552.84423828125
552.41064453125
552.53564453125
553.19140625
554.390625
556.0166015625
558.00390625
560.0771484375
562.119140625
563.82421875
565.13671875
565.81005859375
565.73291015625
564.87841796875
563.62109375
562.55810546875
562.03466796875
562.0869140625
562.30615234375
562.53857421875
562.54248046875
562.56005859375
562.41455078125
562.306640625
561.962890625
561.7099609375
561.30908203125
561.10986328125
560.9619140625
561.2294921875
561.607421875
562.07421875
561.9921875
561.54931640625
560.86669921875
560.51416015625
560.6318359375
561.09716796875
561.2607421875
560.7724609375
559.46435546875
557.751953125
555.931640625
554.5576171875
553.79248046875
553.66015625
554.2265625
554.75439453125
555.8193359375
555.24609375
554.353515625
552.3505859375
550.79150390625
550.1513671875
549.81787109375
549.3095703125
547.93994140625
546.5703125
545.712890625
545.8935546875
546.837890625
547.76953125
548.2490234375
548.1494140625
547.97216796875
547.96728515625
548.298828125
548.75634765625
549.40234375
550.34033203125
551.68798828125
553.365234375
554.8447265625
555.763671875
555.6259765625
554.82958984375
553.984375
553.93310546875
554.88671875
556.2255859375
557.25
557.0966796875
556.0068359375
554.53076171875
553.39892578125
552.91259765625
552.8408203125
552.955078125
553.162109375
553.541015625
554.064453125
554.62353515625
554.7373046875
554.259765625
553.142578125
551.888671875
550.939453125
550.814453125
551.38427734375
552.57763671875
553.70947265625
554.81982421875
555.36328125
555.95556640625
556.01171875
556.138671875
555.5302734375
554.92529296875
553.96728515625
553.41455078125
553.08642578125
553.1494140625
553.2119140625
553.21240234375
553.05908203125
553.09033203125
553.41259765625
554.1337890625
555.07568359375
555.83447265625
555.99169921875
555.07666015625
553.05029296875
550.23779296875
547.61767578125
546.04443359375
546.04345703125
547.26171875
549.0546875
550.6513671875
551.6982421875
552.412109375
553.07568359375
554.25634765625
555.59375
557.11474609375
557.83984375
558.2001953125
557.96923828125
558.0234375
557.94580078125
557.5380859375
555.55419921875
552.20263671875
548.00927734375
544.65673828125
543.24609375
543.7587890625
545.34716796875
546.724609375
547.365234375
547.12841796875
546.78466796875
546.8505859375
547.6513671875
548.859375
550.119140625
551.0126953125
551.3212890625
551.166015625
550.55029296875
549.8642578125
549.09375
548.5576171875
548.142578125
548.05615234375
548.171875
548.5615234375
549.052734375
549.54443359375
549.98388671875
550.375
550.814453125
551.189453125
551.474609375
551.4677734375
551.24365234375
550.87744140625
550.791015625
551.06884765625
552.0498046875
552.984375
553.7216796875
553.8291015625
553.57470703125
553.2763671875
552.74267578125
552.076171875
550.73583984375
549.44970703125
548.14794921875
547.880859375
548.32568359375
549.59912109375
550.85546875
551.9306640625
552.3251953125
552.4677734375
551.99755859375
551.3232421875
550.169921875
549.2314453125
548.7998046875
549.1357421875
549.845703125
550.37841796875
550.36669921875
549.84423828125
549.31884765625
549.17822265625
549.63037109375
550.54150390625
551.2607421875
551.6015625
550.55712890625
548.544921875
545.47314453125
542.6337890625
540.4873046875
539.4833984375
539.33642578125
539.69091796875
540.10302734375
540.4638671875
540.76953125
541.3359375
542.193359375
543.37109375
544.46875
545.3203125
545.52783203125
545.244140625
544.544921875
543.92822265625
543.716796875
544.21923828125
545.40673828125
547.18115234375
549.20654296875
551.38818359375
553.2783203125
554.67431640625
554.9775390625
554.35400390625
553.1533203125
552.0166015625
551.10498046875
550.4609375
549.53466796875
548.71630859375
547.71826171875
547.3203125
546.96728515625
546.8134765625
546.21923828125
545.755859375
545.5009765625
546.1923828125
547.4970703125
549.373046875
550.921875
552.23486328125
552.70068359375
552.83203125
552.32470703125
551.66357421875
550.9453125
549.9501953125
548.67431640625
546.673828125
544.45068359375
542.09912109375
540.333984375
539.1640625
538.8369140625
539.16015625
540.134765625
541.470703125
542.92138671875
543.9462890625
544.171875
543.375
541.849609375
540.185546875
539.0703125
538.7060546875
539.07861328125
539.93359375
541.13623046875
542.59375
544.28955078125
546.14599609375
548.0068359375
549.75537109375
551.31005859375
552.39501953125
553.33642578125
553.5859375
553.71728515625
552.82958984375
551.7314453125
550.02978515625
548.53857421875
547.58740234375
547.26025390625
547.57666015625
548.171875
548.978515625
549.39599609375
549.35986328125
548.42626953125
547.263671875
545.89453125
544.94873046875
544.0927734375
543.74853515625
543.63427734375
544.2705078125
545.12744140625
546.17578125
546.39794921875
545.81689453125
544.06689453125
542.01416015625
540.18212890625
539.38232421875
539.61328125
540.572265625
541.55859375
542.1748046875
542.17626953125
541.74609375
541.11572265625
540.52392578125
540.09375
539.92431640625
539.97314453125
540.16796875
540.4111328125
541.0048828125
541.96044921875
543.6845703125
545.57666015625
547.6240234375
548.74853515625
549.22412109375
548.86474609375
548.68994140625
549.0
550.18505859375
551.64697265625
552.90966796875
553.09326171875
551.7900390625
549.00634765625
544.79345703125
540.29736328125
536.2802734375
534.6513671875
535.61767578125
538.53662109375
540.984375
541.60400390625
539.6806640625
536.78369140625
534.4541015625
533.92919921875
534.71484375
536.11865234375
537.34326171875
538.42919921875
539.07763671875
539.06103515625
537.89794921875
535.8564453125
533.4443359375
531.64892578125
530.85546875
531.16455078125
532.0830078125
533.1787109375
534.19677734375
535.01806640625
535.7060546875
536.23828125
536.8388671875
537.5693359375
538.53076171875
539.505859375
540.31396484375
540.7294921875
540.7958984375
540.6650390625
540.4013671875
540.16064453125
539.79150390625
539.63623046875
539.38623046875
539.55029296875
539.4521484375
539.619140625
539.4501953125
539.6083984375
539.71240234375
540.14306640625
