9937.98046875
9925.6884765625
9913.904296875
9902.59765625
9891.732421875
9881.29296875
9871.2587890625
9861.60546875
9852.310546875
9843.357421875
9834.7255859375
9826.4013671875
9818.37109375
9810.6142578125
9803.1171875
9795.869140625
9788.8583984375
9782.0625
9775.4814453125
9769.1015625
9762.916015625
9756.927734375
9751.123046875
9745.49609375
9740.05078125
9734.771484375
9729.6591796875
9724.7060546875
9719.9111328125
9715.2578125
9710.7470703125
9706.3720703125
9702.1279296875
9698.0078125
9694.0078125
9690.12109375
9686.353515625
9682.6875
9679.134765625
9675.681640625
9672.3203125
9669.056640625
9665.880859375
9662.798828125
9659.80078125
9656.884765625
9654.044921875
9651.287109375
9648.59765625
9645.984375
9643.4365234375
9640.953125
9638.53515625
9636.18359375
9633.884765625
9631.6474609375
9629.46484375
9627.3359375
9625.2578125
9623.228515625
9621.248046875
9619.3154296875
9617.427734375
9615.583984375
9613.7802734375
9612.0166015625
9610.2958984375
9608.6142578125
9606.96875
9605.361328125
9603.787109375
9602.25
9600.744140625
9599.26953125
9597.828125
9596.4169921875
9595.033203125
9593.6796875
9592.35546875
9591.056640625
9589.787109375
9588.541015625
9587.3203125
9586.126953125
9584.9560546875
9583.80859375
9582.685546875
9581.5869140625
9580.5087890625
9579.4521484375
9578.4169921875
9577.400390625
9576.404296875
9575.42578125
9574.46875
9573.5283203125
9572.609375
9571.705078125
9570.822265625
9569.958984375
9569.109375
9568.2734375
9567.45703125
9566.6572265625
9565.869140625
9565.095703125
9564.33984375
9563.59765625
9562.865234375
9562.15234375
9561.453125
9560.765625
9560.091796875
9559.4287109375
9558.7802734375
9558.14453125
9557.51953125
9556.91015625
9556.3056640625
9555.7177734375
9555.13671875
9554.5703125
9554.01171875
9553.46484375
9552.9296875
9552.4033203125
9551.88671875
9551.3798828125
9550.880859375
9550.390625
9549.912109375
9549.4423828125
9548.98046875
9548.525390625
9548.0830078125
9547.646484375
9547.216796875
9546.7939453125
9546.3779296875
9545.9736328125
9545.572265625
9545.18359375
9544.798828125
9544.421875
9544.05078125
9543.6865234375
9543.326171875
9542.974609375
9542.630859375
9542.291015625
9541.958984375
9541.630859375
9541.30859375
9540.9921875
9540.6806640625
9540.376953125
9540.076171875
9539.783203125
9539.494140625
9539.208984375
9538.927734375
9538.654296875
9538.384765625
9538.1181640625
9537.8583984375
9537.6015625
9537.34765625
9537.1015625
9536.857421875
9536.6181640625
9536.3818359375
9536.1484375
9535.921875
9535.69921875
9535.478515625
9535.2626953125
9535.048828125
9534.837890625
9534.630859375
9534.427734375
9534.228515625
9534.0322265625
9533.83984375
9533.6484375
9533.4609375
9533.2763671875
9533.09765625
9532.916015625
9532.7392578125
9532.5703125
9532.400390625
9532.234375
9532.0693359375
9531.90625
9531.74609375
9531.58984375
9531.43359375
9531.28125
9531.130859375
9530.984375
2154029824.0
4956382.0
1279141.125
2576391.5
2435298.25
803295.625
563179.1875
397283.375
1141301.375
444066.09375
626184.625
1849457.625
1247610.75
1864071.5
2801149.0
4025941.5
4978286.0
4430266.0
3006578.75
1928458.75
1319475.25
985946.0625
791474.5
668427.125
586220.4375
530239.375
492167.34375
466295.34375
448407.0
435490.5625
425553.125
416904.40625
408321.9375
398936.4375
388254.53125
376323.28125
363297.8125
349603.5625
335591.875
321501.5625
307651.0
294287.59375
281574.15625
269615.25
258429.1875
247965.921875
238184.203125
229083.015625
220654.703125
212867.625
205673.6875
199045.6875
192942.625
187340.34375
182219.078125
177527.875
173223.4375
169276.34375
165647.3125
162306.609375
159221.875
156365.03125
153709.125
151234.171875
148923.875
146757.5625
144719.796875
142796.71875
140983.296875
139261.21875
137626.296875
136071.984375
134587.65625
133166.625
131802.890625
130492.4375
129234.40625
128022.796875
126852.75
125722.8359375
124627.765625
123566.1640625
122534.7578125
121532.5078125
120555.296875
119604.890625
118677.421875
117771.71875
116887.28125
116021.4140625
115173.96875
114343.6875
113529.6640625
112731.0546875
111945.4375
111174.3828125
110415.890625
109671.3125
108937.4296875
108217.2421875
107508.59375
106809.828125
106123.625
105446.1484375
104779.859375
104122.59375
103474.484375
102835.6796875
102205.1015625
101583.8125
100970.734375
100365.25
99768.5
99180.6328125
98598.0390625
98023.8671875
97455.3203125
96894.625
96343.1796875
95795.8125
95255.796875
94722.0625
94194.859375
93675.0703125
93160.1640625
92650.46875
92148.671875
91651.359375
91160.40625
90674.7421875
90194.8125
89721.2578125
89253.0234375
88789.515625
88332.5625
87879.4140625
87431.828125
86989.0625
86551.0234375
86118.0859375
85689.828125
85266.40625
84847.078125
84432.0546875
84022.015625
83616.125
83214.9765625
82818.53125
82425.4375
82036.25
81651.078125
81270.71875
80895.8984375
80522.1328125
80151.3359375
79785.0390625
79424.609375
79066.1015625
78710.375
78360.203125
78013.625
77669.484375
77329.5078125
76996.3515625
76657.5859375
76331.2265625
76010.4296875
75685.40625
75361.015625
75045.21875
74722.921875
74414.78125
74107.2890625
73808.578125
73502.859375
73203.8125
72904.390625
72607.3359375
72311.625
72019.0625
71735.34375
71447.8828125
71164.21875
70883.921875
70607.515625
70330.6875
70057.4140625
69787.8203125
69519.5390625
69253.7421875
68988.1640625
68726.84375
68466.6015625
68208.9765625
67952.96875
67700.734375
67449.4296875
67200.421875
66952.3203125
66706.703125
66463.3359375
66221.765625
65981.953125
65744.453125
65508.91796875
65275.71484375
65043.5546875
64815.12890625
64583.5859375
64357.36328125
64135.3359375
63910.3203125
63688.0234375
63468.80078125
63251.88671875
63036.88671875
62821.26171875
62610.3671875
62401.24609375
62190.48828125
61984.46875
61781.21484375
61574.64453125
61375.95703125
61178.6328125
60975.4921875
60783.12109375
60583.65625
60389.203125
60196.75
60001.34375
59813.86328125
59622.2578125
59436.50390625
59250.0078125
59064.59375
58882.01171875
58698.375
58519.25
58337.91015625
58161.7734375
57983.9140625
57809.37109375
57635.09765625
57462.32421875
57290.78515625
57118.1953125
56947.484375
56777.5
56610.9375
56444.328125
56278.5
56112.9921875
55949.08203125
55787.39453125
55625.625
55465.0
55305.16796875
55147.65625
54990.61328125
54834.43359375
54678.25390625
54523.1953125
54369.46484375
54217.29296875
54066.56640625
53916.921875
53767.734375
53619.56640625
53472.83203125
53328.02734375
53183.98046875
53040.5703125
52898.546875
52757.609375
52618.62890625
52479.73046875
52342.30078125
52205.671875
52070.921875
51937.1953125
51804.83984375
51673.96484375
51544.35546875
51415.19140625
51283.82421875
51152.95703125
51025.23828125
50900.375
50776.73828125
50650.7578125
50525.4296875
50402.73828125
50281.984375
50161.921875
50040.921875
49921.26953125
49802.6328125
49683.83984375
49566.2421875
49449.95703125
49334.64453125
49218.765625
49103.0546875
48989.6171875
48877.51171875
48765.53515625
48653.5
48542.8203125
48433.05078125
48323.4140625
48214.51171875
48106.84765625
47999.86328125
47893.3125
47787.11328125
47682.0390625
47577.41015625
47473.36328125
47369.8203125
47267.0546875
47164.609375
47062.734375
46961.8984375
46861.671875
46762.1796875
46662.98828125
46564.15625
46465.87109375
46368.33984375
46271.34375
46175.16015625
46079.109375
45983.6640625
45888.953125
45794.421875
45700.7578125
45607.625
45514.8359375
45422.3125
45329.96484375
45238.0
45146.7890625
45056.2421875
44965.890625
44876.1015625
44786.83203125
44698.2421875
44611.07421875
44524.2734375
44437.8125
44350.85546875
44264.91796875
44181.1796875
44112.45703125
44052.36328125
43971.453125
43847.66015625
43795.7578125
43686.58984375
43620.33984375
43520.6875
43447.53515625
43359.3671875
43286.765625
43202.1875
43116.28125
43044.4296875
42960.671875
42879.9296875
42805.421875
42725.6875
42660.25
42574.89453125
42508.83984375
42439.515625
42355.765625
42281.12890625
42201.05078125
42124.44140625
42057.6484375
41978.859375
41905.0078125
41835.796875
41766.671875
41695.328125
41619.08203125
41548.296875
41480.60546875
41409.1953125
41336.234375
41270.59375
41201.33984375
41137.0390625
41065.8671875
41003.90234375
40931.4765625
40863.48046875
40790.984375
40726.9609375
40660.78515625
40594.98046875
40527.6875
40462.9375
40396.6484375
40333.6953125
40269.12109375
40206.8515625
40141.0390625
40079.53515625
40016.8828125
39955.328125
39891.5078125
39830.08203125
39768.65234375
39707.99609375
39647.1953125
39586.5703125
39526.48046875
39465.59765625
39406.10546875
39347.12890625
39289.16015625
39231.2578125
39173.984375
39115.140625
39056.2578125
38996.1484375
38937.93359375
38880.7734375
38824.5546875
38767.7578125
38710.96484375
38654.59765625
38599.32421875
38544.51171875
38489.640625
38435.28125
38381.734375
38328.4921875
38274.54296875
38219.8828125
38165.7265625
38113.3515625
38061.62890625
38008.9765625
37956.625
37904.47265625
37853.00390625
37800.79296875
37749.0703125
37698.265625
37647.7421875
37597.25390625
37546.6015625
37496.6640625
37446.8671875
37397.53125
37348.890625
37300.74609375
37251.09765625
37201.96875
37154.078125
37106.34765625
37058.98046875
37012.7421875
36965.20703125
36916.9140625
36869.5234375
36823.296875
36777.64453125
36731.625
36683.0390625
36634.35546875
36586.87109375
36541.59765625
36496.65234375
36451.953125
36407.109375
36361.65625
36316.5625
36271.29296875
36226.09765625
36180.80078125
36135.515625
36090.90234375
36047.328125
36004.6328125
35961.82421875
35918.4453125
35874.9453125
35832.21875
35789.83203125
35747.94140625
35705.88671875
35664.8515625
35623.0390625
35581.9765625
35540.8125
35499.89453125
35458.66796875
35417.6953125
35376.984375
35337.9375
35296.94140625
35258.4140625
35216.109375
35175.6796875
35136.3828125
35097.94921875
35058.9609375
35018.546875
34981.48046875
34943.35546875
34907.109375
34864.5546875
34824.46484375
34786.5078125
34748.41015625
34712.2578125
34670.6015625
34631.6015625
34592.34765625
34552.84375
34514.09375
34485.9765625
34521.2578125
34480.63671875
34437.5390625
34405.38671875
34357.73046875
34329.76953125
34274.40625
34231.19921875
34197.09375
34158.30078125
34123.2734375
34086.5625
34051.6484375
34018.61328125
33982.79296875
33936.21484375
33892.671875
33856.1875
33821.31640625
33781.640625
33742.26171875
33713.78125
33685.6171875
33649.15234375
33612.3125
33577.3828125
33544.80078125
33529.28125
33498.33984375
33460.703125
33426.8203125
33386.296875
33353.7578125
33323.02734375
33291.8203125
33262.6328125
33222.71875
33186.56640625
33158.640625
33123.7578125
33088.390625
33058.25
33025.09375
32991.48828125
32963.3203125
32928.9375
32895.2734375
32864.55078125
32832.75
32803.82421875
32773.71875
32741.21484375
32709.900390625
32680.685546875
32651.34765625
32620.66796875
32590.3828125
32559.28125
32528.021484375
32499.013671875
32470.33203125
32440.978515625
32411.5859375
32381.9609375
32351.193359375
32322.41015625
32293.845703125
32264.78515625
32236.333984375
32207.67578125
32178.4609375
32150.19140625
32121.859375
32093.19140625
32064.06640625
32034.341796875
32005.033203125
31976.705078125
31949.18359375
31923.306640625
31898.591796875
31879.01953125
31851.603515625
31828.07421875
31793.8984375
31764.173828125
31736.546875
31711.01953125
31686.45703125
31659.603515625
31637.322265625
31607.580078125
31580.572265625
31556.85546875
31532.890625
31511.13671875
31479.81640625
31454.00390625
31434.5
31411.98828125
31397.72265625
31363.908203125
31345.23046875
31340.94921875
31296.19921875
31276.365234375
31258.34765625
31218.3828125
31197.81640625
31187.14453125
31155.21484375
31133.1015625
31108.0078125
31078.23828125
31061.548828125
31028.783203125
31009.19140625
30987.79296875
30958.21875
30938.76953125
30910.6484375
30886.7890625
30866.345703125
30838.79296875
30814.001953125
30791.484375
30765.08984375
30742.54296875
30721.107421875
30696.521484375
30675.580078125
30651.7890625
30627.404296875
30605.703125
30582.765625
30560.37890625
30538.79296875
30516.484375
30493.939453125
30472.390625
30449.66015625
30428.78515625
30407.171875
30386.037109375
30365.52734375
30344.240234375
30323.71484375
30303.7265625
30284.39453125
30264.0234375
30243.3515625
30221.6484375
30200.83203125
30180.083984375
30160.380859375
30140.416015625
30120.09765625
30098.92578125
30077.37890625
30056.625
30036.21875
30016.29296875
29996.1015625
29975.828125
29955.6484375
29936.111328125
29916.927734375
29898.025390625
29879.07421875
29859.8203125
29840.59375
29821.6328125
29803.359375
29785.99609375
29769.4296875
29752.2890625
29734.2890625
29714.16015625
29693.44140625
29671.283203125
29649.447265625
29627.71875
29608.576171875
29591.4765625
29574.2734375
29555.359375
29535.564453125
29517.1796875
29497.9609375
29477.451171875
29455.65625
29435.375
29417.3203125
29400.123046875
29381.392578125
29360.71484375
29339.40234375
29318.66015625
29299.265625
29280.84765625
29262.6171875
29243.9375
29224.94140625
29206.24609375
29188.046875
29170.16015625
29152.162109375
29134.283203125
29116.56640625
29099.087890625
29081.23828125
29062.23828125
29042.23828125
29021.552734375
29001.2421875
28982.2734375
28965.052734375
28948.765625
28932.740234375
28916.2109375
28899.40234375
28882.4609375
28865.98046875
28849.326171875
28831.9921875
28813.9140625
28796.53125
28780.9921875
28766.935546875
28752.0546875
28736.421875
28719.91796875
28705.328125
28691.24609375
28678.875
28661.37890625
28640.515625
28616.732421875
28596.388671875
28579.5625
28563.03125
28545.064453125
28526.07421875
28508.66015625
28492.57421875
28476.576171875
28459.8828125
28443.349609375
28427.56640625
28412.755859375
28397.1171875
28380.328125
28362.88671875
28345.19140625
28327.46875
28309.58984375
28292.109375
28275.73828125
28260.283203125
28245.16796875
28229.373046875
28212.712890625
28195.7890625
28179.37109375
28163.6875
28148.44140625
28133.251953125
28117.8984375
28102.443359375
28086.677734375
28071.23828125
28055.89453125
28041.1328125
28026.3046875
28011.7890625
27997.19921875
27982.935546875
27968.4375
27953.80078125
27938.7578125
27924.06640625
27909.798828125
27896.90625
27884.916015625
27874.515625
27865.11328125
27857.32421875
27850.29296875
27842.2265625
27830.015625
27811.74609375
27789.8515625
27768.12890625
27748.96875
27732.77734375
27716.42578125
27700.0625
27683.166015625
27668.2109375
27654.69921875
27642.50390625
27628.9296875
27613.625
27596.525390625
27579.71484375
27563.171875
27547.78125
27533.10546875
27519.71484375
27506.671875
27493.330078125
27478.421875
27462.638671875
27446.54296875
27432.005859375
27418.8984375
27407.3203125
27395.482421875
27382.853515625
27367.625
27350.45703125
27331.9921875
27315.2265625
27301.26953125
27289.76171875
27277.95703125
27264.421875
27248.9296875
27233.59375
27219.35546875
27206.732421875
27193.826171875
27180.80859375
27166.8984375
27153.6640625
27140.353515625
27127.169921875
27112.978515625
27098.73828125
27085.404296875
27074.07421875
27064.60546875
27055.9296875
27047.37890625
27037.41796875
27025.78515625
27011.484375
26995.658203125
26979.78125
26965.490234375
26953.33203125
26941.56640625
26928.8828125
26913.822265625
26897.01171875
26880.162109375
26864.83203125
26850.5703125
26837.212890625
26823.197265625
26809.55078125
26796.29296875
26783.9453125
26772.208984375
26761.154296875
26749.802734375
26738.759765625
26727.32421875
26716.671875
26705.8515625
26695.0859375
26682.916015625
26668.98046875
26652.744140625
26635.4453125
26618.271484375
26602.67578125
26588.70703125
26576.1171875
26563.61328125
26550.931640625
26537.3671875
26523.80859375
26510.150390625
26497.79296875
26485.03515625
26472.19140625
26457.48046875
26441.9921875
26425.8125
26410.556640625
26396.33203125
26383.48828125
26371.32421875
26359.58203125
26348.03515625
26337.890625
26329.9296875
26325.771484375
26317.21875
26300.546875
26278.0546875
26262.322265625
26249.9140625
26236.970703125
26222.765625
26210.07421875
26198.09375
26186.01171875
26173.515625
26161.90625
26148.26171875
26134.037109375
26121.96484375
26110.951171875
26097.7265625
26084.728515625
26073.30078125
26062.46484375
26050.4765625
26039.484375
26028.1015625
26015.962890625
26002.0
25988.50390625
25974.80078125
25961.953125
25949.224609375
25937.638671875
25925.86328125
25914.02734375
25901.966796875
25890.375
25878.138671875
25865.77734375
25853.296875
25841.45703125
25829.427734375
25818.103515625
25806.81640625
25796.36328125
25785.421875
25775.234375
25764.689453125
25754.130859375
25742.708984375
25731.11328125
25719.18359375
25707.765625
25696.1953125
25684.41796875
25671.94921875
25659.3359375
25647.20703125
25636.45703125
25627.021484375
25618.673828125
25609.56640625
25599.07421875
25586.1953125
25573.140625
25560.94140625
25550.70703125
25539.921875
25528.0078125
25514.013671875
25500.478515625
25487.880859375
25476.80859375
25465.1484375
25453.1875
25440.3671875
25428.9296875
25417.96484375
25407.37109375
25380.30859375
25378.484375
25375.4140625
25354.078125
25357.453125
25344.15625
25332.71875
25332.0546875
25317.095703125
25311.34375
25305.46484375
25293.203125
25288.3359375
25279.759765625
25270.376953125
25264.443359375
25255.47265625
25247.5078125
25240.57421875
25231.9609375
25224.60546875
25217.03125
25208.875
25201.6953125
25193.92578125
25186.1484375
25178.857421875
25171.125
25163.55859375
25156.173828125
25148.54296875
25141.09375
25133.671875
25126.10546875
25118.75
25111.3125
25103.8828125
25096.4375
25089.05859375
25081.66796875
25074.29296875
25066.900390625
25059.59375
25052.25
25044.94921875
25037.66015625
25030.330078125
25023.11328125
25015.822265625
25008.53125
25001.353515625
24994.126953125
24986.912109375
24979.7421875
24972.52734375
24965.4296875
24958.27734375
24951.111328125
24944.060546875
24936.97265625
24929.8984375
24922.828125
24915.78125
24908.796875
24901.736328125
24894.73828125
24887.76171875
24880.78125
24873.828125
24866.87109375
24859.93359375
24853.00390625
24846.078125
24839.2109375
24832.3125
24825.45703125
24818.556640625
24811.671875
24804.82421875
24797.98828125
24791.16015625
24784.326171875
24777.517578125
24770.748046875
24763.93359375
24757.15625
24750.38671875
24743.60546875
24736.84375
24730.09375
24723.3984375
24716.689453125
24709.951171875
24703.275390625
24696.5703125
24689.92578125
24683.24609375
24676.576171875
24669.93359375
24663.318359375
24656.6640625
24650.05078125
24643.421875
24636.83203125
24630.26171875
24623.69140625
24617.107421875
24610.533203125
24603.9765625
24597.44140625
24590.916015625
24584.39453125
24577.86328125
24571.349609375
24564.8359375
24558.35546875
24551.88671875
24545.359375
24538.8984375
24532.458984375
24526.005859375
24519.55078125
24513.13671875
24506.744140625
24500.2890625
24493.884765625
24487.498046875
24481.1171875
24474.759765625
24468.34375
24462.02734375
24455.681640625
24449.328125
24443.00390625
24436.6875
24430.408203125
24424.076171875
24417.75390625
24411.53515625
24405.2265625
24398.96875
24392.7265625
24386.478515625
24380.255859375
24374.0078125
24367.775390625
24361.56640625
24355.322265625
24349.16796875
24342.9765625
24336.787109375
24330.578125
24324.416015625
24318.271484375
24312.09375
24305.9375
24299.828125
24293.673828125
24287.578125
24281.44140625
24275.369140625
24269.24609375
24263.19140625
24257.068359375
24251.0234375
24244.98046875
24238.90625
24232.8359375
24226.818359375
24220.78125
24214.771484375
24208.72265625
24202.70703125
24196.716796875
24190.7109375
24184.75390625
24178.755859375
24172.771484375
24166.814453125
24160.8828125
24154.904296875
24148.98046875
24143.044921875
24137.140625
24131.181640625
24125.27734375
24119.33203125
24113.421875
24107.517578125
24101.6015625
24095.76171875
24089.8828125
24083.98046875
24078.140625
24072.275390625
24066.4453125
24060.5703125
24054.73828125
24048.90234375
24043.095703125
24037.2578125
24031.45703125
24025.6328125
24019.85546875
24014.033203125
24008.306640625
24002.478515625
23996.736328125
23990.953125
23985.203125
23979.501953125
23973.76171875
23968.005859375
23962.28125
23956.53125
23950.841796875
23945.09765625
23939.4140625
23933.728515625
23928.0078125
23922.328125
23916.576171875
23910.9453125
23905.26953125
23899.56640625
23893.9296875
23888.236328125
23882.58203125
23876.923828125
23871.26953125
23865.650390625
23859.982421875
23854.349609375
23848.681640625
23843.072265625
23837.41015625
23831.7578125
23826.111328125
23820.484375
23814.8203125
23809.1640625
23803.494140625
23797.828125
23792.1484375
23786.4140625
23780.7109375
23774.93359375
23769.240234375
23763.47265625
23757.69140625
23751.943359375
23746.208984375
23740.47265625
23734.8984375
23729.5703125
23724.83203125
23721.3359375
23719.30078125
23718.0625
23711.00390625
23699.244140625
23689.7109375
23686.91015625
23684.44921875
23676.44140625
23668.0078125
23663.373046875
23659.421875
23653.0625
23646.0625
23640.833984375
23636.123046875
23630.208984375
23623.966796875
23618.546875
23613.55859375
23607.9765625
23601.91796875
23596.50390625
23591.517578125
23585.9296875
23579.98046875
23574.775390625
23569.7265625
23563.986328125
23558.291015625
23553.23046875
23547.94140625
23542.27734375
23536.818359375
23531.67578125
23526.328125
23520.751953125
23515.431640625
23510.2109375
23504.84765625
23499.400390625
23494.078125
23488.8359375
23483.4921875
23478.150390625
23472.84375
23467.5703125
23462.3125
23456.9609375
23451.677734375
23446.361328125
23441.1484375
23435.876953125
23430.55859375
23425.345703125
23420.11328125
23414.84765625
23409.583984375
23404.35546875
23399.142578125
23393.916015625
23388.6640625
23383.45703125
23378.25
23373.05078125
23367.8125
23362.6171875
23357.41015625
23352.2265625
23347.0390625
23341.896484375
23336.70703125
23331.546875
23326.40625
23321.3203125
23316.216796875
23311.228515625
23306.45703125
23301.99609375
23298.07421875
23294.72265625
23290.94921875
23285.623046875
23277.568359375
23270.04296875
23265.34765625
23261.970703125
23257.087890625
23250.328125
23244.47265625
23240.17578125
23235.58203125
23229.826171875
23224.19921875
23219.43359375
23214.541015625
23209.115234375
23203.89453125
23199.015625
23193.912109375
23188.61328125
23183.55859375
23178.697265625
23173.55859375
23168.34375
23163.34765625
23158.4375
23153.392578125
23148.25390625
23143.296875
23138.375
23133.443359375
23128.4375
23123.4921875
23118.623046875
23113.775390625
23108.80078125
23103.8515625
23098.84765625
23093.79296875
23088.619140625
23083.4296875
23078.30859375
23073.236328125
23068.263671875
23063.349609375
23058.4921875
23053.609375
23048.69140625
23043.765625
23038.791015625
23033.775390625
23028.75390625
23023.744140625
23018.828125
23013.900390625
23009.00390625
23004.142578125
22999.244140625
22994.345703125
22989.421875
22984.498046875
22979.5546875
22974.669921875
22969.75390625
22964.8984375
22960.0546875
22955.29296875
22950.552734375
22945.9765625
22941.619140625
22937.6875
22934.611328125
22932.40234375
22931.9296875
22929.994140625
22926.58984375
22915.84375
22904.435546875
22897.21484375
22895.244140625
22893.93359375
22888.017578125
22879.625
22873.173828125
22869.919921875
22866.60546875
22860.654296875
22854.185546875
22849.59765625
22845.703125
22840.62109375
22834.8046875
22829.990234375
22825.8828125
22820.98828125
22815.416015625
22810.412109375
22806.1171875
22801.560546875
22796.34375
22791.263671875
22786.697265625
22782.111328125
22777.21484375
22772.34375
22767.796875
22763.333984375
22758.85546875
22754.34765625
22750.66796875
22746.490234375
22743.0078125
22738.3359375
22734.109375
22728.84375
22723.078125
22716.8203125
22711.228515625
22706.51171875
22702.1953125
22697.728515625
22692.90625
22688.0546875
22683.529296875
22679.34765625
22675.12109375
22670.79296875
22666.197265625
22662.015625
22657.9375
22655.12890625
22651.4765625
22649.15234375
22645.4140625
22641.96875
22636.328125
22629.66796875
22622.611328125
22616.583984375
22611.88671875
22607.888671875
22604.548828125
22599.70703125
22594.68359375
22588.419921875
22582.591796875
22577.48046875
22573.1328125
22568.99609375
22564.54296875
22559.767578125
22555.017578125
22550.40625
22546.154296875
22541.794921875
22537.59375
22533.40625
22529.25390625
22525.31640625
22521.10546875
22517.36328125
22513.08203125
22509.021484375
22503.771484375
22498.404296875
22492.36328125
22486.744140625
22481.5
22476.98828125
22472.93359375
22469.341796875
22465.720703125
22462.06640625
22458.302734375
22454.40625
22450.560546875
22445.92578125
22441.001953125
22435.1640625
22429.91796875
22424.9921875
22421.169921875
22417.501953125
22413.673828125
22408.919921875
22403.556640625
22397.994140625
22392.8359375
22388.216796875
22383.640625
22378.7578125
22373.37890625
22368.10546875
22363.28125
22359.1640625
22355.306640625
22351.24609375
22346.748046875
22341.765625
22337.001953125
22332.462890625
22328.73046875
22325.16796875
22322.107421875
22318.970703125
22315.923828125
22312.671875
22308.1953125
22302.46875
22295.849609375
22289.275390625
22284.060546875
22280.080078125
22277.15625
22273.82421875
22270.078125
22265.6015625
22261.291015625
22257.140625
22253.4609375
22249.6640625
22245.970703125
22241.642578125
22237.376953125
22232.71484375
22228.4921875
22223.994140625
22219.71484375
22214.9140625
22210.37890625
22205.24609375
22200.48828125
22195.033203125
22190.013671875
22184.8046875
22180.484375
22176.287109375
22172.5546875
22168.27734375
22163.755859375
22158.759765625
22154.181640625
22149.927734375
22146.666015625
22143.52734375
22140.619140625
22136.880859375
22132.81640625
22127.998046875
22123.263671875
22118.123046875
22113.0078125
22107.595703125
22102.8515625
22098.58984375
22095.58984375
22092.41796875
22088.9296875
22083.7109375
22078.044921875
22072.17578125
22067.744140625
22063.5390625
22059.9921875
22055.37109375
22051.3671875
22046.7265625
22044.1796875
22038.890625
22033.46875
22025.6796875
22018.833984375
22013.16015625
22008.54296875
22003.91796875
21998.03125
21991.517578125
21985.103515625
21979.373046875
21974.33203125
21969.38671875
21964.45703125
21959.03125
21953.521484375
21947.849609375
21942.23046875
21936.65234375
21931.486328125
21926.828125
21923.42578125
21921.330078125
21925.73828125
21972.32421875
21963.3515625
21937.126953125
21922.041015625
21931.33984375
21920.685546875
21910.4765625
21912.9921875
21893.734375
21895.66796875
21887.775390625
21876.072265625
21878.1953125
21860.5
21863.251953125
21851.37109375
21847.79296875
21844.00390625
21838.056640625
21836.3203125
21831.44140625
21827.015625
21821.45703125
21815.32421875
21808.89453125
21806.05859375
21800.0078125
21798.861328125
21794.287109375
21792.287109375
21789.044921875
21787.173828125
21783.6171875
21777.8046875
21768.578125
21760.693359375
21754.875
21750.96484375
21746.296875
21741.8359375
21738.265625
21735.033203125
21730.642578125
21725.5234375
21720.982421875
21717.076171875
21712.7109375
21707.748046875
21702.841796875
21697.7890625
21692.37109375
21686.28515625
21680.197265625
21674.734375
21669.93359375
21665.380859375
21660.5703125
21656.158203125
21651.7578125
21647.6328125
21642.91015625
21638.40625
21633.53515625
21629.17578125
21624.40625
21620.1015625
21615.517578125
21611.326171875
21606.892578125
21602.654296875
21598.287109375
21594.07421875
21589.61328125
21585.076171875
21580.4296875
21575.76171875
21571.189453125
21566.8515625
21562.705078125
21558.8125
21555.1171875
21551.505859375
21547.9609375
21544.291015625
21540.626953125
21536.84375
21533.07421875
21529.4609375
21526.01953125
21522.904296875
21519.771484375
21516.7890625
21513.396484375
21510.080078125
21506.16796875
21502.38671875
21497.958984375
21493.759765625
21488.953125
21484.40234375
21479.60546875
21475.50390625
21471.609375
21468.18359375
21464.462890625
21460.47265625
21455.923828125
21451.314453125
21447.07421875
21443.583984375
21441.03125
21438.560546875
21435.931640625
21432.2578125
21427.802734375
21422.4453125
21417.2421875
21412.328125
21408.12890625
21404.22265625
21400.22265625
21396.017578125
21391.140625
21386.10546875
21380.81640625
21376.236328125
21371.998046875
21368.859375
21365.59765625
21362.82421875
21358.947265625
21354.83203125
21349.6328125
21344.5390625
21339.2109375
21334.40625
21329.689453125
21325.390625
21321.06640625
21316.9296875
21312.837890625
21309.02734375
21305.302734375
21301.67578125
21297.6484375
21293.064453125
21287.859375
21282.4921875
21277.52734375
21273.35546875
21270.00390625
21267.015625
21264.052734375
21260.677734375
21256.9375
21252.7578125
21248.5703125
21244.3359375
21240.2109375
21236.193359375
21232.1953125
21228.45703125
21224.63671875
21221.55078125
21218.2421875
21215.890625
21212.92578125
21211.04296875
21207.96875
21206.064453125
21202.51171875
21199.66796875
21195.462890625
21191.283203125
21185.94921875
21180.39453125
21174.310546875
21168.541015625
21162.8515625
21157.70703125
21152.87109375
21148.53125
21144.34765625
21140.25
21136.29296875
21132.095703125
21128.142578125
21123.611328125
21119.15625
21114.34765625
21109.650390625
21105.001953125
21100.716796875
21096.609375
21092.822265625
21088.94140625
21085.1640625
21081.341796875
21077.875
21074.515625
21071.689453125
21068.8359375
21066.466796875
21063.9453125
21062.08984375
21059.98828125
21058.337890625
21055.861328125
21052.921875
21048.49609375
21043.267578125
21037.16015625
21031.4296875
21026.103515625
21021.7734375
21017.83984375
21014.384765625
21011.046875
21007.474609375
21003.427734375
20998.1015625
20992.3203125
20986.994140625
20982.9140625
20979.572265625
20975.9296875
20971.82421875
20967.150390625
20962.63671875
20958.30859375
20954.2265625
20950.1484375
20946.18359375
20942.244140625
20938.462890625
20934.24609375
20929.75
20924.62109375
20919.61328125
20914.7109375
20910.64453125
20906.73828125
20903.40625
20899.599609375
20895.91015625
20891.646484375
20887.623046875
20883.30859375
20879.42578125
20875.43359375
20871.951171875
20868.37109375
20865.4296875
20862.546875
20860.509765625
20858.59765625
20857.33203125
20855.609375
20853.552734375
20850.080078125
20845.458984375
20839.955078125
20834.4765625
20830.03125
20826.478515625
20824.05078125
20821.625
20819.26953125
20816.908203125
20815.203125
20816.30078125
20817.4375
20821.494140625
20809.505859375
20796.84765625
20789.041015625
20788.8125
20787.19140625
20778.1640625
20770.201171875
20768.203125
20765.58984375
20758.841796875
20750.91015625
20747.81640625
20746.708984375
20742.2578125
20735.884765625
20731.83984375
20729.189453125
20725.42578125
20720.76171875
20717.5859375
20714.708984375
20710.619140625
20705.62890625
20700.87890625
20695.875
20690.375
20684.947265625
20680.6875
20677.2890625
20674.28515625
20670.939453125
20668.154296875
20664.990234375
20661.892578125
20657.93359375
20654.43359375
20650.734375
20647.583984375
20644.3203125
20641.80859375
20639.001953125
20636.953125
20634.078125
20631.9453125
20628.7734375
20626.01171875
20622.755859375
20619.80078125
20617.037109375
20614.755859375
20612.77734375
20610.986328125
20608.703125
20605.419921875
20600.03515625
20593.033203125
20584.861328125
20578.01171875
20573.15234375
20570.318359375
20567.62890625
20563.896484375
20558.6015625
20552.884765625
20547.84375
20544.234375
20541.498046875
20538.8515625
20535.61328125
20531.890625
20527.763671875
20524.208984375
20520.61328125
20517.595703125
20513.81640625
20510.41796875
20506.310546875
20503.064453125
20499.2109375
20496.14453125
20492.546875
20489.443359375
20485.9296875
20482.56640625
20478.794921875
20474.966796875
20470.646484375
20466.140625
20461.5546875
20457.4609375
20453.76953125
20450.55859375
20447.2109375
20443.68359375
20439.7109375
20435.61328125
20431.53125
