9937.98046875
9925.6884765625
9913.904296875
9902.59765625
9891.732421875
9881.29296875
9871.2587890625
9861.60546875
9852.310546875
9843.357421875
9834.7255859375
9826.4013671875
9818.37109375
9810.6142578125
9803.1171875
9795.869140625
9788.8583984375
9782.0625
9775.4814453125
9769.1015625
9762.916015625
9756.927734375
9751.123046875
9745.49609375
9740.05078125
9734.771484375
9729.6591796875
9724.7060546875
9719.9111328125
9715.2578125
9710.7470703125
9706.3720703125
9702.1279296875
9698.0078125
9694.0078125
9690.12109375
9686.353515625
9682.6875
9679.134765625
9675.681640625
9672.3203125
9669.056640625
9665.880859375
9662.798828125
9659.80078125
9656.884765625
9654.044921875
9651.287109375
9648.59765625
9645.984375
9643.4365234375
9640.953125
9638.53515625
9636.18359375
9633.884765625
9631.6474609375
9629.46484375
9627.3359375
9625.2578125
9623.228515625
9621.248046875
9619.3154296875
9617.427734375
9615.583984375
9613.7802734375
9612.0166015625
9610.2958984375
9608.6142578125
9606.96875
9605.361328125
9603.787109375
9602.25
9600.744140625
9599.26953125
9597.828125
9596.4169921875
9595.033203125
9593.6796875
9592.35546875
9591.056640625
9589.787109375
9588.541015625
9587.3203125
9586.126953125
9584.9560546875
9583.80859375
9582.685546875
9581.5869140625
9580.5087890625
9579.4521484375
9578.4169921875
9577.400390625
9576.404296875
9575.42578125
9574.46875
9573.5283203125
9572.609375
9571.705078125
9570.822265625
9569.958984375
9569.109375
9568.2734375
9567.45703125
9566.6572265625
9565.869140625
9565.095703125
9564.33984375
9563.59765625
9562.865234375
9562.15234375
9561.453125
9560.765625
9560.091796875
9559.4287109375
9558.7802734375
9558.14453125
9557.51953125
9556.91015625
9556.3056640625
9555.7177734375
9555.13671875
9554.5703125
9554.01171875
9553.46484375
9552.9296875
9552.4033203125
9551.88671875
9551.3798828125
9550.880859375
9550.390625
9549.912109375
9549.4423828125
9548.98046875
9548.525390625
9548.0830078125
9547.646484375
9547.216796875
9546.7939453125
9546.3779296875
9545.9736328125
9545.572265625
9545.18359375
9544.798828125
9544.421875
9544.05078125
9543.6865234375
9543.326171875
9542.974609375
9542.630859375
9542.291015625
9541.958984375
9541.630859375
9541.30859375
9540.9921875
9540.6806640625
9540.376953125
9540.076171875
9539.783203125
9539.494140625
9539.208984375
9538.927734375
9538.654296875
9538.384765625
9538.1181640625
9537.8583984375
9537.6015625
9537.34765625
9537.1015625
9536.857421875
9536.6181640625
9536.3818359375
9536.1484375
9535.921875
9535.69921875
9535.478515625
9535.2626953125
9535.048828125
9534.837890625
9534.630859375
9534.427734375
9534.228515625
9534.0322265625
9533.83984375
9533.6484375
9533.4609375
9533.2763671875
9533.09765625
9532.916015625
9532.7392578125
9532.5703125
9532.400390625
9532.234375
9532.0693359375
9531.90625
9531.74609375
9531.58984375
9531.43359375
9531.28125
9531.130859375
9530.984375
25927129088.0
29105980.0
167192.28125
173416.109375
1588984.75
825470.875
2051845.125
5400017.5
3404078.5
1365568.25
542229.3125
386958.375
270410.875
190773.75
152791.734375
125908.9375
105992.1796875
95064.4453125
95539.9140625
92110.40625
81617.6953125
77736.6640625
75494.8125
74033.21875
73645.90625
75109.921875
78025.96875
78290.1015625
74128.5
69391.421875
66115.578125
63996.890625
62490.21875
61332.38671875
60346.33203125
59511.86328125
58743.734375
58056.80859375
57389.9296875
56744.43359375
56095.79296875
55452.90625
54826.421875
54159.640625
53491.93359375
52808.6484375
52147.2109375
51498.8828125
50868.75390625
50262.46875
49675.50390625
49111.33203125
48571.37109375
48055.5234375
47563.86328125
47093.859375
46644.5625
46212.23046875
45793.5703125
45389.546875
44999.17578125
44620.70703125
44253.87109375
43900.5625
43563.48828125
43230.7734375
42911.3671875
42602.328125
42304.703125
42020.56640625
41746.89453125
41484.6171875
41230.8125
40985.77734375
40747.71875
40514.2890625
40286.46484375
40061.79296875
39841.03515625
39624.828125
39411.921875
39202.59375
38997.296875
38796.34375
38599.859375
38406.9375
38218.046875
38033.40625
37854.4140625
37678.328125
37511.2421875
37344.0390625
37189.64453125
37022.046875
36868.44140625
36708.47265625
36551.609375
36484.1875
36338.453125
36253.50390625
36118.1796875
36018.78515625
35884.48046875
35726.50390625
35580.55859375
35423.4375
35271.125
35137.73828125
35007.453125
34882.50390625
34761.53515625
34626.0390625
34495.6640625
34369.83984375
34240.55859375
34117.953125
34002.9765625
33892.55859375
33780.60546875
33664.71875
33552.12109375
33440.4921875
33326.6328125
33216.51953125
33110.9609375
33007.52734375
32904.1953125
32801.16015625
32699.83984375
32597.287109375
32494.99609375
32395.578125
32296.4375
32197.416015625
32099.4375
32002.359375
31905.90234375
31809.4453125
31714.05859375
31619.484375
31524.94921875
31431.419921875
31338.5703125
31246.02734375
31153.998046875
31062.431640625
30971.490234375
30880.9140625
30790.576171875
30700.798828125
30611.5
30522.89453125
30434.62890625
30346.41796875
30258.4765625
30170.91796875
30083.802734375
29996.8203125
29909.91796875
29823.458984375
29737.513671875
29651.953125
29567.01953125
29482.93359375
29399.53125
29317.47265625
29237.29296875
29158.236328125
29080.0
29002.658203125
28925.65234375
28848.94140625
28772.89453125
28697.43359375
28622.32421875
28547.85546875
28473.921875
28400.27734375
28327.23046875
28254.9140625
28183.1171875
28111.900390625
28041.41015625
27971.447265625
27901.931640625
27832.943359375
27764.40234375
27696.16796875
27628.3671875
27560.9921875
27494.01953125
27427.40234375
27361.265625
27295.51953125
27230.2265625
27166.49609375
27102.7578125
27035.640625
26972.837890625
26908.572265625
26844.88671875
26782.2578125
26718.748046875
26657.18359375
26594.28125
26533.275390625
26471.13671875
26410.69921875
26349.1640625
26289.232421875
26228.421875
26168.9453125
26108.73828125
26049.21875
25989.1640625
25929.78515625
25870.5078125
25811.583984375
25752.2578125
25692.8046875
25633.173828125
25574.751953125
25522.21484375
25493.88671875
25470.111328125
25343.60546875
25326.470703125
25243.107421875
25191.19921875
25125.806640625
25068.626953125
25005.73828125
24952.93359375
24884.76171875
24838.02734375
24766.841796875
24722.73046875
24650.4609375
24605.298828125
24537.453125
24494.3203125
24437.515625
24385.56640625
24321.9140625
24277.640625
24228.328125
24166.6328125
24126.234375
24069.93359375
24021.33203125
23972.53515625
23922.876953125
23873.375
23827.818359375
23776.37890625
23732.037109375
23682.798828125
23638.1796875
23591.09375
23545.708984375
23499.93359375
23454.1328125
23409.107421875
23364.19921875
23320.158203125
23275.685546875
23231.74609375
23187.732421875
23144.04296875
23100.921875
23057.53515625
23014.953125
22972.046875
22929.77734375
22887.71875
22845.66796875
22804.41796875
22762.677734375
22722.0390625
22680.53125
22639.244140625
22597.6484375
22557.27734375
22517.4609375
22477.38671875
22436.982421875
22396.53515625
22356.396484375
22316.6015625
22277.0078125
22237.90234375
22198.333984375
22159.0078125
22119.96875
22081.3203125
22042.443359375
22003.56640625
21965.2734375
21927.37890625
21889.56640625
21852.140625
21813.958984375
21774.73046875
21735.376953125
21697.91015625
21661.322265625
21623.37109375
21584.619140625
21546.998046875
21510.5703125
21476.43359375
21456.361328125
21457.93359375
21432.8515625
21330.767578125
21338.47265625
21273.951171875
21245.7265625
21200.1875
21166.119140625
21127.728515625
21095.84765625
21050.88671875
21023.771484375
20977.814453125
20954.412109375
20906.408203125
20884.54296875
20837.650390625
20813.66796875
20770.09375
20745.44140625
20704.828125
20680.404296875
20641.927734375
20617.345703125
20575.029296875
20545.306640625
20520.650390625
20485.66796875
20448.53515625
20431.380859375
20387.0859375
20358.388671875
20328.72265625
20286.41015625
20270.76171875
20264.7578125
20235.01171875
20199.71484375
20163.5234375
20143.8359375
20101.783203125
20076.7578125
20033.400390625
20007.533203125
19971.35546875
19943.93359375
19911.53515625
19881.796875
19848.73046875
19819.646484375
19787.09375
19756.896484375
19725.865234375
19694.84375
19667.287109375
19636.8046875
19605.95703125
19577.041015625
19549.4296875
19520.568359375
19491.41015625
19463.453125
19435.63671875
19407.8046875
19378.22265625
19351.3125
19323.921875
19296.416015625
19269.091796875
19241.974609375
19214.548828125
19187.599609375
19160.845703125
19134.0234375
19108.02734375
19081.26171875
19054.83203125
19028.794921875
19003.072265625
18977.11328125
18951.1484375
18925.2265625
18899.3203125
18873.7578125
18848.513671875
18823.435546875
18798.3828125
18773.05078125
18747.49609375
18721.97265625
18696.6640625
18671.76953125
18647.1484375
18622.62109375
18597.75390625
18572.642578125
18547.6640625
18523.1796875
18499.0078125
18474.8125
18450.4296875
18426.23828125
18402.28125
18378.3828125
18354.458984375
18330.734375
18307.32421875
18283.94140625
18260.361328125
18236.68359375
18213.2578125
18190.994140625
18168.466796875
18148.671875
18122.904296875
18098.65625
18078.234375
18057.2578125
18033.453125
18008.84765625
17984.82421875
17961.154296875
17933.51171875
17911.990234375
17893.28515625
17868.955078125
17848.794921875
17824.96875
17800.248046875
17782.3203125
17760.337890625
17735.4765625
17710.9765625
17686.9453125
17668.408203125
17648.333984375
17625.232421875
17600.15625
17577.578125
17558.693359375
17538.3046875
17515.681640625
17492.83984375
17472.04296875
17453.341796875
17432.009765625
17408.900390625
17386.55078125
17364.83203125
17344.380859375
17324.140625
17303.68359375
17283.048828125
17261.7734375
17241.53125
17222.15625
17202.75
17182.28515625
17160.625
17139.47265625
17119.1328125
17099.455078125
17079.86328125
17060.22265625
17040.908203125
17022.19921875
17003.693359375
16985.478515625
16965.107421875
16943.8828125
16923.08203125
16904.75
16888.76171875
16873.32421875
16857.0390625
16837.326171875
16814.00390625
16788.880859375
16766.6953125
16749.5546875
16733.515625
16714.697265625
16692.603515625
16670.80859375
16652.30859375
16635.203125
16616.537109375
16595.974609375
16576.166015625
16558.423828125
16540.76953125
16521.640625
16501.79296875
16483.08203125
16465.5
16447.703125
16429.322265625
16411.50390625
16394.640625
16378.1552734375
16359.2412109375
16338.505859375
16317.896484375
16299.76171875
16283.3125
16266.16015625
16247.5595703125
16228.572265625
16210.7333984375
16193.8935546875
16176.92578125
16159.3798828125
16141.654296875
16124.357421875
16107.3828125
16090.3173828125
16072.943359375
16055.1474609375
16037.2216796875
16019.54296875
16002.39453125
15985.51171875
15968.486328125
15951.169921875
15933.8759765625
15916.966796875
15900.361328125
15883.6669921875
15866.755859375
15849.8955078125
15833.41015625
15817.234375
15801.0185546875
15784.6181640625
15768.1123046875
15751.548828125
15734.8857421875
15718.16796875
15701.599609375
15685.30859375
15669.2490234375
15653.232421875
15637.169921875
15621.2080078125
15605.4365234375
15589.7353515625
15574.0205078125
15558.271484375
15542.61328125
15527.037109375
15511.634765625
15496.4248046875
15481.4365234375
15466.5546875
15451.78125
15437.564453125
15424.16796875
15411.396484375
15397.2265625
15380.111328125
15360.912109375
15343.21484375
15330.1015625
15318.25
15304.865234375
15287.0009765625
15267.716796875
15250.46484375
15236.3837890625
15223.193359375
15208.5166015625
15192.619140625
15176.767578125
15161.4140625
15145.6689453125
15129.5859375
15113.6865234375
15099.0546875
15084.73828125
15070.15625
15054.970703125
15040.2578125
15026.580078125
15013.91796875
15001.345703125
14988.6884765625
14974.1533203125
14958.0126953125
14940.26953125
14924.244140625
14910.998046875
14898.1142578125
14883.498046875
14867.111328125
14851.87890625
14838.431640625
14825.2109375
14810.9921875
14796.6767578125
14783.1162109375
14769.5341796875
14754.630859375
14739.23828125
14725.080078125
14712.2421875
14699.671875
14686.052734375
14672.423828125
14658.671875
14645.607421875
14632.5576171875
14620.349609375
14607.357421875
14593.9501953125
14579.380859375
14566.044921875
14552.9296875
14538.517578125
14523.04296875
14507.47265625
14493.6015625
14479.8828125
14466.298828125
14452.6416015625
14440.291015625
14428.8828125
14417.44921875
14405.46484375
14392.5673828125
14379.0732421875
14364.2255859375
14348.078125
14331.59765625
14316.3095703125
14303.1484375
14291.392578125
14279.796875
14267.5849609375
14254.70703125
14241.2314453125
14227.03125
14212.1298828125
14197.546875
14184.2421875
14172.1015625
14159.841796875
14146.5947265625
14132.53125
14119.0947265625
14106.9287109375
14095.642578125
14083.5087890625
14070.33203125
14056.173828125
14042.8125
14030.3388671875
14018.0517578125
14004.7421875
13990.23046875
13975.7802734375
13962.251953125
13949.6279296875
13937.2822265625
13925.013671875
13912.7939453125
13900.6455078125
13888.529296875
13876.701171875
13865.28125
13854.2744140625
13843.451171875
13832.7138671875
13821.486328125
13808.8056640625
13794.47265625
13780.099609375
13767.212890625
13757.0126953125
13747.939453125
13739.212890625
13729.271484375
13717.9501953125
13704.9482421875
13690.6728515625
13676.578125
13664.2705078125
13653.890625
13644.447265625
13634.482421875
13622.8701171875
13609.951171875
13596.91015625
13585.1865234375
13574.25
13563.3271484375
13551.3671875
13539.546875
13528.6259765625
13519.1396484375
13509.720703125
13499.2109375
13486.4560546875
13472.646484375
13458.7626953125
13445.8056640625
13434.1708984375
13423.33203125
13414.0546875
13405.470703125
13398.3193359375
13388.78125
13378.3115234375
13365.9736328125
13354.595703125
13343.201171875
13331.396484375
13318.392578125
13304.619140625
13291.83984375
13280.5
13270.4423828125
13260.8486328125
13251.279296875
13241.29296875
13230.791015625
13220.1689453125
13209.8681640625
13200.083984375
13190.48828125
13180.890625
13171.236328125
13161.84765625
13152.6435546875
13143.4375
13133.3916015625
13122.458984375
13110.671875
13099.0888671875
13088.359375
13079.01171875
13070.37109375
13062.37890625
13053.4482421875
13044.001953125
13033.08984375
13022.0224609375
13011.1005859375
13001.048828125
12991.6923828125
12982.6142578125
12973.5810546875
12964.1708984375
12954.8896484375
12945.580078125
12936.8984375
12928.8955078125
12921.9072265625
12915.47265625
12909.53515625
12902.2529296875
12893.673828125
12881.525390625
12869.2421875
12859.5732421875
12853.0947265625
12847.0419921875
12839.3232421875
12830.1826171875
12821.6015625
12813.5517578125
12805.5625
12796.189453125
12786.6845703125
12778.578125
12770.0673828125
12761.349609375
12749.87109375
12738.1875
12727.5615234375
12718.0
12708.5126953125
12697.4501953125
12685.6474609375
12674.1796875
12664.38671875
12655.826171875
12647.193359375
12637.9921875
12628.384765625
12618.869140625
12609.7734375
12601.0712890625
12592.6904296875
12584.7958984375
12577.25
12570.21484375
12562.5380859375
12554.546875
12545.4091796875
12536.47265625
12527.453125
12519.169921875
12511.623046875
12505.048828125
12500.732421875
12494.544921875
12487.439453125
12473.5478515625
12461.3798828125
12453.5498046875
12446.00390625
12436.564453125
12424.869140625
12416.3173828125
12411.365234375
12405.53125
12397.154296875
12387.6240234375
12379.5078125
12371.3447265625
12361.259765625
12350.3232421875
12341.494140625
12334.14453125
12327.171875
12319.3994140625
12312.5576171875
12306.005859375
12299.5546875
12292.3203125
12285.3017578125
12279.0625
12273.8623046875
12267.8837890625
12259.9716796875
12249.8837890625
12239.5087890625
12230.158203125
12222.248046875
12215.18359375
12208.0166015625
12199.9140625
12190.8662109375
12181.826171875
12173.642578125
12166.2958984375
12158.9501953125
12150.857421875
12141.693359375
12132.158203125
12122.3251953125
12112.884765625
12103.7353515625
12095.9990234375
12088.8515625
12082.26953125
12074.9072265625
12067.306640625
12059.4921875
12052.0048828125
12044.3232421875
12036.0244140625
12027.4931640625
12019.720703125
12013.23828125
12007.23046875
12000.6142578125
11992.8720703125
11984.97265625
11977.8408203125
11971.5380859375
11964.994140625
11957.7109375
11949.9990234375
11942.7451171875
11935.80859375
11928.5244140625
11920.490234375
11912.16015625
11904.4736328125
11897.8916015625
11892.283203125
11887.2353515625
11882.11328125
11876.7392578125
11870.2255859375
11863.234375
11854.9609375
11846.65234375
11837.7421875
11829.5087890625
11821.375
11813.98828125
11806.6611328125
11799.9267578125
11793.220703125
11785.8681640625
11777.81640625
11768.4892578125
11759.4287109375
11751.1337890625
11743.69921875
11737.2529296875
11731.521484375
11726.8974609375
11722.068359375
11717.3408203125
11710.705078125
11703.16796875
11694.150390625
11685.033203125
11675.9091796875
11667.552734375
11659.6015625
11651.3935546875
11642.869140625
11634.50390625
11627.041015625
11620.7177734375
11615.173828125
11610.103515625
11605.34765625
11601.4580078125
11597.9755859375
11594.6875
11590.15234375
11584.56640625
11576.71875
11567.609375
11556.3603515625
11544.76171875
11533.24609375
11523.529296875
11515.666015625
11509.236328125
11503.2216796875
11496.5693359375
11488.994140625
11480.765625
11472.5576171875
11464.609375
11456.9931640625
11449.2939453125
11441.35546875
11432.9072265625
11424.349609375
11415.630859375
11407.58984375
11399.71875
11392.427734375
11384.7783203125
11376.814453125
11368.3916015625
11360.099609375
11352.2109375
11344.7109375
11337.400390625
11330.193359375
11323.2578125
11316.84375
11310.96484375
11305.509765625
11300.1953125
11295.0244140625
11290.021484375
11285.0166015625
11279.6533203125
11273.71875
11267.857421875
11262.8701171875
11259.3046875
11256.544921875
11253.2734375
11248.341796875
11241.658203125
11233.541015625
11225.640625
11218.5869140625
11212.8330078125
11208.21875
11202.828125
11195.650390625
11186.33203125
11176.0908203125
11166.54296875
11158.6640625
11152.0546875
11145.54296875
11138.34765625
11117.8359375
11119.291015625
11117.65234375
11103.12890625
11107.80078125
11098.078125
11092.2978515625
11092.498046875
11082.509765625
11080.9052734375
11076.5
11069.681640625
11067.82421875
11061.861328125
11057.4248046875
11054.0390625
11048.55859375
11044.794921875
11040.5341796875
11035.802734375
11031.9169921875
11027.498046875
11023.1337890625
11019.07421875
11014.73828125
11010.490234375
11006.3828125
11002.111328125
10997.9326171875
10993.794921875
10989.564453125
10985.4150390625
10981.2724609375
10977.076171875
10972.939453125
10968.798828125
10964.6201171875
10960.5
10956.35546875
10952.208984375
10948.083984375
10943.93359375
10939.7998046875
10935.6689453125
10931.5205078125
10927.388671875
10923.2509765625
10919.1201171875
10914.986328125
10910.841796875
10906.720703125
10902.591796875
10898.45703125
10894.353515625
10890.22265625
10886.130859375
10882.015625
10877.916015625
10873.83984375
10869.7509765625
10865.67578125
10861.603515625
10857.5322265625
10853.484375
10849.4267578125
10845.37109375
10841.328125
10837.2841796875
10833.2421875
10829.2099609375
10825.1796875
10821.1494140625
10817.1259765625
10813.111328125
10809.099609375
10805.0869140625
10801.0859375
10797.087890625
10793.099609375
10789.11328125
10785.134765625
10781.16015625
10777.19140625
10773.2421875
10769.3037109375
10765.3623046875
10761.435546875
10757.5234375
10753.6171875
10749.7236328125
10745.841796875
10741.9677734375
10738.1025390625
10734.2490234375
10730.392578125
10726.54296875
10722.70703125
10718.8740234375
10715.046875
10711.2099609375
10707.404296875
10703.580078125
10699.7666015625
10695.962890625
10692.1591796875
10688.3681640625
10684.56640625
10680.779296875
10676.9921875
10673.2197265625
10669.44140625
10665.6689453125
10661.896484375
10658.130859375
10654.373046875
10650.625
10646.8720703125
10643.123046875
10639.3857421875
10635.6455078125
10631.9140625
10628.185546875
10624.4580078125
10620.734375
10617.017578125
10613.3046875
10609.5947265625
10605.8935546875
10602.1875
10598.501953125
10594.8056640625
10591.1142578125
10587.4326171875
10583.748046875
10580.06640625
10576.3916015625
10572.7197265625
10569.056640625
10565.384765625
10561.7314453125
10558.072265625
10554.421875
10550.76953125
10547.12109375
10543.4794921875
10539.84375
10536.208984375
10532.57421875
10528.9482421875
10525.322265625
10521.7060546875
10518.0859375
10514.4755859375
10510.865234375
10507.25390625
10503.658203125
10500.060546875
10496.4658203125
10492.876953125
10489.287109375
10485.70703125
10482.134765625
10478.55859375
10474.982421875
10471.4130859375
10467.845703125
10464.28515625
10460.73046875
10457.17578125
10453.6171875
10450.0673828125
10446.525390625
10442.9833984375
10439.447265625
10435.9150390625
10432.376953125
10428.85546875
10425.3271484375
10421.802734375
10418.28515625
10414.76953125
10411.263671875
10407.7509765625
10404.25
10400.7509765625
10397.25
10393.76171875
10390.2734375
10386.7890625
10383.2998046875
10379.8310546875
10376.353515625
10372.8798828125
10369.408203125
10365.94921875
10362.486328125
10359.0283203125
10355.58203125
10352.1337890625
10348.6875
10345.2412109375
10341.80859375
10338.3642578125
10334.9345703125
10331.5107421875
10328.0927734375
10324.6669921875
10321.255859375
10317.8466796875
10314.4326171875
10311.0341796875
10307.63671875
10304.2265625
10300.845703125
10297.44921875
10294.0654296875
10290.681640625
10287.294921875
10283.9228515625
10280.5556640625
10277.18359375
10273.814453125
10270.451171875
10267.109375
10264.3544921875
10269.8154296875
10261.5751953125
10253.9130859375
10251.7158203125
10248.92578125
10245.3984375
10241.67578125
10238.0390625
10234.5654296875
10231.248046875
10228.0205078125
10224.83203125
10221.6376953125
10218.4208984375
10215.1767578125
10211.9111328125
10208.615234375
10205.310546875
10202.0087890625
10198.69921875
10195.390625
10192.083984375
10188.8037109375
10185.52734375
10182.2607421875
10179.00390625
10175.7431640625
10172.494140625
10169.2412109375
10165.984375
10162.7333984375
10159.4765625
10156.228515625
10152.974609375
10149.7265625
10146.482421875
10143.244140625
10140.0087890625
10136.783203125
10133.5556640625
10130.330078125
10127.1142578125
10123.90234375
10120.69140625
10117.4912109375
10114.2861328125
10111.08984375
10107.8916015625
10104.7080078125
10101.513671875
10098.333984375
10095.1484375
10091.9716796875
10088.806640625
10085.6416015625
10082.474609375
10079.31640625
10076.15625
10073.0009765625
10069.845703125
10066.7021484375
10063.5576171875
10060.4189453125
10057.2763671875
10054.150390625
10051.01953125
10047.892578125
10044.76953125
10041.65625
10038.5390625
10035.427734375
10032.30859375
10029.20703125
10026.1083984375
10023.00390625
10019.904296875
10016.814453125
10013.72265625
10010.6435546875
10007.55859375
10004.4716796875
10001.396484375
9998.32421875
9995.2578125
9992.1865234375
9989.1201171875
9986.06640625
9983.0087890625
9979.9482421875
9976.900390625
9973.8486328125
9970.8037109375
9967.759765625
9964.71875
9961.68359375
9958.6455078125
9955.6162109375
9952.5859375
9949.5595703125
9946.5390625
9943.515625
9940.4912109375
9937.4794921875
9934.4677734375
9931.4599609375
9928.4560546875
9925.45703125
9922.453125
9919.4609375
9916.4609375
9913.4716796875
9910.482421875
9907.4970703125
9904.5224609375
9901.541015625
9898.568359375
9895.5888671875
9892.6171875
9889.65625
9886.6943359375
9883.740234375
9880.787109375
9877.837890625
9874.8916015625
9871.951171875
9869.1337890625
9870.6533203125
9872.1640625
9869.3974609375
9865.5244140625
9861.431640625
9857.3310546875
9853.3095703125
9849.439453125
9845.76953125
9842.2978515625
9839.02734375
9835.94140625
9832.98828125
9830.125
9827.3310546875
9824.560546875
9821.806640625
9819.0517578125
9816.2841796875
9813.50390625
9810.71875
9807.9111328125
9805.091796875
9802.263671875
9799.439453125
9796.611328125
9793.771484375
9790.90234375
9788.0
9785.072265625
9782.1494140625
9779.2705078125
9776.423828125
9773.5849609375
9770.7021484375
9767.8203125
9764.9306640625
9762.056640625
9759.208984375
9756.3623046875
9753.5
9750.6171875
9747.7373046875
9744.87109375
9742.0087890625
9739.1455078125
9736.275390625
9733.404296875
9730.53515625
9727.673828125
9724.8203125
9721.97265625
9719.126953125
9716.275390625
9713.431640625
9710.6025390625
9707.7744140625
9704.9560546875
9702.1416015625
9699.337890625
9696.529296875
9693.7294921875
9690.943359375
9688.1552734375
9685.3720703125
9682.5966796875
9679.8203125
9677.0546875
9674.294921875
9671.5361328125
9668.7763671875
9666.025390625
9663.2822265625
9660.5439453125
9657.8095703125
9655.068359375
9652.345703125
9649.619140625
9646.9013671875
9644.177734375
9641.46484375
9638.759765625
9636.060546875
9633.349609375
9630.654296875
9627.9560546875
9625.2724609375
9622.5888671875
9619.9140625
9617.2412109375
9614.58203125
9611.9296875
9609.31640625
9606.7294921875
9604.197265625
9601.7275390625
9599.357421875
9597.076171875
9594.9326171875
9592.873046875
9591.03125
9589.2802734375
9587.732421875
9585.4462890625
9582.203125
9577.65234375
9573.3759765625
9570.541015625
9569.1044921875
9567.783203125
9565.412109375
9562.2119140625
9559.1767578125
9556.8291015625
9554.6435546875
9551.9091796875
9548.9072265625
9546.3623046875
9545.0595703125
9544.275390625
9543.3359375
9540.666015625
9536.955078125
9532.439453125
9528.53515625
9525.453125
9522.9892578125
9520.56640625
9517.96875
9515.109375
9512.1201171875
9509.1171875
9506.404296875
9503.880859375
9501.4873046875
9498.865234375
9496.0771484375
9493.2158203125
9490.576171875
9488.1201171875
9485.7294921875
9483.244140625
9480.7109375
9478.2265625
9475.857421875
9473.537109375
9471.1591796875
9468.6875
9466.234375
9463.916015625
9461.8251953125
9459.775390625
9457.6201171875
9455.10546875
9452.353515625
9449.4541015625
9447.953125
9455.3125
9452.47265625
9448.068359375
9443.166015625
9438.2294921875
9434.1142578125
9430.97265625
9428.7705078125
9426.962890625
9425.55859375
9424.0439453125
9422.5947265625
9420.7919921875
9418.9130859375
9417.115234375
9415.43359375
9414.0078125
9412.244140625
9409.892578125
9406.3671875
9401.94140625
9397.16796875
9393.107421875
9390.541015625
9389.470703125
9389.4951171875
9389.603515625
9389.33984375
9388.369140625
9386.791015625
9384.888671875
9381.9306640625
9378.5712890625
9375.9208984375
9375.07421875
9375.9609375
9376.357421875
9375.361328125
9372.2998046875
9368.576171875
9364.443359375
9360.193359375
9355.6083984375
9351.00390625
9346.4375
9342.2646484375
9338.517578125
9335.1171875
9332.1416015625
9329.5703125
9327.1875
9324.140625
9320.4208984375
9316.865234375
9314.3515625
9312.4609375
9309.7890625
9306.0576171875
9302.2255859375
9299.2919921875
9296.9208984375
9294.2421875
9291.34765625
9288.69921875
9286.2412109375
9283.3623046875
9280.103515625
9277.162109375
9274.85546875
9272.685546875
9270.1904296875
9267.525390625
9265.005859375
9262.7001953125
9260.3779296875
9258.2421875
9256.189453125
9254.4296875
9252.453125
9250.666015625
9248.7978515625
9247.3330078125
9245.6572265625
9244.0224609375
9242.064453125
9240.0556640625
9237.697265625
9235.0888671875
9232.236328125
9229.505859375
9227.0234375
9224.865234375
9222.94140625
9221.0458984375
9219.1484375
9217.0654296875
9214.974609375
9212.7578125
9210.6533203125
9208.373046875
9206.06640625
9203.345703125
9200.6171875
9197.669921875
9195.279296875
9192.875
9191.12890625
9189.138671875
9187.5048828125
9185.50390625
9183.6767578125
9181.318359375
9178.98828125
9176.013671875
9173.1484375
9170.09375
9167.388671875
9164.91796875
9162.7900390625
9160.9892578125
9159.580078125
9158.654296875
9158.3330078125
9158.40234375
9158.9697265625
9166.28515625
9160.6884765625
9156.068359375
9151.33984375
9147.517578125
9144.8603515625
9142.9501953125
9141.2353515625
9138.830078125
9135.734375
9132.3203125
9129.736328125
9127.8828125
9126.7724609375
9125.0244140625
9122.609375
9119.1279296875
9115.71484375
9112.798828125
9110.974609375
9109.734375
9108.46875
9106.306640625
9102.994140625
9098.77734375
9094.44140625
9090.5634765625
9087.34375
9084.6025390625
9082.064453125
9079.650390625
9077.38671875
9075.4033203125
9073.6865234375
9072.0146484375
9070.154296875
9067.8720703125
9065.2490234375
9062.4140625
9059.8193359375
9057.43359375
9055.4814453125
9053.5380859375
9051.669921875
9049.5830078125
9047.501953125
9045.4345703125
9043.703125
9042.173828125
9040.9375
9039.5458984375
9038.1171875
9036.1767578125
9034.154296875
9031.533203125
9029.2783203125
9026.958984375
9025.455078125
9024.0859375
9022.974609375
9021.8076171875
9020.294921875
9018.55859375
9016.083984375
9013.384765625
9010.1376953125
9007.34765625
9004.60546875
9002.6513671875
9000.5810546875
8998.7490234375
8996.4970703125
8994.48046875
8992.4140625
8990.658203125
8988.6494140625
8986.4921875
8983.982421875
8981.654296875
8979.6123046875
8977.8056640625
8975.837890625
8973.248046875
8970.138671875
8966.783203125
8963.7919921875
8961.359375
8959.2783203125
8957.11328125
8954.623046875
8951.80859375
8949.1630859375
8946.76953125
8944.9306640625
8943.154296875
8941.515625
8939.57421875
8937.6201171875
8938.833984375
8942.8408203125
8938.962890625
8933.9814453125
8929.0693359375
8925.3779296875
8922.1767578125
8919.419921875
8916.779296875
8914.39453125
8912.298828125
8910.443359375
8908.7275390625
8907.005859375
8905.279296875
8903.642578125
8902.1923828125
8901.1572265625
8900.478515625
8900.2783203125
8900.2314453125
8900.390625
8900.205078125
8899.4453125
8897.4677734375
8894.05078125
8889.484375
8884.6865234375
8880.5498046875
8877.78125
8875.98828125
8874.8125
8873.3837890625
8871.8955078125
8869.998046875
8868.548828125
8867.0322265625
8865.8310546875
8864.103515625
8861.9384765625
8859.1708984375
8856.09765625
8853.3349609375
8850.8662109375
8849.15234375
8847.513671875
8846.1279296875
8844.63671875
8843.3720703125
8842.341796875
8841.580078125
8840.892578125
8839.861328125
8838.3115234375
8835.794921875
8832.623046875
8828.853515625
8825.357421875
8822.609375
8820.8623046875
8819.4853515625
8817.8125
8815.01171875
8811.369140625
8807.5546875
8804.3388671875
8802.166015625
8800.208984375
8798.2783203125
8795.607421875
8792.70703125
8789.765625
8787.150390625
8784.6220703125
8781.8056640625
8778.50390625
8774.80859375
8771.3251953125
8768.412109375
8766.357421875
8764.78125
8763.32421875
8761.53515625
8759.4375
8757.18359375
8755.033203125
8753.0908203125
8751.359375
8749.8134765625
8748.423828125
8747.232421875
8746.20703125
8745.296875
8744.41796875
8743.498046875
8742.6005859375
8741.7001953125
8741.021484375
8740.4267578125
8739.8837890625
8739.0693359375
8737.6982421875
8735.86328125
8733.46484375
8731.255859375
8729.3515625
8728.4208984375
8728.49609375
8729.5458984375
8730.97265625
8731.8984375
8732.099609375
8730.83203125
8728.5595703125
8724.28515625
8718.556640625
8712.7587890625
8707.8525390625
8704.5859375
8703.611328125
8713.015625
8710.0400390625
8707.1689453125
8704.25
8701.275390625
8698.138671875
8695.5859375
8693.138671875
8690.61328125
8687.4189453125
8684.1162109375
8680.6240234375
8677.103515625
8673.4794921875
8670.44140625
8668.1630859375
8666.296875
8664.03515625
8661.263671875
8658.5654296875
8656.505859375
8654.9365234375
8653.634765625
8652.099609375
8650.50390625
8648.5908203125
8646.5859375
8644.392578125
8642.1259765625
8639.7314453125
8637.22265625
8634.71484375
8632.2822265625
8629.8974609375
8627.556640625
8625.1376953125
8622.7529296875
8620.466796875
8618.4072265625
8616.5029296875
8614.70703125
8612.8681640625
8610.8837890625
8608.767578125
8606.484375
8604.275390625
8602.037109375
8600.0322265625
8598.0068359375
8596.05078125
8593.9208984375
8591.458984375
8588.9111328125
8586.46875
8584.57421875
8583.03515625
8581.73828125
8580.27734375
8578.66796875
8577.0322265625
8575.833984375
8575.1015625
8574.8994140625
8574.6650390625
8574.30859375
8573.470703125
8572.3779296875
8571.0078125
8569.5
8567.8994140625
8566.185546875
8564.400390625
8562.2822265625
8559.7353515625
8556.3232421875
8552.36328125
8548.0673828125
8544.08984375
8540.7294921875
8538.0908203125
8536.021484375
8534.181640625
8532.3515625
8530.314453125
8528.345703125
8526.41015625
8524.8779296875
8523.3857421875
8521.9609375
8519.9990234375
8517.6083984375
8514.736328125
8511.79296875
8509.10546875
8506.787109375
8504.8603515625
8503.0830078125
8501.4521484375
8499.755859375
8498.107421875
8496.349609375
8494.607421875
8492.78515625
8491.115234375
8489.5390625
8488.36328125
8487.19921875
8486.1875
8484.447265625
8482.39453125
8479.7392578125
8477.4111328125
8475.587890625
8474.3369140625
8473.314453125
8471.99609375
8470.271484375
8468.34375
8466.5302734375
8465.2958984375
8464.1201171875
8462.806640625
8460.431640625
8457.0859375
8453.0634765625
8449.3193359375
8446.37890625
8444.3349609375
8442.673828125
8440.958984375
8438.79296875
8436.3232421875
8433.7099609375
8431.3955078125
8429.345703125
8427.384765625
8425.2177734375
8422.7021484375
8420.1884765625
8418.029296875
8416.673828125
8416.0234375
8415.9794921875
8416.11328125
8416.337890625
8416.1123046875
8415.388671875
8413.603515625
