9937.98046875
9925.6884765625
9913.904296875
9902.59765625
9891.732421875
9881.29296875
9871.2587890625
9861.60546875
9852.310546875
9843.357421875
9834.7255859375
9826.4013671875
9818.37109375
9810.6142578125
9803.1171875
9795.869140625
9788.8583984375
9782.0625
9775.4814453125
9769.1015625
9762.916015625
9756.927734375
9751.123046875
9745.49609375
9740.05078125
9734.771484375
9729.6591796875
9724.7060546875
9719.9111328125
9715.2578125
9710.7470703125
9706.3720703125
9702.1279296875
9698.0078125
9694.0078125
9690.12109375
9686.353515625
9682.6875
9679.134765625
9675.681640625
9672.3203125
9669.056640625
9665.880859375
9662.798828125
9659.80078125
9656.884765625
9654.044921875
9651.287109375
9648.59765625
9645.984375
9643.4365234375
9640.953125
9638.53515625
9636.18359375
9633.884765625
9631.6474609375
9629.46484375
9627.3359375
9625.2578125
9623.228515625
9621.248046875
9619.3154296875
9617.427734375
9615.583984375
9613.7802734375
9612.0166015625
9610.2958984375
9608.6142578125
9606.96875
9605.361328125
9603.787109375
9602.25
9600.744140625
9599.26953125
9597.828125
9596.4169921875
9595.033203125
9593.6796875
9592.35546875
9591.056640625
9589.787109375
9588.541015625
9587.3203125
9586.126953125
9584.9560546875
9583.80859375
9582.685546875
9581.5869140625
9580.5087890625
9579.4521484375
9578.4169921875
9577.400390625
9576.404296875
9575.42578125
9574.46875
9573.5283203125
9572.609375
9571.705078125
9570.822265625
9569.958984375
9569.109375
9568.2734375
9567.45703125
9566.6572265625
9565.869140625
9565.095703125
9564.33984375
9563.59765625
9562.865234375
9562.15234375
9561.453125
9560.765625
9560.091796875
9559.4287109375
9558.7802734375
9558.14453125
9557.51953125
9556.91015625
9556.3056640625
9555.7177734375
9555.13671875
9554.5703125
9554.01171875
9553.46484375
9552.9296875
9552.4033203125
9551.88671875
9551.3798828125
9550.880859375
9550.390625
9549.912109375
9549.4423828125
9548.98046875
9548.525390625
9548.0830078125
9547.646484375
9547.216796875
9546.7939453125
9546.3779296875
9545.9736328125
9545.572265625
9545.18359375
9544.798828125
9544.421875
9544.05078125
9543.6865234375
9543.326171875
9542.974609375
9542.630859375
9542.291015625
9541.958984375
9541.630859375
9541.30859375
9540.9921875
9540.6806640625
9540.376953125
9540.076171875
9539.783203125
9539.494140625
9539.208984375
9538.927734375
9538.654296875
9538.384765625
9538.1181640625
9537.8583984375
9537.6015625
9537.34765625
9537.1015625
9536.857421875
9536.6181640625
9536.3818359375
9536.1484375
9535.921875
9535.69921875
9535.478515625
9535.2626953125
9535.048828125
9534.837890625
9534.630859375
9534.427734375
9534.228515625
9534.0322265625
9533.83984375
9533.6484375
9533.4609375
9533.2763671875
9533.09765625
9532.916015625
9532.7392578125
9532.5703125
9532.400390625
9532.234375
9532.0693359375
9531.90625
9531.74609375
9531.58984375
9531.43359375
9531.28125
9531.130859375
9530.984375
2528613.25
180209.25
65881.375
60936.93359375
60195.12890625
107782.4375
57566.16796875
58817.2109375
56462.4921875
56223.12109375
55466.7109375
54466.6875
53241.484375
51777.265625
50415.171875
49159.17578125
47745.828125
46317.10546875
45118.53125
44228.6171875
43447.27734375
42627.01171875
41779.28125
40934.67578125
40093.1796875
39215.8359375
38259.6015625
37218.00390625
36130.375
35039.45703125
33942.3515625
32833.24609375
31746.74609375
30713.20703125
29772.603515625
29044.099609375
27975.33203125
27139.341796875
26430.32421875
25788.1796875
25163.328125
24534.74609375
23907.810546875
23301.62109375
22734.341796875
22215.888671875
21748.03515625
21325.802734375
20929.1953125
20540.68359375
20154.81640625
19794.005859375
19451.642578125
19129.83984375
18826.23046875
18534.681640625
18249.869140625
17967.50390625
17694.9453125
17435.84765625
17192.33203125
16960.853515625
16736.826171875
16521.189453125
16312.595703125
16109.9638671875
15918.9677734375
15733.3935546875
15559.021484375
15388.138671875
15223.31640625
15061.26171875
14902.9208984375
14751.35546875
14602.833984375
14459.642578125
14319.099609375
14182.82421875
14049.3203125
13920.611328125
13795.978515625
13675.296875
13557.2890625
13442.998046875
13332.5
13226.7412109375
13124.4765625
13024.9169921875
12927.240234375
12831.4716796875
12738.3349609375
12647.3349609375
12558.4482421875
12470.8857421875
12384.8515625
12300.806640625
12218.5947265625
12138.3896484375
12060.7265625
11984.9296875
11911.0498046875
11839.296875
11768.9814453125
11700.197265625
11634.16015625
11570.001953125
11506.9306640625
11447.33984375
11388.603515625
11329.07421875
11273.8701171875
11218.171875
11163.5263671875
11104.130859375
11061.4921875
11015.892578125
10981.1689453125
10928.482421875
10870.5830078125
10818.5205078125
10770.4453125
10719.8056640625
10668.4697265625
10617.6181640625
10578.765625
10531.5673828125
10490.1923828125
10444.5087890625
10404.439453125
10357.2216796875
10317.798828125
10274.2578125
10234.71875
10195.564453125
10151.40234375
10114.279296875
10073.201171875
10037.0634765625
9995.1953125
9959.39453125
9917.962890625
9882.5322265625
9844.4375
9807.74609375
9771.1796875
9735.458984375
9700.0166015625
9664.0869140625
9630.8212890625
9595.96875
9563.21875
9528.66015625
9497.537109375
9464.740234375
9433.515625
9400.01953125
9370.5615234375
9338.58984375
9308.8251953125
9275.37109375
9248.25390625
9216.41796875
9188.6845703125
9153.890625
9127.9609375
9094.013671875
9067.6904296875
9034.884765625
9007.328125
8974.7265625
8947.072265625
8916.873046875
8888.91796875
8858.865234375
8831.1083984375
8802.119140625
8774.38671875
8745.875
8718.775390625
8691.2900390625
8665.396484375
8637.775390625
8611.626953125
8585.75
8560.740234375
8536.3251953125
8512.33984375
8489.7421875
8464.619140625
8442.87109375
8426.357421875
8399.5927734375
8386.46875
8375.44921875
8366.5390625
8336.904296875
8317.3984375
8294.03125
8269.7119140625
8247.896484375
8219.423828125
8193.12109375
8176.138671875
8150.65576171875
8133.8515625
8104.79541015625
8090.8154296875
8074.84716796875
8059.23681640625
8039.0654296875
8019.52978515625
7996.8779296875
7973.580078125
7951.361328125
7936.314453125
7916.46630859375
7898.9111328125
7880.34912109375
7863.70751953125
7842.4638671875
7826.51708984375
7809.2880859375
7792.337890625
7773.81005859375
7757.0634765625
7740.861328125
7724.1416015625
7709.8759765625
7690.9853515625
7674.5927734375
7658.97607421875
7644.4345703125
7632.3056640625
7612.9423828125
7607.36083984375
7612.353515625
7601.572265625
7585.91796875
7566.076171875
7549.0126953125
7526.2001953125
7507.2568359375
7494.70751953125
7478.9248046875
7462.30322265625
7446.17041015625
7430.25244140625
7420.6728515625
7402.2705078125
7386.2998046875
7374.61328125
7361.88330078125
7344.677734375
7330.90966796875
7318.1650390625
7304.642578125
7291.826171875
7276.85546875
7264.171875
7252.1064453125
7237.9990234375
7224.890625
7212.32568359375
7199.9677734375
7187.51611328125
7174.6767578125
7162.4970703125
7149.91845703125
7137.08837890625
7124.3544921875
7112.5107421875
7100.982421875
7087.7529296875
7074.3623046875
7061.8876953125
7050.4833984375
7038.9677734375
7026.166015625
7013.7919921875
7002.76220703125
6991.66748046875
6980.1357421875
6968.619140625
6957.833984375
6947.4326171875
6936.4951171875
6925.50732421875
6915.05859375
6904.79052734375
6894.28564453125
6883.80908203125
6873.6552734375
6863.794921875
6853.8857421875
6843.9892578125
6834.2783203125
6824.74853515625
6815.30322265625
6805.8583984375
6796.537109375
6787.34765625
6778.19140625
6769.06689453125
6760.00390625
6750.9921875
6741.98046875
6733.0615234375
6724.3037109375
6715.59765625
6706.69287109375
6697.6904296875
6688.92138671875
6680.4951171875
6672.1259765625
6663.4267578125
6654.5498046875
6645.92578125
6637.794921875
6629.98291015625
6622.3037109375
6615.1845703125
6609.30224609375
6603.9560546875
6595.4853515625
6582.76318359375
6571.75048828125
6565.78125
6559.78857421875
6549.822265625
6539.8916015625
6533.0048828125
6525.99609375
6517.02587890625
6508.3447265625
6501.14990234375
6493.517578125
6484.8232421875
6476.9052734375
6469.6669921875
6461.7001953125
6453.5234375
6445.88037109375
6438.3564453125
6430.58935546875
6422.86767578125
6415.51611328125
6408.10400390625
6400.443359375
6392.8984375
6385.33056640625
6377.33251953125
6369.47021484375
6362.2373046875
6355.0458984375
6347.51708984375
6340.13916015625
6333.22119140625
6326.3935546875
6319.0537109375
6311.236328125
6303.8505859375
6296.5771484375
6289.0244140625
6281.91015625
6275.0888671875
6268.0146484375
6261.28369140625
6254.7470703125
6247.705078125
6240.541015625
6233.40625
6226.63671875
6220.2353515625
6213.44189453125
6206.41357421875
6199.75
6193.1982421875
6186.501953125
6179.8388671875
6173.35302734375
6167.04833984375
6160.623046875
6154.103515625
6147.78662109375
6141.5244140625
6135.2353515625
6129.0283203125
6122.90625
6116.8154296875
6110.7255859375
6104.7412109375
6098.955078125
6093.47265625
6088.025390625
6082.70458984375
6076.55517578125
6069.9267578125
6063.16455078125
6057.12841796875
6051.76123046875
6046.32421875
6040.35498046875
6033.95263671875
6027.796875
6022.1708984375
6016.86328125
6011.404296875
6005.6220703125
5999.81591796875
5994.32568359375
5989.193359375
5984.0537109375
5978.5908203125
5972.74755859375
5966.888671875
5961.3310546875
5956.19677734375
5951.1669921875
5946.083984375
5940.6455078125
5935.087890625
5929.455078125
5923.91650390625
5918.37890625
5912.8212890625
5907.3251953125
5902.015625
5896.8701171875
5891.74462890625
5886.5576171875
5881.35498046875
5876.228515625
5871.10791015625
5865.9140625
5860.4462890625
5854.87890625
5849.384765625
5844.4853515625
5839.4921875
5834.40771484375
5828.3046875
5822.193359375
5816.6669921875
5811.7138671875
5807.05078125
5801.51953125
5795.44384765625
5789.50390625
5784.26953125
5779.5107421875
5774.3056640625
5768.73046875
5763.17724609375
5758.42626953125
5754.15625
5749.169921875
5743.4208984375
5737.88916015625
5733.39111328125
5728.896484375
5723.02001953125
5716.5400390625
5711.0712890625
5706.658203125
5702.09228515625
5696.94482421875
5691.76904296875
5686.8291015625
5682.205078125
5677.81103515625
5673.7353515625
5669.421875
5665.142578125
5660.4013671875
5655.3828125
5650.1298828125
5645.2529296875
5640.869140625
5636.763671875
5632.8994140625
5629.2578125
5625.4736328125
5621.0556640625
5616.0224609375
5610.6083984375
5605.4638671875
5600.9375
5597.1396484375
5593.7802734375
5590.34130859375
5586.56396484375
5582.294921875
5578.24853515625
5574.44140625
5570.978515625
5567.1298828125
5562.34375
5556.86865234375
5551.68359375
5547.6044921875
5544.5986328125
5542.0146484375
5539.15966796875
5535.66259765625
5531.88330078125
5527.87353515625
5523.71337890625
5519.0205078125
5514.03125
5509.39453125
5505.3310546875
5501.82763671875
5498.39501953125
5494.77685546875
5490.76611328125
5486.67626953125
5482.865234375
5479.48876953125
5476.533203125
5473.84326171875
5471.37744140625
5468.7919921875
5465.66259765625
5461.056640625
5455.625
5450.453125
5446.751953125
5443.93994140625
5440.962890625
5437.22265625
5433.423828125
5430.134765625
5427.3388671875
5424.18505859375
5420.8662109375
5417.3798828125
5414.216796875
5410.6220703125
5406.638671875
5402.39208984375
5398.4306640625
5394.912109375
5391.603515625
5388.6904296875
5385.91015625
5383.4912109375
5380.634765625
5377.64306640625
5374.04736328125
5370.36083984375
5366.21923828125
5362.0791015625
5358.0107421875
5354.3310546875
5350.9755859375
5347.7509765625
5344.525390625
5341.3330078125
5338.3359375
5335.435546875
5332.60498046875
5329.5888671875
5326.34716796875
5322.9140625
5319.517578125
5316.4775390625
5313.78662109375
5311.4013671875
5309.01220703125
5306.357421875
5303.505859375
5299.798828125
5295.78271484375
5291.580078125
5288.06982421875
5285.3857421875
5283.078125
5280.513671875
5277.33984375
5273.8740234375
5270.68359375
5267.9521484375
5265.2734375
5262.3896484375
5259.10107421875
5256.0439453125
5253.2333984375
5250.8876953125
5248.53564453125
5246.123046875
5243.5966796875
5241.0859375
5238.6376953125
5236.14111328125
5233.349609375
5230.1513671875
5226.740234375
5223.576171875
5220.83154296875
5218.5888671875
5216.5712890625
5214.7353515625
5212.6845703125
5210.6220703125
5208.12158203125
5205.8037109375
5203.14697265625
5200.70703125
5198.337890625
5196.62744140625
5195.67578125
5194.6572265625
5192.28759765625
5187.68310546875
5183.306640625
5179.8984375
5178.02099609375
5175.08056640625
5170.7099609375
5166.0625
5163.28076171875
5162.5908203125
5161.63720703125
5159.1123046875
5155.515625
5153.0185546875
5151.443359375
5150.04052734375
5147.3125
5143.7509765625
5140.3388671875
5137.41845703125
5134.6806640625
5131.71484375
5129.1123046875
5127.1630859375
5126.0087890625
5124.39794921875
5121.953125
5118.35693359375
5114.80712890625
5111.2744140625
5108.2822265625
5105.0029296875
5102.1298828125
5099.4443359375
5097.3203125
5095.1865234375
5093.0498046875
5090.8564453125
5088.74658203125
5086.74560546875
5084.5458984375
5082.2177734375
5079.6484375
5077.24072265625
5074.640625
5072.1689453125
5069.369140625
5067.03662109375
5064.9326171875
5063.404296875
5061.8623046875
5060.0556640625
5057.9287109375
5055.45068359375
5052.921875
5050.42822265625
5047.974609375
5045.89453125
5044.00390625
5042.138671875
5039.75439453125
5036.7998046875
5033.9990234375
5032.19189453125
5031.369140625
5030.59765625
5029.041015625
5026.46875
5023.32421875
5020.2685546875
5017.73583984375
5015.8125
5014.56494140625
5013.6484375
5012.82861328125
5011.3505859375
5009.10546875
5006.59765625
5004.7451171875
5004.005859375
5003.2861328125
5001.55029296875
4998.4345703125
4995.693359375
4994.05078125
4993.861328125
4993.03955078125
4991.36328125
4989.1767578125
4988.41259765625
4989.9501953125
4991.8720703125
4991.724609375
4985.421875
4978.0751953125
4974.498046875
4976.587890625
4977.39599609375
4974.56982421875
4969.49462890625
4965.68994140625
4963.43359375
4961.42041015625
4958.7568359375
4955.84765625
4953.1337890625
4949.87744140625
4946.16357421875
4942.8994140625
4941.35693359375
4940.84619140625
4939.7919921875
4938.0947265625
4936.21337890625
4935.6015625
4935.02783203125
4934.2255859375
4932.4619140625
4929.97314453125
4927.65234375
4925.01171875
4922.7333984375
4921.1669921875
4920.560546875
4920.9326171875
4920.35986328125
4917.96240234375
4913.58203125
4908.6806640625
4905.92041015625
4904.84521484375
4904.5556640625
4903.03857421875
4900.5458984375
4897.658203125
4895.7353515625
4893.587890625
4891.99462890625
4889.6064453125
4887.60546875
4885.3212890625
4882.802734375
4880.2177734375
4878.2490234375
4877.0693359375
4876.416015625
4875.3955078125
4874.306640625
4872.7939453125
4871.263671875
4869.67919921875
4868.60888671875
4868.4716796875
4868.4765625
4868.7548828125
4867.828125
4866.48388671875
4864.65673828125
4862.57568359375
4859.9462890625
4857.02880859375
4854.0771484375
4851.5400390625
4849.80029296875
4848.5927734375
4848.103515625
4847.89599609375
4848.12255859375
4847.2705078125
4845.658203125
4842.57763671875
4838.76220703125
4834.767578125
4831.6064453125
4829.615234375
4828.9814453125
4828.65234375
4828.71533203125
4827.263671875
4825.4052734375
4822.3466796875
4819.41845703125
4816.61572265625
4814.30859375
4812.0693359375
4809.84765625
4807.7275390625
4806.0478515625
4804.46337890625
4803.6455078125
4801.2978515625
4799.27685546875
4797.302734375
4795.7431640625
4794.6455078125
4793.9921875
4793.7138671875
4793.091796875
4792.576171875
4791.11669921875
4789.791015625
4788.4521484375
4787.48095703125
4787.29345703125
4788.703125
4791.54248046875
4795.15478515625
4797.0947265625
4796.81884765625
4792.400390625
4785.81201171875
4778.44970703125
4773.3701171875
4770.7431640625
4769.97607421875
4769.6943359375
4767.634765625
4764.9599609375
4762.05859375
4760.3603515625
4759.5205078125
4758.708984375
4757.1787109375
4754.98828125
4752.65625
4750.87890625
4749.14599609375
4747.791015625
4745.708984375
4744.333984375
4743.0693359375
4742.6572265625
4741.6953125
4740.435546875
4738.384765625
4736.9169921875
4735.9462890625
4736.564453125
4737.16064453125
4738.080078125
4737.611328125
4736.61328125
4734.4755859375
4732.29345703125
4729.4697265625
4727.03662109375
4725.34521484375
4725.22265625
4725.4384765625
4725.8359375
4723.3857421875
4719.9921875
4716.2216796875
4712.94287109375
4710.39599609375
4708.6142578125
4707.2177734375
4706.35400390625
4705.248046875
4703.896484375
4701.943359375
4698.8359375
4695.17041015625
4692.0869140625
4689.46923828125
4687.98828125
4686.9189453125
4686.2021484375
4685.00048828125
4683.29296875
4680.67578125
4678.2197265625
4675.52685546875
4674.0302734375
4673.12890625
4673.0556640625
4672.6171875
4672.15625
4671.1201171875
4670.32421875
4669.15478515625
4668.0654296875
4665.84326171875
4663.3896484375
4660.3515625
4658.0810546875
4656.25341796875
4655.197265625
4654.2705078125
4653.3466796875
4652.404296875
4651.47607421875
4650.45068359375
4649.30859375
4647.4404296875
4645.6064453125
4643.68994140625
4643.0859375
4643.279296875
4644.6591796875
4646.080078125
4647.7177734375
4648.4541015625
4648.751953125
4646.517578125
4643.26171875
4639.67236328125
4638.1015625
4637.7685546875
4637.58642578125
4635.419921875
4632.4326171875
4629.1103515625
4628.3818359375
4628.15869140625
4628.8681640625
4627.81201171875
4626.79541015625
4625.296875
4624.6533203125
4623.73193359375
4622.58203125
4620.93359375
4619.8291015625
4619.48974609375
4620.16015625
4620.80078125
4620.4111328125
4618.0517578125
4613.7568359375
4609.3134765625
4606.734375
4606.3408203125
4607.2373046875
4607.4951171875
4606.41015625
4604.07275390625
4601.78076171875
4600.23779296875
4599.447265625
4598.8134765625
4597.8759765625
4596.70166015625
4595.666015625
4594.7548828125
4594.1240234375
4592.6982421875
4590.75439453125
4587.794921875
4584.89990234375
4582.16796875
4580.3544921875
4579.1201171875
4578.6103515625
4578.171875
4577.74609375
4576.93310546875
4576.0791015625
4575.0908203125
4574.7392578125
4574.85546875
4575.970703125
4577.615234375
4579.7255859375
4581.623046875
4582.82421875
4582.6728515625
4581.1796875
4578.7373046875
4576.3388671875
4574.0927734375
4572.24462890625
4569.59619140625
4566.921875
4564.43798828125
4563.77392578125
4564.357421875
4566.1162109375
4568.0244140625
4570.07763671875
4571.970703125
4572.28564453125
4571.9052734375
4568.83203125
4565.63671875
4561.3818359375
4557.5556640625
4554.30908203125
4552.2451171875
4535.42578125
4539.1298828125
4542.37548828125
4530.19140625
4538.07958984375
4533.03515625
4528.701171875
4533.58984375
4526.7626953125
4527.4560546875
4527.9384765625
4523.2470703125
4525.0185546875
4522.9794921875
4520.81494140625
4521.599609375
4519.1103515625
4518.3466796875
4517.9921875
4515.998046875
4515.59033203125
4514.61328125
4513.162109375
4512.63427734375
4511.4638671875
4510.3193359375
4509.625
4508.46435546875
4507.4873046875
4506.70263671875
4505.61279296875
4504.74658203125
4503.93701171875
4502.935546875
4502.15185546875
4501.330078125
4500.435546875
4499.7255859375
4498.91015625
4498.11962890625
4497.4345703125
4496.65283203125
4495.94677734375
4495.267578125
4494.5361328125
4493.8837890625
4493.19921875
4492.50830078125
4491.8623046875
4491.17626953125
4490.50927734375
4489.8505859375
4489.1650390625
4488.4970703125
4487.82275390625
4487.1435546875
4486.4794921875
4485.7998046875
4485.12109375
4484.44873046875
4483.763671875
4483.083984375
4482.4013671875
4481.71484375
4481.0263671875
4480.3388671875
4479.64599609375
4478.955078125
4478.2568359375
4477.5517578125
4476.8525390625
4476.154296875
4475.443359375
4474.7353515625
4474.033203125
4473.3330078125
4472.6298828125
4471.9375
4471.24365234375
4470.5537109375
4469.8720703125
4469.19091796875
4468.5146484375
4467.8427734375
4467.1796875
4466.5205078125
4465.869140625
4465.2177734375
4464.56640625
4463.92626953125
4463.291015625
4462.65478515625
4462.02392578125
4461.39453125
4460.7646484375
4460.1396484375
4459.51953125
4458.90234375
4458.287109375
4457.67236328125
4457.05517578125
4456.4443359375
4455.837890625
4455.23193359375
4454.62255859375
4454.0205078125
4453.42138671875
4452.81884765625
4452.22216796875
4451.62939453125
4451.0302734375
4450.4384765625
4449.84765625
4449.2548828125
4448.662109375
4448.0712890625
4447.48779296875
4446.8935546875
4446.310546875
4445.72607421875
4445.14892578125
4444.56982421875
4443.9873046875
4443.40625
4442.8212890625
4442.2431640625
4441.6650390625
4441.09033203125
4440.51171875
4439.93359375
4439.3583984375
4438.79150390625
4438.21875
4437.64208984375
4437.07421875
4436.50146484375
4435.92919921875
4435.359375
4434.7880859375
4434.21875
4433.6416015625
4433.072265625
4432.5078125
4431.9365234375
4431.3740234375
4430.8095703125
4430.23828125
4429.6787109375
4429.1103515625
4428.54638671875
4427.97998046875
4427.41259765625
4426.849609375
4426.28564453125
4425.720703125
4425.1591796875
4424.59716796875
4424.0380859375
4423.4765625
4422.9150390625
4422.3515625
4421.791015625
4421.2314453125
4420.673828125
4420.11376953125
4419.55419921875
4418.9951171875
4418.43994140625
4417.880859375
4417.326171875
4416.765625
4416.21044921875
4415.6533203125
4415.095703125
4414.54052734375
4413.9892578125
4413.43408203125
4412.8818359375
4412.3193359375
4411.7666015625
4411.21337890625
4410.65576171875
4410.1005859375
4409.55078125
4408.990234375
4408.43701171875
4407.8876953125
4407.33935546875
4406.78271484375
4406.23046875
4405.67578125
4405.12841796875
4404.5810546875
4404.033203125
4403.482421875
4402.9345703125
4402.38671875
4401.83740234375
4401.28515625
4400.73388671875
4400.18359375
4399.6357421875
4399.0888671875
4398.5400390625
4397.99169921875
4397.44921875
4396.90478515625
4396.35791015625
4395.814453125
4395.27294921875
4394.7314453125
4394.19140625
4393.65234375
4393.1171875
4392.5732421875
4392.0322265625
4391.49560546875
4390.9560546875
4390.41748046875
4389.87939453125
4389.34423828125
4388.8115234375
4388.279296875
4387.7451171875
4387.212890625
4386.6787109375
4386.1455078125
4385.615234375
4385.08544921875
4384.55322265625
4384.0244140625
4383.49658203125
4382.9677734375
4382.4384765625
4381.91015625
4381.38427734375
4380.85888671875
4380.333984375
4379.810546875
4379.2861328125
4378.75537109375
4378.2294921875
4377.70703125
4377.1787109375
4376.6611328125
4376.13818359375
4375.6181640625
4375.0927734375
4374.5732421875
4374.0498046875
4373.52685546875
4373.0068359375
4372.4833984375
4371.96484375
4371.451171875
4370.931640625
4370.41650390625
4369.89501953125
4369.38330078125
4368.87255859375
4368.365234375
4367.86181640625
4367.36572265625
4366.8857421875
4366.41064453125
4365.9501953125
4365.4833984375
4365.0009765625
4364.4609375
4363.8671875
4363.25244140625
4362.671875
4362.15234375
4361.677734375
4361.2001953125
4360.7060546875
4360.1689453125
4359.611328125
4359.06591796875
4358.5478515625
4358.0517578125
4357.5625
4357.0537109375
4356.52587890625
4356.0009765625
4355.4794921875
4354.9716796875
4354.4658203125
4353.95703125
4353.44287109375
4352.931640625
4352.4208984375
4351.908203125
4351.3994140625
4350.89501953125
4350.3857421875
4349.8759765625
4349.36767578125
4348.8603515625
4348.353515625
4347.8447265625
4347.33642578125
4346.83154296875
4346.3251953125
4345.81884765625
4345.3125
4344.8056640625
4344.3017578125
4343.79248046875
4343.2890625
4342.78369140625
4342.28173828125
4341.775390625
4341.27685546875
4340.7734375
4340.26904296875
4339.76171875
4339.2587890625
4338.755859375
4338.25537109375
4337.7509765625
4337.25
4336.744140625
4336.24169921875
4335.73828125
4335.2373046875
4334.73828125
4334.23974609375
4333.7412109375
4333.24169921875
4332.7431640625
4332.24609375
4331.7451171875
4331.25048828125
4330.7548828125
4330.2578125
4329.7607421875
4329.2607421875
4328.767578125
4328.2744140625
4327.77734375
4327.2802734375
4326.7822265625
4326.2900390625
4325.7919921875
4325.296875
4324.80078125
4324.302734375
4323.80712890625
4323.3125
4322.814453125
4322.32275390625
4321.83154296875
4321.33740234375
4320.845703125
4320.353515625
4319.8603515625
4319.3662109375
4318.8740234375
4318.3818359375
4317.89208984375
4317.3994140625
4316.91064453125
4316.4169921875
4315.93115234375
4315.4404296875
4314.9462890625
4314.45654296875
4313.966796875
4313.47509765625
4312.984375
4312.49609375
4312.009765625
4311.5224609375
4311.0322265625
4310.54541015625
4310.05517578125
4309.56396484375
4309.072265625
4308.5859375
4308.09375
4307.60400390625
4307.11376953125
4306.626953125
4306.140625
4305.65576171875
4305.171875
4304.6865234375
4304.20068359375
4303.7158203125
4303.2275390625
4302.7421875
4302.255859375
4301.7646484375
4301.2841796875
4300.80078125
4300.31591796875
4299.8369140625
4299.3642578125
4298.8955078125
4298.4453125
4298.00634765625
4297.591796875
4297.19140625
4296.814453125
4296.4384765625
4296.05419921875
4295.63330078125
4295.18603515625
4294.74072265625
4294.31982421875
4293.89306640625
4293.38916015625
4292.7509765625
4291.9912109375
4291.2353515625
4290.57177734375
4290.0673828125
4289.681640625
4289.330078125
4288.9248046875
4288.408203125
4287.81005859375
4287.1796875
4286.591796875
4286.06591796875
4285.6015625
4285.1533203125
4284.6826171875
4284.177734375
4283.63671875
4283.08740234375
4282.5498046875
4282.03076171875
4281.52880859375
4281.03759765625
4280.5341796875
4280.03076171875
4279.513671875
4278.99267578125
4278.4716796875
4277.953125
4277.43994140625
4276.93408203125
4276.42919921875
4275.9296875
4275.4267578125
4274.92041015625
4274.41845703125
4273.90771484375
4273.404296875
4272.8994140625
4272.39599609375
4271.896484375
4271.396484375
4270.8984375
4270.39794921875
4269.904296875
4269.404296875
4268.90625
4268.4072265625
4267.9072265625
4267.4072265625
4266.90625
4266.4091796875
4265.91259765625
4265.4150390625
4264.91943359375
4264.42529296875
4263.9326171875
4263.44287109375
4262.95263671875
4262.46533203125
4261.9853515625
4261.50390625
4261.03857421875
4260.6015625
4260.19921875
4259.84716796875
4259.56591796875
4259.31787109375
4258.99755859375
4258.44677734375
4257.67431640625
4256.88671875
4256.291015625
4255.9072265625
4255.5615234375
4255.14111328125
4254.638671875
4254.1328125
4253.6689453125
4253.291015625
4253.021484375
4252.8203125
4252.607421875
4252.31787109375
4251.94482421875
4251.56689453125
4251.15185546875
4250.73193359375
4250.302734375
4249.9404296875
4249.599609375
4249.1494140625
4248.494140625
4247.70947265625
4246.962890625
4246.39990234375
4245.96484375
4245.64599609375
4245.2451171875
4244.9482421875
4244.4921875
4244.25390625
4243.8779296875
4243.7880859375
4243.6328125
4243.6279296875
4243.494140625
4243.33203125
4242.98193359375
4242.57568359375
4242.0458984375
4241.63427734375
4241.3115234375
4241.3369140625
4241.43701171875
4241.7529296875
4241.6591796875
4241.568359375
4241.59619140625
4242.3994140625
4243.49462890625
4244.1572265625
4243.65625
4242.765625
4242.5322265625
4243.8974609375
4246.0361328125
4248.171875
4249.1826171875
4249.63623046875
4249.021484375
4247.9970703125
4245.99853515625
4243.92041015625
4242.1435546875
4241.2001953125
4240.716796875
4240.19189453125
4239.39453125
4238.30859375
4237.16455078125
4235.67919921875
4234.109375
4232.626953125
4231.87841796875
4231.927734375
4232.23095703125
4232.0185546875
4230.845703125
4229.21337890625
4227.7314453125
4227.07177734375
4226.87109375
4226.93115234375
4226.8291015625
4226.8330078125
4226.97021484375
4227.3955078125
4227.6767578125
4227.7529296875
4227.35205078125
4226.677734375
4225.701171875
4224.419921875
4222.908203125
4221.18359375
4219.595703125
4218.2060546875
4217.17138671875
4216.4423828125
4215.9482421875
4215.70361328125
4215.4599609375
4215.30322265625
4214.888671875
4214.525390625
4214.041015625
4213.8896484375
4213.7275390625
4213.890625
4213.814453125
4213.9072265625
4213.7646484375
4213.89453125
4213.9921875
4214.2001953125
4214.150390625
4213.78857421875
4213.08203125
4212.2490234375
4211.58154296875
4211.3134765625
4211.4150390625
4211.7109375
4211.751953125
4211.2861328125
4209.994140625
4208.1630859375
4206.17578125
4204.630859375
4203.736328125
4203.361328125
4203.19189453125
4202.8662109375
4202.3251953125
4201.5517578125
4200.83251953125
4200.181640625
4199.748046875
4199.3642578125
4199.2734375
4199.099609375
4199.259765625
4198.998046875
4198.970703125
4198.23583984375
4197.6416015625
4196.4931640625
4195.63818359375
4194.63671875
4194.02734375
4193.5166015625
4193.3203125
4193.30419921875
4193.50927734375
4193.9033203125
4194.4609375
4195.20361328125
4196.08984375
4197.1279296875
4198.09326171875
4198.923828125
4199.220703125
4198.9892578125
4197.8671875
4196.1279296875
4193.77392578125
4191.486328125
4189.6484375
4188.91796875
4189.2958984375
4190.4580078125
4191.69970703125
4192.3115234375
4192.0029296875
4190.7138671875
4189.1513671875
4187.513671875
4186.455078125
4185.67529296875
4185.22607421875
4184.7587890625
4184.1025390625
4183.3271484375
4182.41015625
4181.6611328125
4181.07373046875
4180.6962890625
4180.4052734375
4180.0625
4179.7607421875
4179.5263671875
4179.69921875
4180.29833984375
4181.39208984375
4182.4970703125
4183.19482421875
4183.08642578125
4182.29833984375
4181.2431640625
4180.23828125
4179.31005859375
4178.296875
4177.1806640625
4176.205078125
4175.4853515625
4175.24609375
4174.99755859375
4174.626953125
4173.65771484375
4172.4609375
4171.02783203125
4169.9365234375
4168.9541015625
4168.43896484375
4167.99560546875
4167.9873046875
4168.0341796875
4168.28564453125
4168.28857421875
4168.0537109375
4167.4169921875
4166.60205078125
4165.8544921875
4165.404296875
4165.3173828125
4165.5244140625
4165.76953125
4166.0498046875
4166.0498046875
4165.7919921875
4165.01611328125
4163.712890625
4162.056640625
4160.306640625
4159.0166015625
4158.31396484375
4158.236328125
4158.33642578125
4158.2607421875
4157.8173828125
4156.8388671875
4155.8203125
4154.6455078125
4153.91552734375
4153.30859375
4153.0126953125
4152.7568359375
4152.4140625
4152.10986328125
4151.419921875
4150.8330078125
4149.974609375
4149.3603515625
4148.8349609375
4148.6103515625
4148.5654296875
4148.6015625
4148.7001953125
4148.6201171875
4148.6669921875
4148.455078125
4148.60888671875
4148.5419921875
4148.888671875
4149.109375
4149.6826171875
4150.2314453125
4150.8486328125
4151.2373046875
4151.005859375
4150.31201171875
4148.94287109375
4147.7119140625
4146.7421875
4146.3994140625
4146.1474609375
4145.8154296875
4144.9248046875
4143.7451171875
4142.486328125
4141.6162109375
4141.2646484375
4141.337890625
4141.62060546875
4141.8056640625
4142.06201171875
4142.27099609375
4142.873046875
4143.376953125
4143.58544921875
4142.51513671875
4140.3408203125
4137.58203125
4135.546875
4134.35546875
4133.7236328125
4132.8447265625
4131.75
4130.97900390625
4130.912109375
4131.38818359375
4131.6103515625
4131.46240234375
4130.896484375
4130.2958984375
4129.7275390625
4129.01171875
4128.42578125
4128.0224609375
4128.1689453125
4128.5537109375
4128.8662109375
4128.77734375
4128.2568359375
4127.49462890625
4126.7421875
4125.9736328125
4125.3525390625
4124.6494140625
4124.2392578125
4123.7490234375
4123.5859375
4123.50439453125
4123.88916015625
4124.271484375
4124.91015625
4125.333984375
4125.8623046875
4126.263671875
4126.5849609375
4126.59130859375
4126.0390625
4124.9833984375
4123.392578125
4121.72412109375
4120.0419921875
4118.5810546875
4117.2509765625
4116.017578125
4114.9287109375
4114.0146484375
4113.41064453125
4113.2119140625
4113.33740234375
4113.708984375
4114.05712890625
4114.14794921875
4113.8671875
4112.9931640625
4111.5556640625
4109.556640625
4107.35302734375
4105.4287109375
4104.15234375
4103.80517578125
4104.0517578125
4104.6708984375
4105.2197265625
4105.6865234375
4105.90966796875
4106.01416015625
4106.0068359375
4105.98828125
4106.14013671875
4106.37158203125
4106.880859375
4107.0986328125
4107.13818359375
4106.42333984375
4105.33154296875
4103.84521484375
4102.453125
4101.27392578125
4100.6494140625
4100.47265625
4100.95947265625
4101.48095703125
4102.3232421875
4102.4541015625
4102.48095703125
4101.5126953125
4100.470703125
4099.0869140625
4098.12255859375
4097.517578125
4097.30859375
4097.17236328125
4096.80029296875
4096.1767578125
4095.4111328125
4094.94140625
4094.734375
4095.03271484375
4095.21044921875
4095.5048828125
4095.3447265625
4095.0576171875
4094.4638671875
4093.5634765625
4092.548828125
4091.283203125
4090.12939453125
4088.84375
4087.7578125
4086.83984375
4086.4931640625
4086.3759765625
4086.5693359375
4086.52294921875
4086.42822265625
4086.15380859375
4085.84423828125
4085.7060546875
4085.5966796875
4085.765625
4086.02734375
4086.4970703125
4087.095703125
4087.81640625
4088.71240234375
4089.72265625
4090.89990234375
4092.052734375
4092.853515625
4092.9716796875
4092.0673828125
4090.427734375
4088.5048828125
4086.9228515625
4085.83544921875
4085.0595703125
4084.2890625
4083.23486328125
4081.9482421875
4080.4365234375
4078.99072265625
4077.6708984375
4076.55908203125
4075.52294921875
4074.54541015625
4073.6318359375
4072.8642578125
4072.32666015625
4071.96875
4071.68994140625
4071.384765625
4070.8994140625
4070.22705078125
4069.36669921875
4068.423828125
4067.5986328125
4067.037109375
4067.09375
4067.6728515625
4069.185546875
4069.517578125
4068.755859375
4066.84521484375
4066.3427734375
4066.6806640625
4065.8583984375
4064.50439453125
4063.9287109375
4063.6142578125
4062.576171875
4061.81787109375
4061.73046875
4061.77685546875
4061.65234375
4062.3203125
4063.724609375
4065.26123046875
4066.3681640625
4067.1123046875
4067.0048828125
4066.08544921875
4064.45703125
4062.951171875
4061.5302734375
4060.7353515625
4060.3974609375
4060.7109375
4061.556640625
4062.84375
4064.3232421875
4065.5283203125
4066.4814453125
4066.876953125
4067.033203125
4066.505859375
4065.81396484375
4064.8544921875
4063.86328125
4062.763671875
4061.62646484375
4060.7041015625
4059.9345703125
4059.716796875
4060.3564453125
4059.70703125
4056.3466796875
4051.9501953125
4051.47265625
4051.78076171875
4048.73046875
4047.1640625
4047.23046875
4045.037109375
4042.7265625
4042.49267578125
4041.537109375
4040.0498046875
4039.95703125
4039.72119140625
4039.0439453125
