9937.98046875
9925.6884765625
9913.904296875
9902.59765625
9891.732421875
9881.29296875
9871.2587890625
9861.60546875
9852.310546875
9843.357421875
9834.7255859375
9826.4013671875
9818.37109375
9810.6142578125
9803.1171875
9795.869140625
9788.8583984375
9782.0625
9775.4814453125
9769.1015625
9762.916015625
9756.927734375
9751.123046875
9745.49609375
9740.05078125
9734.771484375
9729.6591796875
9724.7060546875
9719.9111328125
9715.2578125
9710.7470703125
9706.3720703125
9702.1279296875
9698.0078125
9694.0078125
9690.12109375
9686.353515625
9682.6875
9679.134765625
9675.681640625
9672.3203125
9669.056640625
9665.880859375
9662.798828125
9659.80078125
9656.884765625
9654.044921875
9651.287109375
9648.59765625
9645.984375
9643.4365234375
9640.953125
9638.53515625
9636.18359375
9633.884765625
9631.6474609375
9629.46484375
9627.3359375
9625.2578125
9623.228515625
9621.248046875
9619.3154296875
9617.427734375
9615.583984375
9613.7802734375
9612.0166015625
9610.2958984375
9608.6142578125
9606.96875
9605.361328125
9603.787109375
9602.25
9600.744140625
9599.26953125
9597.828125
9596.4169921875
9595.033203125
9593.6796875
9592.35546875
9591.056640625
9589.787109375
9588.541015625
9587.3203125
9586.126953125
9584.9560546875
9583.80859375
9582.685546875
9581.5869140625
9580.5087890625
9579.4521484375
9578.4169921875
9577.400390625
9576.404296875
9575.42578125
9574.46875
9573.5283203125
9572.609375
9571.705078125
9570.822265625
9569.958984375
9569.109375
9568.2734375
9567.45703125
9566.6572265625
9565.869140625
9565.095703125
9564.33984375
9563.59765625
9562.865234375
9562.15234375
9561.453125
9560.765625
9560.091796875
9559.4287109375
9558.7802734375
9558.14453125
9557.51953125
9556.91015625
9556.3056640625
9555.7177734375
9555.13671875
9554.5703125
9554.01171875
9553.46484375
9552.9296875
9552.4033203125
9551.88671875
9551.3798828125
9550.880859375
9550.390625
9549.912109375
9549.4423828125
9548.98046875
9548.525390625
9548.0830078125
9547.646484375
9547.216796875
9546.7939453125
9546.3779296875
9545.9736328125
9545.572265625
9545.18359375
9544.798828125
9544.421875
9544.05078125
9543.6865234375
9543.326171875
9542.974609375
9542.630859375
9542.291015625
9541.958984375
9541.630859375
9541.30859375
9540.9921875
9540.6806640625
9540.376953125
9540.076171875
9539.783203125
9539.494140625
9539.208984375
9538.927734375
9538.654296875
9538.384765625
9538.1181640625
9537.8583984375
9537.6015625
9537.34765625
9537.1015625
9536.857421875
9536.6181640625
9536.3818359375
9536.1484375
9535.921875
9535.69921875
9535.478515625
9535.2626953125
9535.048828125
9534.837890625
9534.630859375
9534.427734375
9534.228515625
9534.0322265625
9533.83984375
9533.6484375
9533.4609375
9533.2763671875
9533.09765625
9532.916015625
9532.7392578125
9532.5703125
9532.400390625
9532.234375
9532.0693359375
9531.90625
9531.74609375
9531.58984375
9531.43359375
9531.28125
9531.130859375
9530.984375
550953353216.0
5416293376.0
7906107.0
264442320.0
96584504.0
21338274.0
38534212.0
10872114.0
3813151.25
3634706.75
5550518.0
12703701.0
24501040.0
27195942.0
20577382.0
14712374.0
11461963.0
9596342.0
8825872.0
8990966.0
9097082.0
8105557.0
6356695.5
4720215.5
3535843.25
2775680.75
2329782.25
2097264.5
2003445.625
1997853.375
2047413.375
2130042.0
2231038.75
2339553.75
2447669.25
2549046.0
2639303.5
2715051.5
2774114.0
2815314.25
2838328.75
2843561.0
2832044.25
2805189.75
2765133.0
2713733.75
2653085.25
2585215.0
2512021.75
2435255.75
2356558.75
2277058.5
2197982.5
2120173.25
2044249.75
1970821.0
1900123.0
1832559.25
1768140.875
1707099.5
1649302.625
1594730.125
1543223.25
1494828.5
1449311.125
1406506.125
1366285.5
1328545.25
1293076.0
1259787.375
1228470.625
1199016.375
1171335.375
1145228.875
1120631.25
1097415.25
1075522.375
1054825.875
1035184.5625
1016602.125
999007.1875
982308.0
966402.9375
951290.875
936896.0
923157.25
910029.625
897502.1875
885506.4375
874017.1875
863007.875
852437.5
842269.4375
832507.375
823099.3125
814056.8125
805333.0625
796916.0625
788776.9375
780894.6875
773294.125
765923.5625
758800.25
751896.5
745173.4375
738645.875
732319.5625
726167.75
720181.25
714357.9375
708681.4375
703151.0
697758.9375
692501.1875
687364.875
682352.5625
677451.4375
672672.9375
667990.0625
663432.5625
658946.625
654571.1875
650274.1875
646066.125
641945.8125
637916.9375
633941.625
630061.8125
626238.75
622490.0
618813.5625
615211.5
611669.6875
608181.5
604758.625
601383.375
598075.1875
594816.8125
591606.5
588448.625
585336.5
582297.1875
579285.75
576323.9375
573399.5625
570523.3125
567686.0
564887.875
562119.875
559403.25
556726.1875
554158.375
551574.5
549034.0
546513.5625
544015.125
541509.75
539036.75
536593.4375
534196.1875
531832.1875
529501.0625
527206.875
524925.125
522697.625
520516.6875
518370.28125
516148.34375
514024.625
511891.4375
509815.0625
507749.375
505705.3125
503687.25
501687.1875
499720.15625
497750.125
495834.78125
493911.625
492031.1875
490150.9375
488293.78125
486450.25
484644.6875
482849.15625
481069.46875
479305.21875
477566.0
475836.59375
474130.0625
472437.8125
470764.125
469108.8125
467462.84375
465834.71875
464223.4375
462622.4375
461035.875
459466.3125
457911.90625
456394.28125
454859.625
453357.53125
451872.0
450393.28125
448928.34375
447473.40625
446031.71875
444595.6875
443169.5
441757.0
440350.40625
438957.0625
437569.4375
436201.1875
434839.125
433491.3125
432159.09375
430833.375
429525.59375
428213.125
426948.25
425652.0
424384.96875
423127.3125
421884.0
420647.71875
419418.6875
418203.53125
416989.28125
415791.875
414593.75
413411.21875
412235.46875
411065.8125
409909.78125
408757.28125
407619.0625
406486.46875
405358.28125
404245.5
403143.09375
402036.4375
400944.46875
399863.125
398788.1875
397717.40625
396653.875
395600.375
394549.09375
393510.59375
392474.34375
391454.28125
390435.15625
389426.71875
388425.71875
387428.375
386431.75
385440.40625
384460.84375
383498.0
382516.53125
381558.8125
380608.75
379668.625
378723.59375
377789.4375
376862.8125
375937.46875
375021.875
374109.8125
373204.3125
372304.0
371407.375
370516.78125
369636.15625
368757.625
367879.84375
367009.5625
366145.625
365294.09375
364449.3125
363604.65625
362761.5625
361935.9375
361110.375
360279.9375
359462.09375
358654.1875
357842.96875
357039.5
356232.625
355445.65625
354648.90625
353867.65625
353079.5625
352307.53125
351530.3125
350762.90625
349995.03125
349229.15625
348465.125
347713.375
346960.125
346204.59375
345468.96875
344738.3125
344012.03125
343291.96875
342572.53125
341853.65625
341141.125
340431.875
339721.34375
339014.90625
338313.15625
337625.71875
336929.75
336250.1875
335568.3125
334893.59375
334219.78125
333549.40625
332880.375
332215.53125
331553.875
330895.9375
330241.96875
329592.5625
328941.59375
328301.9375
327662.875
327026.21875
326391.65625
325763.375
325135.0625
324511.5
323890.1875
323273.03125
322658.90625
322050.71875
321442.46875
320837.4375
320242.34375
319640.25
319050.21875
318453.9375
317865.96875
317295.9375
316705.53125
316132.0625
315558.90625
314986.84375
314410.78125
313840.1875
313270.46875
312707.1875
312148.71875
311590.375
311031.5625
310476.25
309932.65625
309379.34375
308834.1875
308300.53125
307762.78125
307224.9375
306692.78125
306162.375
305636.15625
305109.15625
304590.5
304068.875
303550.125
303031.84375
302519.90625
302013.59375
301505.96875
300995.3125
300490.40625
299986.0625
299481.0625
298998.25
298517.875
298058.09375
297601.4375
297128.8125
296651.8125
296164.15625
295668.3125
295174.09375
294678.34375
294192.0
293713.9375
293226.125
292751.78125
292294.375
291839.3125
291382.65625
290908.1875
290433.6875
289973.34375
289515.34375
289061.53125
288603.65625
288156.4375
287711.46875
287260.78125
286809.9375
286362.625
285917.15625
285487.375
285042.875
284604.6875
284170.03125
283739.78125
283307.0625
282882.0
282458.875
282035.0
281608.625
281189.875
280773.4375
280356.75
279942.0625
279524.625
279129.15625
278733.09375
278360.46875
278002.34375
277633.625
277263.3125
276874.6875
276479.1875
276078.0625
275667.40625
275259.75
274849.875
274445.53125
274036.875
273627.0625
273219.4375
272818.71875
272419.75
272022.0
271631.6875
271248.03125
270869.28125
270495.84375
270126.09375
269755.125
269378.4375
269007.84375
268632.75
268260.28125
267889.6875
267522.8125
267156.1875
266792.6875
266429.28125
266070.4375
265708.25
265351.5
264998.0625
264642.375
264288.34375
263938.0
263584.1875
263234.53125
262882.0625
262538.84375
262192.9375
261847.453125
261503.46875
261160.9375
260816.6875
260478.3125
260140.3125
259801.078125
259466.09375
259131.390625
258797.484375
258465.3125
258132.9375
257803.65625
257472.5625
257145.671875
256817.34375
256495.3125
256172.09375
255847.5
255524.515625
255205.46875
254885.546875
254567.71875
254250.765625
253931.765625
253619.8125
253303.53125
252991.125
252678.8125
252368.71875
252059.34375
251751.984375
251443.921875
251136.09375
250827.96875
250523.53125
250219.671875
249915.921875
249613.109375
249311.34375
249014.734375
248714.015625
248416.515625
248119.078125
247822.078125
247529.84375
247231.71875
246938.78125
246646.890625
246355.890625
246066.84375
245773.703125
245487.09375
245197.171875
244908.90625
244623.59375
244340.53125
244056.46875
243771.203125
243490.765625
243206.765625
242927.203125
242648.28125
242373.265625
242095.46875
241820.140625
241545.515625
241277.296875
241002.234375
240733.234375
240450.421875
240176.484375
239905.796875
239636.34375
239370.4375
239100.171875
238828.140625
238558.125
238292.46875
238029.78125
237765.65625
237500.96875
237233.109375
236969.96875
236710.046875
236449.796875
236189.78125
235930.140625
235668.859375
235413.46875
235157.8125
234903.28125
234647.828125
234391.90625
234137.34375
233882.609375
233631.734375
233381.8125
233134.375
232883.46875
232636.40625
232384.28125
232136.03125
231886.390625
231640.484375
231395.640625
231151.421875
230910.53125
230665.25
230419.875
230178.3125
229936.921875
229698.75
229458.359375
229219.125
228979.5
228741.390625
228504.921875
228268.640625
228033.84375
227800.046875
227564.625
227331.109375
227101.484375
226870.421875
226636.84375
226408.140625
226179.171875
225951.0
225721.046875
225493.28125
225265.484375
225036.90625
224810.46875
224581.8125
224355.640625
224127.515625
223901.609375
223679.515625
223454.453125
223233.0625
223011.859375
222789.75
222566.765625
222346.09375
222127.5
221907.375
221688.609375
221473.234375
221253.5625
221038.09375
220823.4375
220607.5625
220392.515625
220179.421875
219962.6875
219748.25
219535.640625
219323.890625
219112.6875
218904.953125
218696.484375
218490.78125
218280.015625
218064.78125
217850.359375
217640.984375
217435.21875
217229.890625
217024.90625
216816.640625
216609.328125
216405.765625
216199.84375
215996.046875
215793.59375
215589.71875
215388.453125
215185.09375
214981.9375
214781.109375
214581.78125
214380.375
214181.15625
213983.359375
213786.15625
213584.671875
213388.8125
213193.8125
212998.578125
212802.078125
212607.71875
212413.375
212217.875
212022.90625
211826.953125
211634.484375
211440.375
211248.9375
211057.890625
210869.5
210682.125
210492.921875
210307.9375
210119.03125
209928.421875
209730.5
209535.765625
209343.015625
209153.359375
208970.671875
208785.90625
208600.359375
208411.5625
208224.875
208037.875
207854.65625
207672.0
207486.171875
207303.34375
207117.421875
206933.875
206749.484375
206566.34375
206384.296875
206203.671875
206021.890625
205842.90625
205664.265625
205483.28125
205303.328125
205123.765625
204947.0625
204769.234375
204592.640625
204413.9375
204237.921875
204062.140625
203887.0
203710.921875
203536.46875
203361.25
203188.40625
203015.96875
202844.03125
202672.484375
202499.546875
202327.390625
202157.21875
201986.09375
201819.03125
201649.484375
201483.890625
201304.875
201130.25
200952.0625
200779.65625
200612.21875
200448.03125
200284.171875
200114.078125
199948.25
199777.0625
199608.859375
199439.609375
199275.71875
199112.78125
198949.046875
198784.84375
198618.65625
198452.40625
198288.375
198123.71875
197961.6875
197800.140625
197638.5
197476.703125
197314.5625
197152.21875
196990.515625
196831.640625
196674.34375
196514.09375
196357.25
196199.96875
196039.703125
195877.890625
195717.046875
195559.703125
195403.25
195248.328125
195090.671875
194934.15625
194776.90625
194620.53125
194466.3125
194312.296875
194159.09375
194004.96875
193854.140625
193698.0625
193539.9375
193380.859375
193227.875
193073.25
192921.65625
192771.921875
192621.515625
192476.796875
192327.0625
192175.71875
192023.890625
191873.640625
191721.546875
191571.40625
191421.640625
191275.8125
191125.6875
190973.0625
190819.203125
190665.578125
190513.6875
190365.484375
190217.15625
190072.875
189925.0625
189778.5
189630.9375
189483.40625
189336.21875
189191.59375
189043.8125
188899.09375
188753.03125
188608.734375
188464.796875
188318.765625
188173.90625
188030.109375
187887.578125
187743.484375
187599.984375
187457.21875
187314.140625
187170.984375
187030.203125
186888.734375
186746.5
186604.390625
186465.6875
186323.796875
186183.828125
186044.65625
185904.671875
185764.609375
185627.9375
185488.234375
185350.40625
185209.46875
185069.75
184931.28125
184792.921875
184656.890625
184520.578125
184384.390625
184249.90625
184112.59375
183976.46875
183837.875
183701.640625
183567.84375
183433.4375
183300.25
183164.84375
183030.96875
182898.46875
182762.0625
182626.40625
182490.625
182355.859375
182221.515625
182088.296875
181955.65625
181825.96875
181694.046875
181566.328125
181432.796875
181301.8125
181170.140625
181039.15625
180911.46875
180785.296875
180655.75
180525.609375
180393.34375
180264.0
180138.0
180016.8125
179890.046875
179766.375
179637.21875
179518.390625
179381.96875
179245.3125
179105.21875
178971.890625
178846.15625
178722.953125
178598.078125
178467.734375
178341.359375
178215.703125
178090.953125
177964.484375
177835.90625
177710.40625
177582.015625
177456.359375
177331.546875
177207.3125
177085.0
176962.609375
176839.453125
176713.296875
176588.140625
176464.8125
176341.828125
176219.109375
176096.96875
175976.328125
175855.5625
175736.03125
175617.875
175501.546875
175382.734375
175265.109375
175145.875
175024.171875
174899.953125
174776.546875
174657.390625
174539.8125
174422.046875
174306.65625
174188.640625
174070.0
173948.8125
173829.796875
173709.5
173589.265625
173472.265625
173355.53125
173239.875
173124.0625
173007.4375
172888.453125
172771.53125
172655.078125
172541.625
172427.578125
172314.25
172198.015625
172081.859375
171962.625
171845.90625
171729.65625
171617.203125
171504.171875
171388.734375
171273.078125
171159.53125
171048.953125
170938.890625
170827.09375
170711.296875
170597.359375
170483.5
170372.328125
170260.4375
170149.4375
170039.75
169929.234375
169815.390625
169700.140625
169587.859375
169474.984375
169365.484375
169257.890625
169149.515625
169042.21875
168934.6875
168824.65625
168717.484375
168605.78125
168497.515625
168386.8125
168279.078125
168173.921875
168064.765625
167960.265625
167852.578125
167745.71875
167638.46875
167532.03125
167424.59375
167314.0
167205.015625
167099.765625
166995.59375
166891.65625
166787.3125
166682.21875
166577.1875
166474.28125
166374.890625
166271.078125
166168.453125
166066.734375
165963.65625
165857.84375
165754.125
165649.046875
165552.75
165443.328125
165338.3125
165226.546875
165119.359375
165012.359375
164905.578125
164818.90625
164751.875
164683.21875
164602.046875
164536.53125
164461.65625
164387.375
164320.734375
164243.34375
164173.796875
164102.578125
164028.21875
163959.109375
163887.546875
163815.703125
163744.953125
163673.53125
163603.453125
163533.0625
163461.828125
163390.890625
163320.078125
163249.8125
163178.265625
163109.34375
163038.453125
162969.046875
162898.515625
162827.84375
162758.640625
162688.515625
162618.84375
162547.5625
162478.484375
162408.6875
162340.0625
162268.90625
162199.59375
162129.34375
162060.65625
161991.109375
161922.234375
161853.796875
161783.953125
161714.515625
161645.265625
161578.53125
161507.71875
161440.5
161370.953125
161302.046875
161232.9375
161164.5
161096.609375
161027.46875
160958.71875
160891.171875
160822.515625
160754.90625
160686.484375
160618.734375
160551.34375
160482.953125
160414.515625
160347.828125
160279.171875
160212.40625
160143.609375
160076.671875
160009.703125
159941.921875
159874.328125
159806.4375
159739.359375
159671.984375
159604.515625
159536.28125
159469.875
159401.484375
159333.90625
159267.1875
159199.28125
159133.125
159065.734375
158998.46875
158932.375
158865.0
158798.828125
158731.96875
158664.421875
158598.9375
158532.078125
158465.375
158397.90625
158331.59375
158265.921875
158198.953125
158133.84375
158066.359375
158000.828125
157934.921875
157870.3125
157801.84375
157737.25
157671.4375
157604.046875
157540.390625
157475.046875
157407.90625
157342.640625
157277.984375
157212.0
157147.3125
157081.65625
157017.078125
156950.625
156886.328125
156820.875
156757.578125
156691.21875
156627.0
156562.25
156497.390625
156432.625
156367.953125
156303.1875
156239.421875
156174.046875
156110.671875
156045.15625
155981.34375
155916.71875
155853.03125
155788.78125
155724.953125
155662.0625
155597.890625
155532.734375
155469.25
155406.25
155342.65625
155279.0625
155214.09375
155151.75
155086.828125
155024.796875
154961.125
154897.921875
154833.75
154770.78125
154707.375
154644.84375
154581.34375
154518.5625
154456.0625
154393.1875
154330.25
154266.953125
154203.984375
154141.515625
154079.453125
154017.515625
153954.0
153891.03125
153828.140625
153765.09375
153703.3125
153640.6875
153578.890625
153517.140625
153454.4375
153391.90625
153329.0625
153267.9375
153205.859375
153143.703125
153081.953125
153020.078125
152958.28125
152896.328125
152835.28125
152773.171875
152711.609375
152649.609375
152589.1875
152529.390625
152468.75
152410.375
152352.734375
152289.34375
152222.703125
152157.765625
152099.6875
152040.1875
151977.71875
151912.984375
151852.96875
151794.84375
151731.421875
151669.8125
151609.875
151549.734375
151487.109375
151425.5625
151367.140625
151306.796875
151245.0625
151184.359375
151124.078125
151062.828125
151002.8125
150943.921875
150883.125
150823.125
150763.8125
150704.84375
150646.90625
150593.71875
150540.71875
150485.125
150408.890625
150343.921875
150294.3125
150232.203125
150170.328125
150110.359375
150052.078125
149988.859375
149933.234375
149870.125
149811.046875
149752.4375
149691.140625
149633.0625
149577.390625
149516.828125
149456.671875
149399.703125
149338.65625
149280.234375
149220.40625
149160.1875
149103.0
149044.140625
148985.546875
148927.046875
148870.515625
148809.234375
148751.234375
148694.265625
148633.84375
148577.859375
148524.09375
148464.15625
148404.96875
148345.59375
148289.078125
148228.984375
148172.390625
148113.953125
148055.9375
147998.1875
147940.890625
147882.28125
147823.71875
147766.625
147708.90625
147651.4375
147593.640625
147536.421875
147478.921875
147420.875
147363.21875
147306.0
147249.34375
147191.1875
147134.390625
147076.765625
147020.984375
146963.09375
146906.40625
146849.421875
146792.03125
146736.03125
146678.203125
146621.203125
146565.640625
146508.546875
146451.578125
146395.734375
146338.734375
146282.1875
146226.53125
146169.390625
146112.390625
146056.53125
145999.625
145942.953125
145887.28125
145831.40625
145774.140625
145718.484375
145662.34375
145606.328125
145550.90625
145493.921875
145437.8125
145381.3125
145325.34375
145269.484375
145213.953125
145158.0
145102.15625
145047.984375
144991.890625
144936.390625
144880.4375
144824.875
144769.046875
144713.03125
144658.25
144603.578125
144548.0
144492.6875
144437.328125
144382.5625
144327.375
144272.390625
144217.5625
144161.921875
144106.640625
144052.46875
143996.828125
143942.890625
143887.796875
143833.015625
143778.90625
143724.21875
143670.421875
143615.03125
143559.875
143506.828125
143452.359375
143397.578125
143343.109375
143289.71875
143236.09375
143180.65625
143127.875
143074.140625
143020.859375
142965.953125
142912.96875
142860.359375
142806.328125
142752.390625
142699.140625
142645.046875
142591.15625
142538.1875
142484.4375
142431.25
142378.3125
142325.09375
142272.28125
142219.484375
142167.046875
142114.0
142062.0625
142008.640625
141956.0625
141903.75
141849.59375
141795.78125
141743.0625
141690.21875
141637.109375
141584.203125
141532.78125
141479.984375
141426.71875
141375.078125
141322.359375
141268.9375
141217.265625
141164.96875
141112.78125
141060.984375
141008.5625
140956.6875
140905.421875
140853.671875
140801.5
140748.71875
140696.375
140643.8125
140592.5
140540.015625
140489.484375
140436.546875
140384.15625
140333.078125
140280.546875
140229.671875
140177.09375
140124.46875
140072.8125
140019.921875
139967.828125
139916.515625
139863.6875
139812.375
139760.703125
139708.90625
139657.65625
139606.921875
139555.203125
139503.84375
139452.71875
139402.015625
139351.984375
139301.921875
139251.09375
139202.28125
139152.421875
139101.796875
139049.96875
138996.9375
138944.875
138893.828125
138842.578125
138793.171875
138742.046875
138692.8125
138641.28125
138590.4375
138540.3125
138490.296875
138440.28125
138390.109375
138339.125
138288.6875
138239.296875
138189.265625
138138.953125
138089.015625
138039.140625
137989.515625
137938.890625
137889.515625
137839.390625
137789.671875
137738.96875
137690.421875
137640.28125
137591.65625
137542.234375
137493.453125
137445.109375
137396.203125
137346.65625
137296.625
137245.0625
137194.375
137145.515625
137097.9375
137048.4375
136999.09375
136948.859375
136899.265625
136850.25
136801.59375
136751.828125
136703.09375
136654.25
136605.234375
136556.65625
136506.96875
136459.1875
136409.53125
136361.0
136312.9375
136267.5625
136219.828125
136173.640625
136121.15625
136070.84375
136022.96875
135974.90625
135927.28125
135879.0
135829.875
135779.921875
135731.703125
135683.515625
135635.890625
135587.921875
135539.171875
135490.734375
135442.28125
135393.890625
135345.796875
135297.859375
135250.4375
135201.921875
135153.5625
135105.265625
135058.0625
135010.21875
134962.3125
134915.8125
134868.421875
134819.9375
134773.328125
134726.046875
134678.125
134630.0625
134583.125
134535.3125
134487.4375
134439.84375
134393.734375
134347.875
134301.46875
134254.28125
134208.21875
134162.203125
134115.890625
134071.46875
134022.78125
133976.734375
133928.328125
133880.34375
133833.359375
133786.953125
133742.109375
133696.53125
133653.875
133609.0
133565.03125
133520.515625
133475.546875
133429.671875
133383.0625
133336.140625
133288.578125
133239.734375
133190.09375
133141.515625
133093.5625
133044.984375
132998.8125
132953.46875
132908.8125
132862.640625
132816.390625
132768.96875
132720.203125
132672.234375
132624.421875
132579.296875
132532.6875
132485.765625
132438.59375
132393.90625
132347.46875
132300.984375
132254.78125
132208.15625
132162.375
132116.9375
132071.53125
132026.9375
131981.359375
131936.25
131889.515625
131842.375
131796.828125
131752.015625
131705.453125
131660.0625
131614.296875
131569.671875
131523.703125
131479.390625
131434.21875
131388.5625
131342.3125
131296.453125
131251.0625
131206.0
131161.171875
131116.15625
131071.8046875
131027.359375
130984.0234375
130938.859375
130893.5078125
130848.53125
130803.28125
130759.078125
130713.9453125
130669.2734375
130626.328125
130581.46875
130538.328125
130494.2265625
130449.15625
130404.4453125
130359.6796875
130314.7421875
130270.4765625
130226.546875
130183.53125
130140.7578125
130099.296875
130056.5625
130014.0234375
129968.3359375
129923.3359375
129876.4375
129832.921875
129788.890625
129747.2109375
129701.4375
129657.625
129612.0390625
129568.0390625
129525.96875
129484.0390625
129442.9140625
129398.1875
129353.3828125
129306.796875
129261.171875
129216.2109375
129172.8984375
129128.6015625
129084.671875
129039.921875
128994.796875
128948.9765625
128904.4453125
128860.140625
128816.484375
128773.7421875
128730.0859375
128685.640625
128642.3125
128598.9296875
128554.53125
128512.046875
128469.453125
128426.65625
128383.3828125
128339.9453125
128297.7421875
128254.671875
128213.0859375
128171.21875
128129.921875
128088.2734375
128046.1796875
128004.1015625
127962.2109375
127919.671875
127877.46875
127834.453125
127790.6953125
127747.3359375
127704.578125
127661.1640625
127617.6875
127575.875
127533.203125
127491.6015625
127449.265625
127407.421875
127364.4609375
127322.0859375
127279.2265625
127236.0703125
127192.53125
127150.6484375
127109.4609375
127068.28125
127027.8203125
126990.03125
126949.671875
126910.7265625
126870.8203125
126828.453125
126784.09375
126737.8828125
126691.3671875
126646.515625
126603.8125
126563.21875
126522.7890625
126482.140625
126440.671875
126398.7734375
126357.4296875
126316.15625
126273.7734375
126231.2578125
126186.734375
126144.2109375
126101.28125
126059.796875
126018.875
125978.4296875
125937.5234375
125895.875
125852.890625
125810.703125
125768.2109375
125724.3671875
125681.59375
125639.328125
125596.46875
125555.5078125
125514.9921875
125474.1015625
125432.8828125
125392.1875
125350.6796875
125309.4765625
125267.546875
125225.7109375
125185.28125
125145.2265625
125103.984375
125064.328125
125024.53125
124983.328125
124942.6328125
124902.21875
124861.625
124820.90625
124779.1640625
124738.671875
124697.6328125
124657.078125
124615.484375
124575.5390625
124534.765625
124494.34375
124454.8125
124414.5390625
124375.5625
124335.3671875
124295.015625
124254.6796875
124212.5703125
124170.921875
124128.1484375
124085.7421875
124044.4765625
124003.0703125
123963.1015625
123923.65625
123883.234375
123842.09375
123801.0859375
123760.671875
123720.1640625
123680.484375
123642.25
123603.375
123566.015625
123526.8828125
123488.9140625
123447.3984375
123408.3515625
123364.375
123324.6015625
123284.015625
123244.375
123206.2734375
123166.234375
123127.09375
123086.921875
123047.390625
123007.1796875
122967.546875
122927.5390625
122888.5234375
122848.578125
122808.546875
122769.1015625
122729.3046875
122688.4375
122649.3671875
122607.0703125
122567.5859375
122526.59375
122486.3125
122446.5703125
122408.1953125
122369.625
122330.921875
122293.09375
122254.421875
122214.9609375
122174.640625
122134.453125
122092.7734375
122052.0390625
122011.28125
121970.5625
121932.1328125
121894.0390625
121855.640625
121817.359375
121776.59375
121737.546875
121696.109375
121655.8359375
121615.671875
121575.1875
121536.8125
121497.8203125
121458.84375
121421.0625
121381.84375
121343.2421875
121304.4140625
121266.125
121227.21875
121188.9296875
121149.6640625
121109.375
121070.1171875
121031.125
120991.078125
120952.109375
120914.6640625
120876.3828125
120839.0
120801.1796875
120762.8828125
120724.109375
120686.1875
120647.3046875
120608.3046875
120569.3984375
120531.359375
120492.8046875
120454.109375
120416.734375
120378.8828125
120341.78125
120303.5390625
120265.015625
120226.890625
120190.109375
120152.03125
120114.4765625
120077.34375
120040.3671875
120001.765625
119964.5
119926.375
119891.3046875
119854.1640625
119818.8203125
119781.40625
119744.5703125
119706.75
119669.59375
119629.46875
119589.4375
119548.28125
119506.1953125
119465.21875
119426.0078125
119389.7109375
119352.09375
119316.4921875
119279.046875
119241.1796875
119202.8359375
119165.1328125
119126.71875
119088.515625
119049.421875
119009.8046875
118971.078125
118931.953125
118894.3359375
118856.40625
118820.03125
118782.234375
118745.515625
118707.21875
118669.3046875
118631.203125
118592.1328125
118554.5
118517.546875
118480.4765625
118443.125
118407.0625
118370.6328125
118333.7421875
118297.9921875
118261.578125
118226.21875
118190.421875
118155.203125
118118.8515625
118081.65625
118043.453125
118006.2890625
117968.9140625
117932.8046875
117895.4140625
117860.125
117820.5703125
117782.0
117741.5078125
117702.1875
117664.5546875
117628.0390625
117592.1796875
117555.921875
117521.203125
117485.2265625
117449.953125
117412.6328125
117374.640625
117336.6640625
117298.2421875
117261.2421875
117223.6875
117186.875
117149.7578125
117111.8046875
117074.515625
117037.8984375
117000.0390625
116964.4375
116929.828125
116894.125
116857.65625
116822.03125
116785.6953125
116749.9296875
116713.078125
116676.953125
116639.765625
116603.53125
116566.40625
116530.609375
116494.7890625
116459.296875
116423.890625
116387.890625
116352.9296875
116317.4375
116281.828125
116245.2890625
116207.2109375
116168.3828125
116128.4765625
116090.1484375
116052.6015625
116015.34375
115979.234375
115942.53125
115905.5390625
115869.6953125
115833.8359375
115798.8671875
115762.8359375
115727.4609375
115689.984375
115654.4140625
115618.9609375
115583.578125
115547.6796875
115511.984375
115475.59375
115439.5703125
115403.5859375
115367.484375
115331.0078125
115293.953125
115256.828125
115220.46875
115184.796875
115149.421875
115114.28125
115080.859375
115045.5546875
115011.09375
114975.390625
114940.796875
