9937.98046875
9925.6884765625
9913.904296875
9902.59765625
9891.732421875
9881.29296875
9871.2587890625
9861.60546875
9852.310546875
9843.357421875
9834.7255859375
9826.4013671875
9818.37109375
9810.6142578125
9803.1171875
9795.869140625
9788.8583984375
9782.0625
9775.4814453125
9769.1015625
9762.916015625
9756.927734375
9751.123046875
9745.49609375
9740.05078125
9734.771484375
9729.6591796875
9724.7060546875
9719.9111328125
9715.2578125
9710.7470703125
9706.3720703125
9702.1279296875
9698.0078125
9694.0078125
9690.12109375
9686.353515625
9682.6875
9679.134765625
9675.681640625
9672.3203125
9669.056640625
9665.880859375
9662.798828125
9659.80078125
9656.884765625
9654.044921875
9651.287109375
9648.59765625
9645.984375
9643.4365234375
9640.953125
9638.53515625
9636.18359375
9633.884765625
9631.6474609375
9629.46484375
9627.3359375
9625.2578125
9623.228515625
9621.248046875
9619.3154296875
9617.427734375
9615.583984375
9613.7802734375
9612.0166015625
9610.2958984375
9608.6142578125
9606.96875
9605.361328125
9603.787109375
9602.25
9600.744140625
9599.26953125
9597.828125
9596.4169921875
9595.033203125
9593.6796875
9592.35546875
9591.056640625
9589.787109375
9588.541015625
9587.3203125
9586.126953125
9584.9560546875
9583.80859375
9582.685546875
9581.5869140625
9580.5087890625
9579.4521484375
9578.4169921875
9577.400390625
9576.404296875
9575.42578125
9574.46875
9573.5283203125
9572.609375
9571.705078125
9570.822265625
9569.958984375
9569.109375
9568.2734375
9567.45703125
9566.6572265625
9565.869140625
9565.095703125
9564.33984375
9563.59765625
9562.865234375
9562.15234375
9561.453125
9560.765625
9560.091796875
9559.4287109375
9558.7802734375
9558.14453125
9557.51953125
9556.91015625
9556.3056640625
9555.7177734375
9555.13671875
9554.5703125
9554.01171875
9553.46484375
9552.9296875
9552.4033203125
9551.88671875
9551.3798828125
9550.880859375
9550.390625
9549.912109375
9549.4423828125
9548.98046875
9548.525390625
9548.0830078125
9547.646484375
9547.216796875
9546.7939453125
9546.3779296875
9545.9736328125
9545.572265625
9545.18359375
9544.798828125
9544.421875
9544.05078125
9543.6865234375
9543.326171875
9542.974609375
9542.630859375
9542.291015625
9541.958984375
9541.630859375
9541.30859375
9540.9921875
9540.6806640625
9540.376953125
9540.076171875
9539.783203125
9539.494140625
9539.208984375
9538.927734375
9538.654296875
9538.384765625
9538.1181640625
9537.8583984375
9537.6015625
9537.34765625
9537.1015625
9536.857421875
9536.6181640625
9536.3818359375
9536.1484375
9535.921875
9535.69921875
9535.478515625
9535.2626953125
9535.048828125
9534.837890625
9534.630859375
9534.427734375
9534.228515625
9534.0322265625
9533.83984375
9533.6484375
9533.4609375
9533.2763671875
9533.09765625
9532.916015625
9532.7392578125
9532.5703125
9532.400390625
9532.234375
9532.0693359375
9531.90625
9531.74609375
9531.58984375
9531.43359375
9531.28125
9531.130859375
9530.984375
493048463360.0
7720743.0
10341786624.0
63187568.0
3630122.5
783864.75
150905.578125
217591.796875
318440.6875
136420.90625
80647.390625
71550.296875
67827.140625
64253.0625
62474.5234375
61124.95703125
59836.0546875
58391.05859375
56925.3984375
55638.671875
54529.96484375
53465.64453125
52418.109375
51394.328125
50434.03125
49556.81640625
48731.13671875
47901.3515625
47039.3125
46150.890625
45243.93359375
44341.5234375
43460.1484375
42599.2578125
41761.015625
40950.03515625
40169.640625
39427.6875
38729.27734375
38074.83984375
37469.25390625
36905.73046875
36378.63671875
35883.23828125
35416.70703125
34979.04296875
34563.70703125
34170.76171875
33805.74609375
33457.44140625
33118.8359375
32794.578125
32474.77734375
32169.0546875
31869.62109375
31582.83984375
31301.67578125
31033.529296875
30776.8828125
30529.005859375
30288.126953125
30051.373046875
29824.685546875
29603.607421875
29389.63671875
29184.43359375
28983.05078125
28787.015625
28597.78515625
28411.9921875
28234.205078125
28060.61328125
27892.455078125
27729.361328125
27570.30078125
27416.966796875
27267.236328125
27121.162109375
26978.560546875
26838.52734375
26702.6328125
26568.951171875
26437.880859375
26309.455078125
26183.04296875
26059.271484375
25937.58203125
25818.2265625
25701.494140625
25586.51953125
25473.775390625
25363.001953125
25253.958984375
25146.8046875
25041.21484375
24937.35546875
24835.435546875
24735.177734375
24636.68359375
24539.76953125
24444.3203125
24350.47265625
24258.052734375
24167.130859375
24077.71875
23989.712890625
23903.109375
23817.85546875
23733.841796875
23651.064453125
23569.46484375
23488.99609375
23409.716796875
23331.55078125
23254.501953125
23178.556640625
23103.7109375
23029.935546875
22957.224609375
22885.51171875
22814.6875
22744.732421875
22675.609375
22607.29296875
22539.763671875
22472.92578125
22406.796875
22341.34765625
22276.552734375
22212.43359375
22149.01171875
22086.2578125
22024.140625
21962.6875
21901.8671875
21841.640625
21781.986328125
21722.880859375
21664.3515625
21606.4453125
21549.283203125
21492.87890625
21437.10546875
21381.978515625
21327.578125
21273.806640625
21220.4609375
21167.578125
21115.35546875
21063.857421875
21012.978515625
20962.548828125
20912.72265625
20863.830078125
20815.4453125
20767.37890625
20719.892578125
20672.765625
20625.76171875
20579.150390625
20532.796875
20486.41015625
20440.26953125
20394.66015625
20349.41796875
20304.72265625
20260.80078125
20217.490234375
20174.61328125
20132.15234375
20089.9765625
20048.05078125
20006.486328125
19965.22265625
19924.201171875
19883.5859375
19843.373046875
19803.498046875
19763.90625
19724.6328125
19685.6640625
19647.06640625
19608.86328125
19571.10546875
19533.77734375
19497.03125
19460.8125
19424.27734375
19386.505859375
19349.1875
19313.69140625
19278.359375
19241.88671875
19205.88671875
19171.1640625
19136.0078125
19100.359375
19065.763671875
19031.37109375
18996.34375
18961.91796875
18928.0390625
18893.8125
18859.900390625
18826.62890625
18793.447265625
18760.55859375
18728.458984375
18696.76953125
18665.125
18633.732421875
18602.486328125
18571.1953125
18540.05859375
18509.19140625
18478.390625
18447.73828125
18417.39453125
18387.20703125
18357.19140625
18327.505859375
18298.9609375
18269.751953125
18243.806640625
18210.01953125
18179.44140625
18152.74609375
18124.953125
18103.6640625
18065.810546875
18045.68359375
18022.537109375
17982.708984375
17980.35546875
17982.96484375
17964.869140625
17920.65625
17909.712890625
17859.439453125
17823.19140625
17806.9375
17765.48828125
17728.58203125
17709.54296875
17662.986328125
17637.18359375
17609.60546875
17576.33203125
17552.583984375
17524.26171875
17497.076171875
17467.412109375
17438.5234375
17410.251953125
17383.125
17356.974609375
17328.77734375
17303.671875
17276.2734375
17249.875
17223.6640625
17197.1953125
17173.33203125
17144.08203125
17117.23828125
17090.96875
17065.97265625
17043.91015625
17016.96484375
16992.033203125
16964.732421875
16941.26953125
16921.765625
16892.125
16866.671875
16843.6171875
16819.88671875
16796.669921875
16770.123046875
16746.96875
16725.33984375
16700.45703125
16676.060546875
16652.50390625
16630.22265625
16608.0625
16583.7734375
16560.29296875
16537.99609375
16515.822265625
16493.62109375
16470.3515625
16447.587890625
16425.46484375
16403.51171875
16381.95703125
16359.85546875
16338.306640625
16316.416015625
16295.072265625
16272.955078125
16250.5107421875
16228.16015625
16206.279296875
16185.3408203125
16164.705078125
16143.9296875
16121.861328125
16099.625
16078.3017578125
16057.9091796875
16037.6923828125
16016.8837890625
15995.490234375
15973.8427734375
15952.853515625
15932.4892578125
15912.353515625
15892.056640625
15871.400390625
15850.59375
15829.939453125
15809.6630859375
15789.703125
15769.7783203125
15749.828125
15729.708984375
15709.5126953125
15689.4375
15669.6328125
15650.1259765625
15630.732421875
15611.330078125
15591.869140625
15572.6982421875
15553.7646484375
15534.4443359375
15514.3447265625
15494.16796875
15474.857421875
15455.943359375
15436.603515625
15416.857421875
15397.9677734375
15379.962890625
15361.9765625
15342.71484375
15323.662109375
15305.833984375
15287.955078125
15268.041015625
15246.5390625
15225.7060546875
15206.9384765625
15187.810546875
15168.2470703125
15147.306640625
15127.1796875
15107.265625
15086.9443359375
15066.7470703125
15046.9169921875
15028.037109375
15006.873046875
14985.65625
14964.603515625
14944.611328125
14925.2822265625
14906.01953125
14887.4619140625
14867.5859375
14848.349609375
14828.775390625
14809.4296875
14790.2734375
14771.8125
14754.369140625
14736.7216796875
14719.095703125
14700.4462890625
14681.498046875
14663.041015625
14645.068359375
14627.849609375
14610.455078125
14593.28515625
14576.0205078125
14559.4970703125
14541.9638671875
14523.8037109375
14504.8720703125
14486.5341796875
14469.1474609375
14452.056640625
14434.728515625
14416.8349609375
14399.263671875
14381.4541015625
14364.5107421875
14346.8876953125
14329.55859375
14312.0068359375
14295.2275390625
14278.748046875
14262.5205078125
14246.033203125
14229.3203125
14213.01171875
14196.4287109375
14180.2275390625
14163.541015625
14146.97265625
14130.5068359375
14114.32421875
14098.42578125
14082.720703125
14067.134765625
14051.48828125
14035.548828125
14019.076171875
14003.005859375
13987.46875
13972.5341796875
13957.369140625
13941.7177734375
13926.451171875
13911.01953125
13895.072265625
13877.7138671875
13860.298828125
13844.0703125
13829.00390625
13813.9169921875
13798.1552734375
13782.220703125
13766.853515625
13752.037109375
13737.021484375
13721.611328125
13705.6904296875
13690.8525390625
13675.6669921875
13661.0390625
13644.8388671875
13629.005859375
13613.4638671875
13598.7470703125
13583.900390625
13568.611328125
13552.935546875
13537.5
13522.38671875
13507.6015625
13492.8974609375
13478.1953125
13463.1572265625
13447.7734375
13432.1552734375
13417.357421875
13402.419921875
13388.74609375
13373.1025390625
13358.09765625
13343.1826171875
13329.09375
13315.36328125
13302.1171875
13289.4609375
13274.033203125
13258.4091796875
13241.96875
13226.8798828125
13213.3447265625
13200.267578125
13188.234375
13172.1142578125
13156.91015625
13143.1181640625
13131.05859375
13120.525390625
13108.580078125
13096.744140625
13081.0625
13063.9169921875
13047.896484375
13035.0634765625
13025.3857421875
13009.912109375
12993.90234375
12981.1875
12966.9453125
12955.0625
12938.2783203125
12925.279296875
12917.5126953125
12898.287109375
12886.5712890625
12880.6396484375
12857.1328125
12855.158203125
12872.2421875
12838.5888671875
12835.8330078125
12806.078125
12805.009765625
12777.66015625
12771.22265625
12765.34765625
12749.6904296875
12731.65625
12712.138671875
12702.99609375
12683.46875
12675.2451171875
12664.8974609375
12652.66796875
12633.8291015625
12621.880859375
12611.46875
12592.6611328125
12588.2490234375
12592.5634765625
12582.6552734375
12565.5576171875
12554.830078125
12534.421875
12524.1455078125
12499.818359375
12490.46875
12470.8056640625
12463.037109375
12449.5390625
12437.5966796875
12422.916015625
12407.013671875
12392.22265625
12380.2421875
12367.318359375
12351.8349609375
12338.4990234375
12327.3564453125
12316.599609375
12304.248046875
12291.4541015625
12279.6201171875
12266.572265625
12254.40625
12241.669921875
12229.306640625
12216.923828125
12205.169921875
12192.146484375
12179.4345703125
12167.123046875
12155.330078125
12144.00390625
12132.150390625
12120.83984375
12108.0166015625
12095.96484375
12083.501953125
12071.7890625
12059.888671875
12048.203125
12035.8544921875
12024.1279296875
12011.541015625
11999.8212890625
11987.77734375
11975.775390625
11962.9189453125
11949.9765625
11936.6953125
11924.107421875
11911.486328125
11899.7119140625
11886.1396484375
11873.01953125
11857.71875
11843.4140625
11830.1064453125
11817.048828125
11803.552734375
11788.423828125
11773.962890625
11759.6640625
11748.5205078125
11739.0244140625
11729.98046875
11718.0986328125
11703.021484375
11684.8984375
11670.75
11659.5087890625
11650.3310546875
11639.25390625
11626.6513671875
11616.36328125
11605.0390625
11593.91796875
11582.2470703125
11571.244140625
11562.740234375
11551.20703125
11541.1279296875
11532.9833984375
11519.7705078125
11513.86328125
11512.900390625
11499.119140625
11491.3955078125
11475.53515625
11464.8115234375
11451.7109375
11440.2421875
11432.533203125
11422.326171875
11409.8408203125
11401.244140625
11385.0439453125
11376.08203125
11367.48046875
11354.341796875
11348.169921875
11339.154296875
11327.1220703125
11317.978515625
11305.453125
11301.42578125
11286.8779296875
11282.8408203125
11275.83984375
11268.005859375
11260.23828125
11246.326171875
11236.0234375
11220.9404296875
11208.8486328125
11200.3671875
11190.6953125
11183.84375
11173.759765625
11160.859375
11150.7421875
11138.7431640625
11130.0205078125
11122.1552734375
11112.310546875
11103.0791015625
11092.23046875
11081.44140625
11072.140625
11062.3310546875
11053.705078125
11044.23046875
11034.169921875
11024.9970703125
11015.208984375
11006.353515625
10997.9580078125
10989.23828125
10981.34765625
10973.16015625
10964.16015625
10954.1181640625
10942.9990234375
10932.419921875
10923.3193359375
10914.8994140625
10906.42578125
10897.2080078125
10887.5048828125
10878.6748046875
10870.38671875
10862.22265625
10853.9375
10845.5
10837.4248046875
10829.3125
10820.095703125
10809.888671875
10798.9541015625
10788.361328125
10778.630859375
10769.626953125
10761.216796875
10753.2021484375
10745.1669921875
10736.728515625
10727.818359375
10718.724609375
10709.9404296875
10701.46875
10693.037109375
10684.1650390625
10674.869140625
10665.23828125
10655.869140625
10646.833984375
10638.390625
10630.2939453125
10622.3828125
10614.5498046875
10606.6083984375
10598.994140625
10591.453125
10584.2666015625
10576.5869140625
10568.529296875
10559.8125
10551.146484375
10542.619140625
10534.1162109375
10525.392578125
10516.982421875
10509.353515625
10502.017578125
10494.001953125
10485.0810546875
10476.2412109375
10468.2548828125
10460.703125
10452.947265625
10444.89453125
10437.052734375
10429.283203125
10421.359375
10412.80078125
10404.71875
10397.17578125
10390.7802734375
10384.025390625
10378.3125
10372.5556640625
10366.724609375
10357.2666015625
10345.373046875
10333.765625
10326.3466796875
10320.646484375
10313.87109375
10305.2392578125
10296.923828125
10291.2880859375
10285.376953125
10281.79296875
10273.986328125
10265.87109375
10257.52734375
10251.7138671875
10240.09375
10229.9345703125
10222.9921875
10228.3427734375
10217.9638671875
10206.8857421875
10204.81640625
10204.5966796875
10241.7685546875
10216.109375
10211.9853515625
10213.0673828125
10189.0126953125
10189.9560546875
10175.0556640625
10159.8564453125
10154.61328125
10135.771484375
10137.341796875
10145.75
10126.21875
10119.3037109375
10113.197265625
10101.916015625
10104.810546875
10098.2646484375
10078.6357421875
10067.8125
10053.0947265625
10048.056640625
10045.6962890625
10040.15234375
10030.220703125
10017.806640625
10006.06640625
9998.984375
9994.376953125
9989.8828125
9981.126953125
9973.3916015625
9965.451171875
9959.8447265625
9954.6826171875
9947.58203125
9940.3134765625
9932.431640625
9925.7587890625
9919.9326171875
9914.03515625
9908.0830078125
9901.0927734375
9895.09765625
9888.8837890625
9884.080078125
9879.26171875
9874.1943359375
9869.103515625
9864.064453125
9858.74609375
9853.5322265625
9847.560546875
9841.2626953125
9834.7490234375
9828.134765625
9821.69921875
9815.54296875
9809.880859375
9804.6552734375
9799.7744140625
9794.939453125
9789.767578125
9784.240234375
9778.515625
9773.009765625
9768.0947265625
9763.615234375
9759.388671875
9754.849609375
9749.65625
9743.671875
9736.796875
9729.8125
9723.041015625
9717.369140625
9712.486328125
9708.337890625
9704.3291015625
9700.458984375
9696.7080078125
9693.2216796875
9689.41796875
9684.943359375
9678.7177734375
9671.8642578125
9665.232421875
9660.20703125
9655.814453125
9651.0966796875
9645.3056640625
9638.802734375
9632.91015625
9627.478515625
9622.060546875
9615.65234375
9608.68359375
9601.986328125
9596.234375
9591.28515625
9586.3583984375
9580.666015625
9574.0888671875
9567.4375
9561.625
9556.865234375
9552.4921875
9547.736328125
9542.521484375
9537.33203125
9532.8271484375
9528.8955078125
9525.17578125
9520.5009765625
9514.892578125
9508.306640625
9502.2470703125
9497.2734375
9493.4697265625
9490.02734375
9486.396484375
9482.10546875
9477.5849609375
9473.154296875
9469.4736328125
9466.140625
9462.7138671875
9458.453125
9453.51953125
9448.478515625
9443.79296875
9439.0546875
9433.623046875
9427.51171875
9421.3515625
9416.240234375
9412.33203125
9409.4990234375
9406.451171875
9402.869140625
9398.4609375
9394.203125
9389.9189453125
9385.5908203125
9380.607421875
9375.5986328125
9371.076171875
9367.708984375
9364.9931640625
9362.01953125
9357.296875
9350.041015625
9341.3818359375
9333.046875
9327.4267578125
9324.3935546875
9323.7998046875
9323.38671875
9322.53125
9320.021484375
9315.3291015625
9307.396484375
9299.984375
9294.40234375
9290.408203125
9285.931640625
9281.919921875
9278.9931640625
9275.44921875
9271.673828125
9267.9599609375
9266.8056640625
9267.791015625
9270.0439453125
9269.5732421875
9260.01953125
9244.982421875
9232.6640625
9226.88671875
9228.9921875
9230.7861328125
9222.8505859375
9215.8671875
9209.3974609375
9208.3193359375
9198.75
9194.716796875
9192.20703125
9186.9345703125
9180.7578125
9178.423828125
9173.494140625
9170.833984375
9174.498046875
9180.794921875
9181.7265625
9175.86328125
9161.748046875
9153.431640625
9152.1748046875
9152.42578125
9147.84375
9138.6875
9134.54296875
9131.671875
9121.0234375
9112.0322265625
9108.8916015625
9107.625
9105.2744140625
9099.06640625
9095.326171875
9090.484375
9085.7294921875
9081.177734375
9077.2021484375
9073.421875
9068.6328125
9062.513671875
9058.578125
9055.9423828125
9052.3876953125
9048.16015625
9043.998046875
9040.28515625
9035.2763671875
9030.5849609375
9027.3984375
9024.4404296875
9021.7255859375
9018.458984375
9014.052734375
9009.8095703125
9006.513671875
9005.0771484375
9004.625
9004.18359375
9002.865234375
8999.78515625
8994.9189453125
8989.2724609375
8983.259765625
8978.0966796875
8964.2685546875
8965.5517578125
8965.1123046875
8955.392578125
8958.9140625
8953.068359375
8949.0576171875
8949.9404296875
8943.580078125
8942.5146484375
8940.4892578125
8935.8017578125
8935.1044921875
8931.63671875
8928.67578125
8927.169921875
8923.6005859375
8921.5556640625
8919.1689453125
8916.1640625
8914.21484375
8911.431640625
8908.998046875
8906.7197265625
8904.0458984375
8901.8076171875
8899.2900390625
8896.875
8894.5458984375
8892.0517578125
8889.7470703125
8887.3125
8884.931640625
8882.603515625
8880.15625
8877.85546875
8875.4765625
8873.0888671875
8870.77734375
8868.396484375
8866.0546875
8863.734375
8861.3525390625
8859.0380859375
8856.6982421875
8854.357421875
8852.0390625
8849.703125
8847.37890625
8845.0625
8842.7216796875
8840.39453125
8838.0703125
8835.7412109375
8833.4130859375
8831.0771484375
8828.7431640625
8826.3994140625
8824.0341796875
8821.6650390625
8819.2685546875
8816.841796875
8814.3876953125
8811.8974609375
8809.376953125
8806.849609375
8804.3427734375
8801.859375
8799.4287109375
8797.041015625
8794.6865234375
8792.328125
8789.958984375
8787.58203125
8785.1884765625
8782.787109375
8780.390625
8778.0
8775.619140625
8773.25
8770.900390625
8768.568359375
8766.2421875
8763.9287109375
8761.619140625
8759.3125
8757.0107421875
8754.7099609375
8752.421875
8750.150390625
8747.87109375
8745.609375
8743.365234375
8741.1240234375
8738.8876953125
8736.6513671875
8734.4267578125
8732.2138671875
8730.0009765625
8727.787109375
8725.5859375
8723.390625
8721.1953125
8719.01171875
8716.8310546875
8714.65234375
8712.484375
8710.318359375
8708.166015625
8706.0087890625
8703.859375
8701.716796875
8699.576171875
8697.4404296875
8695.31640625
8693.189453125
8691.076171875
8688.962890625
8686.8544921875
8684.744140625
8682.634765625
8680.53515625
8678.4423828125
8676.3486328125
8674.26171875
8672.173828125
8670.091796875
8668.0185546875
8665.943359375
8663.87890625
8661.8173828125
8659.751953125
8657.6943359375
8655.638671875
8653.59375
8651.546875
8649.505859375
8647.46484375
8645.42578125
8643.3916015625
8641.3662109375
8639.33984375
8637.318359375
8635.298828125
8633.2822265625
8631.2734375
8629.2587890625
8627.248046875
8625.2509765625
8623.24609375
8621.244140625
8619.2529296875
8617.2607421875
8615.2744140625
8613.2802734375
8611.29296875
8609.306640625
8607.33203125
8605.349609375
8603.373046875
8601.392578125
8599.421875
8597.4521484375
8595.4814453125
8593.5107421875
8591.541015625
8589.583984375
8587.619140625
8585.6552734375
8583.7041015625
8581.7451171875
8579.796875
8577.8515625
8575.900390625
8573.958984375
8572.009765625
8570.0615234375
8568.123046875
8566.181640625
8564.2451171875
8562.3125
8560.380859375
8558.4541015625
8556.529296875
8554.59765625
8552.677734375
8550.7587890625
8548.8388671875
8546.927734375
8545.0146484375
8543.1025390625
8541.201171875
8539.29296875
8537.39453125
8535.5
8533.60546875
8531.7099609375
8529.8232421875
8527.94140625
8526.05859375
8524.171875
8522.3037109375
8520.4228515625
8518.5498046875
8516.6787109375
8514.8046875
8512.93359375
8511.07421875
8509.2099609375
8507.357421875
8505.484375
8503.634765625
8501.7783203125
8499.931640625
8498.091796875
8496.2451171875
8494.400390625
8492.5634765625
8490.7275390625
8488.8955078125
8487.0625
8485.2412109375
8483.423828125
8481.611328125
8479.806640625
8478.0146484375
8476.248046875
8474.5146484375
8472.822265625
8471.1240234375
8469.3271484375
8467.390625
8465.41015625
8463.556640625
8461.8828125
8460.2822265625
8458.658203125
8456.990234375
8455.3125
8453.5986328125
8451.6181640625
8449.509765625
8447.509765625
8445.783203125
8444.1845703125
8442.458984375
8440.544921875
8438.578125
8436.7919921875
8435.1376953125
8433.408203125
8431.5537109375
8429.6787109375
8427.900390625
8426.2021484375
8424.4716796875
8422.6640625
8420.8408203125
8419.0771484375
8417.357421875
8415.625
8413.8515625
8412.072265625
8410.3203125
8408.591796875
8406.8701171875
8405.1240234375
8403.375
8401.642578125
8399.919921875
8398.1982421875
8396.4794921875
8394.75390625
8393.029296875
8391.306640625
8389.5908203125
8387.8837890625
8386.1806640625
8384.4794921875
8382.76953125
8381.06640625
8379.3603515625
8377.66796875
8375.970703125
8374.283203125
8372.5849609375
8370.88671875
8369.18359375
8367.494140625
8365.802734375
8364.0927734375
8362.3818359375
8360.6669921875
8358.9326171875
8357.1982421875
8355.4443359375
8353.6787109375
8351.8837890625
8350.044921875
8348.166015625
8346.201171875
8344.1630859375
8342.0009765625
8339.712890625
8337.32421875
8334.8759765625
8332.4150390625
8330.025390625
8327.728515625
8325.51171875
8323.373046875
8321.248046875
8319.1513671875
8317.080078125
8315.029296875
8312.9951171875
8310.982421875
8308.9951171875
8307.0361328125
8305.1064453125
8303.1875
8301.298828125
8299.4130859375
8297.533203125
8295.6630859375
8293.8046875
8291.94921875
8290.1181640625
8288.3125
8286.525390625
8284.755859375
8283.0087890625
8281.27734375
8279.572265625
8277.888671875
8276.21875
8274.572265625
8272.931640625
8271.30859375
8269.716796875
8268.15234375
8266.61328125
8265.10546875
8263.6279296875
8262.1240234375
8260.60546875
8258.9853515625
8257.3076171875
8255.5771484375
8253.90234375
8252.3056640625
8250.796875
8249.3251953125
8247.833984375
8246.3076171875
8244.724609375
8243.1376953125
8241.56640625
8240.04296875
8238.552734375
8237.068359375
8235.576171875
8234.064453125
8232.5458984375
8231.0263671875
8229.51953125
8228.0302734375
8226.556640625
8225.0908203125
8223.6181640625
8222.146484375
8220.6962890625
8219.283203125
8217.91015625
8216.564453125
8215.240234375
8213.79296875
8212.2294921875
8210.515625
8208.845703125
8207.34375
8205.97265625
8204.611328125
8203.14453125
8201.5859375
8199.998046875
8198.4892578125
8197.072265625
8195.658203125
8194.19140625
8192.654296875
8191.1259765625
8189.64208984375
8188.189453125
8186.74658203125
8185.27734375
8183.7744140625
8182.2724609375
8180.8076171875
8179.35986328125
8177.91650390625
8176.46337890625
8174.99755859375
8173.54736328125
8172.1162109375
8170.689453125
8169.279296875
8167.8544921875
8166.42041015625
8164.95703125
8163.486328125
8162.06591796875
8160.837890625
8160.0927734375
8160.28955078125
8161.8193359375
8163.4931640625
8161.65625
8155.88232421875
8151.34033203125
8151.15283203125
8150.8935546875
8147.3779296875
8143.86572265625
8143.0634765625
8142.39501953125
8139.654296875
8136.83642578125
8135.3310546875
8133.5751953125
8130.82421875
8128.591796875
8127.14306640625
8125.13916015625
8122.3935546875
8120.0302734375
8118.05419921875
8115.56103515625
8112.43212890625
8109.8203125
8108.00146484375
8106.244140625
8104.23876953125
8102.33447265625
8100.47607421875
8098.3212890625
8096.19384765625
8094.5185546875
8092.98291015625
8091.20458984375
8089.35791015625
8087.720703125
8086.1962890625
8084.6337890625
8082.92578125
8080.91015625
8078.521484375
8076.005859375
8073.73388671875
8071.8330078125
8070.09375
8068.2490234375
8066.15966796875
8063.92333984375
8061.650390625
8059.4375
8057.29931640625
8055.22314453125
8053.138671875
8051.013671875
8048.8798828125
8046.78125
8044.74853515625
8042.7314453125
8040.76904296875
8038.90966796875
8037.1787109375
8035.5283203125
8033.9326171875
8032.4267578125
8031.083984375
8029.8759765625
8028.693359375
8027.2353515625
8025.38671875
8023.1943359375
8020.9462890625
8018.9990234375
8017.4423828125
8016.15478515625
8014.8818359375
8013.43798828125
8011.8349609375
8010.1982421875
8008.70751953125
8007.36572265625
8006.1201171875
8004.80859375
8003.439453125
8002.08447265625
8000.8955078125
7999.90283203125
7999.00341796875
7998.0625
7997.0302734375
7996.0458984375
7995.3642578125
7995.173828125
7995.41015625
7995.69970703125
7995.52783203125
7994.45361328125
7992.73193359375
7990.755859375
7989.5556640625
7988.84716796875
7988.56201171875
7987.7275390625
7986.28125
7984.3076171875
7982.47705078125
7981.23095703125
7980.5654296875
7980.078125
7979.40771484375
7978.5
7977.2607421875
7975.7158203125
7973.7099609375
7971.52685546875
7969.30322265625
7967.4208984375
7965.92578125
7964.8115234375
7963.87109375
7963.01416015625
7962.2421875
7961.56005859375
7960.87060546875
7959.9482421875
7958.77685546875
7957.6279296875
7956.8271484375
7956.55859375
7956.53125
7956.267578125
7955.20263671875
7953.12451171875
7950.12255859375
7946.66162109375
7943.34375
7940.669921875
7938.95947265625
7937.890625
7936.9345703125
7935.662109375
7933.8515625
7931.677734375
7929.572265625
7927.90625
7926.7900390625
7926.005859375
7925.19140625
7924.0390625
7922.46142578125
7920.7119140625
7919.1806640625
7918.1015625
7917.4482421875
7916.9130859375
7916.17919921875
7915.07568359375
7913.78466796875
7912.5810546875
7911.666015625
7910.93603515625
7910.31640625
7909.482421875
7908.640625
7907.55078125
7906.68505859375
7905.6083984375
7904.72021484375
7903.56640625
7902.6103515625
7901.82275390625
7901.42529296875
7901.3251953125
7901.3544921875
7901.62890625
7901.58642578125
7901.2314453125
7899.15185546875
7896.09228515625
7893.01708984375
7890.96923828125
7890.0830078125
7889.05126953125
7887.3408203125
7884.9111328125
7883.08447265625
7882.3125
7882.07958984375
7881.5615234375
7880.515625
7879.4677734375
7878.75537109375
7877.9228515625
7876.4541015625
7874.31640625
7872.1806640625
7870.7099609375
7869.84228515625
7869.380859375
7868.859375
7868.62890625
7868.482421875
7868.51123046875
7868.13671875
7867.5380859375
7866.64111328125
7865.97216796875
7865.265625
7864.7626953125
7864.11865234375
7863.8857421875
7863.619140625
7863.5576171875
7862.8076171875
7861.80712890625
7860.4150390625
7859.52294921875
7859.0849609375
7859.5830078125
7860.45166015625
7861.642578125
7861.86181640625
7860.5498046875
7856.865234375
7852.9912109375
7850.8154296875
7851.2685546875
7851.9921875
7851.138671875
7848.0380859375
7844.486328125
7841.54052734375
7839.7685546875
7838.462890625
7837.88330078125
7837.4384765625
7837.0849609375
7835.91943359375
7834.61181640625
7833.34033203125
7832.5927734375
7831.73291015625
7830.78857421875
7829.7724609375
7829.02099609375
7828.076171875
7826.5517578125
7824.14453125
7821.8369140625
7820.40380859375
7819.85693359375
7819.42236328125
7818.87939453125
7818.1923828125
7817.26123046875
7815.6982421875
7813.8525390625
7812.12109375
7810.62548828125
7809.15625
7807.85205078125
7806.814453125
7805.9423828125
7805.07666015625
7804.2822265625
7803.4541015625
7802.61376953125
7801.78515625
7801.2080078125
7800.548828125
7799.7197265625
7798.43359375
7797.17529296875
7796.0068359375
7795.404296875
7795.1669921875
7795.2119140625
7794.9814453125
7794.439453125
7793.4921875
7792.4970703125
7791.42431640625
7790.5625
7789.728515625
7789.16259765625
7788.576171875
7788.30908203125
7787.8720703125
7787.658203125
7786.91064453125
7786.326171875
7785.091796875
7784.0849609375
7782.634765625
7781.4521484375
7780.009765625
7778.7900390625
7777.53515625
7776.583984375
7775.70458984375
7775.0869140625
7774.48828125
7774.17578125
7773.97265625
7774.16796875
7774.5146484375
7775.1337890625
7775.6806640625
7776.130859375
7776.2373046875
7775.93359375
7775.0
7773.1318359375
7770.4609375
7767.0048828125
7763.7841796875
7761.09716796875
7759.23046875
7758.0146484375
7757.2236328125
7756.60546875
7755.966796875
7755.14111328125
7753.9599609375
7752.47705078125
7750.93310546875
7749.689453125
7748.9375
7748.3828125
7747.61181640625
7746.3779296875
7745.02587890625
7744.08203125
7743.8662109375
7743.8857421875
7743.3623046875
7741.58251953125
7739.1806640625
7737.0869140625
7736.27978515625
7736.27294921875
7736.54052734375
7735.978515625
7734.9609375
7733.54443359375
7732.68505859375
7731.9716796875
7731.40966796875
7730.478515625
7729.28515625
7727.873046875
7726.3857421875
7724.8330078125
7723.36328125
7721.96875
7720.94921875
7720.06787109375
7719.6796875
7719.0654296875
7718.90380859375
7718.5283203125
7718.75634765625
7718.9736328125
7719.3134765625
7719.3095703125
7718.74365234375
7717.78662109375
7716.134765625
7714.3349609375
7712.0009765625
7709.8251953125
7707.7822265625
7706.3837890625
7705.3251953125
7704.4365234375
7702.9501953125
7700.73046875
7697.76171875
7694.70703125
7692.171875
7690.4189453125
7689.2568359375
7688.1953125
7686.8984375
7685.2783203125
7683.830078125
7682.6416015625
7682.5146484375
7681.76318359375
7681.0966796875
7677.9755859375
7674.5625
7671.615234375
7669.771484375
7668.82958984375
7667.97509765625
7667.1474609375
7665.76318359375
7664.287109375
7662.7734375
7661.4501953125
7660.35986328125
7659.63671875
7659.2880859375
7659.34765625
7659.5927734375
7659.7392578125
7659.580078125
7658.73974609375
7657.5615234375
7655.705078125
7654.0380859375
7652.53076171875
7651.8134765625
7651.63720703125
7651.91259765625
7652.13916015625
7652.07666015625
7651.6826171875
7651.12060546875
7650.7255859375
7650.509765625
7650.49609375
7650.24169921875
7649.6904296875
7648.552734375
7647.1669921875
7645.484375
7643.91015625
7642.4375
7641.404296875
7640.8359375
7640.8671875
7641.23046875
7641.80517578125
7642.14990234375
7642.1064453125
7641.1904296875
7639.4755859375
7636.8603515625
7634.220703125
7631.7529296875
7630.40625
7629.54296875
7629.404296875
7628.81884765625
7628.03857421875
7626.5009765625
7624.88916015625
7623.18359375
7621.70703125
7620.24609375
7618.8955078125
7617.6513671875
7616.6611328125
7615.90966796875
7615.29150390625
7614.7685546875
7614.103515625
7613.5361328125
7612.79248046875
7612.30859375
7611.6787109375
7611.2421875
7610.51171875
7609.73486328125
7608.640625
7607.587890625
7606.56787109375
7605.8525390625
7605.33203125
7605.01513671875
7604.71337890625
7604.392578125
7604.01171875
7603.5888671875
7603.1591796875
7602.716796875
7602.3798828125
7602.0654296875
7602.01220703125
7601.94384765625
7602.1552734375
7602.1640625
7602.4130859375
7602.302734375
7602.353515625
7601.908203125
7601.32421875
7600.1708984375
7598.72900390625
7596.99169921875
7595.1953125
7593.33642578125
7591.4521484375
7589.708984375
7588.3759765625
7587.70556640625
7587.482421875
7587.4609375
7587.08349609375
7586.3662109375
7585.18310546875
7584.05810546875
7583.171875
7582.828125
7583.1708984375
7583.8662109375
7584.65185546875
7584.0615234375
7582.0146484375
7578.79052734375
7576.421875
7575.8740234375
7576.423828125
7576.8349609375
7576.015625
7574.4716796875
7572.8955078125
7572.3291015625
7572.6533203125
7573.353515625
7573.3974609375
7572.83056640625
7571.884765625
7571.396484375
7571.0654296875
7570.705078125
7569.6328125
7568.33642578125
7567.0810546875
7566.5205078125
7566.3232421875
7566.322265625
7566.16650390625
7566.05859375
7566.150390625
7566.388671875
7566.52734375
7566.1142578125
7565.12451171875
7563.5263671875
7561.60986328125
7559.6171875
7557.92138671875
7556.76171875
7556.24609375
7556.0732421875
7556.00634765625
7555.5732421875
7554.798828125
7553.61083984375
7552.39599609375
7551.41943359375
7550.9140625
7551.0087890625
7551.12255859375
7551.06982421875
7550.11328125
7548.52734375
7546.7529296875
7545.18359375
7544.17236328125
7543.3232421875
7542.52490234375
7541.3388671875
7540.1875
7538.98193359375
7538.1748046875
7537.35595703125
7536.564453125
7535.3935546875
7534.18896484375
7533.07470703125
7532.3984375
7532.05615234375
7531.87744140625
7531.580078125
7531.0654296875
7530.3271484375
7529.43408203125
7528.4521484375
7527.4033203125
7526.3349609375
