673.9520263671875
547.8093872070312
462.5413818359375
401.3166809082031
356.88330078125
324.7581787109375
301.95037841796875
285.9154357910156
274.41009521484375
265.9488830566406
259.7087707519531
255.10733032226562
251.5994415283203
248.72540283203125
246.23338317871094
244.0240936279297
241.99874877929688
240.06988525390625
238.23101806640625
236.5076141357422
234.90248107910156
233.37118530273438
231.85076904296875
230.34080505371094
228.88888549804688
227.52813720703125
226.24990844726562
225.00991821289062
223.7796630859375
222.57237243652344
221.41146850585938
220.29823303222656
219.21397399902344
218.14698791503906
217.1046600341797
216.09982299804688
215.1470947265625
214.25933837890625
213.44883728027344
212.7265625
212.091552734375
211.53579711914062
211.04940795898438
210.62815856933594
210.2643585205078
209.94100952148438
209.64324951171875
209.361083984375
209.08908081054688
208.82598876953125
208.5730438232422
208.33103942871094
208.0978240966797
207.87193298339844
207.6532745361328
207.44801330566406
207.2580108642578
207.07980346679688
206.91091918945312
206.75340270996094
206.60780334472656
206.47134399414062
206.34107971191406
206.2161407470703
206.09634399414062
205.97972106933594
205.8643035888672
205.75054931640625
205.63876342773438
205.52853393554688
205.4209747314453
205.31797790527344
205.2205810546875
205.12869262695312
205.04296875
204.96371459960938
204.89019775390625
204.82174682617188
204.75765991210938
204.69735717773438
204.63992309570312
204.58447265625
204.53085327148438
204.4781494140625
204.42556762695312
204.37332153320312
204.32174682617188
204.2707977294922
204.22068786621094
204.17196655273438
204.12490844726562
204.07945251464844
204.0355224609375
203.9932098388672
203.95230102539062
203.9129180908203
203.8746795654297
203.83766174316406
203.8016357421875
203.7667694091797
203.73287963867188
203.69992065429688
203.66763305664062
203.63623046875
203.60562133789062
203.5754852294922
203.546142578125
203.51734924316406
203.48910522460938
203.4615936279297
203.43460083007812
203.40821838378906
203.38339233398438
203.3582000732422
203.33348083496094
203.31085205078125
203.2872314453125
203.26431274414062
203.24176025390625
203.21983337402344
203.1984405517578
203.17739868164062
203.15670776367188
203.13592529296875
203.11611938476562
203.09674072265625
203.0777130126953
203.05914306640625
203.04086303710938
203.02310180664062
203.00564575195312
202.98849487304688
202.9716796875
202.9552459716797
202.9390869140625
202.9232177734375
202.90769958496094
202.89247131347656
202.87744140625
202.8628387451172
202.84872436523438
202.8345947265625
202.82070922851562
202.80709838867188
202.79385375976562
202.78073120117188
202.7678985595703
202.75381469726562
202.741455078125
202.7292022705078
202.7173309326172
202.70562744140625
202.69400024414062
202.68272399902344
202.67132568359375
202.6605224609375
202.649658203125
202.63909912109375
202.6287078857422
202.61849975585938
202.60838317871094
202.59861755371094
202.58877563476562
202.57943725585938
202.57000732421875
202.5609588623047
202.55184936523438
202.5427703857422
202.533935546875
202.52529907226562
202.51663208007812
202.50820922851562
202.4998321533203
202.49159240722656
202.48348999023438
202.4757080078125
202.46778869628906
202.46002197265625
202.45233154296875
202.44479370117188
202.43731689453125
202.429931640625
202.4226837158203
202.41552734375
202.40847778320312
202.4014434814453
202.39447021484375
202.3892364501953
202.3824005126953
202.3757781982422
202.36920166015625
202.36264038085938
202.35629272460938
202.34982299804688
202.3435516357422
202.33743286132812
202.33123779296875
202.32510375976562
202.31912231445312
202.3131103515625
