7834.611328125
7818.3369140625
7802.923828125
7788.326171875
7774.484375
7761.35302734375
7748.876953125
7737.00634765625
7725.68896484375
7714.8828125
7704.546875
7694.64404296875
7685.14208984375
7676.01708984375
7667.2373046875
7658.7880859375
7650.6494140625
7642.8076171875
7635.24853515625
7627.9619140625
7620.939453125
7614.1630859375
7607.62890625
7601.32958984375
7595.2587890625
7589.39990234375
7583.74658203125
7578.2900390625
7573.0224609375
7567.93505859375
7563.01806640625
7558.263671875
7553.66845703125
7549.2216796875
7544.923828125
7540.7607421875
7536.73486328125
7532.837890625
7529.0615234375
7525.40576171875
7521.869140625
7518.44140625
7515.12109375
7511.900390625
7508.78125
7505.7568359375
7502.82470703125
7499.9814453125
7497.22265625
7494.54541015625
7491.94873046875
7489.42578125
7486.97900390625
7484.6005859375
7482.2890625
7480.0419921875
7477.859375
7475.73388671875
7473.6708984375
7471.662109375
7469.70751953125
7467.802734375
7465.947265625
7464.14306640625
7462.388671875
7460.67724609375
7459.009765625
7457.3828125
7455.79833984375
7454.25146484375
7452.7431640625
7451.271484375
7449.83251953125
7448.431640625
7447.06103515625
7445.724609375
7444.4140625
7443.13671875
7441.88916015625
7440.66796875
7439.47314453125
7438.3056640625
7437.162109375
7436.044921875
7434.95166015625
7433.880859375
7432.8310546875
7431.80419921875
7430.7978515625
7429.8125
7428.84619140625
7427.8974609375
7426.96728515625
7426.05517578125
7425.1611328125
7424.2822265625
7423.419921875
7422.57421875
7421.74365234375
7420.92724609375
7420.12646484375
7419.33642578125
7418.55859375
7417.796875
7417.0498046875
7416.314453125
7415.591796875
7414.88037109375
7414.18017578125
7413.490234375
7412.8134765625
7412.14453125
7411.48974609375
7410.84375
7410.20703125
7409.58203125
7408.962890625
7408.35546875
7407.755859375
7407.166015625
7406.583984375
7406.01171875
7405.44921875
7404.888671875
7404.3408203125
7403.8017578125
7403.2705078125
7402.74609375
7402.23046875
7401.72265625
7401.2216796875
7400.728515625
7400.24169921875
7399.76416015625
7399.2890625
7398.82421875
7398.3671875
7397.9150390625
7397.47216796875
7397.033203125
7396.6044921875
7396.181640625
7395.7646484375
7395.35546875
7394.951171875
7394.5537109375
7394.162109375
7393.7763671875
7393.3984375
7393.0224609375
7392.65625
7392.2958984375
7391.939453125
7391.5859375
7391.24267578125
7390.90185546875
7390.5693359375
7390.23779296875
7389.9130859375
7389.5947265625
7389.28173828125
7388.9736328125
7388.669921875
7388.369140625
7388.0751953125
7387.78564453125
7387.50048828125
7387.21875
7386.9423828125
7386.66748046875
7386.39794921875
7386.1318359375
7385.8701171875
7385.6123046875
7385.35693359375
7385.10546875
7384.8583984375
7384.615234375
7384.3740234375
7384.138671875
7383.9052734375
7383.6728515625
7383.44580078125
7383.21923828125
7382.9970703125
7382.77734375
7382.55859375
7382.341796875
7382.1318359375
7381.921875
7381.71435546875
7381.5087890625
7381.3056640625
7381.10693359375
7380.9091796875
7380.71142578125
7380.517578125
7380.32568359375
7380.13671875
7379.94921875
