15362.3125
15355.2509765625
15348.599609375
15342.2763671875
15336.21484375
15330.419921875
15324.791015625
15319.37890625
15314.146484375
15309.103515625
15304.203125
15299.4501953125
15294.83203125
15290.376953125
15286.02734375
15281.7900390625
15277.6630859375
15273.65625
15269.7626953125
15265.962890625
15262.2666015625
15258.67578125
15255.185546875
15251.80078125
15248.5078125
15245.296875
15242.185546875
15239.158203125
15236.21484375
15233.3466796875
15230.576171875
15227.8818359375
15225.251953125
15222.69921875
15220.2275390625
15217.818359375
15215.4833984375
15213.2021484375
15211.001953125
15208.859375
15206.7705078125
15204.748046875
15202.783203125
15200.8642578125
15199.0068359375
15197.1953125
15195.43359375
15193.7236328125
15192.0546875
15190.44140625
15188.865234375
15187.3359375
15185.8447265625
15184.3935546875
15182.974609375
15181.599609375
15180.2607421875
15178.953125
15177.689453125
15176.4580078125
15175.2529296875
15174.0703125
15172.9296875
15171.81640625
15170.734375
15169.673828125
15168.646484375
15167.6435546875
15166.66796875
15165.7060546875
15164.7734375
15163.8671875
15162.984375
15162.1162109375
15161.279296875
15160.4560546875
15159.6533203125
15158.869140625
15158.10546875
15157.35546875
15156.6328125
15155.9228515625
15155.232421875
15154.552734375
15153.89453125
15153.248046875
15152.61328125
15152.001953125
15151.400390625
15150.8125
15150.240234375
15149.6796875
15149.130859375
15148.5908203125
15148.0703125
15147.5576171875
15147.056640625
15146.5654296875
15146.0849609375
15145.6162109375
15145.15625
15144.7080078125
15144.265625
15143.833984375
15143.41796875
15143.00390625
15142.6015625
15142.203125
15141.8212890625
15141.4453125
15141.072265625
15140.7080078125
15140.3525390625
15140.0009765625
15139.658203125
15139.3232421875
15138.994140625
15138.673828125
15138.357421875
15138.0458984375
15137.7451171875
15137.4482421875
15137.16015625
15136.869140625
15136.5888671875
15136.310546875
15136.0380859375
15135.775390625
15135.513671875
15135.2548828125
15135.001953125
15134.7568359375
15134.5126953125
15134.275390625
15134.037109375
15133.8076171875
15133.5830078125
15133.359375
15133.140625
15132.927734375
15132.71875
15132.509765625
15132.306640625
15132.10546875
15131.9072265625
15131.7138671875
15131.5234375
15131.3369140625
15131.154296875
15130.974609375
15130.7998046875
15130.625
15130.4521484375
15130.283203125
15130.12109375
15129.9599609375
15129.80078125
15129.640625
15129.486328125
15129.3349609375
15129.1845703125
15129.033203125
15128.8896484375
15128.751953125
15128.609375
15128.47265625
15128.3369140625
15128.2060546875
15128.076171875
15127.947265625
15127.822265625
15127.701171875
15127.578125
15127.45703125
15127.341796875
15127.2255859375
15127.11328125
15127.001953125
15126.892578125
15126.78515625
15126.677734375
15126.57421875
15126.4736328125
15126.375
15126.2734375
15126.177734375
15126.08203125
15125.990234375
15125.8984375
15125.80859375
15125.71875
15125.6328125
15125.5498046875
15125.46484375
15125.3818359375
15125.30078125
15125.22265625
15125.146484375
15125.072265625
15124.9951171875
4083949.25
104893.1015625
67635.4765625
66709.8046875
67383.59375
66182.4609375
64511.1953125
62949.41015625
62341.765625
61769.85546875
60838.421875
59399.96875
57747.953125
56182.58203125
54668.55078125
53036.2734375
51281.9765625
49528.3671875
47889.68359375
46362.9921875
44854.1015625
43291.12890625
41715.0625
40230.51171875
38893.73046875
37660.52734375
36485.16015625
35366.45703125
34338.0078125
33409.75
32504.166015625
31611.59765625
30737.1484375
29909.0390625
29129.62109375
28395.138671875
27695.451171875
27027.62890625
26395.7421875
25801.44921875
25246.041015625
24727.560546875
24243.099609375
23781.625
23335.654296875
22908.08984375
22499.1875
22113.4375
21753.8125
21418.548828125
21100.80078125
20795.4375
20505.923828125
20227.796875
19966.359375
19716.330078125
19474.78125
19247.80078125
19030.58984375
18821.44140625
18621.18359375
18427.30078125
18242.744140625
18065.98046875
17894.14453125
17729.943359375
17571.228515625
17419.015625
17272.94921875
17132.54296875
16998.94921875
16870.609375
16747.56640625
16628.787109375
16513.66796875
16402.03515625
16293.3994140625
16188.4453125
16086.4912109375
15987.369140625
15891.0859375
15797.13671875
15705.4140625
15615.736328125
15528.306640625
15442.8955078125
15359.4951171875
15277.8212890625
15198.11328125
15120.19921875
15044.166015625
14969.9248046875
14897.34375
14826.01953125
14755.666015625
14685.802734375
14616.37890625
14547.818359375
14481.662109375
14418.5263671875
14357.6123046875
14297.111328125
14238.732421875
14175.5546875
14116.982421875
14060.2900390625
14001.7333984375
13945.9150390625
13892.3310546875
13834.369140625
13788.6611328125
13748.41015625
13696.6748046875
13627.3388671875
13602.11328125
13535.6083984375
13516.1904296875
13455.84765625
13385.162109375
13338.998046875
13305.9130859375
13240.705078125
13219.4326171875
13173.4580078125
13117.3271484375
13070.28125
13026.943359375
12980.568359375
12932.9697265625
12891.1806640625
12850.8505859375
12806.52734375
12762.529296875
12720.484375
12680.947265625
12641.515625
12601.05859375
12559.86328125
12521.755859375
12485.419921875
12447.404296875
12409.41015625
12374.923828125
12341.9150390625
12308.0361328125
12274.759765625
12243.806640625
12213.830078125
12182.7509765625
12151.884765625
12122.2509765625
12092.828125
12062.9716796875
12033.2509765625
12004.080078125
11975.166015625
11946.4541015625
11918.1025390625
11890.177734375
11862.767578125
11835.875
11809.2734375
11783.0537109375
11757.388671875
11732.060546875
11707.0224609375
11682.5703125
11658.728515625
11635.46875
11611.6953125
11587.806640625
11564.033203125
11541.5322265625
11519.765625
11497.4296875
11474.998046875
11453.2265625
11432.17578125
11411.244140625
11390.0615234375
11369.30859375
11349.107421875
11329.0224609375
11308.9580078125
11289.1064453125
11269.6181640625
11250.328125
11231.1328125
11212.17578125
11193.466796875
11174.92578125
11156.607421875
11138.4853515625
11120.548828125
11102.685546875
11085.009765625
11067.5888671875
11050.3740234375
11033.2744140625
11016.3212890625
10999.533203125
10982.9609375
10966.5859375
10950.4130859375
10934.337890625
10918.208984375
10901.8232421875
10885.37890625
10869.259765625
10853.5615234375
10837.9033203125
10821.888671875
10805.564453125
10789.197265625
10772.7890625
10755.958984375
10738.4931640625
10721.248046875
10706.990234375
10692.94140625
10677.72265625
10661.9560546875
10646.49609375
10631.73046875
10617.119140625
10602.25390625
10586.3369140625
10570.4921875
10554.7890625
10539.2099609375
10523.2734375
10507.0009765625
10490.23046875
10473.7421875
10457.2314453125
10440.7021484375
10424.25
10407.9228515625
10392.2353515625
10375.33203125
10358.294921875
10339.6494140625
10322.328125
10306.375
10290.16796875
10273.2001953125
10254.208984375
10234.779296875
10219.728515625
10219.7412109375
10200.6416015625
10200.51171875
10167.37890625
10265.5185546875
10426.6640625
14151.400390625
10568.3896484375
11046.2265625
11523.41015625
11808.1640625
11994.73046875
12113.0537109375
12313.7490234375
12573.9375
12902.341796875
12726.654296875
12556.3388671875
12502.009765625
12445.638671875
12328.142578125
12263.2548828125
12190.7890625
12093.4150390625
11986.802734375
11837.826171875
11708.9375
11572.66796875
11445.8125
11330.5078125
11229.630859375
11171.1142578125
11113.4296875
11032.9873046875
10955.3994140625
10864.572265625
10767.4033203125
10682.208984375
10604.423828125
10556.767578125
10511.591796875
10456.775390625
10405.4697265625
10358.7919921875
10319.904296875
10281.404296875
10254.5390625
10236.181640625
10220.5380859375
10208.9814453125
10190.2626953125
10167.8388671875
10144.71875
10122.7626953125
10101.84375
10079.8955078125
10058.1796875
10037.6708984375
10018.4833984375
9997.271484375
9974.8515625
9955.0126953125
9936.1298828125
9919.150390625
9904.572265625
9889.1474609375
9872.962890625
9857.80078125
9843.171875
9827.49609375
9811.6875
9796.9892578125
9782.603515625
9769.0830078125
9755.9033203125
9742.3212890625
9728.931640625
9715.58984375
9703.0625
9689.76953125
9676.333984375
9662.9228515625
9650.642578125
9639.2509765625
9627.552734375
9615.6494140625
9603.59375
9592.072265625
9581.2529296875
9570.5341796875
9559.546875
9548.48046875
9537.97265625
9527.740234375
9517.228515625
9506.6845703125
9496.40234375
9486.3857421875
9476.376953125
9466.28125
9456.3359375
9446.814453125
9437.7197265625
9428.9111328125
9420.4228515625
9412.6904296875
9406.2822265625
9401.921875
9398.861328125
9393.16796875
9380.2197265625
9365.171875
9356.05078125
9351.818359375
9344.958984375
9333.044921875
9322.74609375
9317.8203125
9311.75
9300.986328125
9292.263671875
9287.5283203125
9280.2861328125
9270.5810546875
9263.5615234375
9257.5888671875
9249.458984375
9241.3779296875
9234.7734375
9228.068359375
9220.818359375
9213.58984375
9206.484375
9199.708984375
9193.025390625
9185.953125
9179.041015625
9172.6484375
9166.0361328125
9159.064453125
9152.572265625
9146.423828125
9139.884765625
9133.1708984375
9126.8173828125
9120.611328125
9114.3515625
9108.1748046875
9102.09375
9096.0419921875
9090.052734375
9084.1259765625
9078.2587890625
9072.2431640625
9065.7802734375
9059.1171875
9053.05859375
9047.7197265625
9042.2919921875
9036.294921875
9030.40234375
9025.33203125
9020.375
9015.15625
9009.47265625
9004.08984375
8998.439453125
8992.5888671875
8986.75
8981.267578125
8976.029296875
8970.8583984375
8965.951171875
8960.935546875
8955.6640625
8949.921875
8944.3876953125
8939.51953125
8935.017578125
8930.2470703125
8924.6728515625
8918.939453125
8913.5615234375
8908.498046875
8904.091796875
8899.021484375
8894.056640625
8888.802734375
8883.7578125
8879.087890625
8874.208984375
8869.1171875
8863.96484375
8858.505859375
8853.8427734375
8848.8701171875
8844.2646484375
8839.1669921875
8834.13671875
8828.7587890625
8823.869140625
8818.9013671875
8814.318359375
8809.365234375
8804.4169921875
8799.2919921875
8794.5380859375
8790.0703125
8785.865234375
8781.431640625
8776.755859375
8772.08984375
8767.771484375
8763.97265625
8760.0830078125
8755.8486328125
8750.8408203125
8746.546875
8741.96875
8737.720703125
8732.5771484375
8727.4736328125
8723.04296875
8718.94921875
8714.55859375
8709.2998046875
8704.134765625
8699.6904296875
8695.8486328125
8691.822265625
8687.1982421875
8682.80859375
8679.27734375
8676.21875
8672.6103515625
8668.14453125
8664.076171875
8660.814453125
8656.5869140625
8651.7890625
8646.8310546875
8642.5615234375
8638.6181640625
8635.337890625
8632.7587890625
8629.5068359375
8624.828125
8619.9091796875
8615.8173828125
8611.4326171875
8606.216796875
8601.4130859375
8597.30859375
8592.921875
8588.2353515625
8584.455078125
8581.1181640625
8577.08984375
8572.6630859375
8568.310546875
8563.931640625
8559.619140625
8555.990234375
8552.697265625
8548.568359375
8543.408203125
8538.0673828125
8533.26953125
8528.9833984375
8525.1005859375
8520.92578125
8516.4755859375
8511.482421875
8507.2734375
8503.447265625
8499.8076171875
8495.595703125
8491.134765625
8486.44921875
8481.697265625
8476.693359375
8471.48828125
8466.1796875
8460.982421875
8456.63671875
8453.3017578125
8450.0390625
8448.140625
8454.3486328125
8491.802734375
8464.732421875
8459.267578125
8454.587890625
8447.22265625
8457.0712890625
8434.033203125
8439.1416015625
8428.7646484375
8425.01171875
8420.4521484375
8413.7265625
8410.294921875
8403.8154296875
8403.66796875
8395.85546875
8393.24609375
8388.86328125
8383.765625
8380.48828125
8376.25
8373.958984375
8367.6611328125
8367.66015625
8361.3623046875
8359.2119140625
8354.7529296875
8350.224609375
8347.0126953125
8343.689453125
8340.875
8337.7646484375
8335.3408203125
8332.271484375
8328.59765625
8323.984375
8320.0595703125
8316.74609375
8313.775390625
8310.9267578125
8307.720703125
8304.689453125
8302.15234375
8299.82421875
8297.099609375
8293.8271484375
8289.9560546875
8286.58203125
8284.044921875
8282.3369140625
8281.0419921875
8279.7880859375
8278.7998046875
8277.0361328125
8274.0
8268.013671875
8260.70703125
8255.2763671875
8252.6015625
8251.716796875
8249.533203125
8246.3740234375
8242.251953125
8238.0517578125
8233.267578125
8228.8046875
8225.0341796875
8222.15234375
8219.3017578125
8215.9599609375
8212.0078125
8207.615234375
8203.447265625
8199.986328125
8197.1806640625
8194.6630859375
8192.38671875
8190.392578125
8188.576171875
8186.55517578125
8184.34375
8182.03955078125
8179.890625
8177.8056640625
8175.4365234375
8172.4912109375
8168.6181640625
8164.32421875
8160.271484375
8157.740234375
8156.029296875
8155.09375
8153.03515625
8150.5
8147.087890625
8144.42724609375
8142.2822265625
8141.0439453125
8139.59814453125
8137.9912109375
8136.017578125
8134.0068359375
8131.85546875
8129.396484375
8126.51220703125
8123.47802734375
8120.6435546875
8118.40673828125
8116.88134765625
8115.7587890625
8114.787109375
8113.33154296875
8111.3623046875
8109.064453125
8106.58447265625
8104.4345703125
8102.4677734375
8101.0
8099.779296875
8098.982421875
8097.8603515625
8096.60107421875
8095.19921875
8094.80322265625
8094.9716796875
8094.1455078125
8091.38525390625
8088.00830078125
8085.828125
8085.4306640625
8084.67529296875
8083.4013671875
8081.6298828125
8080.232421875
8078.7607421875
8076.8544921875
8074.33935546875
8071.6171875
8067.791015625
8063.4169921875
8059.2880859375
8056.78515625
8055.31201171875
8054.64892578125
8053.697265625
8052.2587890625
8049.58203125
8046.72265625
8044.0751953125
8042.771484375
8041.92578125
8041.99462890625
8041.39013671875
8040.89794921875
8038.875
8036.6328125
8033.876953125
8031.75830078125
8030.16796875
8029.1025390625
8027.73486328125
8025.765625
8023.4384765625
8021.5029296875
8020.42431640625
8019.7041015625
8018.75390625
8016.7568359375
8013.9638671875
8011.166015625
8009.13671875
8008.3193359375
8007.5263671875
8006.56982421875
8004.95263671875
8003.74658203125
8003.115234375
8002.9951171875
8002.86181640625
8002.91455078125
8003.3896484375
8004.22607421875
8004.0830078125
8002.43310546875
7998.9384765625
7995.193359375
7991.81884765625
7989.8310546875
7988.34033203125
7987.267578125
7985.38671875
7983.0771484375
7980.0615234375
7977.9833984375
7976.556640625
7976.4423828125
7975.8935546875
7974.98193359375
7972.88720703125
7970.84765625
7968.78759765625
7967.361328125
7966.1201171875
7965.36865234375
7964.8369140625
7964.64306640625
7964.4560546875
7964.158203125
7964.05517578125
7964.5673828125
7966.015625
7967.2294921875
7966.05712890625
7962.9755859375
7957.4345703125
7953.7265625
7951.9951171875
7951.845703125
7950.505859375
7948.98681640625
7946.44140625
7943.4111328125
7940.5625
7939.72021484375
7940.06640625
7940.701171875
7941.00927734375
7940.36669921875
7937.0830078125
7932.2177734375
7928.109375
7927.0810546875
7927.6435546875
7928.5029296875
7928.1533203125
7926.97265625
7924.9814453125
7923.57421875
7922.41162109375
7921.4716796875
7919.75
7918.1962890625
7916.626953125
7915.9296875
7915.31689453125
7915.23095703125
7914.53662109375
7913.6533203125
7911.72998046875
7909.9990234375
7907.83203125
7906.3603515625
7904.5322265625
7903.70556640625
7902.685546875
7902.61767578125
7902.01416015625
7901.6181640625
7900.6298828125
7900.2705078125
7900.27734375
7901.271484375
7901.982421875
7901.810546875
7899.857421875
7896.58544921875
7892.7607421875
7889.9111328125
7888.33203125
7888.703125
7889.73876953125
7891.1240234375
7891.5380859375
7891.0263671875
7889.29736328125
7887.416015625
7885.6201171875
7884.537109375
7883.65966796875
7882.92578125
7881.5185546875
7879.7470703125
7877.4912109375
7875.4677734375
7873.78125
7872.56884765625
7871.3662109375
7870.525390625
7869.35498046875
7868.75
7867.576171875
7866.83349609375
7865.3779296875
7864.2236328125
7862.4697265625
7860.970703125
7859.28759765625
7858.23095703125
7857.388671875
7857.08740234375
7856.4296875
7855.3232421875
7853.2607421875
7851.04833984375
7849.34716796875
7848.76611328125
7849.18115234375
7850.111328125
7850.734375
7850.84033203125
7849.83203125
7848.349609375
7846.12451171875
7844.2197265625
7842.416015625
7841.65625
7841.12255859375
7841.5712890625
7841.62939453125
7842.1806640625
7842.0849609375
7842.15234375
7841.5439453125
7840.7587890625
7838.8359375
7836.3330078125
7833.1650390625
7830.724609375
7829.0107421875
7828.349609375
7828.150390625
7828.5712890625
7828.62744140625
7828.54638671875
7826.87744140625
7825.453125
7823.7412109375
7823.29443359375
7822.32275390625
7821.44921875
7819.4931640625
7817.939453125
7816.083984375
7814.966796875
7813.990234375
7813.74560546875
7813.60302734375
7813.4765625
7812.91455078125
7812.095703125
7811.05517578125
7810.0859375
7809.01611328125
7808.27880859375
7807.42626953125
7807.244140625
7806.81005859375
7806.916015625
7806.62841796875
7806.4736328125
7805.8662109375
7805.16162109375
7804.123046875
7803.1748046875
7802.16748046875
7801.3701171875
7800.15771484375
7798.84375
7797.35498046875
7796.568359375
7796.4013671875
7796.6904296875
7796.7216796875
7796.1513671875
7795.064453125
7794.1240234375
7793.1015625
7792.26318359375
7790.62255859375
7789.1982421875
7787.65234375
7787.84228515625
7788.970703125
7791.6630859375
7793.48095703125
7794.4912109375
7793.14453125
7790.9228515625
7787.630859375
7784.38427734375
7780.767578125
7777.7666015625
7775.6572265625
7775.2578125
7776.1240234375
7777.63671875
7778.94482421875
7779.83203125
7780.31640625
7780.57373046875
7779.7412109375
7778.2958984375
7777.076171875
7777.36279296875
7778.3642578125
7779.0361328125
7778.22705078125
7778.0263671875
7777.9443359375
7779.85986328125
7779.42041015625
7777.232421875
7772.876953125
7769.04638671875
7765.9111328125
7764.5478515625
7763.01708984375
7761.998046875
7759.9853515625
7758.40625
7756.24462890625
7754.5380859375
7752.6171875
7751.302734375
7750.0458984375
7749.3125
7748.40185546875
7747.2470703125
7745.85546875
7744.8916015625
7744.21484375
7744.048828125
7743.451171875
7742.86083984375
7741.9423828125
7742.0625
7742.79150390625
7745.15576171875
7747.970703125
7750.77734375
7751.01220703125
7747.6533203125
7741.54443359375
7736.3310546875
7734.556640625
7736.12890625
7737.9345703125
7738.0869140625
7736.587890625
7735.984375
7736.66015625
7737.7666015625
7737.6943359375
7736.82861328125
7735.8828125
7735.0888671875
7733.8544921875
7731.994140625
7730.1708984375
7728.89697265625
7727.873046875
7726.86962890625
7725.49609375
7709.5947265625
7713.64453125
7717.13427734375
7705.810546875
7713.669921875
7709.39013671875
7705.4765625
7710.6298828125
7704.47265625
7705.423828125
7706.40478515625
7702.041015625
7704.3037109375
7702.650390625
7700.79833984375
7702.25927734375
7699.9072265625
7699.7109375
7699.87109375
7698.015625
7698.3701171875
7697.6279296875
7696.57763671875
7696.7490234375
7695.7109375
7695.23681640625
7695.00634765625
7694.08447265625
7693.845703125
7693.30810546875
7692.6396484375
7692.36669921875
7691.7275390625
7691.25
7690.85693359375
7690.255859375
7689.85546875
7689.37890625
7688.849609375
7688.4384765625
7687.92626953125
7687.45849609375
7687.0205078125
7686.5205078125
7686.0810546875
7685.625
7685.14501953125
7684.7080078125
7684.2470703125
7683.78662109375
7683.345703125
7682.8837890625
7682.43408203125
7681.9873046875
7681.5322265625
7681.09375
7680.64306640625
7680.19091796875
7679.75146484375
7679.30322265625
7678.85986328125
7678.41748046875
7677.9716796875
7677.5361328125
7677.09423828125
7676.654296875
7676.212890625
7675.7763671875
7675.337890625
7674.9013671875
7674.4638671875
7674.02734375
7673.595703125
7673.16064453125
7672.72998046875
7672.29736328125
7671.8623046875
7671.43408203125
7671.0009765625
7670.57421875
7670.14404296875
7669.71826171875
7669.28271484375
7668.8525390625
7668.423828125
7667.9931640625
7667.56640625
7667.13623046875
7666.7099609375
7666.28125
7665.85498046875
7665.43359375
7665.01171875
7664.58544921875
7664.16455078125
7663.7412109375
7663.31884765625
7662.8974609375
7662.474609375
7662.05517578125
7661.63720703125
7661.21875
7660.8046875
7660.384765625
7659.96826171875
7659.5498046875
7659.1298828125
7658.7158203125
7658.30078125
7657.880859375
7657.46435546875
7657.0478515625
7656.6337890625
7656.2177734375
7655.80078125
7655.38525390625
7654.96923828125
7654.55126953125
7654.1396484375
7653.72216796875
7653.3076171875
7652.892578125
7652.4775390625
7652.06396484375
7651.64599609375
7651.232421875
7650.818359375
7650.4033203125
7649.994140625
7649.5771484375
7649.16796875
7648.74560546875
7648.32568359375
7647.9091796875
7647.4931640625
7647.07421875
7646.65869140625
7646.23828125
7645.8193359375
7645.40185546875
7644.97607421875
7644.5556640625
7644.1337890625
7643.71484375
7643.2958984375
7642.869140625
7642.44921875
7642.025390625
7641.6025390625
7641.1787109375
7640.75537109375
7640.33447265625
7639.90771484375
7639.48779296875
7639.0634765625
7638.63720703125
7638.2158203125
7637.79150390625
7637.3701171875
7636.9482421875
7636.51806640625
7636.09423828125
7635.67236328125
7635.24365234375
7634.81884765625
7634.396484375
7633.96923828125
7633.541015625
7633.12109375
7632.6923828125
7632.2666015625
7631.8427734375
7631.42138671875
7630.9970703125
7630.576171875
7630.154296875
7629.73095703125
7629.3115234375
7628.8916015625
7628.474609375
7628.0556640625
7627.6376953125
7627.2216796875
7626.80078125
7626.38720703125
7625.9697265625
7625.552734375
7625.13818359375
7624.7197265625
7624.306640625
7623.89453125
7623.4853515625
7623.07470703125
7622.65625
7622.25
7621.8466796875
7621.439453125
7621.0283203125
7620.62109375
7620.2119140625
7619.8056640625
7619.39794921875
7618.99658203125
7618.59716796875
7618.1923828125
7617.79541015625
7617.39111328125
7616.994140625
7616.5947265625
7616.197265625
7615.7958984375
7615.40234375
7615.009765625
7614.61474609375
7614.21484375
7613.8232421875
7613.427734375
7613.0322265625
7612.638671875
7612.2421875
7611.8525390625
7611.46875
7611.0751953125
7610.6875
7610.30078125
7609.9140625
7609.521484375
7609.1357421875
7608.74560546875
7608.3583984375
7607.97021484375
7607.58447265625
7607.1962890625
7606.8154296875
7606.427734375
7606.0419921875
7605.654296875
7605.271484375
7604.8896484375
7604.509765625
7604.11962890625
7603.73681640625
7603.3505859375
7602.96484375
7602.58251953125
7602.1953125
7601.81689453125
7601.43505859375
7601.0498046875
7600.67138671875
7600.2900390625
7599.9052734375
7599.5244140625
7599.14306640625
7598.76318359375
7598.380859375
7597.99755859375
7597.61376953125
7597.23486328125
7596.8544921875
7596.4814453125
7596.1025390625
7595.7314453125
7595.3505859375
7594.974609375
7594.599609375
7594.2275390625
7593.849609375
7593.4755859375
7593.10400390625
7592.73779296875
7592.36669921875
7592.005859375
7591.6396484375
7591.2724609375
7590.9091796875
7590.544921875
7590.18359375
7589.822265625
7589.45703125
7589.103515625
7588.74609375
7588.3876953125
7588.0322265625
7587.677734375
7587.322265625
7586.96337890625
7586.6083984375
7586.2529296875
7585.9052734375
7585.55126953125
7585.197265625
7584.84423828125
7584.5
7584.14453125
7583.7900390625
7583.447265625
7583.0966796875
7582.7470703125
7582.3955078125
7582.04541015625
7581.6962890625
7581.349609375
7580.99951171875
7580.65478515625
7580.3125
7579.96923828125
7579.62109375
7579.27392578125
7578.9287109375
7578.58544921875
7578.24267578125
7577.90234375
7577.55859375
7577.2080078125
7576.8662109375
7576.52490234375
7576.17431640625
7575.8359375
7575.49755859375
7575.1552734375
7574.81201171875
7574.4716796875
7574.130859375
7573.7919921875
7573.4541015625
7573.11328125
7572.77294921875
7572.43359375
7572.09765625
7571.7587890625
7571.41943359375
7571.08544921875
7570.7412109375
7570.412109375
7570.0693359375
7569.7373046875
7569.4033203125
7569.06640625
7568.73095703125
7568.40234375
7568.06640625
7567.72802734375
7567.39599609375
7567.06103515625
7566.72900390625
7566.392578125
7566.0625
7565.73388671875
7565.4052734375
7565.06640625
7564.7353515625
7564.40087890625
7564.0673828125
7563.7392578125
7563.40625
7563.0771484375
7562.75
7562.4189453125
7562.08984375
7561.7607421875
7561.4296875
7561.103515625
7560.7734375
7560.4462890625
7560.12158203125
7559.7880859375
7559.45654296875
7559.1337890625
7558.8076171875
7558.484375
7558.1572265625
7557.833984375
7557.51025390625
7557.1826171875
7556.857421875
7556.53515625
7556.20703125
7555.88671875
7555.56787109375
7555.24755859375
7554.9228515625
7554.599609375
7554.2763671875
7553.9619140625
7553.642578125
7553.3203125
7553.001953125
7552.68115234375
7552.365234375
7552.044921875
7551.7294921875
7551.412109375
7551.09521484375
7550.7744140625
7550.4560546875
7550.1416015625
7549.8310546875
7549.51513671875
7549.20361328125
7548.89013671875
7548.5830078125
7548.2705078125
7547.96484375
7547.66064453125
7547.35888671875
7547.0595703125
7546.7724609375
7546.4951171875
7546.24462890625
7546.0400390625
7545.88134765625
7545.81103515625
7545.771484375
7545.7861328125
7545.556640625
7545.0947265625
7544.29541015625
7543.54638671875
7543.0986328125
7542.9609375
7542.9326171875
7542.716796875
7542.28466796875
7541.73486328125
7541.31591796875
7541.11083984375
7540.974609375
7540.7646484375
7540.39013671875
7539.99609375
7539.685546875
7539.47900390625
7539.2548828125
7538.9189453125
7538.5087890625
7538.12890625
7537.853515625
7537.6640625
7537.4619140625
7537.203125
7536.85205078125
7536.47705078125
7536.11279296875
7535.7900390625
7535.5107421875
7535.25048828125
7534.98583984375
7534.70849609375
7534.416015625
7534.1171875
7533.82373046875
7533.5439453125
7533.29052734375
7533.0439453125
7532.8212890625
7532.572265625
7532.376953125
7532.13427734375
7531.9873046875
7531.71826171875
7531.5498046875
7531.1875
7530.8974609375
7530.47509765625
7530.1083984375
7529.72021484375
7529.37451171875
7529.06494140625
7528.7822265625
7528.52978515625
7528.2919921875
7528.0771484375
7527.845703125
7527.6259765625
7527.375
7527.13818359375
7526.8662109375
7526.6240234375
7526.3662109375
7526.154296875
7525.9638671875
7525.8125
7525.69970703125
7525.5888671875
7525.4970703125
7525.32275390625
7525.107421875
7524.759765625
7524.3671875
7523.9150390625
7523.48828125
7523.12646484375
7522.8486328125
7522.6982421875
7522.62841796875
7522.728515625
7522.822265625
7523.111328125
7523.2421875
7523.57470703125
7523.72216796875
7524.0546875
7524.35791015625
7524.79931640625
7525.2578125
7525.68603515625
7526.064453125
7526.5771484375
7527.3759765625
7528.78515625
7530.453125
7532.36279296875
7533.40576171875
7533.85302734375
7532.80810546875
7531.7041015625
7529.92333984375
7528.90625
7527.6611328125
7527.556640625
7527.5712890625
7528.359375
7528.44580078125
7528.1015625
7526.4609375
7524.732421875
7523.27294921875
7523.078125
7523.87451171875
7525.359375
7526.7568359375
7527.5087890625
7526.96826171875
7525.212890625
7522.865234375
7521.171875
7520.443359375
7520.376953125
7520.1591796875
7519.513671875
7518.7080078125
7518.21484375
7518.0576171875
7517.9267578125
7517.4423828125
7516.73974609375
7515.98193359375
7515.5244140625
7515.03076171875
7514.55517578125
7513.8291015625
7513.3427734375
7513.08935546875
7513.3212890625
7513.556640625
7513.888671875
7513.89404296875
7514.0576171875
7513.9296875
7514.05078125
7513.8916015625
7514.08154296875
7514.177734375
7514.6103515625
7514.74072265625
7514.69091796875
7514.0498046875
7513.287109375
7512.61181640625
7512.48291015625
7512.7041015625
7512.8046875
7512.3505859375
7511.5517578125
7510.77197265625
7510.5986328125
7510.81005859375
7511.0537109375
7510.8935546875
7510.34423828125
7509.80859375
7509.509765625
7509.84228515625
7510.3681640625
7511.27099609375
7512.01123046875
7512.7109375
7513.123046875
7513.05078125
7512.63134765625
7511.9609375
7511.3466796875
7510.7919921875
7510.298828125
7509.755859375
7509.2587890625
7508.67578125
7508.0146484375
7507.0595703125
7505.98486328125
7504.75732421875
7503.7685546875
7503.0048828125
7502.591796875
7502.201171875
7501.8681640625
7501.3994140625
7501.021484375
7500.5537109375
7500.18359375
7499.7392578125
7499.4853515625
7499.421875
7499.81787109375
7500.5419921875
7501.525390625
7502.26953125
7502.591796875
7502.70703125
7503.28857421875
7504.353515625
7505.45703125
7505.8056640625
7505.4169921875
7504.443359375
7503.4111328125
7502.38916015625
7501.6982421875
7501.4326171875
7501.6572265625
7501.77099609375
7501.5888671875
7500.83837890625
7499.89599609375
7498.7177734375
7497.359375
7495.923828125
7494.755859375
7494.107421875
7493.8623046875
7493.78369140625
7493.658203125
7493.49072265625
7493.294921875
7493.177734375
7493.10595703125
7493.0947265625
7492.9658203125
7492.7216796875
7492.2197265625
7491.7451171875
7491.1328125
7490.71142578125
7490.224609375
7490.0478515625
7489.9814453125
7490.1240234375
7490.16162109375
7489.9140625
7489.375
7488.65380859375
7488.193359375
7488.0771484375
7488.5869140625
7489.361328125
7490.49755859375
7491.4091796875
7492.298828125
7492.384765625
7492.0791015625
7490.70263671875
7489.3486328125
7488.0791015625
7488.0048828125
7488.646484375
7489.89697265625
7490.7587890625
7491.07421875
7490.4599609375
7489.615234375
7488.6826171875
7488.47802734375
7488.791015625
7489.880859375
7491.2099609375
7492.6396484375
7493.578125
7493.5771484375
7492.1572265625
7489.53662109375
7486.5517578125
7484.1083984375
7482.5234375
7481.4580078125
7480.646484375
7479.8896484375
7479.599609375
7479.7763671875
7480.3564453125
7480.5791015625
7480.26171875
7479.23681640625
7478.16259765625
7477.4951171875
7477.59423828125
7478.2568359375
7479.2451171875
7480.23828125
7481.1865234375
7482.01904296875
7482.71826171875
7483.10400390625
7483.138671875
7482.5576171875
7481.544921875
7479.80029296875
7477.908203125
7475.9208984375
7474.70263671875
7474.1494140625
7474.546875
7475.2529296875
7476.1904296875
7476.68798828125
7476.8544921875
7476.42578125
7475.8154296875
7474.9658203125
7474.240234375
7473.5458984375
7473.1240234375
7472.763671875
7472.6240234375
7472.41259765625
7472.376953125
7472.21875
7472.29150390625
7472.27392578125
7472.7060546875
7473.08935546875
7474.087890625
7474.58154296875
7475.11962890625
7474.2275390625
7472.85400390625
7470.80126953125
7469.2861328125
7468.50390625
7468.7724609375
7469.63427734375
7470.7734375
7471.52197265625
7471.5810546875
7470.7431640625
7469.63330078125
7468.748046875
7468.64013671875
7468.8701171875
7469.2275390625
7469.0185546875
7468.74169921875
7468.4052734375
7468.916015625
7469.58251953125
7470.42578125
7470.1689453125
7469.1513671875
7467.32470703125
7465.86181640625
7464.71240234375
7464.22900390625
7463.478515625
7462.71484375
7461.68310546875
7461.08984375
7460.93994140625
7461.2548828125
7461.5673828125
7461.81884765625
7461.798828125
7461.97216796875
7462.37890625
7463.3466796875
7464.6494140625
7466.0908203125
7467.029296875
7466.66015625
7465.2646484375
7463.931640625
7464.12890625
7465.3154296875
7466.4990234375
7466.671875
7466.37353515625
7466.2470703125
7466.302734375
7465.88037109375
7464.93505859375
7464.12890625
7464.40380859375
7465.3876953125
7466.5908203125
7467.3037109375
7467.75830078125
7467.83740234375
7467.4736328125
7466.6796875
7465.7744140625
7465.24072265625
7464.51123046875
7463.2998046875
7461.29052734375
7458.94970703125
7456.623046875
7454.701171875
7453.33349609375
7452.673828125
7452.4462890625
7452.390625
7452.17333984375
7451.93798828125
7451.888671875
7452.05078125
7452.26806640625
7452.33984375
7452.13134765625
7451.59814453125
7450.7568359375
7449.685546875
7448.68359375
7447.88134765625
7447.62890625
7447.83251953125
7448.3251953125
7448.72412109375
7448.76806640625
7448.6259765625
7448.26171875
7447.8056640625
7447.4423828125
7446.89453125
7446.6513671875
7446.0458984375
7445.75537109375
7445.177734375
7445.39453125
7445.9326171875
7447.37158203125
7448.7109375
7450.0439453125
7450.95263671875
7451.9833984375
7453.017578125
7454.1494140625
7454.837890625
7455.17236328125
7454.83203125
7454.35595703125
7454.0458984375
7454.37841796875
7455.12841796875
7455.76220703125
7455.2021484375
7453.3037109375
7449.91552734375
7446.02587890625
7441.99267578125
7438.5712890625
7436.13037109375
7434.927734375
7434.90771484375
7435.2734375
7435.50537109375
7434.73779296875
7433.42578125
7431.49658203125
7430.0341796875
7428.9697265625
7428.65087890625
7428.6220703125
7428.5302734375
7428.25244140625
7427.3916015625
7426.37109375
7425.13427734375
7424.068359375
7423.2294921875
7422.5751953125
7422.228515625
7421.8349609375
7421.791015625
7421.5341796875
7421.58203125
7421.1494140625
7420.755859375
7419.62451171875
7418.34375
7416.560546875
7415.04296875
7413.63623046875
7412.85498046875
7412.3037109375
7412.091796875
7411.861328125
7411.6796875
7411.4306640625
7411.15673828125
7410.919921875
7410.6162109375
7410.47021484375
7410.1767578125
7410.0068359375
7409.638671875
7409.3662109375
7409.06201171875
7409.0908203125
7409.482421875
7410.36328125
7411.61376953125
7413.0078125
7414.48046875
7415.80517578125
7417.2197265625
7418.5400390625
7419.923828125
7420.8642578125
7421.154296875
7420.3701171875
7418.822265625
7417.10302734375
7415.90966796875
7415.5830078125
7415.61767578125
7415.72216796875
7415.5244140625
7415.333984375
7415.75
7416.95263671875
7419.0478515625
7420.8076171875
7421.78125
7421.087890625
7419.46728515625
7417.2626953125
7415.30859375
7413.60546875
7412.40625
7411.4013671875
7410.689453125
7410.103515625
7409.3466796875
7408.5302734375
7407.28369140625
7405.8798828125
7404.18115234375
7402.521484375
7400.8515625
7399.44970703125
7398.248046875
7397.5341796875
7397.12939453125
7397.07568359375
7396.9482421875
7396.66259765625
7395.939453125
7395.00390625
7393.9482421875
7393.05859375
7392.3408203125
7391.83642578125
7391.4765625
7391.322265625
7391.2958984375
7391.58837890625
7391.97021484375
7392.6171875
7393.001953125
7393.302734375
7392.9873046875
7392.5048828125
7391.6845703125
7391.32568359375
7391.3291015625
7392.10546875
7393.1591796875
7394.474609375
7395.7119140625
7396.671875
7397.50439453125
7397.666015625
7397.83544921875
7397.8408203125
7398.5263671875
7399.455078125
7400.6796875
7401.17041015625
7400.8369140625
7399.9140625
