15362.3125
15355.2509765625
15348.599609375
15342.2763671875
15336.21484375
15330.419921875
15324.791015625
15319.37890625
15314.146484375
15309.103515625
15304.203125
15299.4501953125
15294.83203125
15290.376953125
15286.02734375
15281.7900390625
15277.6630859375
15273.65625
15269.7626953125
15265.962890625
15262.2666015625
15258.67578125
15255.185546875
15251.80078125
15248.5078125
15245.296875
15242.185546875
15239.158203125
15236.21484375
15233.3466796875
15230.576171875
15227.8818359375
15225.251953125
15222.69921875
15220.2275390625
15217.818359375
15215.4833984375
15213.2021484375
15211.001953125
15208.859375
15206.7705078125
15204.748046875
15202.783203125
15200.8642578125
15199.0068359375
15197.1953125
15195.43359375
15193.7236328125
15192.0546875
15190.44140625
15188.865234375
15187.3359375
15185.8447265625
15184.3935546875
15182.974609375
15181.599609375
15180.2607421875
15178.953125
15177.689453125
15176.4580078125
15175.2529296875
15174.0703125
15172.9296875
15171.81640625
15170.734375
15169.673828125
15168.646484375
15167.6435546875
15166.66796875
15165.7060546875
15164.7734375
15163.8671875
15162.984375
15162.1162109375
15161.279296875
15160.4560546875
15159.6533203125
15158.869140625
15158.10546875
15157.35546875
15156.6328125
15155.9228515625
15155.232421875
15154.552734375
15153.89453125
15153.248046875
15152.61328125
15152.001953125
15151.400390625
15150.8125
15150.240234375
15149.6796875
15149.130859375
15148.5908203125
15148.0703125
15147.5576171875
15147.056640625
15146.5654296875
15146.0849609375
15145.6162109375
15145.15625
15144.7080078125
15144.265625
15143.833984375
15143.41796875
15143.00390625
15142.6015625
15142.203125
15141.8212890625
15141.4453125
15141.072265625
15140.7080078125
15140.3525390625
15140.0009765625
15139.658203125
15139.3232421875
15138.994140625
15138.673828125
15138.357421875
15138.0458984375
15137.7451171875
15137.4482421875
15137.16015625
15136.869140625
15136.5888671875
15136.310546875
15136.0380859375
15135.775390625
15135.513671875
15135.2548828125
15135.001953125
15134.7568359375
15134.5126953125
15134.275390625
15134.037109375
15133.8076171875
15133.5830078125
15133.359375
15133.140625
15132.927734375
15132.71875
15132.509765625
15132.306640625
15132.10546875
15131.9072265625
15131.7138671875
15131.5234375
15131.3369140625
15131.154296875
15130.974609375
15130.7998046875
15130.625
15130.4521484375
15130.283203125
15130.12109375
15129.9599609375
15129.80078125
15129.640625
15129.486328125
15129.3349609375
15129.1845703125
15129.033203125
15128.8896484375
15128.751953125
15128.609375
15128.47265625
15128.3369140625
15128.2060546875
15128.076171875
15127.947265625
15127.822265625
15127.701171875
15127.578125
15127.45703125
15127.341796875
15127.2255859375
15127.11328125
15127.001953125
15126.892578125
15126.78515625
15126.677734375
15126.57421875
15126.4736328125
15126.375
15126.2734375
15126.177734375
15126.08203125
15125.990234375
15125.8984375
15125.80859375
15125.71875
15125.6328125
15125.5498046875
15125.46484375
15125.3818359375
15125.30078125
15125.22265625
15125.146484375
15125.072265625
15124.9951171875
1618307456.0
224865856.0
11016843.0
2907818.25
3641008.75
14646343.0
37529808.0
17309234.0
4202663.0
1132537.625
402828.34375
197001.15625
129087.8671875
108622.921875
108783.328125
120496.6640625
140949.1875
169619.75
206429.578125
250993.828125
302642.28125
360119.53125
422172.375
486705.71875
551397.5625
614478.75
673372.5625
725875.4375
770282.0
805258.5625
830515.0625
845193.5
849547.5
844656.25
831760.1875
811659.8125
785939.6875
755642.9375
722466.4375
687869.1875
652375.0
616844.625
582239.625
548783.3125
516769.40625
486539.625
458085.9375
431506.28125
406826.96875
383942.875
362819.8125
343421.6875
325512.96875
309011.59375
293852.40625
279897.5
267028.5
255308.953125
244402.25
234408.203125
225171.578125
216625.53125
208727.0625
201374.4375
194561.421875
188256.34375
182354.828125
176891.25
171772.328125
167033.875
162544.921875
158355.546875
154404.5
150682.21875
147177.234375
143900.265625
140808.953125
137861.5625
135081.09375
132473.484375
129963.78125
127574.53125
125283.2734375
123084.28125
121053.1328125
119087.4140625
117202.8984375
115339.6640625
113618.34375
111932.0546875
110284.28125
108750.0390625
107263.8125
105780.109375
104385.7109375
103034.0859375
101717.03125
100464.0703125
99265.25
98071.5390625
96937.546875
95815.3046875
94724.234375
93676.453125
92643.1640625
91640.921875
90685.71875
89729.1796875
88810.2578125
87911.015625
87027.8515625
86178.265625
85331.1015625
84519.4765625
83720.40625
82959.0703125
82182.28125
81460.7578125
80715.0078125
80025.2265625
79311.9140625
78633.890625
77971.75
77318.6171875
76666.9765625
76036.421875
75414.203125
74799.4609375
74214.21875
73638.9375
73067.3046875
72496.3203125
71937.9375
71391.09375
70852.703125
70327.8359375
69819.9765625
69307.0078125
68803.859375
68300.828125
67817.09375
67349.0234375
66877.796875
66412.234375
65968.9140625
65523.3984375
65086.22265625
64644.140625
64221.875
63813.6171875
63393.57421875
62990.26953125
62594.453125
62200.51953125
61817.2421875
61439.39453125
61061.9375
60698.0625
60326.0234375
59964.88671875
59609.421875
59255.42578125
58910.3828125
58568.2265625
58223.44140625
57888.0859375
57561.296875
57236.890625
56925.0703125
56599.3359375
56291.33203125
55981.5703125
55680.56640625
55380.015625
55068.01953125
54785.84375
54500.44140625
54205.8828125
53931.1953125
53650.9609375
53372.453125
53095.875
52827.21484375
52561.24609375
52297.3515625
52038.32421875
51780.671875
51520.25
51281.1953125
51024.125
50774.453125
50540.44140625
50295.21875
50059.33984375
49824.265625
49592.0625
49361.1328125
49134.71875
48907.03515625
48689.46875
48461.01953125
48245.4375
48030.6796875
47821.16015625
47610.76171875
47403.921875
47192.48828125
46995.33203125
46793.3984375
46599.6484375
46404.01171875
46212.27734375
46026.0078125
45830.6328125
45638.48046875
45451.15234375
45274.203125
45088.82421875
44906.53125
44731.6328125
44553.66796875
44380.34375
44210.62109375
44038.06640625
43866.7578125
43695.97265625
43531.53125
43369.14453125
43204.453125
43038.609375
42885.44140625
42725.921875
42571.1484375
42410.8671875
42250.29296875
42102.11328125
41951.875
41797.859375
41650.41015625
41500.0234375
41362.84375
41218.234375
41071.8828125
40931.05859375
40787.41796875
40645.4609375
40505.28125
40371.55859375
40235.09375
40098.40234375
39962.6484375
39832.37109375
39694.71484375
39571.3125
39439.40234375
39315.96484375
39188.4921875
39058.15625
38933.6171875
38806.4140625
38688.59765625
38563.953125
38445.66796875
38323.359375
38204.48828125
38088.9375
37967.2421875
37846.7734375
37727.75
37615.4765625
37503.1015625
37391.91796875
37280.83203125
37165.2890625
37053.76171875
36941.2578125
36830.953125
36725.0078125
36614.5390625
36509.89453125
36400.91796875
36296.6953125
36188.73828125
36085.3984375
35985.8125
35877.8515625
35776.25
35678.8671875
35573.11328125
35475.7265625
35380.390625
35276.13671875
35181.50390625
35087.015625
34984.3203125
34890.93359375
34797.0703125
34699.8671875
34606.80859375
34517.89453125
34427.9609375
34333.99609375
34243.8984375
34153.6484375
34066.84375
33974.44140625
33884.765625
33798.23046875
33712.83203125
33622.9609375
33536.21484375
33450.25390625
33369.5546875
33285.2578125
33207.15625
33119.9296875
33037.59375
32955.0625
32872.984375
32793.50390625
32715.845703125
32638.671875
32559.4765625
32477.9921875
32399.328125
32323.60546875
32243.4140625
32168.50390625
32090.587890625
32015.60546875
31942.205078125
31864.296875
31788.1796875
31720.2109375
31643.015625
31568.71484375
31496.6640625
31424.1171875
31354.14453125
31283.14453125
31214.0859375
31146.10546875
31077.978515625
31007.439453125
30932.751953125
30866.5
30798.701171875
30730.83984375
30666.1484375
30599.455078125
30528.123046875
30465.5546875
30401.072265625
30335.107421875
30269.5703125
30207.4453125
30145.591796875
30080.0703125
30019.43359375
29956.25
29893.439453125
29828.650390625
29767.666015625
29705.99609375
29647.384765625
29588.57421875
29532.240234375
29475.841796875
29420.56640625
29366.6484375
29306.845703125
29246.1953125
29185.86328125
29133.236328125
29078.9609375
29026.072265625
28968.26171875
28911.89453125
28856.6484375
28804.8125
28749.25390625
28695.5625
28645.16015625
28592.02734375
28543.33984375
28490.876953125
28438.447265625
28389.92578125
28341.025390625
28289.599609375
28238.38671875
28188.765625
28142.259765625
28093.97265625
28041.57421875
27990.7734375
27942.37109375
27897.69921875
27848.21484375
27800.177734375
27747.267578125
27702.1484375
27654.775390625
27605.4296875
27559.353515625
27514.59375
27466.484375
27422.037109375
27374.896484375
27330.484375
27286.7734375
27240.017578125
27196.94921875
27153.1953125
27107.544921875
27059.14453125
27018.630859375
26975.375
26930.5078125
26891.109375
26845.86328125
26804.4375
26764.8828125
26722.51171875
26678.287109375
26639.015625
26595.8984375
26556.2890625
26515.375
26473.2109375
26431.92578125
26390.51171875
26351.455078125
26313.32421875
26272.611328125
26232.22265625
26192.87890625
26153.291015625
26113.0703125
26075.419921875
26036.474609375
25998.45703125
25961.796875
25921.95703125
25882.8828125
25846.978515625
25807.326171875
25769.83984375
25733.171875
25693.0703125
25659.4296875
25622.015625
25585.953125
25553.431640625
25516.05859375
25485.60546875
25450.46484375
25416.5234375
25373.4609375
25337.71484375
25306.53515625
25273.689453125
25239.52734375
25200.939453125
25166.939453125
25132.296875
25095.693359375
25059.3359375
25026.3984375
24996.8828125
24961.708984375
24929.689453125
24894.716796875
24864.556640625
24829.83203125
24800.11328125
24764.88671875
24733.125
24699.57421875
24668.69140625
24634.76953125
24604.16796875
24569.96875
24538.22265625
24506.619140625
24475.19140625
24444.95703125
24413.67578125
24382.21875
24352.828125
24321.34375
24293.45703125
24264.3984375
24236.03515625
24206.28515625
24174.201171875
24141.9609375
24109.46875
24076.134765625
24050.400390625
24020.7265625
23995.828125
23966.349609375
23935.16796875
23905.724609375
23874.109375
23844.3046875
23815.626953125
23787.98046875
23761.44140625
23729.69140625
23700.890625
23669.7578125
23642.41796875
23616.509765625
23589.87109375
23561.828125
23535.701171875
23506.21875
23481.44921875
23458.1796875
23429.955078125
23403.751953125
23378.03515625
23352.8984375
23326.18359375
23300.759765625
23274.796875
23247.15625
23218.7109375
23191.48046875
23163.74609375
23139.73046875
23110.40234375
23086.62890625
23061.138671875
23036.025390625
23009.53125
22981.49609375
22955.681640625
22932.595703125
22908.06640625
22883.56640625
22858.9453125
22834.21875
22811.28125
22786.76171875
22764.91796875
22742.86328125
22718.390625
22695.04296875
22671.65234375
22644.93359375
22619.517578125
22594.76171875
22572.29296875
22551.39453125
22530.6640625
22506.421875
22480.77734375
22459.005859375
22433.1015625
22409.29296875
22387.90234375
22364.16796875
22340.498046875
22319.900390625
22297.9453125
22277.3515625
22257.23828125
22232.5546875
22211.1484375
22190.45703125
22167.376953125
22145.875
22125.83984375
22107.123046875
22086.875
22065.408203125
22044.7578125
22019.79296875
21995.2265625
21973.6796875
21951.615234375
21933.76171875
21915.55859375
21898.884765625
21877.681640625
21857.4453125
21837.31640625
21814.65234375
21791.046875
21771.5625
21751.671875
21734.138671875
21716.5
21698.76171875
21676.00390625
21653.05859375
21632.69921875
21615.185546875
21598.24609375
21577.162109375
21557.71875
21539.732421875
21525.54296875
21506.69921875
21490.08203125
21468.19140625
21445.22265625
21420.74609375
21402.068359375
21386.4296875
21370.375
21350.953125
21331.07421875
21311.2890625
21291.892578125
21275.76171875
21256.671875
21239.87109375
21221.642578125
21201.798828125
21182.3046875
21165.71484375
21148.421875
21130.076171875
21112.421875
21092.71875
21073.87109375
21056.169921875
21039.05078125
21022.42578125
21005.69921875
20991.828125
20980.13671875
20968.234375
20953.400390625
20931.306640625
20907.9296875
20887.544921875
20870.890625
20854.8046875
20834.318359375
20814.984375
20795.3515625
20779.0
20763.9609375
20746.7265625
20729.63671875
20713.109375
20697.27734375
20681.619140625
20665.27734375
20646.08203125
20629.66796875
20613.787109375
20598.8984375
20580.423828125
20566.3671875
20549.306640625
20532.2421875
20516.7734375
20501.486328125
20486.197265625
20470.6796875
20454.26953125
20440.509765625
20426.291015625
20414.416015625
20400.83203125
20387.982421875
20372.3671875
20355.181640625
20337.15234375
20321.62890625
20307.85546875
20293.076171875
20281.04296875
20267.619140625
20253.0234375
20237.83984375
20221.71484375
20208.01171875
20197.6484375
20186.09765625
20172.013671875
20154.033203125
20135.142578125
20115.998046875
20101.134765625
20090.4140625
20080.234375
20067.73046875
20054.63671875
20038.5625
20022.9765625
20010.46875
19995.0703125
19981.65625
19967.494140625
19953.83203125
19940.615234375
19929.80078125
19918.89453125
19904.115234375
19886.646484375
19870.412109375
19854.453125
19840.9609375
19828.20703125
19815.361328125
19800.37109375
19784.103515625
19769.228515625
19757.5703125
19745.548828125
19733.736328125
19718.33984375
19703.55859375
19688.90625
19674.78515625
19661.4140625
19650.00390625
19638.11328125
19626.810546875
19614.826171875
19601.703125
19589.08984375
19576.1484375
19561.79296875
19550.205078125
19538.89453125
19527.55859375
19515.140625
19504.19921875
19494.669921875
19485.755859375
19478.33984375
19465.0
19447.904296875
19430.37890625
19421.4453125
19412.8671875
19400.5078125
19381.51171875
19369.43359375
19361.248046875
19349.47265625
19335.384765625
19324.328125
19313.865234375
19301.408203125
19287.578125
19276.33203125
19269.015625
19259.51171875
19248.234375
19238.875
19226.6796875
19212.974609375
19197.7578125
19185.474609375
19174.302734375
19164.40234375
19154.55859375
19144.36328125
19130.93359375
19117.435546875
19103.1171875
19090.8828125
19080.23046875
19070.49609375
19061.22265625
19051.5234375
19040.703125
19028.2109375
19013.0390625
18998.55078125
18987.748046875
18980.103515625
18973.583984375
18968.3828125
18960.6328125
18949.587890625
18936.408203125
18922.98828125
18910.65234375
18898.52734375
18885.986328125
18875.169921875
18864.681640625
18855.41796875
18845.3984375
18836.6484375
18824.681640625
18812.16015625
18798.09765625
18784.83203125
18774.802734375
18766.33984375
18757.7890625
18749.7421875
18740.021484375
18731.228515625
18722.7109375
18715.3046875
18708.57421875
18701.40234375
18692.064453125
18682.34765625
18671.65625
18658.44140625
18644.98046875
18632.98828125
18624.53515625
18619.49609375
18613.16796875
18605.7265625
18596.40625
18585.1640625
18576.96484375
18569.41015625
18560.572265625
18548.845703125
18534.341796875
18520.0390625
18508.1875
18498.97265625
18489.158203125
18481.142578125
18470.2578125
18461.54296875
18451.39453125
18442.19921875
18432.63671875
18423.021484375
18411.16015625
18400.85546875
18390.744140625
18382.349609375
18373.09765625
18364.1484375
18354.052734375
18344.345703125
18335.56640625
18326.001953125
18317.962890625
18310.416015625
18301.251953125
18293.078125
18284.9140625
18276.71484375
18267.736328125
18259.18359375
18250.0234375
18241.0390625
18230.984375
18221.259765625
18211.7265625
18202.650390625
18195.2578125
18189.45703125
18183.03515625
18176.671875
18168.77734375
18162.302734375
18158.283203125
18154.3203125
18148.33984375
18137.353515625
18123.142578125
18110.306640625
18103.509765625
18098.5390625
18094.3125
18086.677734375
18078.296875
18068.513671875
18060.294921875
18051.3359375
18041.48828125
18033.0625
18026.20703125
18023.33984375
18024.25390625
18024.787109375
18021.28515625
18012.4609375
17997.62109375
17976.91796875
17959.021484375
17948.078125
17944.0234375
17941.1953125
17933.09765625
17919.53125
17902.875
17892.197265625
17885.9453125
17880.40234375
17871.69140625
17859.46484375
17847.654296875
17839.30078125
17831.9296875
17825.58984375
17815.30078125
17805.525390625
17797.33984375
17790.72265625
17783.849609375
17776.455078125
17768.328125
17760.423828125
17753.43359375
17747.05859375
17739.3125
17733.23046875
17726.724609375
17720.265625
17713.42578125
17704.44921875
17695.330078125
17688.005859375
17680.80078125
17674.61328125
17669.212890625
17663.13671875
17656.8125
17649.18359375
17640.806640625
17632.568359375
17623.373046875
17616.455078125
17609.796875
17604.1171875
17599.5546875
17595.068359375
17592.291015625
17589.55859375
17587.41796875
17584.388671875
17579.6328125
17572.4765625
17562.71875
17551.69140625
17541.23828125
17532.94921875
17525.19140625
17515.724609375
17506.94140625
17498.50390625
17489.46875
17482.794921875
17475.71484375
17468.294921875
17461.046875
17454.49609375
17448.1875
17439.580078125
17430.341796875
17421.779296875
17413.34375
17407.80859375
17400.99609375
17394.12890625
17387.09765625
17381.2578125
17375.97265625
17368.77734375
17359.783203125
17349.62890625
17338.958984375
17330.23046875
17322.2421875
17315.6484375
17308.9765625
17302.71484375
17296.888671875
17290.529296875
17284.6171875
17279.185546875
17272.91015625
17266.98828125
17258.564453125
17251.45703125
17244.796875
17238.9921875
17234.30078125
17232.740234375
17236.5625
17234.29296875
17215.4765625
17210.11328125
17210.3515625
17196.412109375
17189.47265625
17186.18359375
17173.59375
17170.01953125
17145.525390625
17146.916015625
17148.18359375
17129.9765625
17135.541015625
17127.615234375
17117.98828125
17121.94921875
17111.46875
17107.37890625
17106.4140625
17097.09765625
17095.4296875
17091.80859375
17084.77734375
17082.75390625
17078.375
17073.140625
17070.263671875
17065.50390625
17061.328125
17056.953125
17053.265625
17049.15625
17045.060546875
17041.310546875
17036.80078125
17033.60546875
17028.69921875
17024.693359375
17020.90234375
17017.4453125
17013.00390625
17009.27734375
17005.30859375
17001.375
16997.75390625
16993.412109375
16989.3828125
16986.048828125
16981.763671875
16978.576171875
16974.43359375
16970.8984375
16966.728515625
16962.177734375
16959.119140625
16955.2265625
16951.193359375
16947.421875
16943.716796875
16940.509765625
16936.12890625
16932.423828125
16928.29296875
16925.09765625
16921.626953125
16917.4765625
16913.75
16909.7578125
16906.078125
16902.1015625
16899.19140625
16894.939453125
16891.38671875
16887.263671875
16883.23828125
16880.30078125
16875.8671875
16872.583984375
16868.146484375
16865.529296875
16861.8359375
16857.603515625
16853.71484375
16849.69921875
16846.802734375
16842.197265625
16839.09765625
16835.095703125
16832.11328125
16827.666015625
16823.505859375
16820.42578125
16816.361328125
16812.7421875
16808.7890625
16805.150390625
16801.58203125
16796.93359375
16793.44921875
16789.70703125
16786.474609375
16781.953125
16778.609375
16774.96484375
16771.3046875
16767.04296875
16762.587890625
16760.013671875
16755.6640625
16751.744140625
16747.421875
16744.16796875
16740.744140625
16735.970703125
16732.63671875
16728.2890625
16725.1328125
16720.677734375
16717.248046875
16713.0
16709.96484375
16707.33203125
16706.85546875
16708.9296875
16708.548828125
16692.73046875
16688.271484375
16691.67578125
16680.177734375
16679.0625
16676.09765625
16667.609375
16668.43359375
16661.76171875
16657.484375
16655.169921875
16648.94921875
16646.234375
16640.865234375
16637.6640625
16633.591796875
16629.30078125
16625.015625
16620.5625
16617.53125
16613.0625
16608.21484375
16603.81640625
16598.734375
16594.251953125
16590.244140625
16586.052734375
16583.09375
16579.189453125
16575.087890625
16571.21484375
16567.486328125
16563.642578125
16559.326171875
16555.990234375
16552.0078125
16548.6875
16544.599609375
16540.947265625
16536.689453125
16533.5
16529.861328125
16525.9375
16522.775390625
16518.703125
16515.6640625
16512.259765625
16509.4765625
16504.94140625
16502.390625
16498.21484375
16495.33984375
16492.48828125
16488.77734375
16485.5
16481.71875
16478.53515625
16475.421875
16472.5234375
16468.357421875
16465.13671875
16461.634765625
16458.349609375
16455.30859375
16451.712890625
16448.7890625
16445.439453125
16442.078125
16439.0390625
16436.08984375
16432.77734375
16428.5234375
16425.57421875
16422.224609375
16419.67578125
16415.876953125
16412.7578125
16409.13671875
16406.82421875
16403.10546875
16399.609375
16396.74609375
16393.2578125
16390.720703125
16387.166015625
16383.958984375
16380.4501953125
16377.9033203125
16373.73828125
16371.4189453125
16368.15234375
16364.28515625
16361.224609375
16358.150390625
16354.8642578125
16351.9931640625
16348.626953125
16344.8125
16342.25
16339.1953125
16336.31640625
16332.5283203125
16329.326171875
16326.65234375
16323.4375
16320.1474609375
16316.9267578125
16314.166015625
16311.359375
16307.7998046875
16304.5087890625
16302.0927734375
16298.72265625
16295.1474609375
16292.4716796875
16289.123046875
16286.87109375
16283.142578125
16280.3037109375
16277.033203125
16274.43359375
16270.7119140625
16268.6669921875
16265.1630859375
16261.951171875
16259.63671875
16255.3291015625
16253.1865234375
16249.892578125
16247.6845703125
16243.9833984375
16241.40234375
16237.814453125
16235.962890625
16232.28125
16229.34765625
16226.02734375
16223.25
16220.3076171875
16217.373046875
16214.5986328125
16211.3349609375
16208.470703125
16205.578125
16202.869140625
16199.7197265625
16197.5927734375
16194.0361328125
16191.1650390625
16188.7568359375
16185.458984375
16182.5224609375
16179.15625
16176.873046875
16173.779296875
16171.205078125
16168.1044921875
16165.5166015625
16161.7998046875
16159.037109375
16156.2646484375
16153.51171875
16150.43359375
16147.4013671875
16144.8203125
16141.837890625
16139.771484375
16136.30859375
16133.6240234375
16130.455078125
16127.900390625
16125.171875
16122.4609375
16119.326171875
16116.646484375
16113.34375
16110.3408203125
16107.9775390625
16105.05859375
16102.787109375
16099.48828125
16096.9619140625
16094.1015625
16091.3271484375
16088.3330078125
16085.2578125
16082.59765625
16079.9755859375
16077.310546875
16074.2705078125
16071.4267578125
16068.3896484375
16066.216796875
16062.7451171875
16060.2392578125
16057.55859375
16055.1044921875
16051.8818359375
16049.23046875
16046.3486328125
16044.0771484375
16040.853515625
16037.97265625
16035.123046875
16033.078125
16029.9482421875
16026.1669921875
16023.8359375
16020.8349609375
16018.306640625
16015.3681640625
16013.02734375
16010.046875
16007.451171875
16004.119140625
16002.060546875
15999.1796875
15996.54296875
15993.6796875
15990.8623046875
15988.26171875
15985.365234375
15982.5966796875
15979.701171875
15977.458984375
15974.103515625
15972.3359375
15969.171875
15966.662109375
15963.638671875
15961.376953125
15958.052734375
15956.0234375
15952.9716796875
15950.5654296875
15947.810546875
15945.2470703125
15942.578125
15939.708984375
15937.326171875
15934.3525390625
15931.71484375
15929.0673828125
15927.0185546875
15923.88671875
15921.548828125
15918.7470703125
15916.3642578125
15913.654296875
15910.927734375
15908.3818359375
15906.171875
15903.359375
15900.7158203125
15897.8359375
15895.59375
15892.99609375
15889.51171875
15887.373046875
15884.8447265625
15882.462890625
15879.271484375
15877.0537109375
15874.048828125
15872.18359375
15869.314453125
15866.9814453125
15864.005859375
15861.90234375
15858.8916015625
15856.7138671875
15853.8779296875
15851.5546875
15848.728515625
15846.421875
15843.396484375
15841.4560546875
15838.6591796875
15836.306640625
15833.548828125
15831.2109375
15828.740234375
15826.345703125
15823.1904296875
15820.40625
15817.9130859375
15815.0146484375
15812.5927734375
15809.609375
15807.380859375
15804.896484375
15802.470703125
15799.56640625
15797.935546875
15795.19921875
15792.8994140625
15789.8291015625
15788.166015625
15785.544921875
15783.1875
15780.2822265625
15777.861328125
15774.84765625
15771.82421875
15769.1865234375
15766.7041015625
15764.587890625
15761.583984375
15759.5859375
15756.39453125
15754.3154296875
15751.271484375
15748.7841796875
15745.7646484375
15743.447265625
15740.9150390625
15739.009765625
15736.2763671875
15733.921875
15731.37890625
15729.515625
15726.998046875
15724.4052734375
15721.966796875
15719.037109375
15716.564453125
15713.7392578125
15711.916015625
15709.47265625
15708.33984375
15706.3984375
15704.671875
15701.529296875
15699.1796875
15695.9541015625
15693.0107421875
15690.197265625
15688.0400390625
15686.12109375
15683.5546875
15681.318359375
15679.671875
15678.154296875
15675.732421875
15674.748046875
15673.576171875
15672.80859375
15670.85546875
15668.630859375
15666.3359375
15662.4638671875
15658.666015625
15654.23828125
15651.9365234375
15649.556640625
15647.7705078125
15645.21484375
15642.4697265625
15639.33984375
15636.423828125
15634.7568359375
15632.9091796875
15631.28125
15628.955078125
15627.037109375
15623.98046875
15621.474609375
15618.6611328125
15616.486328125
15613.7666015625
15611.498046875
15609.2587890625
15607.1953125
15604.912109375
15602.6015625
15600.17578125
15598.4921875
15596.2646484375
15594.1826171875
15591.90234375
15590.11328125
15587.1630859375
15584.6328125
15582.068359375
15580.2421875
15577.5390625
15575.91796875
15573.525390625
15571.953125
15569.666015625
15567.724609375
15564.6591796875
15562.58984375
15560.98046875
15559.828125
15558.0625
15555.9716796875
15553.8623046875
15550.958984375
15548.9912109375
15545.791015625
15543.60546875
15541.9453125
15540.6484375
15538.6552734375
15537.4140625
15534.484375
15531.7099609375
15528.3212890625
15525.7509765625
15523.40625
15522.572265625
15521.6845703125
15520.6923828125
15519.2197265625
15518.1953125
15517.34375
15516.89453125
15515.94921875
15514.966796875
15512.677734375
15510.455078125
15508.6923828125
15508.6513671875
15510.0830078125
15512.951171875
15514.953125
15515.8583984375
15514.45703125
15510.65625
15504.7548828125
15498.0703125
15492.244140625
15488.4326171875
15485.642578125
15483.681640625
15480.6298828125
15477.57421875
15472.291015625
15468.533203125
15464.6201171875
15463.2890625
15460.828125
15458.939453125
15455.123046875
15450.80859375
15445.08984375
15440.990234375
15437.21484375
15435.201171875
15433.796875
15432.037109375
15428.5888671875
15424.73828125
15421.6591796875
15418.6796875
15416.595703125
15414.2294921875
15412.2822265625
15409.3154296875
15406.048828125
15403.263671875
15400.90625
15398.1484375
15396.322265625
15394.1796875
15392.005859375
15389.8193359375
15388.630859375
15386.8720703125
15385.31640625
15383.0810546875
15381.634765625
15378.978515625
15376.796875
15373.60546875
15370.99609375
15368.021484375
15365.427734375
15362.8193359375
15360.4970703125
15357.6044921875
15355.7841796875
15353.1591796875
15350.9404296875
15348.978515625
15347.654296875
15345.357421875
15343.748046875
15341.90625
15340.337890625
15338.923828125
15337.8642578125
15336.693359375
15335.853515625
15335.8115234375
15336.875
15337.341796875
15338.328125
15338.125
15337.7666015625
15334.689453125
15332.07421875
15328.271484375
15325.681640625
15322.927734375
15320.7919921875
15317.638671875
15314.5205078125
15309.7822265625
15306.0478515625
15302.591796875
15300.650390625
15298.2900390625
15296.408203125
15292.978515625
15289.78125
15286.2236328125
15283.1953125
15279.90234375
15277.6875
15275.68359375
15274.14453125
15272.056640625
15270.982421875
15268.76171875
15266.09765625
15263.07421875
15260.0078125
15256.564453125
15253.7568359375
15250.615234375
15247.46875
15244.33203125
15242.3466796875
15239.837890625
15238.1064453125
15236.48828125
15234.94140625
15233.0283203125
15231.25
15229.33203125
15227.318359375
15225.041015625
15223.17578125
15220.0888671875
15217.46484375
15214.84765625
15213.236328125
15211.466796875
15210.07421875
15208.2265625
15207.0986328125
15205.27734375
15203.8125
15201.740234375
15199.771484375
15198.5068359375
15197.044921875
15196.04296875
15196.220703125
15197.0751953125
15198.314453125
15199.748046875
15200.53125
15200.244140625
15197.81640625
15193.4677734375
15187.720703125
15182.3720703125
15178.6943359375
15178.1640625
15178.1806640625
15178.09375
15176.92578125
15174.296875
15170.32421875
15165.962890625
15161.705078125
15158.38671875
15156.3203125
15155.5
15153.328125
15150.5712890625
15146.2724609375
15141.5458984375
15137.064453125
15133.697265625
15130.80078125
15128.9482421875
15126.7666015625
15124.876953125
15123.224609375
15121.916015625
15120.78125
15120.1572265625
15118.880859375
15118.87890625
15118.3994140625
15118.55078125
15117.595703125
15116.69921875
15114.0537109375
15110.9765625
15106.859375
15102.404296875
15097.76171875
15094.0771484375
15090.853515625
15088.44140625
15086.892578125
15084.962890625
15082.775390625
15080.470703125
15077.6337890625
15075.1328125
15072.626953125
15070.5009765625
15068.7236328125
15067.005859375
15064.88671875
15061.6015625
15059.1123046875
15057.431640625
15056.44921875
15053.7841796875
15051.87890625
15050.09765625
15049.3671875
15047.68359375
15047.2060546875
15046.583984375
15047.1015625
15046.7109375
15047.505859375
15047.279296875
15046.984375
15044.9638671875
15042.8134765625
15038.7646484375
15034.490234375
15028.8681640625
15024.9609375
15022.234375
15021.0478515625
15019.9384765625
15018.951171875
15017.115234375
15014.544921875
15011.734375
15009.689453125
15008.361328125
15007.681640625
15007.474609375
15006.015625
15003.984375
15001.4921875
14999.1923828125
14997.173828125
14994.755859375
14992.6328125
14990.43359375
14988.767578125
14987.056640625
14986.37109375
14986.77734375
14986.751953125
14987.08984375
14985.6806640625
14983.4609375
14980.294921875
14977.271484375
14974.078125
14973.02734375
14972.091796875
14971.998046875
14971.423828125
14969.95703125
14967.15234375
14963.5400390625
14959.71875
14956.900390625
14955.01953125
14954.51171875
14953.1103515625
14951.677734375
14948.482421875
14945.54296875
14943.083984375
14941.4677734375
14940.2578125
14939.822265625
14939.453125
14938.48828125
14937.7890625
14936.8330078125
14936.3779296875
14935.01953125
14933.685546875
14930.763671875
14927.65234375
14923.591796875
14920.19921875
14917.2421875
14915.6220703125
14913.921875
14912.5703125
14911.1259765625
14909.291015625
14907.0546875
14904.935546875
14902.337890625
14900.291015625
14898.171875
14895.8681640625
14894.0986328125
14892.0068359375
14890.310546875
14888.0625
14885.92578125
14883.8955078125
14881.798828125
14879.46875
14877.734375
14876.03515625
14874.8798828125
14874.0126953125
14873.064453125
14871.869140625
14871.1259765625
14868.830078125
14867.033203125
14864.83984375
14863.6484375
14862.794921875
14862.716796875
14862.6826171875
14862.7568359375
14861.669921875
14859.974609375
14857.265625
14853.6728515625
14851.244140625
14849.318359375
14847.822265625
14846.9140625
14844.9658203125
14843.087890625
14841.34375
14839.365234375
14838.177734375
14837.283203125
14836.9189453125
14836.6904296875
14836.146484375
14835.46875
14835.0986328125
14835.01953125
14835.220703125
14835.048828125
14835.16015625
14834.765625
14832.78515625
14830.673828125
14826.96875
14823.3046875
14819.55859375
14816.205078125
14813.6123046875
14811.232421875
14808.771484375
14806.2685546875
14803.4833984375
14801.6240234375
14799.705078125
14798.046875
14796.630859375
14795.400390625
14793.40625
14792.095703125
14790.705078125
14789.869140625
14789.2890625
14788.390625
14787.66796875
14786.4755859375
14785.046875
14783.447265625
14781.9267578125
14781.0576171875
14780.82421875
14780.27734375
14780.75
14780.693359375
14780.5791015625
14778.4931640625
14776.056640625
14772.951171875
14770.55859375
14768.697265625
14768.3525390625
14768.1484375
14768.3759765625
14767.7197265625
14766.701171875
14764.921875
14762.806640625
14759.8154296875
14757.8984375
14755.6845703125
14754.1123046875
14752.4482421875
14750.673828125
14749.421875
14748.111328125
14747.44140625
14746.87890625
14746.30859375
14745.0107421875
14743.27734375
14740.724609375
14738.328125
14735.7275390625
14733.810546875
14732.634765625
14732.4228515625
14732.173828125
14731.8212890625
14730.8828125
14728.990234375
14725.8232421875
14721.8203125
14718.0576171875
14714.81640625
14713.1318359375
14712.4345703125
14712.8828125
14713.6904296875
14713.6962890625
14713.287109375
14711.705078125
14710.14453125
14708.4296875
14706.880859375
14705.037109375
14703.21875
14701.1328125
14698.8193359375
14696.0498046875
14693.93359375
14691.98046875
14690.3857421875
14688.251953125
14686.029296875
14684.181640625
14682.0625
14680.416015625
14678.7890625
14677.255859375
14675.7314453125
14674.1953125
14672.9873046875
14672.3955078125
14672.65234375
14673.7216796875
14675.146484375
14676.986328125
14678.13671875
14677.9345703125
14676.5810546875
14674.4697265625
14672.533203125
14671.2353515625
14669.5244140625
14667.7421875
14665.2763671875
14662.453125
14660.3095703125
14658.6484375
14657.662109375
14656.798828125
14655.271484375
