15362.3125
15355.2509765625
15348.599609375
15342.2763671875
15336.21484375
15330.419921875
15324.791015625
15319.37890625
15314.146484375
15309.103515625
15304.203125
15299.4501953125
15294.83203125
15290.376953125
15286.02734375
15281.7900390625
15277.6630859375
15273.65625
15269.7626953125
15265.962890625
15262.2666015625
15258.67578125
15255.185546875
15251.80078125
15248.5078125
15245.296875
15242.185546875
15239.158203125
15236.21484375
15233.3466796875
15230.576171875
15227.8818359375
15225.251953125
15222.69921875
15220.2275390625
15217.818359375
15215.4833984375
15213.2021484375
15211.001953125
15208.859375
15206.7705078125
15204.748046875
15202.783203125
15200.8642578125
15199.0068359375
15197.1953125
15195.43359375
15193.7236328125
15192.0546875
15190.44140625
15188.865234375
15187.3359375
15185.8447265625
15184.3935546875
15182.974609375
15181.599609375
15180.2607421875
15178.953125
15177.689453125
15176.4580078125
15175.2529296875
15174.0703125
15172.9296875
15171.81640625
15170.734375
15169.673828125
15168.646484375
15167.6435546875
15166.66796875
15165.7060546875
15164.7734375
15163.8671875
15162.984375
15162.1162109375
15161.279296875
15160.4560546875
15159.6533203125
15158.869140625
15158.10546875
15157.35546875
15156.6328125
15155.9228515625
15155.232421875
15154.552734375
15153.89453125
15153.248046875
15152.61328125
15152.001953125
15151.400390625
15150.8125
15150.240234375
15149.6796875
15149.130859375
15148.5908203125
15148.0703125
15147.5576171875
15147.056640625
15146.5654296875
15146.0849609375
15145.6162109375
15145.15625
15144.7080078125
15144.265625
15143.833984375
15143.41796875
15143.00390625
15142.6015625
15142.203125
15141.8212890625
15141.4453125
15141.072265625
15140.7080078125
15140.3525390625
15140.0009765625
15139.658203125
15139.3232421875
15138.994140625
15138.673828125
15138.357421875
15138.0458984375
15137.7451171875
15137.4482421875
15137.16015625
15136.869140625
15136.5888671875
15136.310546875
15136.0380859375
15135.775390625
15135.513671875
15135.2548828125
15135.001953125
15134.7568359375
15134.5126953125
15134.275390625
15134.037109375
15133.8076171875
15133.5830078125
15133.359375
15133.140625
15132.927734375
15132.71875
15132.509765625
15132.306640625
15132.10546875
15131.9072265625
15131.7138671875
15131.5234375
15131.3369140625
15131.154296875
15130.974609375
15130.7998046875
15130.625
15130.4521484375
15130.283203125
15130.12109375
15129.9599609375
15129.80078125
15129.640625
15129.486328125
15129.3349609375
15129.1845703125
15129.033203125
15128.8896484375
15128.751953125
15128.609375
15128.47265625
15128.3369140625
15128.2060546875
15128.076171875
15127.947265625
15127.822265625
15127.701171875
15127.578125
15127.45703125
15127.341796875
15127.2255859375
15127.11328125
15127.001953125
15126.892578125
15126.78515625
15126.677734375
15126.57421875
15126.4736328125
15126.375
15126.2734375
15126.177734375
15126.08203125
15125.990234375
15125.8984375
15125.80859375
15125.71875
15125.6328125
15125.5498046875
15125.46484375
15125.3818359375
15125.30078125
15125.22265625
15125.146484375
15125.072265625
15124.9951171875
8604962.0
2182704.25
228029.578125
83295.796875
67004.09375
61273.52734375
58122.1484375
57502.27734375
59691.328125
60714.7109375
58101.6328125
54104.046875
51084.171875
49233.703125
47980.63671875
46876.80078125
45823.515625
44899.04296875
44114.875
43369.8046875
42603.6484375
41819.88671875
41039.1953125
40278.234375
39551.87890625
38839.59375
38104.6875
37355.55078125
36643.73828125
35991.28515625
35368.234375
34744.796875
34130.359375
33550.5234375
33021.09375
32528.234375
32049.7109375
31576.642578125
31106.79296875
30647.40625
30211.697265625
29797.330078125
29399.46484375
29017.78515625
28652.828125
28302.859375
27971.30859375
27657.1171875
27365.0390625
27092.751953125
26804.501953125
26495.84375
26236.15234375
25964.91015625
25693.537109375
25459.251953125
25216.396484375
24973.154296875
24770.005859375
24538.28125
24344.822265625
24137.609375
23926.900390625
23736.625
23559.6328125
23371.529296875
23194.3828125
23044.982421875
22868.62890625
22708.279296875
22552.376953125
22396.126953125
22255.21484375
22108.61328125
21963.171875
21833.44140625
21702.1796875
21568.1171875
21452.0703125
21326.22265625
21214.5859375
21096.88671875
20981.845703125
20871.29296875
20763.283203125
20653.712890625
20551.599609375
20445.08984375
20344.44921875
20244.099609375
20144.4921875
20049.859375
19953.462890625
19861.595703125
19769.36328125
19680.443359375
19592.541015625
19505.95703125
19421.330078125
19336.904296875
19255.197265625
19173.509765625
19094.185546875
19015.263671875
18937.82421875
18861.744140625
18786.1796875
18712.14453125
18638.73046875
18566.17578125
18494.890625
18424.08984375
18354.2578125
18285.0625
18216.724609375
18149.08203125
18082.359375
18016.232421875
17950.80078125
17886.23828125
17822.15625
17758.81640625
17695.98046875
17633.708984375
17571.86328125
17510.42578125
17449.30859375
17388.38671875
17327.78125
17267.41796875
17207.3125
17147.5859375
17088.3515625
17029.775390625
16971.9375
16915.0
16858.84375
16803.416015625
16748.45703125
16693.9765625
16640.158203125
16586.99609375
16534.630859375
16483.041015625
16432.36328125
16382.36328125
16332.9951171875
16284.240234375
16236.4404296875
16189.29296875
16141.7021484375
16092.345703125
16044.162109375
15998.5947265625
15952.8330078125
15905.470703125
15859.4912109375
15814.87890625
15769.0283203125
15723.0
15678.6591796875
15635.4130859375
15591.5966796875
15549.021484375
15506.9853515625
15465.408203125
15424.5439453125
15384.6318359375
15344.3447265625
15304.7763671875
15265.6474609375
15226.6943359375
15188.005859375
15149.974609375
15112.1884765625
15073.900390625
15035.904296875
14999.072265625
14962.083984375
14924.9609375
14888.693359375
14852.56640625
14816.279296875
14780.8095703125
14745.482421875
14710.0712890625
14675.35546875
14640.837890625
14606.3916015625
14572.3251953125
14538.1259765625
14504.0703125
14470.583984375
14437.31640625
14404.24609375
14371.259765625
14338.4609375
14306.23046875
14274.12109375
14241.986328125
14210.3701171875
14179.134765625
14147.9814453125
14117.0390625
14086.4140625
14056.095703125
14025.84765625
13995.7958984375
13966.1015625
13936.671875
13907.513671875
13878.763671875
13849.8505859375
13820.421875
13790.67578125
13761.8857421875
13733.9951171875
13705.9384765625
13677.380859375
13649.107421875
13621.59375
13594.3369140625
13566.578125
13538.91796875
13511.87890625
13485.05859375
13458.1142578125
13431.185546875
13404.7109375
13378.4296875
13352.1513671875
13326.005859375
13300.24609375
13274.490234375
13248.63671875
13222.8994140625
13197.56640625
13172.41015625
13147.1162109375
13121.673828125
13096.6337890625
13071.953125
13047.06640625
13021.8046875
12996.87109375
12972.541015625
12948.3935546875
12924.0283203125
12899.63671875
12875.576171875
12851.84765625
12828.2451171875
12804.578125
12781.1015625
12757.916015625
12735.13671875
12712.3330078125
12690.34375
12666.7578125
12643.533203125
12621.08984375
12599.2001953125
12578.26171875
12554.9384765625
12532.482421875
12511.6923828125
12490.17578125
12468.55859375
12445.080078125
12426.529296875
12409.8603515625
12384.427734375
12363.6328125
12342.11328125
12318.943359375
12299.48046875
12277.2822265625
12256.103515625
12238.748046875
12221.3681640625
12200.923828125
12179.3125
12156.017578125
12137.734375
12114.8955078125
12096.3427734375
12075.16796875
12053.91796875
12034.6484375
12013.8623046875
11995.2646484375
11974.126953125
11954.833984375
11935.2666015625
11915.9150390625
11897.5419921875
11877.966796875
11859.875
11841.9228515625
11824.1201171875
11805.365234375
11787.4921875
11769.2294921875
11751.2431640625
11734.0283203125
11715.8896484375
11699.47265625
11681.08203125
11663.6787109375
11647.0
11629.8310546875
11615.0478515625
11596.361328125
11580.37109375
11563.4599609375
11546.3837890625
11529.78515625
11515.109375
11498.1044921875
11480.662109375
11462.4853515625
11448.646484375
11431.3037109375
11414.6640625
11399.98046875
11382.9443359375
11366.8896484375
11352.5078125
11336.037109375
11320.337890625
11305.3115234375
11288.978515625
11273.892578125
11259.3759765625
11244.111328125
11229.7236328125
11215.9306640625
11202.4150390625
11189.7421875
11175.759765625
11158.546875
11140.953125
11126.712890625
11114.447265625
11100.2119140625
11083.77734375
11068.5986328125
11055.5458984375
11041.623046875
11026.142578125
11012.0673828125
10999.3603515625
10985.203125
10970.0595703125
10955.931640625
10941.8974609375
10926.96484375
10912.376953125
10898.662109375
10884.77734375
10870.2294921875
10855.6455078125
10841.6162109375
10827.451171875
10813.3203125
10799.587890625
10785.7353515625
10771.869140625
10758.513671875
10745.693359375
10732.8984375
10719.119140625
10704.751953125
10689.705078125
10675.380859375
10662.421875
10649.9931640625
10637.171875
10623.1416015625
10609.427734375
10596.6962890625
10584.3515625
10571.9287109375
10558.91796875
10545.7109375
10533.4765625
10520.0322265625
10507.36328125
10493.9111328125
10482.0703125
10471.9541015625
10458.3515625
10445.107421875
10433.3017578125
10420.6064453125
10408.0048828125
10394.517578125
10381.8349609375
10370.48046875
10359.1796875
10347.544921875
10334.9375
10323.3076171875
10310.76953125
10298.453125
10286.607421875
10274.294921875
10262.794921875
10251.58203125
10239.962890625
10227.9150390625
10216.4619140625
10204.9404296875
10193.6279296875
10181.89453125
10170.109375
10158.8681640625
10147.82421875
10137.35546875
10126.3818359375
10115.85546875
10105.8916015625
10095.9609375
10085.3037109375
10073.4326171875
10061.609375
10050.96484375
10039.82421875
10029.1962890625
10018.6669921875
10009.1025390625
10000.3720703125
9989.4482421875
9979.0859375
9968.552734375
9957.43359375
9946.568359375
9935.5576171875
9925.6279296875
9916.6259765625
9907.7294921875
9898.2275390625
9888.4384765625
9878.12890625
9867.5673828125
9857.08203125
9846.6708984375
9836.849609375
9827.748046875
9818.8515625
9808.9892578125
9799.365234375
9790.20703125
9781.544921875
9772.875
9762.283203125
9751.5986328125
9741.7568359375
9732.755859375
9724.224609375
9715.478515625
9706.908203125
9698.4873046875
9689.9609375
9681.6533203125
9673.546875
9665.84765625
9658.046875
9649.2802734375
9638.0458984375
9627.09375
9617.8056640625
9609.947265625
9601.142578125
9590.771484375
9579.845703125
9570.212890625
9563.0078125
9555.701171875
9548.0810546875
9536.408203125
9526.33984375
9520.845703125
9510.763671875
9502.49609375
9493.2109375
9483.765625
9476.99609375
9470.0576171875
9460.5947265625
9447.115234375
9440.064453125
9437.08984375
9426.6533203125
9413.486328125
9406.349609375
9398.5556640625
9389.349609375
9383.8193359375
9374.9931640625
9365.63671875
9360.4609375
9354.681640625
9346.8916015625
9340.025390625
9331.619140625
9321.3818359375
9312.326171875
9301.216796875
9291.55078125
9285.361328125
9278.58984375
9271.32421875
9264.1376953125
9257.27734375
9251.275390625
9245.7099609375
9238.564453125
9230.04296875
9222.3388671875
9214.4990234375
9207.619140625
9201.0966796875
9193.783203125
9186.90234375
9179.2216796875
9170.669921875
9163.0322265625
9156.568359375
9150.3828125
9144.5205078125
9136.9033203125
9129.4697265625
9122.8828125
9116.1572265625
9110.2802734375
9102.9248046875
9096.0400390625
9088.458984375
9080.16796875
9073.314453125
9065.662109375
9059.375
9054.1455078125
9048.109375
9043.51953125
9037.1796875
9030.033203125
9022.16015625
9014.06640625
9008.1162109375
9002.259765625
8996.2646484375
8989.318359375
8981.955078125
8976.453125
8971.017578125
8966.033203125
8960.3134765625
8954.7353515625
8950.306640625
8945.8525390625
8940.994140625
8934.6337890625
8928.595703125
8922.880859375
8918.0546875
8913.484375
8908.373046875
8903.755859375
8898.734375
8893.42578125
8887.470703125
8880.7724609375
8874.5439453125
8868.7392578125
8863.578125
8858.6396484375
8853.29296875
8848.2998046875
8843.4384765625
8838.84765625
8834.58984375
8829.994140625
8825.90625
8821.89453125
8818.0263671875
8814.197265625
8809.306640625
8804.302734375
8798.580078125
8794.01953125
8789.5458984375
8785.1533203125
8779.451171875
8772.86328125
8766.1162109375
8760.98828125
8757.197265625
8753.9326171875
8749.4755859375
8744.90234375
8740.5244140625
8737.8798828125
8734.955078125
8732.248046875
8727.171875
8721.91015625
8714.943359375
8708.3798828125
8702.4951171875
8698.3388671875
8695.2978515625
8692.2177734375
8688.7724609375
8684.64453125
8680.62109375
8676.0283203125
8670.90234375
8665.158203125
8659.328125
8654.537109375
8650.759765625
8647.7626953125
8644.54296875
8640.9306640625
8636.724609375
8632.525390625
8628.591796875
8625.43359375
8622.61328125
8620.310546875
8617.99609375
8615.677734375
8612.447265625
8608.6142578125
8603.83203125
8598.765625
8593.5986328125
8588.734375
8584.5048828125
8581.068359375
8578.3359375
8576.26171875
8573.58984375
8570.396484375
8566.8466796875
8563.27734375
8560.4052734375
8558.123046875
8556.443359375
8554.3701171875
8551.7734375
8548.158203125
8543.8203125
8539.4912109375
8535.396484375
8532.3203125
8528.7978515625
8525.64453125
8521.74609375
8517.1640625
8511.951171875
8507.833984375
8504.7666015625
8502.8203125
8500.0146484375
8496.67578125
8492.201171875
8489.1728515625
8486.390625
8484.806640625
8481.8125
8478.5078125
8474.455078125
8470.482421875
8466.392578125
8462.326171875
8458.310546875
8454.7158203125
8451.73828125
8449.12109375
8446.3330078125
8442.974609375
8438.92578125
8435.068359375
8431.45703125
8428.90234375
8426.349609375
8424.2138671875
8421.6455078125
8419.578125
8417.287109375
8415.43359375
8413.236328125
8411.2412109375
8408.3916015625
8406.1298828125
8403.244140625
8400.5478515625
8397.08203125
8393.6904296875
8390.2646484375
8387.162109375
8384.4013671875
8381.880859375
8379.275390625
8376.955078125
8373.654296875
8370.5546875
8366.84765625
8364.0732421875
8362.357421875
8361.4765625
8360.177734375
8357.1767578125
8352.537109375
8347.421875
8343.333984375
8341.306640625
8340.296875
8339.6572265625
8338.1953125
8335.490234375
8332.306640625
8328.630859375
8325.7109375
8323.876953125
8322.7998046875
8321.818359375
8319.5673828125
8316.9814453125
8313.8154296875
8311.1904296875
8307.7216796875
8304.212890625
8300.03515625
8296.251953125
8292.712890625
8290.328125
8288.3642578125
8286.4482421875
8283.578125
8280.7001953125
8277.208984375
8275.0703125
8272.6123046875
8271.77734375
8270.78125
8270.50390625
8269.5947265625
8269.1484375
8267.75390625
8266.7470703125
8263.525390625
8260.5595703125
8256.169921875
8251.9873046875
8246.6015625
8242.814453125
8240.1728515625
8238.7509765625
8237.4345703125
8235.9755859375
8233.90625
8231.580078125
8228.2744140625
8226.130859375
8223.5673828125
8221.19921875
8217.0751953125
8213.9755859375
8210.880859375
8209.076171875
8206.8798828125
8206.1923828125
8204.7353515625
8203.75390625
8200.638671875
8198.33984375
8195.541015625
8194.4638671875
8192.8720703125
8193.400390625
8193.169921875
8193.333984375
8192.11328125
8191.943359375
8191.76806640625
8191.21533203125
8188.830078125
8186.43798828125
8184.32763671875
8182.38623046875
8179.8857421875
8178.47705078125
8177.07763671875
8176.23974609375
8172.55078125
8171.962890625
8171.57177734375
8173.4140625
8166.68701171875
8171.33984375
8171.24853515625
8176.61572265625
8162.5400390625
8160.8798828125
8179.7763671875
8314.0751953125
8359.728515625
8324.283203125
8412.8876953125
112641.75
11939.79296875
2621449.25
23314.67578125
68559.9921875
4175162.25
34875.34375
35603.15625
42372.9140625
57920.296875
64168.64453125
79486.1171875
84216.984375
171967.6875
111966.734375
182767.765625
157525.25
216852.640625
9041753.0
10008346.0
955039.0625
2755282.0
299303.40625
13856808.0
558283456.0
1322939008.0
178527904.0
28853508.0
16658098.0
51452616.0
98830032896.0
15668070.0
556988301312.0
1190819968.0
299227021312.0
63153532928.0
15083246592.0
7657333719040.0
88211529728.0
1423587672064.0
1.2020274806097183e+18
53319653392384.0
112951105159168.0
115794113462272.0
4144196222976.0
51932377088.0
46547025920.0
5167432859648.0
8.986205454598144e+17
51894349201408.0
5960649670656.0
671297214349312.0
7.236769067669914e+17
3394640950591488.0
324590375010304.0
24830535532544.0
6588031041536.0
322060739936256.0
2.501577717003059e+16
2025567027200.0
9.089655754876518e+16
673796415553536.0
90940421177344.0
524487753728.0
1.1506637261986857e+18
106479445082112.0
2.2356213590759834e+17
208230718373888.0
6.956497549316812e+21
289414525747200.0
18722882322432.0
608392183808.0
2.1327052496500163e+18
352051757056.0
7.681852061788406e+17
1.086049052786688e+16
2.269485200519987e+16
13915878588416.0
39042074804224.0
252471750426624.0
6192248161042432.0
11726854553600.0
2.3516617546871603e+17
109449280749568.0
11993647939584.0
278646874963968.0
74865025024.0
78731271995392.0
1.7491491975638473e+27
658304925696.0
24452012179456.0
29645602816000.0
28494018904064.0
2362263419748352.0
3410917588992.0
500483096576.0
1547878430408704.0
8366361680019456.0
13847218880512.0
4250116030464.0
2820874960896.0
23146241458176.0
8636252056190976.0
2.981855262282875e+17
194968764416.0
1.3741578641840538e+17
36507922432.0
11194479935488.0
15391546933248.0
294204375040.0
1420976586752.0
1.8678178077216866e+20
4681858285568.0
399027077120.0
1022640259072.0
32549671796736.0
13639212859392.0
1.2548038154046669e+17
4248834408448.0
1230487552000.0
377779417776128.0
176203710464.0
292942036074496.0
5754439335936.0
2533790723342336.0
34416377856.0
13612414976.0
191666929664.0
17383342211072.0
612928126976.0
33242497024.0
1101254243647488.0
6199211376771072.0
16210629632.0
17962421452800.0
111110774784.0
1130821670928384.0
507307712577536.0
14539495047168.0
129600053248.0
133694586880.0
87776758333440.0
1176742920192.0
18995763740672.0
1748662514352128.0
8903739392.0
61955850240.0
213286045876224.0
178700566528.0
67430558728192.0
3146835034112.0
2740509212672.0
2552200429568.0
2.76159417810944e+16
1.081331568082944e+16
228353261568.0
313798393856.0
27650351104.0
131934257152.0
233379807232.0
145530436976640.0
1718323511296.0
1207982620672.0
12638010474496.0
12857969664.0
1023775670272.0
263776436224.0
4132303462727680.0
502496376127488.0
14129285120.0
3379264000.0
705232896000.0
170979622912.0
4156230729728.0
82405541019648.0
97799733248.0
57444208640.0
329883754430464.0
10498041856.0
25267869319168.0
245055995904.0
119453048832.0
212506378240.0
3059477760.0
13579280384.0
5635993600.0
753855232.0
1545771392.0
4969607168.0
4764609024.0
119235887104.0
19821916160.0
464795232.0
1171500032.0
4360614912.0
50752659456.0
217681928126464.0
4298716672.0
348393376.0
108980953088.0
321361248256.0
935836096.0
41679847424.0
4004106752.0
3067693568.0
547358080.0
11738929152.0
14688519716864.0
564919271424.0
4217457664.0
3.616747292301722e+16
222270308352.0
479134336.0
182561177600.0
348918464.0
204939104.0
166928912.0
372828128.0
28777123840.0
68674514944.0
547013312.0
257139248.0
213055760.0
4241188096.0
535469664.0
217813824.0
148133248.0
126367856.0
123229496.0
149833216.0
241317008.0
237013216.0
139697712.0
212795920.0
285623104.0
172792320.0
125676448.0
138150080.0
160136160.0
133339648.0
105942360.0
129911304.0
568520896.0
80984800.0
79099976.0
86320800.0
14064957440.0
77613712.0
78059592.0
84130160.0
224591184.0
206376368.0
88532040.0
81687864.0
80352784.0
79148448.0
78368520.0
77954464.0
77703208.0
77520848.0
77339104.0
77116544.0
76818328.0
76432800.0
75981008.0
75479344.0
74961448.0
74455928.0
73987248.0
73568624.0
73209952.0
72919224.0
72691824.0
72530456.0
72425392.0
72362048.0
72326272.0
72289680.0
72229584.0
72122760.0
71958800.0
71735752.0
71467304.0
71166968.0
70854336.0
70545944.0
70249112.0
69970744.0
69712320.0
69475000.0
69255104.0
69050936.0
68863512.0
68686088.0
68522048.0
68366608.0
68218408.0
68077400.0
67943040.0
67812752.0
67687912.0
67566360.0
67449384.0
67335184.0
67223648.0
67115272.0
67009616.0
66905740.0
66804744.0
66705528.0
66608460.0
66512768.0
66418948.0
66326556.0
66236508.0
66147084.0
66058472.0
65972560.0
65888348.0
65804152.0
65722556.0
65640140.0
65560768.0
65481612.0
65403828.0
65326740.0
65251436.0
65176856.0
65103276.0
65029988.0
64957980.0
64886532.0
64816432.0
64747096.0
64678008.0
64610128.0
64543528.0
64477928.0
64412084.0
64346960.0
64282952.0
64220464.0
64157232.0
64095844.0
64034784.0
63974152.0
63914304.0
63855036.0
63796088.0
63737124.0
63681004.0
63623948.0
63566872.0
63511140.0
63455972.0
63401252.0
63347636.0
63293220.0
63240008.0
63187072.0
63135212.0
63082976.0
63031812.0
62980800.0
62930016.0
62880152.0
62830580.0
62780904.0
62732324.0
62683988.0
62636480.0
62588544.0
62541192.0
62494760.0
62447796.0
62402308.0
62356960.0
62311312.0
62266832.0
62222892.0
62178220.0
62134504.0
62091312.0
62048456.0
62006052.0
61963744.0
61921504.0
61880136.0
61838256.0
61797104.0
61756516.0
61715656.0
61675672.0
61635804.0
61596344.0
61557000.0
61518004.0
61479172.0
61441136.0
61402560.0
61364720.0
61327004.0
61289756.0
61252316.0
61215700.0
61178860.0
61142848.0
61106608.0
61070592.0
61034688.0
60999744.0
60964500.0
60929616.0
60895008.0
60860540.0
60826088.0
60792240.0
60758816.0
60724648.0
60691192.0
60658276.0
60625096.0
60592456.0
60560104.0
60527808.0
60495740.0
60463880.0
60432296.0
60399960.0
60368784.0
60337564.0
60307112.0
60275336.0
60245036.0
60214600.0
60184428.0
60154100.0
60123796.0
60094432.0
60064384.0
60034664.0
60005500.0
59976360.0
59947712.0
59918592.0
59890116.0
59861624.0
59833312.0
59805384.0
59776840.0
59749340.0
59721460.0
59693536.0
59666200.0
59638724.0
59612408.0
59584684.0
59558080.0
59531800.0
59505332.0
59478660.0
59452804.0
59426772.0
59400808.0
59374596.0
59348872.0
59323964.0
59298100.0
59273036.0
59247788.0
59222836.0
59197732.0
59172972.0
59148332.0
59123956.0
59099712.0
59075340.0
59051120.0
59027164.0
59002916.0
58979436.0
58955572.0
58931968.0
58908456.0
58885408.0
58862036.0
58839136.0
58816024.0
58792512.0
58770092.0
58747140.0
58724968.0
58702224.0
58680008.0
58657728.0
58635352.0
58612900.0
58591164.0
58569260.0
58547796.0
58525708.0
58504188.0
58482496.0
58461416.0
58439836.0
58418644.0
58397044.0
58376260.0
58355260.0
58334532.0
58313744.0
58292688.0
58272256.0
58251608.0
58230772.0
58210720.0
58190348.0
58170096.0
58150024.0
58129808.0
58110268.0
58090136.0
58070392.0
58050756.0
58031172.0
58011984.0
57992220.0
57972900.0
57952980.0
57934236.0
57915436.0
57896268.0
57877388.0
57858588.0
57839876.0
57820980.0
57802256.0
57783780.0
57765572.0
57747044.0
57728456.0
57710176.0
57692004.0
57674152.0
57655644.0
57637872.0
57620232.0
57602280.0
57584584.0
57566712.0
57549244.0
57531696.0
57513944.0
57496452.0
57479344.0
57461904.0
57444844.0
57427604.0
57410348.0
57393388.0
57376304.0
57359304.0
57342740.0
57325576.0
57308940.0
57292196.0
57275740.0
57259084.0
57242452.0
57225732.0
57209828.0
57193420.0
57177276.0
57160848.0
57144836.0
57128480.0
57112324.0
57096816.0
57080868.0
57064680.0
57049220.0
57033020.0
57017348.0
57001908.0
56986236.0
56970712.0
56955096.0
56939672.0
56924512.0
56909036.0
56893784.0
56878456.0
56863448.0
56848408.0
56833408.0
56818324.0
56803132.0
56788376.0
56773700.0
56758492.0
56743824.0
56729220.0
56714420.0
56700020.0
56685308.0
56670620.0
56656404.0
56641964.0
56627636.0
56613448.0
56598940.0
56584836.0
56570684.0
56556296.0
56542128.0
56528332.0
56514020.0
56499984.0
56486156.0
56472252.0
56458616.0
56444832.0
56430952.0
56417268.0
56403544.0
56389920.0
56376544.0
56363016.0
56349576.0
56335792.0
56322664.0
56309328.0
56296000.0
56282752.0
56269408.0
56256272.0
56243236.0
56230028.0
56217112.0
56204172.0
56191528.0
56178212.0
56165660.0
56152716.0
56140020.0
56127204.0
56114536.0
56101860.0
56089232.0
56076756.0
56064256.0
56051636.0
56039316.0
56026968.0
56014452.0
56002004.0
55989624.0
55977444.0
55965148.0
55952840.0
55940888.0
55928484.0
55916364.0
55904392.0
55892296.0
55880300.0
55868192.0
55856240.0
55844228.0
55832308.0
55820596.0
55808824.0
55796912.0
55785256.0
55773768.0
55761960.0
55750360.0
55738804.0
55727080.0
55715760.0
55704136.0
55692656.0
55681096.0
55669888.0
55658368.0
55647136.0
55635640.0
55624376.0
55613192.0
55601864.0
55590720.0
55579456.0
55568436.0
55557224.0
55546460.0
55534972.0
55524096.0
55513172.0
55502000.0
55491264.0
55480260.0
55469340.0
55458404.0
55447524.0
55436804.0
55426240.0
55415140.0
55404524.0
55393944.0
55383428.0
55372780.0
55362032.0
55351540.0
55340888.0
55330364.0
55319712.0
55309480.0
55299076.0
55288544.0
55278228.0
55268028.0
55257692.0
55247248.0
55236912.0
55226768.0
55216768.0
55206456.0
55196036.0
55186260.0
55176064.0
55165992.0
55155968.0
55146024.0
55135868.0
55125744.0
55115832.0
55106060.0
55096072.0
55086128.0
55076264.0
55066484.0
55056580.0
55047236.0
55037284.0
55027280.0
55017724.0
55007984.0
54998200.0
54988848.0
54979072.0
54969664.0
54959772.0
54950332.0
54940712.0
54931076.0
54921736.0
54912380.0
54902748.0
54893244.0
54884140.0
54874648.0
54865312.0
54855920.0
54846572.0
54837284.0
54827940.0
54818672.0
54809624.0
54800372.0
54791012.0
54781744.0
54772604.0
54763524.0
54754408.0
54745324.0
54736164.0
54727152.0
54718164.0
54709160.0
54700128.0
54691096.0
54681980.0
54673100.0
54664272.0
54655252.0
54646644.0
54637492.0
54628588.0
54620212.0
54611332.0
54602484.0
54593904.0
54584904.0
54576328.0
54567728.0
54559076.0
54550296.0
54541700.0
54533112.0
54524688.0
54515848.0
54507460.0
54498980.0
54490452.0
54482000.0
54473364.0
54465248.0
54456664.0
54448392.0
54439952.0
54431696.0
54423288.0
54414916.0
54406892.0
54398784.0
54390284.0
54382000.0
54373872.0
54365720.0
54357636.0
54349332.0
54341228.0
54333304.0
54325100.0
54317032.0
54308940.0
54301096.0
54292956.0
54284916.0
54276840.0
54268956.0
54261032.0
54252988.0
54245184.0
54237484.0
54229608.0
54221500.0
54213856.0
54206080.0
54198132.0
54190328.0
54182484.0
54174784.0
54167140.0
54159264.0
54151704.0
54143972.0
54136344.0
54128504.0
54120940.0
54113144.0
54105560.0
54097764.0
54090248.0
54082856.0
54075064.0
54067724.0
54059960.0
54052360.0
54045008.0
54037636.0
54030212.0
54022656.0
54015116.0
54007680.0
54000316.0
53992932.0
53985508.0
53977948.0
53970784.0
53963436.0
53956232.0
53948876.0
53941308.0
53934008.0
53926796.0
53919524.0
53912348.0
53905056.0
53897828.0
53890740.0
53883564.0
53876428.0
53869100.0
53862060.0
53854964.0
53847684.0
53840636.0
53833656.0
53826668.0
53819536.0
53812596.0
53805676.0
53798536.0
53791504.0
53784516.0
53777748.0
53770684.0
53763672.0
53756860.0
53750160.0
53742988.0
53736212.0
53729328.0
53722468.0
53715620.0
53708864.0
53702288.0
53695448.0
53688512.0
53681804.0
53675072.0
53668464.0
53661640.0
53654956.0
53648248.0
53641664.0
53634868.0
53628212.0
53621332.0
53614876.0
53608196.0
53601688.0
53595200.0
53588512.0
53581968.0
53575456.0
53568840.0
53562392.0
53555932.0
53549432.0
53543052.0
53536424.0
53529988.0
53523672.0
53517232.0
53510468.0
53504112.0
53497600.0
53491400.0
53485024.0
53478656.0
53472204.0
53465836.0
53459372.0
53453144.0
53446880.0
53440712.0
53434364.0
53427808.0
53421876.0
53415564.0
53409212.0
53402892.0
53396572.0
53390656.0
53384348.0
53378180.0
53371932.0
53365972.0
53359644.0
53353536.0
53347468.0
53341388.0
53335088.0
53329132.0
53322980.0
53316960.0
53310828.0
53304616.0
53298668.0
53292784.0
53286652.0
53280568.0
53274564.0
53268584.0
53262484.0
53256660.0
53250724.0
53244804.0
53238856.0
53232920.0
53226808.0
53220812.0
53214996.0
53209048.0
53203288.0
53197332.0
53191348.0
53185572.0
53179876.0
53173984.0
53167960.0
53162352.0
53156576.0
53150576.0
53144828.0
53139060.0
53133208.0
53127400.0
53121744.0
53115880.0
53110032.0
53104440.0
53098652.0
53092972.0
53087372.0
53081720.0
53076020.0
53070248.0
53064564.0
53058892.0
53053264.0
53047632.0
53041936.0
53036352.0
53030712.0
53025020.0
53019380.0
53014024.0
53008392.0
53002768.0
52997056.0
52991528.0
52986040.0
52980664.0
52975268.0
52969564.0
52964088.0
52958576.0
52953084.0
52947704.0
52942028.0
52936836.0
52931228.0
52925812.0
52920336.0
52914892.0
52909628.0
52904268.0
52898836.0
52893388.0
52887904.0
52882612.0
52877188.0
52871880.0
52866360.0
52861296.0
52855868.0
52850612.0
52845204.0
52839824.0
52834528.0
52829332.0
52824016.0
52818864.0
52813520.0
52808324.0
52802968.0
52797720.0
52792552.0
52787424.0
52782084.0
52776860.0
52771560.0
52766568.0
52761296.0
52756064.0
52751088.0
52745852.0
52740636.0
52735548.0
52730372.0
52725132.0
52720068.0
52715056.0
52709796.0
52704796.0
52699700.0
52694620.0
52689548.0
52684540.0
52679436.0
52674324.0
52669236.0
52664068.0
52659112.0
52654204.0
52649164.0
52644116.0
52639272.0
52634108.0
52629132.0
52624236.0
52619232.0
52614280.0
52609360.0
52604208.0
52599280.0
52594476.0
52589632.0
52584592.0
52579696.0
52574864.0
52569804.0
52565104.0
52560020.0
52555252.0
52550212.0
52545548.0
52540644.0
52535624.0
52530880.0
52525928.0
52521248.0
52516316.0
52511460.0
52506808.0
52501984.0
52497140.0
52492448.0
52487456.0
52482784.0
52477912.0
52473116.0
52468324.0
52463708.0
52459048.0
52454104.0
52449480.0
52444712.0
52439996.0
52435444.0
52430796.0
52425868.0
52421268.0
52416668.0
52412076.0
52407276.0
52402700.0
52398064.0
52393376.0
52388928.0
52384228.0
52379536.0
52375024.0
52370288.0
52365804.0
52361124.0
52356584.0
52352048.0
52347512.0
52342988.0
52338384.0
52333948.0
52329208.0
52324800.0
52320288.0
52315872.0
52311096.0
52306676.0
52302176.0
52297732.0
52293332.0
52288712.0
52284248.0
52279856.0
52275340.0
52270852.0
52266444.0
52261996.0
52257520.0
52252996.0
52248688.0
52244240.0
52239840.0
52235440.0
52231008.0
52226512.0
52222172.0
52217752.0
52213376.0
52208980.0
52204660.0
52200168.0
52195808.0
52191516.0
