15362.3125
15355.2509765625
15348.599609375
15342.2763671875
15336.21484375
15330.419921875
15324.791015625
15319.37890625
15314.146484375
15309.103515625
15304.203125
15299.4501953125
15294.83203125
15290.376953125
15286.02734375
15281.7900390625
15277.6630859375
15273.65625
15269.7626953125
15265.962890625
15262.2666015625
15258.67578125
15255.185546875
15251.80078125
15248.5078125
15245.296875
15242.185546875
15239.158203125
15236.21484375
15233.3466796875
15230.576171875
15227.8818359375
15225.251953125
15222.69921875
15220.2275390625
15217.818359375
15215.4833984375
15213.2021484375
15211.001953125
15208.859375
15206.7705078125
15204.748046875
15202.783203125
15200.8642578125
15199.0068359375
15197.1953125
15195.43359375
15193.7236328125
15192.0546875
15190.44140625
15188.865234375
15187.3359375
15185.8447265625
15184.3935546875
15182.974609375
15181.599609375
15180.2607421875
15178.953125
15177.689453125
15176.4580078125
15175.2529296875
15174.0703125
15172.9296875
15171.81640625
15170.734375
15169.673828125
15168.646484375
15167.6435546875
15166.66796875
15165.7060546875
15164.7734375
15163.8671875
15162.984375
15162.1162109375
15161.279296875
15160.4560546875
15159.6533203125
15158.869140625
15158.10546875
15157.35546875
15156.6328125
15155.9228515625
15155.232421875
15154.552734375
15153.89453125
15153.248046875
15152.61328125
15152.001953125
15151.400390625
15150.8125
15150.240234375
15149.6796875
15149.130859375
15148.5908203125
15148.0703125
15147.5576171875
15147.056640625
15146.5654296875
15146.0849609375
15145.6162109375
15145.15625
15144.7080078125
15144.265625
15143.833984375
15143.41796875
15143.00390625
15142.6015625
15142.203125
15141.8212890625
15141.4453125
15141.072265625
15140.7080078125
15140.3525390625
15140.0009765625
15139.658203125
15139.3232421875
15138.994140625
15138.673828125
15138.357421875
15138.0458984375
15137.7451171875
15137.4482421875
15137.16015625
15136.869140625
15136.5888671875
15136.310546875
15136.0380859375
15135.775390625
15135.513671875
15135.2548828125
15135.001953125
15134.7568359375
15134.5126953125
15134.275390625
15134.037109375
15133.8076171875
15133.5830078125
15133.359375
15133.140625
15132.927734375
15132.71875
15132.509765625
15132.306640625
15132.10546875
15131.9072265625
15131.7138671875
15131.5234375
15131.3369140625
15131.154296875
15130.974609375
15130.7998046875
15130.625
15130.4521484375
15130.283203125
15130.12109375
15129.9599609375
15129.80078125
15129.640625
15129.486328125
15129.3349609375
15129.1845703125
15129.033203125
15128.8896484375
15128.751953125
15128.609375
15128.47265625
15128.3369140625
15128.2060546875
15128.076171875
15127.947265625
15127.822265625
15127.701171875
15127.578125
15127.45703125
15127.341796875
15127.2255859375
15127.11328125
15127.001953125
15126.892578125
15126.78515625
15126.677734375
15126.57421875
15126.4736328125
15126.375
15126.2734375
15126.177734375
15126.08203125
15125.990234375
15125.8984375
15125.80859375
15125.71875
15125.6328125
15125.5498046875
15125.46484375
15125.3818359375
15125.30078125
15125.22265625
15125.146484375
15125.072265625
15124.9951171875
19674176.0
3115304.75
95135.75
88011.8203125
77834.984375
88584.765625
113037.703125
111813.234375
144233.5
157403.53125
112606.40625
104256.828125
109593.171875
123877.640625
127504.7578125
116745.609375
100974.171875
88053.390625
79561.390625
74368.140625
71144.15625
69031.546875
67561.609375
66490.8828125
65648.6171875
64872.3046875
64063.296875
63211.44140625
62322.53515625
61390.35546875
60399.46484375
59350.19921875
58281.2421875
57225.26171875
56203.5546875
55221.6015625
54271.06640625
53359.0625
52491.72265625
51667.6953125
50884.1484375
50144.62109375
49448.0546875
48785.12890625
48157.67578125
47566.5546875
47006.09375
46470.82421875
45957.33203125
45464.8359375
44995.00390625
44546.7421875
44117.3203125
43702.34765625
43302.11328125
42921.12109375
42558.6640625
42208.46875
41866.953125
41536.0625
41217.0625
40910.31640625
40614.2734375
40327.625
40050.1953125
39782.140625
39523.57421875
39273.01953125
39027.8671875
38789.44140625
38557.484375
38331.13671875
38109.20703125
37894.12890625
37683.8359375
37478.35546875
37276.75
37079.84375
36887.3203125
36699.1171875
36515.328125
36335.3046875
36158.90234375
35986.0234375
35816.4453125
35650.01953125
35486.34375
35325.5234375
35167.78125
35013.10546875
34861.3984375
34712.1640625
34565.6796875
34421.6796875
34280.66796875
34141.95703125
34005.484375
33871.45703125
33739.36328125
33609.30859375
33481.28125
33355.2109375
33230.9453125
33108.5625
32987.7734375
32868.90625
32751.681640625
32636.095703125
32522.28125
32410.2890625
32299.955078125
32191.12109375
32083.978515625
31978.1328125
31873.5078125
31770.29296875
31668.400390625
31567.8671875
31468.857421875
31371.431640625
31275.23046875
31180.236328125
31086.376953125
30993.58984375
30901.828125
30811.208984375
30721.447265625
30632.72265625
30545.078125
30458.271484375
30372.384765625
30287.318359375
30202.95703125
30119.583984375
30036.8671875
29954.814453125
29873.4609375
29792.7734375
29712.791015625
29633.435546875
29554.78125
29476.83984375
29399.494140625
29322.798828125
29246.73046875
29170.94140625
29095.640625
29020.75
28946.13671875
28871.953125
28798.12890625
28724.671875
28651.65234375
28579.068359375
28507.1640625
28435.82421875
28365.173828125
28295.296875
28226.234375
28158.11328125
28090.75390625
28024.275390625
27958.66015625
27893.9453125
27829.912109375
27766.740234375
27704.390625
27642.685546875
27581.892578125
27521.9921875
27462.513671875
27402.37109375
27342.244140625
27283.994140625
27227.126953125
27170.142578125
27113.171875
27055.99609375
26999.349609375
26943.72265625
26889.06640625
26834.90234375
26779.84765625
26726.30859375
26675.12890625
26624.21875
26571.359375
26514.9921875
26462.630859375
26413.76953125
26360.2578125
26308.12890625
26259.548828125
26207.779296875
26157.412109375
26109.8125
26059.16015625
26009.50390625
25961.9140625
25912.95703125
25864.798828125
25817.962890625
25769.8515625
25722.771484375
25676.34375
25629.55859375
25583.64453125
25538.0390625
25492.4609375
25447.435546875
25402.880859375
25358.36328125
25314.25390625
25270.55078125
25227.419921875
25184.18359375
25141.701171875
25099.224609375
25057.3671875
25014.1953125
24971.9453125
24930.294921875
24889.265625
24848.541015625
24806.7421875
24765.578125
24725.3125
24685.16015625
24645.48828125
24604.5546875
24564.8125
24526.2109375
24486.12890625
24446.4375
24407.23828125
24368.8515625
24330.65234375
24291.34375
24253.24609375
24215.859375
24177.95703125
24139.5078125
24102.40234375
24065.59375
24029.4296875
23991.2265625
23951.791015625
23913.234375
23877.43359375
23842.51171875
23805.4609375
23768.244140625
23732.12890625
23697.87109375
23661.236328125
23624.181640625
23588.45703125
23554.17578125
23519.52734375
23484.109375
23449.6171875
23415.74609375
23382.06640625
23347.17578125
23312.998046875
23279.296875
23245.87890625
23212.15625
23178.05078125
23144.525390625
23111.681640625
23078.931640625
23045.8984375
23012.80078125
22980.078125
22947.9140625
22915.55078125
22883.5234375
22850.876953125
22818.65234375
22786.541015625
22754.841796875
22723.27734375
22691.791015625
22660.265625
22628.87890625
22597.736328125
22566.78125
22536.1328125
22505.611328125
22475.24609375
22444.67578125
22414.58984375
22384.1875
22354.357421875
22324.4140625
22294.5
22264.158203125
22234.470703125
22205.41796875
22176.177734375
22146.80078125
22117.716796875
22089.36328125
22060.72265625
22032.236328125
22003.583984375
21975.8828125
21948.06640625
21920.67578125
21893.61328125
21866.71875
21839.220703125
21811.607421875
21782.529296875
21754.158203125
21725.802734375
21698.197265625
21670.80859375
21643.392578125
21616.21484375
21589.16015625
21561.7109375
21534.88671875
21508.09375
21482.666015625
21455.7265625
21428.67578125
21401.59765625
21375.015625
21348.953125
21323.0703125
21297.728515625
21272.3359375
21247.8515625
21221.1484375
21195.33984375
21168.533203125
21142.85546875
21117.359375
21092.068359375
21066.3125
21040.296875
21014.578125
20989.53125
20964.984375
20940.4296875
20915.318359375
20890.16796875
20865.126953125
20840.103515625
20815.193359375
20790.13671875
20765.36328125
20740.76171875
20716.490234375
20692.203125
20668.244140625
20644.48046875
20620.69140625
20597.296875
20574.015625
20551.89453125
20528.671875
20506.103515625
20480.748046875
20455.76171875
20431.2578125
20408.33203125
20385.861328125
20362.85546875
20339.322265625
20315.9453125
20293.29296875
20271.736328125
20248.625
20224.958984375
20200.177734375
20176.24609375
20154.201171875
20131.74609375
20109.78515625
20086.3203125
20063.390625
20040.05078125
20017.728515625
19995.40625
19972.931640625
19950.09765625
19927.20703125
19904.857421875
19882.76953125
19860.99609375
19839.0625
19817.31640625
19795.7890625
19774.34765625
19752.46875
19729.455078125
19705.78125
19683.5546875
19660.77734375
19639.3984375
19616.8515625
19594.095703125
19570.716796875
19547.8671875
19525.2265625
19502.705078125
19480.20703125
19458.04296875
19436.48046875
19415.240234375
19393.81640625
19372.234375
19350.24609375
19328.64453125
19306.78515625
19285.1796875
19263.16015625
19241.515625
19219.8671875
19198.384765625
19177.3359375
19156.224609375
19135.01171875
19113.765625
19092.84375
19072.234375
19052.326171875
19032.078125
19012.337890625
18991.021484375
18969.958984375
18948.541015625
18927.83203125
18907.40234375
18887.21875
18867.234375
18847.6640625
18828.193359375
18808.693359375
18789.3046875
18769.79296875
18750.73828125
18731.353515625
18712.451171875
18692.76171875
18673.70703125
18654.22265625
18635.48828125
18616.7734375
18598.359375
18580.265625
18562.91796875
18545.7578125
18529.505859375
18512.0
18490.79296875
18466.533203125
18445.3515625
18428.931640625
18411.1328125
18390.294921875
18371.96484375
18356.15625
18337.34375
18317.802734375
18300.359375
18283.671875
18264.47265625
18247.419921875
18229.75
18211.830078125
18193.744140625
18175.689453125
18156.556640625
18137.91796875
18120.06640625
18102.3828125
18084.85546875
18067.56640625
18050.1640625
18033.20703125
18016.7421875
18000.865234375
17984.23046875
17967.517578125
17949.16015625
17930.421875
17911.2578125
17892.771484375
17874.578125
17856.8671875
17839.923828125
17823.0078125
17806.568359375
17789.98046875
17773.5859375
17757.181640625
17741.56640625
17726.1484375
17710.48828125
17693.509765625
17675.25
17656.609375
17638.6484375
17621.880859375
17605.537109375
17589.98046875
17574.33984375
17558.95703125
17541.662109375
17523.724609375
17505.53515625
17488.962890625
17473.267578125
17458.09375
17442.099609375
17425.830078125
17409.26953125
17393.546875
17377.171875
17361.5234375
17346.1328125
17331.734375
17316.837890625
17299.90625
17281.828125
17265.71484375
17251.31640625
17235.390625
17216.8671875
17199.33203125
17183.71484375
17168.45703125
17151.966796875
17136.619140625
17121.3984375
17105.5546875
17088.65625
17072.966796875
17057.62109375
17042.84765625
17029.625
17020.5
17015.01953125
17000.67578125
16972.400390625
16952.94140625
16945.611328125
16926.21484375
16904.76953125
16893.0
16875.390625
16854.84765625
16840.26171875
16825.27734375
16807.142578125
16792.3984375
16778.58984375
16762.328125
16746.0546875
16731.72265625
16715.103515625
16698.96484375
16685.345703125
16671.27734375
16656.77734375
16643.65625
16628.953125
16612.96484375
16596.8984375
16581.0390625
16565.00390625
16550.484375
16536.79296875
16523.376953125
16509.09765625
16495.78125
16481.275390625
16468.00390625
16453.787109375
16438.96484375
16422.0078125
16405.4296875
16389.03515625
16375.1416015625
16361.216796875
16347.78125
16333.029296875
16318.3916015625
16303.2548828125
16288.6796875
16273.650390625
16259.025390625
16244.5029296875
16231.123046875
16217.4775390625
16203.736328125
16188.349609375
16173.01171875
16157.89453125
16144.4921875
16130.9345703125
16117.078125
16102.0234375
16086.916015625
16072.5625
16059.283203125
16046.578125
16033.876953125
16020.576171875
16007.384765625
15993.78125
15980.4521484375
15966.69921875
15952.587890625
15938.1337890625
15923.51171875
15909.1337890625
15895.3759765625
15882.31640625
15869.6162109375
15856.759765625
15843.6064453125
15830.166015625
15816.9541015625
15803.498046875
15789.84375
15775.66015625
15761.33203125
15747.357421875
15734.2109375
15721.958984375
15710.1796875
15698.3359375
15686.1103515625
15672.607421875
15658.3046875
15643.87890625
15629.947265625
15616.4384765625
15603.24609375
15589.748046875
15576.259765625
15562.6005859375
15549.4345703125
15536.5556640625
15524.1953125
15512.1103515625
15500.0009765625
15487.380859375
15474.76171875
15461.28515625
15448.3603515625
15433.9931640625
15419.7412109375
15405.201171875
15391.8447265625
15379.56640625
15368.1513671875
15356.1064453125
15342.9853515625
15329.1865234375
15315.5849609375
15302.716796875
15290.03125
15277.2060546875
15264.39453125
15252.296875
15241.2880859375
15230.267578125
15218.24609375
15205.021484375
15191.447265625
15179.27734375
15168.6259765625
15159.1494140625
15149.9208984375
15139.7490234375
15128.9326171875
15117.5009765625
15108.3466796875
15100.3701171875
15095.01171875
15082.2060546875
15065.5947265625
15046.5322265625
15030.072265625
15016.9365234375
15005.7294921875
14994.533203125
14982.6328125
14971.5986328125
14962.048828125
14951.609375
14937.443359375
14920.2265625
14903.462890625
14889.525390625
14878.171875
14867.5625
14856.236328125
14843.3291015625
14829.9658203125
14817.2099609375
14805.9921875
14795.3154296875
14784.306640625
14771.6240234375
14758.673828125
14745.8349609375
14734.3330078125
14722.8310546875
14711.5107421875
14699.8642578125
14688.615234375
14677.4052734375
14666.5625
14655.279296875
14643.7392578125
14631.642578125
14619.9560546875
14608.65625
14598.296875
14587.7646484375
14577.28515625
14566.287109375
14555.1171875
14543.375
14531.8759765625
14520.515625
14510.15625
14500.2587890625
14490.859375
14481.1025390625
14471.25
14461.072265625
14451.36328125
14441.9267578125
14433.3974609375
14424.6865234375
14415.8154296875
14405.5810546875
14394.03515625
14381.248046875
14368.1826171875
14355.64453125
14344.6572265625
14334.8046875
14326.103515625
14316.6640625
14306.83984375
14295.8994140625
14286.078125
14275.041015625
14264.20703125
14251.9150390625
14240.7314453125
14229.796875
14219.515625
14209.580078125
14200.291015625
14190.8740234375
14180.302734375
14168.9111328125
14157.41796875
14146.005859375
14135.072265625
14125.12109375
14116.54296875
14107.919921875
14099.1923828125
14089.70703125
14080.029296875
14069.5146484375
14059.5771484375
14049.685546875
14040.546875
14030.583984375
14020.873046875
14010.2509765625
13999.9208984375
13989.294921875
13979.0126953125
13968.3251953125
13957.4091796875
13946.3486328125
13935.9208984375
13926.20703125
13916.9013671875
13907.908203125
13898.44140625
13888.7900390625
13878.583984375
13868.47265625
13858.794921875
13849.11328125
13839.736328125
13829.646484375
13819.7861328125
13809.5595703125
13799.96484375
13790.453125
13781.306640625
13771.7578125
13762.21875
13752.6015625
13743.5498046875
13734.955078125
13726.68359375
13718.060546875
13709.0859375
13699.03125
13688.7939453125
13677.837890625
13668.228515625
13658.9296875
13650.33984375
13641.0673828125
13631.279296875
13621.6376953125
13612.7607421875
13605.2275390625
13597.9892578125
13590.3193359375
13581.130859375
13570.9287109375
13560.673828125
13551.2109375
13542.958984375
13535.3125
13528.0185546875
13521.0302734375
13514.966796875
13509.2421875
13503.478515625
13495.677734375
13485.802734375
13473.919921875
13462.7265625
13452.6845703125
13444.58203125
13435.8935546875
13426.296875
13414.927734375
13403.54296875
13393.1806640625
13384.6025390625
13377.4736328125
13370.630859375
13363.2646484375
13354.248046875
13343.2978515625
13330.97265625
13319.455078125
13310.982421875
13304.4140625
13298.4736328125
13290.716796875
13282.046875
13273.33984375
13265.33203125
13257.2578125
13248.57421875
13239.2578125
13230.57421875
13221.73828125
13212.884765625
13203.099609375
13193.25390625
13183.52734375
13174.388671875
13165.3759765625
13156.00390625
13147.0888671875
13138.1826171875
13130.5
13123.5234375
13116.9541015625
13110.6962890625
13104.388671875
13098.48046875
13092.271484375
13086.1513671875
13078.5859375
13070.158203125
13059.951171875
13049.58203125
13039.767578125
13031.2666015625
13024.25
13017.423828125
13010.626953125
13002.4306640625
12993.630859375
12984.666015625
12976.7919921875
12970.037109375
12962.9521484375
12954.353515625
12945.0947265625
12936.265625
12928.0244140625
12918.70703125
12908.638671875
12898.57421875
12889.787109375
12880.6279296875
12871.640625
12862.890625
12855.630859375
12848.1044921875
12840.44921875
12832.556640625
12825.7294921875
12818.61328125
12811.9365234375
12804.775390625
12798.1875
12790.705078125
12783.001953125
12774.880859375
12767.896484375
12761.3671875
12756.076171875
12751.1875
12747.201171875
12743.001953125
12738.58203125
12733.185546875
12726.8564453125
12718.90625
12710.8359375
12701.9609375
12694.3251953125
12684.90234375
12675.509765625
12664.203125
12653.765625
12644.05859375
12635.62109375
12627.384765625
12618.677734375
12609.9130859375
12601.564453125
12594.419921875
12587.6201171875
12580.44140625
12571.853515625
12562.576171875
12553.322265625
12545.515625
12538.8359375
12532.912109375
12526.390625
12519.4521484375
12511.4384765625
12504.6337890625
12498.6015625
12494.6796875
12491.267578125
12488.21875
12484.09765625
12479.4755859375
12473.421875
12466.68359375
12458.30078125
12449.150390625
12438.3505859375
12427.8740234375
12417.0556640625
12408.70703125
12401.419921875
12396.5283203125
12391.744140625
12387.70703125
12382.6142578125
12376.99609375
12370.1240234375
12362.580078125
12354.5908203125
12346.953125
12339.677734375
12333.638671875
12328.1572265625
12323.630859375
12318.1953125
12311.6337890625
12302.7470703125
12293.587890625
12285.3525390625
12280.6103515625
12277.16015625
12274.19140625
12268.259765625
12260.1640625
12250.23828125
12239.69921875
12229.25
12206.9296875
12209.482421875
12206.9931640625
12191.8896484375
12197.021484375
12186.453125
12180.515625
12180.73828125
12170.15234375
12168.486328125
12163.96484375
12156.62890625
12154.7880859375
12148.541015625
12143.755859375
12140.369140625
12134.47265625
12130.5869140625
12126.2158203125
12121.103515625
12117.1416015625
12112.51171875
12107.9267578125
12103.744140625
12099.185546875
12094.728515625
12090.4951171875
12086.0234375
12081.654296875
12077.384765625
12072.9697265625
12068.634765625
12064.3984375
12060.056640625
12055.7197265625
12051.5078125
12047.142578125
12042.916015625
12038.6943359375
12034.3212890625
12030.173828125
12025.9072265625
12021.642578125
12017.490234375
12013.2041015625
12008.9951171875
12004.82421875
12000.5712890625
11996.3916015625
11992.1591796875
11987.990234375
11983.8193359375
11979.6220703125
11975.45703125
11971.28125
11967.1240234375
11962.966796875
11958.8017578125
11954.673828125
11950.5185546875
11946.4248046875
11942.265625
11938.123046875
11933.982421875
11929.8984375
11925.7451171875
11921.6083984375
11917.5234375
11913.4462890625
11909.3125
11905.2431640625
11901.1435546875
11897.046875
11892.9599609375
11888.896484375
11884.830078125
11880.744140625
11876.6865234375
11872.5869140625
11868.5302734375
11864.4501953125
11860.404296875
11856.3671875
11852.302734375
11848.248046875
11844.1875
11840.154296875
11836.1103515625
11832.083984375
11828.0322265625
11824.03125
11820.005859375
11815.9453125
11811.931640625
11807.908203125
11803.900390625
11799.92578125
11795.9150390625
11791.89453125
11787.9228515625
11783.919921875
11779.921875
11775.94921875
11771.9658203125
11768.017578125
11764.0400390625
11760.07421875
11756.16015625
11752.2294921875
11748.275390625
11744.34765625
11740.423828125
11736.50390625
11732.6005859375
11728.685546875
11724.814453125
11720.9150390625
11717.048828125
11713.158203125
11709.3125
11705.4453125
11701.591796875
11697.7421875
11693.8603515625
11690.013671875
11686.1904296875
11682.36328125
11678.53515625
11674.7255859375
11670.884765625
11667.1005859375
11663.2802734375
11659.49609375
11655.72265625
11651.916015625
11648.142578125
11644.365234375
11640.5693359375
11636.826171875
11633.0712890625
11629.3212890625
11625.59375
11621.8037109375
11618.0966796875
11614.35546875
11610.625
11606.896484375
11603.150390625
11599.4384765625
11595.755859375
11592.015625
11588.3447265625
11584.6513671875
11580.939453125
11577.2724609375
11573.578125
11569.8720703125
11566.2294921875
11562.5625
11558.919921875
11555.26953125
11551.587890625
11547.947265625
11544.30078125
11540.669921875
11537.0234375
11533.4443359375
11529.80078125
11526.1953125
11522.59375
11518.958984375
11515.359375
11511.734375
11508.1552734375
11504.560546875
11500.9765625
11497.39453125
11493.8330078125
11490.26171875
11486.6640625
11483.12890625
11479.580078125
11476.0166015625
11472.4404296875
11468.88671875
11465.35546875
11461.8037109375
11458.2490234375
11454.75390625
11451.2109375
11447.681640625
11444.138671875
11440.6337890625
11437.134765625
11433.60546875
11430.0537109375
11426.609375
11423.095703125
11419.6240234375
11416.12109375
11412.630859375
11409.150390625
11405.6572265625
11402.15234375
11398.685546875
11395.19921875
11391.75390625
11388.30078125
11384.828125
11381.3818359375
11377.8916015625
11374.4609375
11370.994140625
11367.546875
11364.1064453125
11360.7001953125
11357.29296875
11353.861328125
11350.44140625
11347.0107421875
11343.619140625
11340.212890625
11336.849609375
11333.46484375
11330.0859375
11326.71484375
11323.3203125
11319.984375
11316.611328125
11313.2724609375
11309.94140625
11306.6025390625
11303.251953125
11299.9384765625
11296.62890625
11293.3349609375
11290.017578125
11286.712890625
11283.4189453125
11280.1552734375
11276.8798828125
11273.619140625
11270.3505859375
11267.087890625
11263.83984375
11260.5966796875
11257.3603515625
11254.12109375
11250.9033203125
11247.669921875
11244.478515625
11241.259765625
11238.0263671875
11234.8271484375
11231.640625
11228.4248046875
11225.2294921875
11222.0439453125
11218.8662109375
11215.7041015625
11212.5166015625
11209.322265625
11206.16015625
11203.013671875
11199.857421875
11196.69921875
11193.5341796875
11190.443359375
11187.30078125
11184.1640625
11181.0380859375
11177.921875
11174.794921875
11171.6650390625
11168.5693359375
11165.45703125
11162.3818359375
11159.2529296875
11156.201171875
11153.103515625
11150.037109375
11146.955078125
11143.8837890625
11140.8193359375
11137.77734375
11134.6953125
11131.6201171875
11128.5703125
11125.546875
11122.4814453125
11119.47265625
11116.43359375
11113.408203125
11110.4052734375
11107.34765625
11104.341796875
11101.353515625
11098.365234375
11095.365234375
11092.37109375
11089.376953125
11086.375
11083.4140625
11080.447265625
11077.50390625
11074.529296875
11071.568359375
11068.626953125
11065.638671875
11062.6279296875
11059.671875
11056.736328125
11053.8310546875
11050.8984375
11047.9296875
11045.0126953125
11042.072265625
11039.1953125
11036.271484375
11033.3515625
11030.42578125
11027.533203125
11024.62890625
11021.734375
11018.8388671875
11015.9541015625
11013.04296875
11010.1904296875
11007.3046875
11004.4501953125
11001.568359375
10998.70703125
10995.8466796875
10992.9501953125
10990.1376953125
10987.279296875
10984.4248046875
10981.583984375
10978.7490234375
10975.919921875
10973.087890625
10970.255859375
10967.4453125
10964.626953125
10961.828125
10959.0224609375
10956.216796875
10953.4052734375
10950.60546875
10947.8154296875
10945.060546875
10942.255859375
10939.458984375
10936.6650390625
10933.9208984375
10931.1591796875
10928.3759765625
10925.6318359375
10922.88671875
10920.1318359375
10917.37109375
10914.630859375
10911.90625
10909.16796875
10906.3984375
10903.708984375
10900.9501953125
10898.2529296875
10895.5166015625
10892.796875
10890.08203125
10887.3935546875
10884.6748046875
10881.9599609375
10879.265625
10876.580078125
10873.8984375
10871.201171875
10868.51953125
10865.8671875
10863.1904296875
10860.52734375
10857.85546875
10855.2099609375
10852.5380859375
10849.876953125
10847.2314453125
10844.611328125
10841.97265625
10839.365234375
10836.74609375
10834.1220703125
10831.4794921875
10828.8115234375
10826.1396484375
10823.513671875
10820.9013671875
10818.287109375
10815.70703125
10813.091796875
10810.4453125
10807.8505859375
10805.259765625
10802.671875
10800.09375
10797.494140625
10794.91015625
10792.3134765625
10789.70703125
10787.166015625
10784.5849609375
10782.00390625
10779.431640625
10776.875
10774.326171875
10771.763671875
10769.1953125
10766.642578125
10764.099609375
10761.5810546875
10759.0556640625
10756.5439453125
10754.03515625
10751.53125
10749.0634765625
10746.5703125
10744.10546875
10741.611328125
10739.1064453125
10736.5625
10734.00390625
10731.443359375
10728.9169921875
10726.4599609375
10723.990234375
10721.544921875
10719.1806640625
10716.9384765625
10714.9091796875
10713.939453125
10712.4609375
10713.4208984375
10708.5458984375
10703.86328125
10700.376953125
10698.142578125
10696.9833984375
10695.138671875
10693.240234375
10689.599609375
10686.654296875
10684.228515625
10682.169921875
10680.71484375
10677.9833984375
10675.150390625
10672.63671875
10670.06640625
10668.140625
10665.78125
10663.2197265625
10660.2626953125
10657.517578125
10654.7998046875
10652.2822265625
10649.7158203125
10647.0546875
10644.474609375
10642.0576171875
10639.8046875
10637.6669921875
10635.4453125
10633.029296875
10630.59765625
10628.181640625
10625.982421875
10623.84375
10621.806640625
10619.78125
10617.85546875
10615.8037109375
10613.716796875
10611.2578125
10608.41015625
10605.3203125
10602.310546875
10599.662109375
10597.3984375
10595.3515625
10593.2607421875
10591.037109375
10588.5888671875
10586.123046875
10583.7158203125
10581.552734375
10579.5498046875
10577.650390625
10575.548828125
10573.28125
10570.841796875
10568.4951171875
10566.287109375
10564.265625
10562.2236328125
10560.3046875
10558.3525390625
10556.59375
10554.931640625
10553.46484375
10552.013671875
10550.453125
10548.4755859375
10545.9619140625
10543.15234375
10540.4580078125
10538.2685546875
10536.83203125
10535.798828125
10535.00390625
10533.9228515625
10532.59375
10530.216796875
10527.431640625
10523.787109375
10520.7939453125
10518.2646484375
10516.8935546875
10516.048828125
10515.375
10514.4013671875
10512.96484375
10511.41015625
10509.7265625
10508.060546875
10506.1728515625
10503.9814453125
10502.103515625
10500.330078125
10499.6748046875
10499.171875
10498.6845703125
10497.01953125
10494.6689453125
10490.953125
10487.419921875
10483.5244140625
10480.36328125
10477.1220703125
10474.6875
10472.3134765625
10470.5888671875
10468.373046875
10466.05078125
10463.28125
10460.68359375
10457.947265625
10455.279296875
10452.40625
10449.76953125
10447.345703125
10445.1552734375
10442.9658203125
10440.73828125
10438.3154296875
10435.9921875
10433.6748046875
10431.85546875
10430.0458984375
10428.4228515625
10426.3818359375
10424.2109375
10421.578125
10419.0234375
10416.3876953125
10413.9287109375
10411.5107421875
10409.2392578125
10406.912109375
10404.5703125
10402.173828125
10399.880859375
10397.6708984375
10395.8095703125
10393.9921875
10392.392578125
10390.6826171875
10389.0302734375
10387.1591796875
10385.3486328125
10383.5078125
10381.9150390625
10380.5908203125
10379.5849609375
10378.80078125
10378.22265625
10377.845703125
10377.6513671875
10377.7099609375
10377.908203125
10378.1455078125
10378.18359375
10377.7734375
10376.7890625
10375.2763671875
10373.4501953125
10371.2841796875
10369.0498046875
10366.3505859375
10363.341796875
10359.595703125
10355.626953125
10351.509765625
10347.8408203125
10344.517578125
10341.64453125
10338.75390625
10336.029296875
10333.146484375
10330.6357421875
10328.21875
10326.0341796875
10323.8984375
10321.5859375
10319.15234375
10316.7783203125
10314.51953125
10312.4716796875
10310.447265625
10308.3984375
10306.107421875
10303.677734375
10301.24609375
10298.9619140625
10296.9345703125
10295.1064453125
10293.2119140625
10291.267578125
10289.1337890625
10287.1708984375
10285.2451171875
10283.5595703125
10281.7216796875
10279.9697265625
10277.916015625
10276.0322265625
10273.994140625
10272.2802734375
10270.48046875
10268.837890625
10267.0673828125
10265.4140625
10263.8203125
10262.46875
10261.330078125
10260.453125
10259.7236328125
10259.109375
10258.5673828125
10257.8759765625
10257.134765625
10256.02734375
10254.689453125
10252.7509765625
10250.3662109375
10247.5322265625
10244.458984375
10241.3203125
10238.4453125
10235.7314453125
10233.427734375
10231.1796875
10229.205078125
10227.29296875
10225.568359375
10224.142578125
10222.828125
10221.7138671875
10220.275390625
10218.591796875
10216.3623046875
10213.7978515625
10211.123046875
10208.6650390625
10206.53515625
10205.0126953125
10203.8359375
10203.041015625
10202.34765625
10201.748046875
10201.30859375
10200.9033203125
10200.671875
10200.5634765625
10200.7255859375
10200.8759765625
10200.859375
10200.298828125
10199.091796875
10197.2958984375
10194.9453125
10192.453125
10189.4765625
10186.5419921875
10183.0673828125
10179.70703125
10176.2783203125
10173.2041015625
10170.3515625
10167.76953125
10165.3125
10163.16796875
10161.435546875
10160.232421875
10159.10546875
10157.9755859375
10156.255859375
10154.318359375
10151.998046875
10149.876953125
10147.4775390625
10145.0869140625
10142.6015625
10140.615234375
10139.1328125
10138.3623046875
10137.7587890625
10137.2568359375
10136.220703125
10134.587890625
10131.75
10128.2890625
10124.251953125
10120.9306640625
10118.3359375
10116.9375
10116.0302734375
10115.55078125
10114.849609375
10114.0966796875
10112.7861328125
10111.5595703125
10109.931640625
10108.787109375
10107.2421875
10106.0126953125
10104.0830078125
10102.111328125
10099.5849609375
10097.30859375
10094.970703125
10093.2109375
10091.4453125
10090.01953125
10088.31640625
10086.814453125
10085.26953125
10084.3154296875
10083.537109375
10083.240234375
10082.5732421875
10081.8662109375
10080.666015625
10079.732421875
10079.056640625
10078.640625
10078.154296875
10077.01953125
10075.361328125
10073.119140625
10070.9140625
10068.7509765625
10066.734375
10064.6142578125
10061.90234375
10058.947265625
10056.4697265625
10054.8046875
10053.4736328125
10052.060546875
10050.0517578125
10047.6884765625
10045.123046875
10042.9404296875
10041.013671875
10039.40234375
10037.779296875
10036.2060546875
10034.501953125
10032.8583984375
10031.17578125
10029.59375
10028.0478515625
10026.697265625
10025.337890625
10024.109375
10022.6953125
10021.685546875
10020.5126953125
10020.099609375
10019.359375
10019.18359375
10018.423828125
10017.7822265625
10016.5478515625
10015.2841796875
10013.62109375
10012.1396484375
10010.720703125
10009.7451171875
10008.689453125
10007.68359375
10005.9814453125
10003.984375
10001.5400390625
9999.4033203125
9997.490234375
9996.2138671875
9995.23828125
9994.40625
9993.322265625
9991.2001953125
9987.951171875
9983.955078125
9980.2119140625
9977.6455078125
9975.8193359375
9974.6240234375
9973.23046875
9971.740234375
9969.994140625
9968.5986328125
9967.193359375
9966.060546875
9964.642578125
9963.533203125
9962.134765625
9960.955078125
9959.5009765625
9958.3037109375
9956.7197265625
9955.30078125
9953.619140625
9952.1494140625
9950.51953125
9949.16796875
9947.8134765625
9947.0341796875
9946.44140625
9946.578125
9946.6015625
9946.505859375
9945.3896484375
9943.2802734375
9939.861328125
9935.84375
9931.8271484375
9928.7529296875
9926.8916015625
9926.2138671875
9926.171875
9926.07421875
9925.85546875
9925.458984375
9926.2421875
9927.23046875
9927.255859375
9923.2734375
9921.5390625
9922.744140625
9922.298828125
9919.0322265625
9916.2890625
9915.22265625
9913.564453125
9909.962890625
9905.2841796875
9901.21875
9897.763671875
9895.59765625
9893.4658203125
9890.8564453125
9887.732421875
9885.919921875
9884.759765625
9882.9931640625
9881.580078125
9880.63671875
9880.46484375
9880.1689453125
9879.2822265625
9877.8671875
9876.7265625
9875.2890625
9873.74609375
9872.2197265625
9870.74609375
9868.962890625
9867.2607421875
9865.4736328125
9863.740234375
9862.6669921875
9862.330078125
9862.4140625
9862.02734375
9861.2607421875
9860.0478515625
9859.80859375
9860.21875
9861.890625
9863.0986328125
9863.375
9861.6650390625
9858.8046875
9855.357421875
9852.046875
9848.9111328125
9845.771484375
9842.5439453125
9839.513671875
9836.927734375
9835.1904296875
9833.8046875
9832.7275390625
9831.4033203125
9830.17578125
9828.9873046875
9828.025390625
9827.15234375
9825.97265625
9824.609375
9822.685546875
9820.939453125
9819.330078125
9818.439453125
9818.103515625
9818.431640625
9818.8447265625
9819.2939453125
9819.126953125
9818.54296875
9817.109375
9815.591796875
9813.4765625
9811.79296875
9809.5537109375
9807.8173828125
9805.482421875
9803.4375
9801.234375
9799.673828125
9798.4609375
9797.767578125
9797.0009765625
9796.24609375
9795.11328125
9794.060546875
9792.8857421875
9792.033203125
9791.2109375
9790.8515625
9790.5966796875
9790.328125
9789.341796875
9787.4921875
9784.6279296875
9781.3740234375
9778.400390625
9776.48828125
9775.41015625
9774.744140625
9773.37890625
9771.37890625
9768.638671875
9766.380859375
9764.6552734375
9763.93359375
9763.01953125
9761.98828125
9760.0712890625
9758.2099609375
9756.3515625
9755.06640625
9754.076171875
9753.5205078125
9753.16796875
9753.0419921875
9752.8251953125
9752.4833984375
9751.599609375
9750.48828125
9749.138671875
9748.228515625
9747.4892578125
9747.130859375
9746.630859375
9746.314453125
9745.8125
9745.537109375
9744.9921875
