15362.3125
15355.2509765625
15348.599609375
15342.2763671875
15336.21484375
15330.419921875
15324.791015625
15319.37890625
15314.146484375
15309.103515625
15304.203125
15299.4501953125
15294.83203125
15290.376953125
15286.02734375
15281.7900390625
15277.6630859375
15273.65625
15269.7626953125
15265.962890625
15262.2666015625
15258.67578125
15255.185546875
15251.80078125
15248.5078125
15245.296875
15242.185546875
15239.158203125
15236.21484375
15233.3466796875
15230.576171875
15227.8818359375
15225.251953125
15222.69921875
15220.2275390625
15217.818359375
15215.4833984375
15213.2021484375
15211.001953125
15208.859375
15206.7705078125
15204.748046875
15202.783203125
15200.8642578125
15199.0068359375
15197.1953125
15195.43359375
15193.7236328125
15192.0546875
15190.44140625
15188.865234375
15187.3359375
15185.8447265625
15184.3935546875
15182.974609375
15181.599609375
15180.2607421875
15178.953125
15177.689453125
15176.4580078125
15175.2529296875
15174.0703125
15172.9296875
15171.81640625
15170.734375
15169.673828125
15168.646484375
15167.6435546875
15166.66796875
15165.7060546875
15164.7734375
15163.8671875
15162.984375
15162.1162109375
15161.279296875
15160.4560546875
15159.6533203125
15158.869140625
15158.10546875
15157.35546875
15156.6328125
15155.9228515625
15155.232421875
15154.552734375
15153.89453125
15153.248046875
15152.61328125
15152.001953125
15151.400390625
15150.8125
15150.240234375
15149.6796875
15149.130859375
15148.5908203125
15148.0703125
15147.5576171875
15147.056640625
15146.5654296875
15146.0849609375
15145.6162109375
15145.15625
15144.7080078125
15144.265625
15143.833984375
15143.41796875
15143.00390625
15142.6015625
15142.203125
15141.8212890625
15141.4453125
15141.072265625
15140.7080078125
15140.3525390625
15140.0009765625
15139.658203125
15139.3232421875
15138.994140625
15138.673828125
15138.357421875
15138.0458984375
15137.7451171875
15137.4482421875
15137.16015625
15136.869140625
15136.5888671875
15136.310546875
15136.0380859375
15135.775390625
15135.513671875
15135.2548828125
15135.001953125
15134.7568359375
15134.5126953125
15134.275390625
15134.0380859375
15133.8076171875
15133.5830078125
15133.359375
15133.140625
15132.927734375
15132.71875
15132.509765625
15132.306640625
15132.10546875
15131.9072265625
15131.7138671875
15131.5234375
15131.3369140625
15131.154296875
15130.974609375
15130.7998046875
15130.625
15130.455078125
15130.283203125
15130.12109375
15129.9599609375
15129.80078125
15129.640625
15129.486328125
15129.3330078125
15129.18359375
15129.033203125
15128.890625
15128.75
15128.611328125
15128.4736328125
15128.3388671875
15128.2080078125
15128.0771484375
15127.9482421875
15127.822265625
15127.7001953125
15127.578125
15127.458984375
15127.3408203125
15127.228515625
15127.1142578125
15127.001953125
15126.892578125
15126.783203125
15126.6787109375
15126.5751953125
15126.474609375
15126.373046875
15126.275390625
15126.1787109375
15126.0830078125
15125.990234375
15125.896484375
15125.8056640625
15125.7197265625
15125.634765625
15125.548828125
15125.46484375
15125.3828125
15125.30078125
15125.2236328125
15125.146484375
15125.0712890625
15124.99609375
5147036.5
95224.3359375
115197.6015625
80611.2890625
126380.953125
89149.328125
71851.328125
67147.6328125
62673.640625
61844.2734375
60894.09375
59670.4921875
58466.78125
57576.40625
56591.39453125
55273.9140625
53614.90625
51957.5546875
50373.58984375
48990.9609375
47595.69921875
46188.8671875
44855.3828125
43571.234375
42296.74609375
41004.95703125
39788.078125
38664.8515625
37628.76171875
36657.015625
35711.328125
34795.3515625
33935.03125
33131.04296875
32364.845703125
31636.73828125
30949.23046875
30291.0859375
29651.05078125
29034.5625
28456.640625
27922.0234375
27421.31640625
26946.44140625
26497.1328125
26069.8671875
25657.47265625
25264.33203125
24895.78125
24543.84765625
24200.8515625
23869.35546875
23551.119140625
23245.1875
22950.8359375
22664.921875
22386.5
22118.35546875
21861.40625
21614.64453125
21377.353515625
21148.419921875
20927.5859375
20715.64453125
20510.98828125
20311.4453125
20116.94140625
19927.978515625
19745.357421875
19568.8125
19397.27734375
19230.28515625
19067.77734375
18909.49609375
18755.48828125
18605.162109375
18458.583984375
18315.92578125
18176.94140625
18041.275390625
17908.69921875
17778.94140625
17652.072265625
17527.80078125
17406.103515625
17287.05859375
17170.5625
17056.72265625
16945.50390625
16836.916015625
16730.9296875
16627.25
16525.7109375
16426.1484375
16328.369140625
16232.4912109375
16138.6630859375
16047.263671875
15958.134765625
15870.677734375
15785.083984375
15701.84765625
15621.1484375
15543.1572265625
15468.134765625
15395.8212890625
15324.56640625
15253.859375
15184.86328125
15117.8203125
15052.150390625
14987.654296875
14924.46875
14862.6220703125
14802.0693359375
14742.72265625
14684.3173828125
14626.890625
14570.400390625
14514.869140625
14460.212890625
14406.3330078125
14353.189453125
14300.7392578125
14248.94140625
14197.83984375
14147.43359375
14097.591796875
14048.3779296875
13999.70703125
13951.638671875
13904.1005859375
13857.169921875
13810.8125
13765.025390625
13719.759765625
13675.0546875
13630.9345703125
13587.3779296875
13544.2265625
13501.34375
13458.849609375
13417.14453125
13375.939453125
13335.01953125
13294.5009765625
13254.642578125
13215.294921875
13176.33203125
13137.8837890625
13100.08984375
13062.7353515625
13025.751953125
12989.359375
12953.45703125
12917.9345703125
12882.8154296875
12848.15625
12813.84375
12779.791015625
12746.05078125
12712.60546875
12679.3173828125
12646.203125
12613.353515625
12580.666015625
12548.140625
12515.8837890625
12483.919921875
12452.1982421875
12420.7880859375
12389.73828125
12359.0546875
12328.7451171875
12298.837890625
12269.3388671875
12240.29296875
12211.6494140625
12183.43359375
12155.6640625
12128.30859375
12101.283203125
12074.5888671875
12048.216796875
12022.12109375
11996.318359375
11970.8046875
11945.669921875
11920.8935546875
11896.2314453125
11871.486328125
11847.125
11823.392578125
11799.888671875
11776.275390625
11753.0390625
11730.2607421875
11707.4677734375
11684.720703125
11662.4130859375
11640.19921875
11618.015625
11596.1884765625
11574.630859375
11553.1201171875
11531.8056640625
11510.7177734375
11489.638671875
11468.751953125
11448.095703125
11427.560546875
11407.2060546875
11387.1494140625
11367.373046875
11348.033203125
11330.6572265625
11311.8427734375
11298.59375
11269.4970703125
11258.974609375
11259.029296875
11222.92578125
11203.8369140625
11201.3564453125
11170.65625
11172.169921875
11149.767578125
11157.14453125
11136.751953125
11121.615234375
11103.6181640625
11079.974609375
11063.9296875
11035.1279296875
11017.015625
10995.556640625
10974.9814453125
10952.791015625
10939.517578125
10918.3681640625
10899.1025390625
10890.8251953125
10867.3310546875
10864.1640625
10869.8515625
10856.912109375
10840.970703125
10824.6240234375
10801.41015625
10790.2890625
10769.84765625
10755.1875
10737.2734375
10720.10546875
10704.29296875
10684.9453125
10666.03125
10647.3037109375
10630.392578125
10614.40625
10595.552734375
10576.3427734375
10565.462890625
10554.21875
10536.6640625
10524.7353515625
10509.55859375
10496.759765625
10480.986328125
10467.58984375
10452.189453125
10440.126953125
10425.98046875
10413.8193359375
10399.9833984375
10389.3642578125
10375.7138671875
10365.42578125
10351.6015625
10340.8828125
10328.2734375
10317.103515625
10305.4033203125
10294.3271484375
10282.876953125
10271.4482421875
10260.568359375
10248.990234375
10237.78125
10226.197265625
10215.7841796875
10205.548828125
10195.04296875
10183.861328125
10171.763671875
10160.259765625
10149.60546875
10139.064453125
10127.861328125
10116.666015625
10105.6142578125
10095.107421875
10084.3994140625
10073.5791015625
10062.7060546875
10052.1865234375
10041.8291015625
10031.32421875
10020.8837890625
10010.77734375
10000.796875
9990.58984375
9980.40625
9970.3974609375
9960.603515625
9950.9892578125
9941.5625
9932.15234375
9922.6181640625
9913.115234375
9903.830078125
9894.828125
9886.1953125
9877.767578125
9869.3984375
9860.544921875
9851.453125
9842.1884765625
9833.2216796875
9824.42578125
9815.7978515625
9807.3408203125
9799.0078125
9790.912109375
9782.9375
9774.91015625
9766.5966796875
9758.3173828125
9750.4091796875
9742.84375
9735.298828125
9727.71875
9720.21875
9712.8193359375
9705.466796875
9698.2109375
9691.05859375
9683.904296875
9676.7529296875
9669.7587890625
9662.916015625
9656.0419921875
9649.14453125
9642.267578125
9635.408203125
9628.560546875
9621.8212890625
9615.29296875
9608.9755859375
9602.736328125
9596.5458984375
9590.4677734375
9584.48828125
9578.23046875
9571.5478515625
9564.6123046875
9558.107421875
9552.2197265625
9546.65234375
9540.9765625
9535.0625
9529.3310546875
9524.1865234375
9519.576171875
9514.7958984375
9509.4072265625
9504.05078125
9499.0810546875
9493.8212890625
9487.3115234375
9480.8720703125
9475.64453125
9471.4794921875
9466.14453125
9459.14453125
9451.5537109375
9445.06640625
9439.5791015625
9434.15625
9428.3037109375
9422.7041015625
9417.36328125
9411.6689453125
9405.69921875
9400.0673828125
9395.20703125
9390.5546875
9385.40625
9379.80859375
9374.474609375
9369.5107421875
9364.630859375
9359.4306640625
9354.15234375
9349.2109375
9344.6240234375
9340.09765625
9335.3740234375
9330.52734375
9325.830078125
9321.3681640625
9317.0703125
9312.818359375
9308.5185546875
9304.4296875
9300.26953125
9296.3017578125
9291.78515625
9287.251953125
9282.125
9277.3115234375
9272.69140625
9268.41015625
9264.2724609375
9260.13671875
9256.064453125
9252.013671875
9248.19140625
9244.1220703125
9240.4169921875
9235.6064453125
9231.14453125
9226.578125
9222.525390625
9218.796875
9215.0302734375
9210.91015625
9206.478515625
9202.19140625
9198.3271484375
9194.9130859375
9191.404296875
9187.609375
9183.2099609375
9179.251953125
9175.232421875
9171.466796875
9166.7919921875
9161.642578125
9156.642578125
9152.39453125
9148.6494140625
9144.75390625
9140.6982421875
9136.4189453125
9132.392578125
9128.638671875
9124.9248046875
9120.697265625
9115.89453125
9111.09765625
9107.048828125
9103.7880859375
9100.8935546875
9097.984375
9094.8056640625
9091.580078125
9088.2802734375
9085.3359375
9082.41796875
9079.625
9075.970703125
9072.064453125
9068.2685546875
9065.048828125
9061.6875
9057.74609375
9053.5322265625
9049.64453125
9046.6787109375
9044.1640625
9041.3828125
9037.841796875
9033.9736328125
9030.5322265625
9027.794921875
9025.431640625
9022.857421875
9020.0712890625
9017.5263671875
9015.326171875
9012.7734375
9008.923828125
9004.396484375
9000.6845703125
8998.626953125
8997.65625
8996.81640625
8995.8203125
8994.517578125
8991.52734375
8987.0830078125
8983.802734375
8982.140625
8979.376953125
8973.5087890625
8967.888671875
8965.8984375
8965.9921875
8964.041015625
8959.4755859375
8955.734375
8954.30859375
8952.71484375
8949.2880859375
8945.341796875
8942.49609375
8940.091796875
8937.125
8933.998046875
8931.5400390625
8929.423828125
8927.203125
8925.279296875
8924.1611328125
8923.2421875
8921.5859375
8918.9609375
8916.1455078125
8913.22265625
8910.29296875
8906.9501953125
8904.1611328125
8901.5234375
8898.845703125
8895.697265625
8892.60546875
8890.2392578125
8888.3359375
8886.416015625
8884.06640625
8881.919921875
8879.85546875
8878.0087890625
8876.0380859375
8874.857421875
8873.4345703125
8871.9619140625
8868.9404296875
8865.845703125
8862.28125
8860.095703125
8857.236328125
8855.234375
8852.603515625
8850.1591796875
8847.7919921875
8845.109375
8842.8271484375
8840.841796875
8839.33984375
8837.6884765625
8836.419921875
8834.5009765625
8832.546875
8830.330078125
8827.921875
8825.666015625
8823.7197265625
8822.35546875
8821.779296875
8821.853515625
8822.6181640625
8821.373046875
8817.5810546875
8811.478515625
8807.828125
8807.83203125
8809.013671875
8810.546875
8811.091796875
8815.533203125
8804.009765625
8797.140625
8804.4677734375
8795.6572265625
8787.9619140625
8789.873046875
8794.033203125
8801.59375
8801.7265625
8791.9033203125
8789.7998046875
8792.8798828125
8780.8623046875
8779.748046875
8788.30859375
8799.8056640625
8786.37890625
8774.236328125
8782.935546875
8768.0244140625
8774.1552734375
8776.34375
8760.21875
8771.3193359375
8782.83984375
8763.359375
8758.9052734375
8765.3525390625
8751.607421875
8765.423828125
8756.857421875
8750.158203125
8760.7421875
8744.8916015625
8747.1806640625
8750.568359375
8742.7060546875
8736.9423828125
8741.3115234375
8730.7900390625
8734.6298828125
8734.0361328125
8727.7509765625
8725.009765625
8725.859375
8720.4853515625
8717.7861328125
8717.6201171875
8713.693359375
8713.2509765625
8714.642578125
8713.623046875
8712.12890625
8712.037109375
8707.0703125
8701.75
8698.451171875
8694.060546875
8690.7158203125
8689.9658203125
8688.259765625
8686.19140625
8686.048828125
8683.55078125
8679.85546875
8677.126953125
8673.978515625
8670.9091796875
8670.28125
8669.4345703125
8668.126953125
8667.875
8666.9140625
8664.7900390625
8662.66015625
8658.681640625
8653.064453125
8648.25390625
8644.9296875
8642.9140625
8642.90234375
8642.74609375
8640.8212890625
8637.4697265625
8632.83203125
8627.974609375
8624.638671875
8623.330078125
8622.685546875
8622.70703125
8621.775390625
8619.896484375
8616.5166015625
8613.349609375
8610.630859375
8608.91015625
8608.0224609375
8606.5439453125
8604.638671875
8601.810546875
8599.2060546875
8597.5703125
8597.12890625
8597.0888671875
8596.8017578125
8595.72265625
8593.8984375
8591.271484375
8588.1416015625
8585.1953125
8582.947265625
8581.7265625
8580.7578125
8580.0390625
8578.689453125
8577.8837890625
8576.419921875
8575.6572265625
8574.11328125
8573.1884765625
8571.2509765625
8569.2998046875
8566.369140625
8563.9638671875
8561.8505859375
8561.16015625
8560.4677734375
8560.2041015625
8558.3310546875
8555.927734375
8551.880859375
8548.2861328125
8545.2060546875
8543.876953125
8543.5185546875
8543.681640625
8543.240234375
8541.958984375
8539.7880859375
8537.53125
8535.8212890625
8535.2783203125
8534.83203125
8533.810546875
8531.353515625
8528.634765625
8527.05859375
8526.8125
8526.7490234375
8524.6435546875
8520.56640625
8515.88671875
8513.125
8513.091796875
8514.07421875
8514.2724609375
8512.720703125
8511.197265625
8510.7724609375
8511.9052734375
8512.564453125
8512.037109375
8510.169921875
8508.9501953125
8508.9443359375
8510.251953125
8510.9541015625
8510.669921875
8507.90234375
8504.021484375
8499.9609375
8497.154296875
8496.111328125
8495.888671875
8495.728515625
8494.138671875
8491.625
8488.521484375
8486.1240234375
8484.51171875
8483.3876953125
8481.748046875
8480.4150390625
8478.9638671875
8479.013671875
8478.9755859375
8479.3671875
8478.013671875
8475.86328125
8473.119140625
8471.296875
8471.0712890625
8472.0625
8473.236328125
8472.875
8470.724609375
8466.876953125
8463.791015625
8462.236328125
8462.5400390625
8462.703125
8462.138671875
8459.71484375
8456.556640625
8453.0654296875
8451.1669921875
8450.7421875
8452.169921875
8453.318359375
8453.8037109375
8451.384765625
8446.91796875
8440.8251953125
8436.1943359375
8434.2119140625
8434.6416015625
8435.583984375
8435.638671875
8434.6591796875
8434.2353515625
8435.70703125
8439.529296875
8443.220703125
8444.1650390625
8439.2734375
8430.76171875
8423.66015625
8422.017578125
8424.974609375
8427.42578125
8426.2138671875
8420.9248046875
8415.95703125
8414.189453125
8414.9697265625
8415.263671875
8413.5361328125
8411.076171875
8409.4951171875
8409.087890625
8408.4208984375
8407.28125
8405.828125
8405.462890625
8406.03125
8407.154296875
8408.3095703125
8408.6357421875
8408.349609375
8407.48828125
8406.1640625
8405.0537109375
8403.5556640625
8401.7099609375
8399.126953125
8395.8115234375
8392.67578125
8390.53515625
8390.142578125
8390.9609375
8391.751953125
8391.640625
8390.513671875
8390.1015625
8390.609375
8391.794921875
8391.75
8390.58984375
8387.880859375
8384.703125
8381.046875
8378.34765625
8376.935546875
8377.640625
8378.826171875
8380.2861328125
8382.79296875
8385.9814453125
8390.443359375
8392.140625
8393.15234375
8388.6396484375
8381.51171875
8372.716796875
8366.326171875
8362.77734375
8362.20703125
8363.27734375
8363.7939453125
8363.52734375
8361.974609375
8360.3359375
8357.0732421875
8353.79296875
8350.8359375
8348.9970703125
8348.1962890625
8347.76171875
8347.275390625
8345.603515625
8343.580078125
8341.818359375
8340.3291015625
8339.17578125
8337.56640625
8335.8515625
8334.19921875
8333.501953125
8333.509765625
8333.2890625
8332.11328125
8329.771484375
8327.6240234375
8326.55859375
8327.05859375
8327.7578125
8327.6826171875
8326.4921875
8325.21484375
8324.552734375
8324.986328125
8325.5087890625
8326.2607421875
8325.76953125
8325.279296875
8323.931640625
8323.2265625
8322.31640625
8321.50390625
8320.0615234375
8318.5341796875
8316.931640625
8316.064453125
8315.5615234375
8315.8212890625
8316.279296875
8316.91015625
8316.943359375
8316.220703125
8315.2685546875
8315.029296875
8315.0390625
8314.3720703125
8311.2158203125
8306.880859375
8302.931640625
8301.1259765625
8300.9609375
8301.84765625
8303.244140625
8304.990234375
8306.9638671875
8309.115234375
8310.9423828125
8311.8232421875
8311.09765625
8308.3984375
8304.78125
8301.5771484375
8300.009765625
8299.5185546875
8298.8828125
8296.9169921875
8294.1162109375
8290.8876953125
8288.95703125
8287.4306640625
8286.861328125
8285.9228515625
8284.2568359375
8282.1962890625
8280.5302734375
8279.6298828125
8279.5556640625
8279.1796875
8278.5703125
8277.6279296875
8277.1875
8277.380859375
8278.3037109375
8279.3828125
8280.69921875
8281.345703125
8281.4521484375
8279.45703125
8276.05078125
8270.8271484375
8266.060546875
8261.703125
8259.0478515625
8256.9130859375
8255.5869140625
8253.6982421875
8251.40625
8248.396484375
8245.2958984375
8242.248046875
8240.6787109375
8237.9375
8237.232421875
8230.74609375
8224.9619140625
8217.404296875
8212.45703125
8203.7216796875
8196.958984375
8189.876953125
8187.154296875
8184.7744140625
8188.27197265625
8181.7470703125
8178.9404296875
8189.31982421875
8180.50830078125
8181.7861328125
8219.71484375
8205.36328125
8195.923828125
8184.783203125
8160.40478515625
8171.3681640625
8162.1435546875
8154.0849609375
8159.88916015625
8153.08837890625
8151.4140625
8150.181640625
8147.1298828125
8144.494140625
8145.1689453125
8141.615234375
8140.10546875
8141.115234375
8136.4638671875
8137.36767578125
8134.6083984375
8133.9658203125
8132.953125
8130.22705078125
8131.078125
8128.587890625
8128.0458984375
8127.62109375
8126.76904296875
8125.1884765625
8124.90771484375
8124.1630859375
8122.1904296875
8122.6474609375
8121.39404296875
8120.1708984375
8120.22998046875
8119.36962890625
8118.1513671875
8118.107421875
8117.28125
8115.92822265625
8116.46142578125
8116.22412109375
8114.34765625
8115.611328125
8114.65087890625
8112.7880859375
8113.8642578125
8110.990234375
8110.716796875
8110.57763671875
8108.685546875
8108.197265625
8107.48095703125
8105.919921875
8105.6044921875
8104.80908203125
8103.80712890625
8103.36328125
8102.5390625
8101.7900390625
8101.25830078125
8100.4130859375
8099.8232421875
8099.1650390625
8098.35009765625
8097.80078125
8097.076171875
8096.302734375
8095.76171875
8095.03076171875
8094.2353515625
8093.697265625
8092.9443359375
8092.16015625
8091.623046875
8090.8388671875
8090.078125
8089.5107421875
8088.7265625
8087.982421875
8087.37841796875
8086.6015625
8085.8505859375
8085.2333984375
8084.45849609375
8083.701171875
8083.05322265625
8082.28369140625
8081.52734375
8080.8583984375
8080.07861328125
8079.3212890625
8078.630859375
8077.849609375
8077.09228515625
8076.3798828125
8075.603515625
8074.84375
8074.11669921875
8073.33935546875
8072.5791015625
8071.85498046875
8071.07763671875
8070.32373046875
8069.5908203125
8068.822265625
8068.072265625
8067.32177734375
8066.5615234375
8065.80908203125
8065.06494140625
8064.306640625
8063.54931640625
8062.8046875
8062.04443359375
8061.29248046875
8060.53515625
8059.77685546875
8059.01806640625
8058.265625
8057.5078125
8056.755859375
8056.0146484375
8055.26953125
8054.53076171875
8053.8095703125
8053.08349609375
8052.365234375
8051.6552734375
8050.95751953125
8050.24951171875
8049.5634765625
8048.87255859375
8048.189453125
8047.517578125
8046.8525390625
8046.1923828125
8045.5390625
8044.888671875
8044.2451171875
8043.61865234375
8042.990234375
8042.36279296875
8041.74462890625
8041.13671875
8040.52978515625
8039.92578125
8039.32568359375
8038.73046875
8038.140625
8037.556640625
8036.97705078125
8036.400390625
8035.833984375
8035.271484375
8034.701171875
8034.1484375
8033.5927734375
8033.03857421875
8032.4921875
8031.9462890625
8031.40625
8030.8662109375
8030.330078125
8029.802734375
8029.26953125
8028.734375
8028.2158203125
8027.6904296875
8027.16015625
8026.64013671875
8026.12451171875
8025.60986328125
8025.091796875
8024.57666015625
8024.06689453125
8023.5576171875
8023.04931640625
8022.5380859375
8022.02880859375
8021.53125
8021.033203125
8020.5283203125
8020.03173828125
8019.541015625
8019.044921875
8018.54541015625
8018.0517578125
8017.564453125
8017.07373046875
8016.5869140625
8016.1005859375
8015.609375
8015.126953125
8014.640625
8014.15380859375
8013.67578125
8013.1875
8012.7080078125
8012.22802734375
8011.74560546875
8011.2685546875
8010.7939453125
8010.3095703125
8009.83837890625
8009.357421875
8008.87890625
8008.40234375
8007.92431640625
8007.447265625
8006.97265625
8006.50390625
8006.03125
8005.5615234375
8005.09375
8004.6220703125
8004.150390625
8003.67626953125
8003.20654296875
8002.73681640625
8002.2666015625
8001.79443359375
8001.32373046875
8000.85400390625
8000.38330078125
7999.91015625
7999.443359375
7998.97998046875
7998.5166015625
7998.05126953125
7997.591796875
7997.1416015625
7996.701171875
7996.26171875
7995.82958984375
7995.37451171875
7994.88330078125
7994.3544921875
7993.814453125
7993.28564453125
7992.7919921875
7992.3369140625
7991.88427734375
7991.4111328125
7990.900390625
7990.373046875
7989.84814453125
7989.34375
7988.84716796875
7988.3544921875
7987.83935546875
7987.3125
7986.767578125
7986.2177734375
7985.6748046875
7985.13427734375
7984.5927734375
7984.037109375
7983.4716796875
7982.89599609375
7982.30029296875
7981.7197265625
7981.130859375
7980.521484375
7979.90966796875
7979.27099609375
7978.62841796875
7977.97900390625
7977.32958984375
7976.685546875
7976.046875
7975.396484375
7974.74267578125
7974.0830078125
7973.4228515625
7972.75439453125
7972.09765625
7971.44482421875
7970.80126953125
7970.15625
7969.51416015625
7968.873046875
7968.2421875
7967.60693359375
7966.98486328125
7966.3740234375
7965.763671875
7965.162109375
7964.56884765625
7963.982421875
7963.3994140625
7962.830078125
7962.26904296875
7961.712890625
7961.17041015625
7960.630859375
7960.1083984375
7959.5849609375
7959.07470703125
7958.568359375
7958.0732421875
7957.5869140625
7957.09765625
7956.6181640625
7956.1533203125
7955.67919921875
7955.2158203125
7954.755859375
7954.2998046875
7953.84765625
7953.39501953125
7952.9443359375
7952.48974609375
7952.04638671875
7951.591796875
7951.142578125
7950.6943359375
7950.240234375
7949.794921875
7949.3330078125
7948.88720703125
7948.43115234375
7947.974609375
7947.51171875
7947.04931640625
7946.5888671875
7946.126953125
7945.66943359375
7945.20458984375
7944.74755859375
7944.2890625
7943.83251953125
7943.3876953125
7942.9482421875
7942.5166015625
7942.1181640625
7941.6943359375
7941.376953125
7940.93603515625
7940.740234375
7940.15966796875
7939.8505859375
7939.1357421875
7938.625
7938.05859375
7937.6142578125
7937.263671875
7936.953125
7936.7587890625
7936.4345703125
7936.0908203125
7935.38330078125
7934.67431640625
7933.908203125
7933.5732421875
7933.14599609375
7932.95703125
7932.42138671875
7931.8173828125
7931.06982421875
7930.3154296875
7929.662109375
7929.17138671875
7928.79052734375
7928.4501953125
7928.0703125
7927.65087890625
7927.294921875
7926.91552734375
7926.7392578125
7926.34375
7926.078125
7925.62841796875
7925.5595703125
7925.83642578125
7926.6630859375
7927.66455078125
7928.18603515625
7927.2763671875
7924.81201171875
7921.95166015625
7920.29052734375
7920.29443359375
7921.0634765625
7921.3671875
7920.544921875
7919.10302734375
7917.82470703125
7917.49072265625
7917.525390625
7917.5947265625
7916.8974609375
7915.9208984375
7914.9228515625
7914.40283203125
7914.15673828125
7913.90380859375
7913.39453125
7912.70166015625
7912.01220703125
7911.52685546875
7911.220703125
7910.9248046875
7910.4931640625
7909.9423828125
7909.4052734375
7909.0595703125
7908.91796875
7908.82421875
7908.48095703125
7907.8125
7907.06201171875
7906.72412109375
7906.56298828125
7906.384765625
7905.6865234375
7905.296875
7904.77294921875
7904.33056640625
7903.57470703125
7903.05322265625
7902.60791015625
7902.146484375
7901.595703125
7901.0947265625
7900.6796875
7900.2685546875
7899.7890625
7899.34423828125
7898.9755859375
7898.53955078125
7898.0810546875
7897.66357421875
7897.3359375
7896.9384765625
7896.66748046875
7896.224609375
7896.00390625
7895.4345703125
7895.03515625
7894.42529296875
7893.9658203125
7893.4521484375
7893.0
7892.55859375
7892.13720703125
7891.7060546875
7891.28857421875
7890.9111328125
7890.6044921875
7890.37841796875
7890.19970703125
7889.9853515625
7889.64697265625
7889.228515625
7888.82470703125
7888.6767578125
7888.6728515625
7888.90380859375
7888.935546875
7889.26806640625
7889.46826171875
7890.119140625
7890.52734375
7890.6396484375
7889.78857421875
7888.1044921875
7886.025390625
7884.396484375
7883.69189453125
7883.80078125
7884.1875
7884.35986328125
7884.16015625
7883.70751953125
7883.25048828125
7882.533203125
7881.42724609375
7879.85400390625
7878.61376953125
7877.79150390625
7877.85009765625
7877.73681640625
7877.5888671875
7876.8095703125
7876.1396484375
7875.73876953125
7876.12890625
7877.14501953125
7878.365234375
7877.96728515625
7876.4248046875
7875.248046875
7874.37353515625
7873.38671875
7872.75390625
7873.14599609375
7873.72509765625
7873.7490234375
7873.0263671875
7873.15380859375
7873.693359375
7873.783203125
7872.76611328125
7872.25244140625
7871.8310546875
7871.734375
7870.9736328125
7870.68359375
7870.2734375
7870.10302734375
7870.2314453125
7870.70849609375
7871.10302734375
7871.4892578125
7872.0595703125
7872.62548828125
7873.4560546875
7874.6103515625
7876.11767578125
7877.40283203125
7878.2978515625
7878.7939453125
7878.43359375
7878.01123046875
7876.9853515625
7876.77197265625
7876.8505859375
7878.13720703125
7879.6484375
7880.79052734375
7880.58837890625
7878.580078125
7875.6181640625
7872.54296875
7870.74365234375
7870.64599609375
7872.0625
7873.638671875
7874.33544921875
7873.0419921875
7870.33251953125
7866.984375
7864.68359375
7864.0322265625
7864.62060546875
7865.6005859375
7866.005859375
7865.865234375
7865.0810546875
7864.52978515625
7864.087890625
7864.552734375
7865.10595703125
7866.0576171875
7866.3076171875
7866.21875
7864.96875
7863.2509765625
7860.8369140625
7858.6630859375
7856.76318359375
7855.45703125
7854.48046875
7853.92578125
7853.57470703125
7853.521484375
7853.56396484375
7853.6494140625
7853.5234375
7853.220703125
7852.5615234375
7851.8818359375
7851.07421875
7850.642578125
7850.44482421875
7850.87158203125
7851.54296875
7852.4638671875
7853.07568359375
7853.20361328125
7852.607421875
7851.4677734375
7849.9384765625
7848.42724609375
7847.0654296875
7846.2314453125
7845.75537109375
7845.89306640625
7846.15576171875
7847.02197265625
7847.8203125
7849.365234375
7850.54296875
7852.068359375
7852.173828125
7851.3505859375
7848.51953125
7845.48193359375
7843.048828125
7842.56201171875
7843.4326171875
7844.607421875
7844.83056640625
7843.6953125
7841.97314453125
7840.95947265625
7841.216796875
7842.49853515625
7843.67138671875
7844.0380859375
7843.4150390625
7842.3798828125
7841.44384765625
7841.0712890625
7840.80810546875
7840.64794921875
7839.97119140625
7839.21484375
7838.28271484375
7837.73779296875
7837.46875
7837.6884765625
7838.134765625
7838.935546875
7839.75244140625
7840.8017578125
7841.63671875
7842.56201171875
7843.125
7843.62890625
7843.515625
7842.9833984375
7841.66943359375
7840.10546875
7838.5
7837.37109375
7836.85693359375
7836.74072265625
7836.966796875
7836.9931640625
7837.107421875
7836.96875
7837.080078125
7837.060546875
7837.025390625
7836.5107421875
7835.63671875
7834.3505859375
7833.0791015625
7832.13427734375
7831.5908203125
7831.6904296875
7831.7685546875
7831.98388671875
7831.82958984375
7831.6025390625
7831.248046875
7830.95654296875
7830.61865234375
7830.33984375
7829.927734375
7829.69775390625
7829.46435546875
7829.6884765625
7829.87451171875
7830.130859375
7829.8154296875
7829.38720703125
7828.7265625
7828.44091796875
7827.94287109375
7827.591796875
7826.73681640625
7826.3359375
7825.93505859375
7826.3779296875
7826.3916015625
7826.4560546875
7825.5439453125
7824.70458984375
7823.4169921875
7822.66943359375
7821.7294921875
7821.36767578125
7821.09814453125
7821.583984375
7822.23388671875
7823.1611328125
7823.6318359375
7823.83544921875
7823.423828125
7822.560546875
7821.1201171875
7819.2626953125
7817.2734375
7815.76220703125
7814.98046875
7815.14697265625
7815.7841796875
7816.67919921875
7817.16650390625
7817.4267578125
7817.08203125
7817.0087890625
7816.84912109375
7817.3896484375
7817.77783203125
7818.3681640625
7818.24755859375
7818.068359375
7817.43017578125
7817.3876953125
7817.6318359375
7818.8017578125
7820.1298828125
7821.783203125
7822.7744140625
7823.46240234375
7823.15625
7822.7197265625
7821.857421875
7821.25537109375
7820.4853515625
7819.7060546875
7818.4736328125
7817.0830078125
7815.50830078125
7814.24951171875
7813.3125
7812.8720703125
7812.6640625
7812.6728515625
7812.72607421875
7812.72119140625
7812.65380859375
7812.216796875
7811.59228515625
7810.744140625
7810.36328125
7810.50390625
7811.3857421875
7812.2265625
7812.7119140625
7812.44287109375
7811.705078125
7810.720703125
7809.505859375
7808.06201171875
7806.15673828125
7804.39990234375
7802.76171875
7802.18115234375
7802.0166015625
7802.4658203125
7802.708984375
7803.025390625
7803.16845703125
7803.55078125
7803.8359375
7804.2822265625
7804.6611328125
7805.29638671875
7805.82568359375
7806.31640625
7806.33935546875
7806.1953125
7805.7900390625
7805.6748046875
7805.685546875
7806.2841796875
7806.84521484375
7807.3427734375
7806.9990234375
7806.0556640625
7804.4462890625
7803.05908203125
7801.947265625
7801.71484375
7801.70166015625
7802.1689453125
7802.2080078125
7802.322265625
7801.8857421875
7801.60107421875
7801.0341796875
7800.9599609375
7800.8994140625
7801.2724609375
7801.22802734375
7800.921875
7799.6337890625
7797.9482421875
7795.7822265625
7794.06298828125
7792.77587890625
7792.31005859375
7792.0654296875
7791.9873046875
7791.435546875
7790.6435546875
7789.45947265625
7788.3642578125
7787.39453125
7786.8623046875
7786.6298828125
7786.75537109375
7786.8515625
7787.0263671875
7787.00634765625
7787.1767578125
7787.44140625
7788.23095703125
7789.43603515625
7791.2470703125
7793.2783203125
7795.419921875
7797.13916015625
7798.4521484375
7799.013671875
7798.90283203125
7797.6796875
7795.84814453125
7793.6513671875
7792.361328125
7791.77197265625
7792.310546875
7792.83203125
7793.6572265625
7794.06201171875
7794.7939453125
7795.3203125
7795.9140625
7795.81787109375
7795.189453125
7793.80712890625
7792.369140625
7791.072265625
7790.4833984375
7790.29296875
7790.52294921875
7790.482421875
7790.291015625
7789.3701171875
7788.0869140625
7786.166015625
7784.375
7782.87158203125
7782.66162109375
7783.4150390625
7785.607421875
7787.6669921875
7789.62060546875
7789.5927734375
7788.255859375
7785.03271484375
7781.63623046875
7778.36279296875
7776.4365234375
7775.556640625
7775.8427734375
7776.453125
7777.130859375
7777.1435546875
7776.6591796875
7775.72119140625
7774.8837890625
7774.45068359375
7774.6103515625
7775.35791015625
7776.443359375
7777.85546875
7779.3525390625
7781.078125
7782.75732421875
7784.2353515625
7784.8720703125
7784.20263671875
7782.05126953125
7778.97314453125
7776.06689453125
7774.265625
7773.78857421875
7774.4443359375
7775.43603515625
7776.439453125
7776.94384765625
7777.23828125
7777.1123046875
7776.9853515625
7776.65625
7776.294921875
7775.89697265625
7775.49072265625
7775.40966796875
7775.8388671875
7777.2158203125
7779.70166015625
7782.931640625
7786.09375
7787.3310546875
7785.34423828125
7780.4091796875
7774.7509765625
7771.70947265625
7771.41064453125
7772.66162109375
7773.005859375
7771.271484375
7767.990234375
7765.044921875
7764.01318359375
7764.6259765625
7766.001953125
7766.2861328125
7764.9462890625
7762.3828125
7759.53076171875
7757.72900390625
7757.1142578125
7757.421875
7757.89794921875
7758.0439453125
7757.884765625
7757.615234375
7757.60107421875
7757.81640625
7758.2138671875
7758.4482421875
7758.755859375
7759.09765625
7760.12255859375
7761.662109375
7763.994140625
7766.0556640625
7767.9814453125
7768.3896484375
7768.6083984375
7767.77001953125
7767.8798828125
7767.8359375
7768.36279296875
7768.20361328125
7767.482421875
7766.03271484375
7764.56494140625
7763.20068359375
7762.41015625
7761.88037109375
7762.10791015625
7762.4345703125
7763.2060546875
7763.41015625
7763.3125
7762.42236328125
7761.1796875
7759.58154296875
7757.8779296875
7756.2958984375
7755.208984375
7754.68212890625
7754.74267578125
7754.740234375
7754.505859375
7753.435546875
7751.95263671875
7749.990234375
7748.1875
7746.5849609375
7745.55078125
7745.00146484375
7744.951171875
7745.0439453125
7745.10546875
7744.822265625
7744.3349609375
7743.728515625
7743.3759765625
7743.287109375
7743.54736328125
7743.78857421875
7744.072265625
7744.005859375
7743.93798828125
7743.66259765625
7743.59423828125
7743.47216796875
7743.685546875
7743.77783203125
7744.2958984375
7744.58544921875
7745.3115234375
7745.8056640625
7746.64501953125
7747.30712890625
7748.1640625
7748.955078125
7749.8759765625
7750.8896484375
7751.87548828125
7752.8515625
