15362.3125
15355.2509765625
15348.599609375
15342.2763671875
15336.21484375
15330.419921875
15324.791015625
15319.37890625
15314.146484375
15309.103515625
15304.203125
15299.4501953125
15294.83203125
15290.376953125
15286.02734375
15281.7900390625
15277.6630859375
15273.65625
15269.7626953125
15265.962890625
15262.2666015625
15258.67578125
15255.185546875
15251.80078125
15248.5078125
15245.296875
15242.185546875
15239.158203125
15236.21484375
15233.3466796875
15230.576171875
15227.8818359375
15225.251953125
15222.69921875
15220.2275390625
15217.818359375
15215.4833984375
15213.2021484375
15211.001953125
15208.859375
15206.7705078125
15204.748046875
15202.783203125
15200.8642578125
15199.0068359375
15197.1953125
15195.43359375
15193.7236328125
15192.0546875
15190.44140625
15188.865234375
15187.3359375
15185.8447265625
15184.3935546875
15182.974609375
15181.599609375
15180.2607421875
15178.953125
15177.689453125
15176.4580078125
15175.2529296875
15174.0703125
15172.9296875
15171.81640625
15170.734375
15169.673828125
15168.646484375
15167.6435546875
15166.66796875
15165.7060546875
15164.7734375
15163.8671875
15162.984375
15162.1162109375
15161.279296875
15160.4560546875
15159.6533203125
15158.869140625
15158.10546875
15157.35546875
15156.6328125
15155.9228515625
15155.232421875
15154.552734375
15153.89453125
15153.248046875
15152.61328125
15152.001953125
15151.400390625
15150.8125
15150.240234375
15149.6796875
15149.130859375
15148.5908203125
15148.0703125
15147.5576171875
15147.056640625
15146.5654296875
15146.0849609375
15145.6162109375
15145.15625
15144.7080078125
15144.265625
15143.833984375
15143.41796875
15143.00390625
15142.6015625
15142.203125
15141.8212890625
15141.4453125
15141.072265625
15140.7080078125
15140.3525390625
15140.0009765625
15139.658203125
15139.3232421875
15138.994140625
15138.673828125
15138.357421875
15138.0458984375
15137.7451171875
15137.4482421875
15137.16015625
15136.869140625
15136.5888671875
15136.310546875
15136.0380859375
15135.775390625
15135.513671875
15135.2548828125
15135.001953125
15134.7568359375
15134.5126953125
15134.275390625
15134.0380859375
15133.8076171875
15133.5830078125
15133.359375
15133.140625
15132.927734375
15132.71875
15132.509765625
15132.306640625
15132.10546875
15131.9072265625
15131.7138671875
15131.5234375
15131.3369140625
15131.154296875
15130.974609375
15130.7998046875
15130.625
15130.455078125
15130.283203125
15130.12109375
15129.9599609375
15129.80078125
15129.640625
15129.486328125
15129.3330078125
15129.18359375
15129.033203125
15128.890625
15128.75
15128.611328125
15128.4736328125
15128.3388671875
15128.2080078125
15128.0771484375
15127.9482421875
15127.822265625
15127.7001953125
15127.578125
15127.458984375
15127.3408203125
15127.228515625
15127.1142578125
15127.001953125
15126.892578125
15126.783203125
15126.6787109375
15126.5751953125
15126.474609375
15126.373046875
15126.275390625
15126.1787109375
15126.0830078125
15125.990234375
15125.896484375
15125.8056640625
15125.7197265625
15125.634765625
15125.548828125
15125.46484375
15125.3828125
15125.30078125
15125.2236328125
15125.146484375
15125.0712890625
15124.99609375
1663197.75
1512852.25
80395.1640625
77352.7109375
87835.9296875
89411.1328125
82526.71875
80884.3125
77329.5390625
107104.5078125
74860.171875
66316.734375
60726.6640625
57425.7890625
55149.02734375
53276.296875
51791.1875
50716.60546875
49855.63671875
48972.265625
47927.00390625
46746.6953125
45541.80078125
44384.140625
43295.72265625
42265.80078125
41269.21484375
40301.05859375
39388.16796875
38535.5625
37709.42578125
36885.09375
36069.99609375
35290.71875
34555.46875
33851.75
33164.98828125
32491.3984375
31836.80859375
31212.75390625
30620.57421875
30049.806640625
29486.91015625
28930.91796875
28390.55078125
27872.69921875
27378.908203125
26905.873046875
26450.126953125
26011.48046875
25590.56640625
25185.94140625
24797.642578125
24427.51171875
24074.64453125
23736.02734375
23410.15234375
23096.5546875
22795.32421875
22505.443359375
22225.353515625
21954.6796875
21693.50390625
21441.279296875
21198.451171875
20965.0703125
20740.359375
20524.08203125
20315.73046875
20115.279296875
19922.16015625
19735.8046875
19556.240234375
19383.822265625
19217.9765625
19058.1015625
18903.66796875
18754.203125
18609.92578125
18470.4375
18335.37890625
18204.0703125
18076.5859375
17952.80859375
17832.423828125
17715.345703125
17601.32421875
17490.15234375
17382.0546875
17277.634765625
17175.890625
17076.978515625
16981.02734375
16887.5625
16796.32421875
16708.0859375
16622.32421875
16537.40234375
16455.11328125
16374.953125
16295.537109375
16218.9765625
16144.80859375
16070.609375
15998.28515625
15928.328125
15858.5712890625
15790.3193359375
15724.3095703125
15658.3935546875
15594.220703125
15532.16796875
15469.607421875
15408.833984375
15349.8759765625
15291.0263671875
15233.58203125
15177.3642578125
15122.1953125
15068.2802734375
15014.970703125
14962.962890625
14912.1044921875
14861.76953125
14812.23828125
14763.6015625
14715.705078125
14668.87890625
14622.2138671875
14576.44140625
14531.1640625
14486.7138671875
14443.06640625
14400.19921875
14358.224609375
14316.96875
14276.529296875
14236.150390625
14196.359375
14157.154296875
14118.861328125
14081.9921875
14045.419921875
14011.5380859375
13971.6259765625
13938.212890625
13906.58203125
13869.0546875
13832.54296875
13804.587890625
13770.40625
13745.05859375
13705.1083984375
13678.828125
13644.9169921875
13613.455078125
13580.544921875
13540.060546875
13515.322265625
13479.1083984375
13450.8583984375
13420.9755859375
13385.638671875
13359.9013671875
13328.58984375
13298.4912109375
13272.4111328125
13240.951171875
13212.90234375
13186.4580078125
13156.5517578125
13131.10546875
13102.9970703125
13075.8046875
13050.259765625
13022.8681640625
12996.7783203125
12971.716796875
12945.03125
12920.15625
12894.94140625
12869.58203125
12845.3720703125
12820.4912109375
12795.8125
12771.875
12747.5107421875
12723.625
12699.89453125
12675.890625
12652.580078125
12629.126953125
12605.90234375
12583.126953125
12560.291015625
12537.8564453125
12515.564453125
12493.0556640625
12470.8583984375
12449.015625
12427.27734375
12405.7626953125
12384.21484375
12362.99609375
12341.8564453125
12320.74609375
12299.9931640625
12279.4521484375
12258.916015625
12238.646484375
12218.5712890625
12198.7265625
12179.0234375
12159.5
12140.244140625
12121.1259765625
12102.27734375
12083.634765625
12065.14453125
12046.9560546875
12028.9736328125
12011.3671875
11993.75
11976.4921875
11959.2314453125
11942.34765625
11925.955078125
11909.580078125
11892.2431640625
11873.7177734375
11856.099609375
11840.392578125
11824.3515625
11806.9423828125
11789.251953125
11773.201171875
11757.7392578125
11741.4296875
11725.6083984375
11712.140625
11698.39453125
11678.384765625
11660.09765625
11647.1318359375
11631.7822265625
11613.9453125
11597.533203125
11583.138671875
11566.583984375
11549.306640625
11534.7900390625
11519.9658203125
11503.318359375
11486.59765625
11471.734375
11455.6640625
11439.021484375
11423.01171875
11407.802734375
11393.099609375
11376.1875
11360.294921875
11346.716796875
11331.8046875
11316.9560546875
11302.4775390625
11286.744140625
11274.3798828125
11259.359375
11247.0986328125
11240.666015625
11225.8359375
11212.091796875
11198.033203125
11181.986328125
11167.234375
11152.458984375
11139.5107421875
11124.46875
11112.72265625
11102.310546875
11086.841796875
11072.66796875
11058.06640625
11049.71875
11033.31640625
11020.76953125
11005.99609375
10994.2470703125
10979.6787109375
10972.5517578125
10962.044921875
10955.4853515625
10944.55859375
10936.345703125
10916.4130859375
10943.9345703125
10986.4521484375
11066.771484375
11053.607421875
11010.611328125
10978.564453125
10953.423828125
10930.2705078125
10923.3583984375
10916.0390625
10911.681640625
10890.0625
10858.044921875
10836.9375
10819.62109375
10799.7734375
10782.7880859375
10763.728515625
10747.0009765625
10727.380859375
10712.107421875
10711.9931640625
10688.87890625
10674.3203125
10655.791015625
10638.419921875
10627.138671875
10604.5732421875
10590.8203125
10580.8779296875
10569.57421875
10557.1552734375
10545.96484375
10537.287109375
10525.6943359375
10513.25390625
10504.66015625
10492.09765625
10480.884765625
10470.580078125
10458.2265625
10448.46484375
10438.396484375
10429.2431640625
10419.0537109375
10411.22265625
10401.9296875
10393.919921875
10387.0498046875
10375.2998046875
10364.6953125
10354.990234375
10345.529296875
10337.78515625
10326.357421875
10319.279296875
10308.849609375
10301.29296875
10292.451171875
10286.25390625
10277.62890625
10269.2314453125
10259.8779296875
10251.5048828125
10243.8671875
10235.775390625
10227.0390625
10219.4140625
10212.06640625
10205.2421875
10197.908203125
10190.4130859375
10180.837890625
10171.6171875
10163.646484375
10157.185546875
10151.458984375
10146.0859375
10139.2998046875
10129.6171875
10118.9873046875
10110.865234375
10104.390625
10098.67578125
10091.07421875
10082.7880859375
10074.685546875
10067.892578125
10061.37890625
10054.513671875
10048.1669921875
10042.986328125
10038.9130859375
10033.509765625
10024.73828125
10017.03515625
10013.328125
10008.32421875
9997.8916015625
9985.365234375
9978.041015625
9973.7734375
9967.30078125
9958.65234375
9950.494140625
9942.673828125
9935.56640625
9929.515625
9923.234375
9915.30078125
9907.478515625
9901.4375
9895.69921875
9888.3984375
9880.90234375
9874.0791015625
9868.03125
9860.8173828125
9853.9345703125
9846.58984375
9839.7265625
9832.6025390625
9825.728515625
9818.7822265625
9812.1357421875
9806.0546875
9800.3720703125
9794.2744140625
9787.5654296875
9780.716796875
9774.23046875
9767.607421875
9761.072265625
9754.4248046875
9748.6474609375
9742.5458984375
9736.982421875
9730.2822265625
9723.98046875
9717.263671875
9710.970703125
9704.712890625
9698.689453125
9692.783203125
9686.7216796875
9680.779296875
9674.5234375
9668.49609375
9662.3974609375
9656.509765625
9650.890625
9645.3955078125
9640.126953125
9634.666015625
9629.4375
9623.5771484375
9618.5849609375
9612.6201171875
9607.626953125
9601.8466796875
9596.755859375
9591.310546875
9585.357421875
9578.1689453125
9571.0146484375
9565.1982421875
9560.5634765625
9555.3974609375
9549.201171875
9543.12109375
9538.52734375
9533.8046875
9529.5283203125
9521.259765625
9513.7548828125
9508.4130859375
9504.27734375
9500.650390625
9493.26171875
9486.08984375
9482.1572265625
9477.3828125
9471.5185546875
9462.056640625
9457.25
9455.7216796875
9447.0810546875
9439.052734375
9436.5693359375
9431.3740234375
9424.818359375
9416.9140625
9413.13671875
9408.158203125
9400.2939453125
9396.1640625
9392.9248046875
9384.1240234375
9379.625
9376.216796875
9369.01171875
9362.60546875
9358.2275390625
9349.73046875
9343.65625
9339.958984375
9334.591796875
9328.7412109375
9323.05078125
9315.8203125
9309.0
9304.3251953125
9300.21484375
9294.93359375
9289.068359375
9283.111328125
9277.5654296875
9272.685546875
9268.4501953125
9263.849609375
9258.9287109375
9254.8203125
9250.884765625
9245.5859375
9238.615234375
9231.205078125
9225.080078125
9220.228515625
9216.8759765625
9212.951171875
9208.537109375
9202.46484375
9196.998046875
9192.220703125
9188.4462890625
9183.861328125
9178.3095703125
9172.0791015625
9166.58984375
9162.099609375
9158.28125
9154.181640625
9149.4990234375
9144.5234375
9139.83984375
9135.783203125
9132.1162109375
9128.5400390625
9124.8115234375
9121.201171875
9117.5810546875
9114.34765625
9110.8544921875
9108.015625
9104.564453125
9101.8095703125
9097.732421875
9093.9189453125
9089.212890625
9085.61328125
9081.98828125
9078.47265625
9073.6162109375
9068.375
9063.6015625
9060.427734375
9058.814453125
9058.255859375
9058.15234375
9060.1142578125
9059.634765625
9060.646484375
9049.5771484375
9040.55078125
9038.2197265625
9037.720703125
9041.2734375
9026.744140625
9018.4169921875
9022.15625
9016.8232421875
9016.2265625
9011.4853515625
9005.6259765625
8999.95703125
8996.419921875
8990.8037109375
8989.009765625
8982.8291015625
8978.5390625
8976.7490234375
8971.7373046875
8968.041015625
8965.193359375
8960.1171875
8956.515625
8955.0
8953.4482421875
8953.2109375
8951.998046875
8951.0625
8947.837890625
8941.9462890625
8935.109375
8928.58984375
8922.224609375
8917.08203125
8913.1962890625
8909.98046875
8907.3857421875
8903.8818359375
8899.521484375
8894.794921875
8890.494140625
8887.203125
8884.990234375
8882.6328125
8879.3818359375
8874.884765625
8870.8359375
8867.271484375
8863.9267578125
8860.8642578125
8858.4833984375
8855.6572265625
8851.833984375
8847.9990234375
8844.4326171875
8841.470703125
8838.8330078125
8837.205078125
8837.505859375
8834.6767578125
8832.6513671875
8829.5390625
8826.0888671875
8821.9033203125
8818.4482421875
8815.7216796875
8813.01171875
8810.0390625
8807.1337890625
8804.8984375
8802.55078125
8800.109375
8796.0244140625
8792.8154296875
8790.296875
8787.40234375
8784.509765625
8781.640625
8778.7802734375
8775.54296875
8772.037109375
8769.18359375
8767.123046875
8765.99609375
8764.5625
8764.408203125
8764.7509765625
8767.8125
8768.513671875
8769.578125
8765.4541015625
8760.6669921875
8756.78515625
8752.861328125
8750.23046875
8745.484375
8740.669921875
8735.0283203125
8730.849609375
8729.21875
8729.18359375
8729.603515625
8727.6728515625
8723.7236328125
8718.6962890625
8713.568359375
8709.65234375
8707.41015625
8706.23828125
8705.0400390625
8702.3359375
8699.15234375
8696.28125
8694.498046875
8693.12109375
8691.54296875
8689.767578125
8688.599609375
8686.994140625
8685.8642578125
8682.939453125
8680.40625
8677.57421875
8674.99609375
8671.662109375
8667.880859375
8663.69921875
8659.7509765625
8656.2890625
8653.205078125
8650.759765625
8648.611328125
8647.033203125
8645.4599609375
8644.1767578125
8642.5498046875
8640.9951171875
8639.537109375
8639.173828125
8640.1494140625
8642.1640625
8643.607421875
8642.4970703125
8640.0
8637.3876953125
8635.337890625
8632.736328125
8628.474609375
8623.50390625
8619.1552734375
8615.69140625
8613.185546875
8610.8193359375
8608.98828125
8606.966796875
8605.3017578125
8604.1884765625
8603.99609375
8604.287109375
8604.173828125
8602.5078125
8598.884765625
8594.330078125
8589.69921875
8585.685546875
8582.78515625
8580.09765625
8578.0732421875
8575.9375
8574.9306640625
8573.8984375
8573.2109375
8571.392578125
8569.158203125
8566.5869140625
8564.490234375
8563.26953125
8562.576171875
8562.654296875
8563.291015625
8564.5927734375
8566.658203125
8567.69140625
8570.7119140625
8563.2998046875
8554.5107421875
8546.931640625
8548.251953125
8554.291015625
8554.4833984375
8549.876953125
8542.7119140625
8542.1875
8545.6416015625
8540.7109375
8533.505859375
8527.75390625
8526.044921875
8523.5400390625
8517.904296875
8515.3984375
8517.2177734375
8519.677734375
8521.7685546875
8520.927734375
8517.72265625
8510.603515625
8503.615234375
8499.841796875
8500.96484375
8501.0576171875
8497.033203125
8491.62109375
8489.447265625
8488.935546875
8486.369140625
8483.2734375
8481.3203125
8478.95703125
8475.890625
8472.89453125
8471.880859375
8472.1484375
8473.3720703125
8472.986328125
8471.2236328125
8468.1142578125
8465.3720703125
8462.2802734375
8459.0859375
8457.919921875
8455.412109375
8455.6083984375
8454.08203125
8452.9873046875
8451.5283203125
8449.5947265625
8447.02734375
8443.615234375
8439.806640625
8437.55859375
8433.982421875
8432.87890625
8430.75390625
8429.5400390625
8427.8154296875
8425.537109375
8422.748046875
8419.279296875
8416.642578125
8414.27734375
8412.892578125
8412.451171875
8409.189453125
8406.3203125
8402.83984375
8400.673828125
8402.1259765625
8405.7294921875
8403.12890625
8397.0361328125
8396.8671875
8397.447265625
8395.658203125
8392.44921875
8392.94140625
8389.27734375
8389.640625
8390.455078125
8391.837890625
8392.1455078125
8392.2265625
8388.58203125
8386.46875
8382.900390625
8378.6640625
8377.2890625
8374.8515625
8376.4091796875
8377.744140625
8378.994140625
8378.6884765625
8377.6396484375
8371.71484375
8368.6142578125
8363.1171875
8360.7666015625
8360.099609375
8360.4677734375
8361.4267578125
8362.296875
8364.572265625
8362.1826171875
8360.478515625
8356.556640625
8352.1240234375
8346.4736328125
8341.9541015625
8338.03125
8336.5703125
8334.1259765625
8333.447265625
8332.564453125
8331.9091796875
8329.8828125
8327.603515625
8324.5556640625
8324.125
8321.55078125
8320.0478515625
8319.72265625
8318.341796875
8317.546875
8315.01953125
8312.3046875
8310.3173828125
8305.9345703125
8302.3984375
8303.7021484375
8303.283203125
8305.0654296875
8305.578125
8302.353515625
8300.7392578125
8299.6796875
8296.0
8295.869140625
8294.2890625
8296.654296875
8301.6669921875
8300.8046875
8308.4619140625
8330.552734375
8331.43359375
8336.6953125
8352.3291015625
8348.0703125
8335.6953125
8364.224609375
8379.61328125
8382.62890625
8368.984375
8372.64453125
8388.560546875
8401.7724609375
8382.4931640625
8380.42578125
8367.501953125
8355.62109375
8342.8076171875
8348.291015625
8467.46484375
8517.3486328125
8442.59375
8440.630859375
8442.37109375
8443.09765625
8384.68359375
8382.484375
8394.5068359375
8357.3583984375
8344.529296875
8340.583984375
8333.2939453125
8318.18359375
8310.701171875
8310.9677734375
8301.2275390625
8292.953125
8283.5712890625
8280.0751953125
8273.888671875
8270.203125
8264.478515625
8261.068359375
8257.580078125
8253.9306640625
8247.732421875
8245.859375
8244.22265625
8241.5791015625
8240.11328125
8236.921875
8235.6025390625
8232.39453125
8229.2822265625
8226.16796875
8225.6982421875
8225.283203125
8225.4560546875
8226.1396484375
8226.7197265625
8227.7470703125
8226.5576171875
8225.23046875
8224.16796875
8223.51953125
8223.05859375
8221.498046875
8219.5791015625
8218.482421875
8217.3427734375
8215.025390625
8215.005859375
8217.50390625
8215.640625
8211.853515625
8210.423828125
8207.609375
8205.4873046875
8205.8310546875
8205.546875
8204.8779296875
8205.8125
8204.625
8203.728515625
8201.798828125
8197.572265625
8192.953125
8188.1474609375
8184.2919921875
8182.28759765625
8181.0556640625
8180.1142578125
8179.845703125
8179.626953125
8180.15234375
8180.5849609375
8180.7412109375
8180.23486328125
8179.24072265625
8176.8486328125
8152.25537109375
8158.8466796875
8163.3544921875
8146.16748046875
8158.421875
8151.02587890625
8145.48828125
8153.04150390625
8143.4677734375
8144.90478515625
8145.98486328125
8139.80517578125
8142.13818359375
8139.94140625
8137.2138671875
8137.8271484375
8135.349609375
8134.1796875
8133.3125
8131.60595703125
8130.5859375
8129.27099609375
8128.037109375
8126.86572265625
8125.6064453125
8124.521484375
8123.28173828125
8122.1845703125
8121.0791015625
8119.904296875
8118.931640625
8117.7861328125
8116.7314453125
8115.810546875
8114.6328125
8113.701171875
8112.73583984375
8111.5947265625
8110.7197265625
8109.68359375
8108.595703125
8107.73388671875
8106.626953125
8105.61669921875
8104.6865234375
8103.56787109375
8102.5947265625
8101.5830078125
8100.46923828125
8099.455078125
8098.3310546875
8097.14453125
8095.9248046875
8094.498046875
8092.8984375
8091.26953125
8090.43017578125
8089.5126953125
8088.42529296875
8087.5888671875
8086.4833984375
8085.3828125
8084.5087890625
8083.376953125
8082.39306640625
8081.4296875
8080.46826171875
8079.4375
8078.39453125
8077.43896484375
8076.4853515625
8075.48388671875
8074.583984375
8073.619140625
8072.62646484375
8071.7138671875
8070.73095703125
8069.751953125
8068.82568359375
8067.861328125
8066.90380859375
8065.9658203125
8065.02587890625
8064.07421875
8063.13427734375
8062.20263671875
8061.27734375
8060.3466796875
8059.45361328125
8058.54052734375
8057.64453125
8056.77294921875
8055.8896484375
8055.0087890625
8054.142578125
8053.26220703125
8052.38720703125
8051.5341796875
8050.66064453125
8049.80859375
8048.9580078125
8048.1083984375
8047.26806640625
8046.42919921875
8045.5908203125
8044.74658203125
8043.92822265625
8043.09375
8042.27734375
8041.45751953125
8040.6357421875
8039.80908203125
8038.9951171875
8038.16650390625
8037.3583984375
8036.54736328125
8035.740234375
8034.935546875
8034.12451171875
8033.328125
8032.521484375
8031.72314453125
8030.9169921875
8030.11279296875
8029.3232421875
8028.5302734375
8027.73974609375
8026.9423828125
8026.15234375
8025.35986328125
8024.57275390625
8023.78857421875
8023.0
8022.2236328125
8021.43212890625
8020.64501953125
8019.86328125
8019.07958984375
8018.3017578125
8017.52001953125
8016.74462890625
8015.9658203125
8015.189453125
8014.40869140625
8013.63720703125
8012.861328125
8012.083984375
8011.3173828125
8010.546875
8009.77587890625
8008.9912109375
8008.212890625
8007.4375
8006.6650390625
8005.8896484375
8005.10107421875
8004.3203125
8003.53271484375
8002.7431640625
8001.951171875
8001.1484375
8000.33251953125
7999.515625
7998.69189453125
7997.861328125
7997.01513671875
7996.15869140625
7995.29248046875
7994.4228515625
7993.53564453125
7992.64501953125
7991.7392578125
7990.8251953125
7989.91064453125
7988.9970703125
7988.06494140625
7987.13720703125
7986.20947265625
7985.2724609375
7984.34765625
7983.421875
7982.4853515625
7981.55078125
7980.609375
7979.66943359375
7978.734375
7977.796875
7976.8564453125
7975.919921875
7974.98828125
7974.060546875
7973.13671875
7972.2099609375
7971.3056640625
7970.38818359375
7969.48876953125
7968.5927734375
7967.70751953125
7966.82958984375
7965.953125
7965.0771484375
7964.2138671875
7963.35498046875
7962.49853515625
7961.64208984375
7960.802734375
7959.96337890625
7959.126953125
7958.28759765625
7957.4658203125
7956.64453125
7955.83251953125
7955.01513671875
7954.2001953125
7953.38671875
7952.572265625
7951.76708984375
7950.97265625
7950.1708984375
7949.37109375
7948.57373046875
7947.7939453125
7946.99169921875
7946.2001953125
7945.40771484375
7944.6337890625
7943.849609375
7943.06689453125
7942.28271484375
7941.5068359375
7940.73828125
7939.95751953125
7939.17919921875
7938.4130859375
7937.63623046875
7936.8671875
7936.1025390625
7935.33251953125
7934.5693359375
7933.7919921875
7933.0263671875
7932.2646484375
7931.5087890625
7930.7490234375
7929.99560546875
7929.22900390625
7928.4716796875
7927.72900390625
7926.97802734375
7926.2333984375
7925.4873046875
7924.744140625
7923.98779296875
7923.2490234375
7922.5048828125
7921.76025390625
7921.01416015625
7920.26611328125
7919.52587890625
7918.77978515625
7918.046875
7917.30908203125
7916.5625
7915.81640625
7915.08349609375
7914.34033203125
7913.5947265625
7912.8505859375
7912.10546875
7911.35498046875
7910.607421875
7909.8466796875
7909.095703125
7908.3291015625
7907.572265625
7906.818359375
7906.0498046875
7905.28125
7904.50927734375
7903.7265625
7902.939453125
7902.15185546875
7901.35400390625
7900.544921875
7899.7392578125
7898.9228515625
7898.1005859375
7897.2568359375
7896.416015625
7895.55078125
7894.685546875
7893.810546875
7892.92578125
7892.0244140625
7891.126953125
7890.2197265625
7889.349609375
7888.54248046875
7887.84033203125
7887.36669921875
7887.2333984375
7887.42041015625
7887.82470703125
7887.6650390625
7886.3662109375
7883.57861328125
7880.9619140625
7880.0791015625
7880.55712890625
7881.21875
7879.8583984375
7877.4970703125
7875.4013671875
7874.86865234375
7875.171875
7875.2744140625
7874.888671875
7873.662109375
7871.6728515625
7869.5791015625
7868.64306640625
7868.5791015625
7868.25
7867.18994140625
7865.6201171875
7864.62060546875
7863.9599609375
7863.16455078125
7862.236328125
7861.38037109375
7860.662109375
7859.58203125
7858.466796875
7857.693359375
7857.15185546875
7856.455078125
7855.36669921875
7854.34765625
7853.59765625
7852.93701171875
7852.1982421875
7851.40234375
7850.68603515625
7849.92578125
7849.1552734375
7848.4248046875
7847.81591796875
7847.25
7846.5625
7845.81640625
7845.09326171875
7844.45458984375
7843.84765625
7843.22021484375
7842.580078125
7841.9052734375
7841.2353515625
7840.5869140625
7839.94873046875
7839.31787109375
7838.69140625
7838.06396484375
7837.43212890625
7836.814453125
7836.1826171875
7835.5791015625
7834.99853515625
7834.466796875
7833.9873046875
7833.5576171875
7833.23828125
7833.02197265625
7832.9091796875
7832.7431640625
7832.3623046875
7831.46533203125
7830.12109375
7828.6513671875
7827.5322265625
7826.96044921875
7826.744140625
7826.5439453125
7826.0234375
7825.16015625
7824.13916015625
7823.2734375
7822.6865234375
7822.2958984375
7821.8876953125
7821.31787109375
7820.5703125
7819.76025390625
7819.0478515625
7818.48291015625
7817.9990234375
7817.494140625
7816.90625
7816.23876953125
7815.55517578125
7814.92138671875
7814.35498046875
7813.8466796875
7813.32568359375
7812.80517578125
7812.2255859375
7811.71484375
7811.1484375
7810.75
7810.1630859375
7809.71728515625
7809.0029296875
7808.376953125
7807.6025390625
7806.9111328125
7806.2109375
7805.58251953125
7804.9755859375
7804.3857421875
7803.80126953125
7803.22265625
7802.66796875
7802.1064453125
7801.5751953125
7801.05078125
7800.55712890625
7800.033203125
7799.5634765625
7799.001953125
7798.52880859375
7797.90380859375
7797.380859375
7796.7529296875
7796.21875
7795.67431640625
7795.212890625
7794.82275390625
7794.5263671875
7794.2900390625
7794.1064453125
7793.96923828125
7793.7939453125
7793.51806640625
7792.9248046875
7792.03515625
7791.1240234375
7790.53125
7790.35693359375
7790.28271484375
7789.9912109375
7789.1494140625
7787.810546875
7786.4462890625
7785.404296875
7785.12744140625
7785.1142578125
7785.14990234375
7784.693359375
7783.8056640625
7782.80078125
7781.8173828125
7781.1240234375
7780.51171875
7779.95556640625
7779.3427734375
7778.7880859375
7778.2724609375
7778.0
7777.70703125
7777.48095703125
7776.916015625
7776.3037109375
7775.478515625
7774.837890625
7774.294921875
7773.927734375
7773.66796875
7773.39794921875
7773.2587890625
7772.98828125
7772.96826171875
7772.6015625
7772.3271484375
7771.63525390625
7770.869140625
7770.0703125
7769.44287109375
7769.384765625
7769.802734375
7770.7705078125
7771.9482421875
7772.837890625
7773.216796875
7772.4697265625
7771.0986328125
7769.41943359375
7768.162109375
7767.53857421875
7767.404296875
7767.2724609375
7766.8212890625
7765.814453125
7764.404296875
7762.77099609375
7761.375
7760.4033203125
7759.89306640625
7759.8212890625
7760.02734375
7760.4404296875
7760.916015625
7761.1904296875
7761.2041015625
7760.52294921875
7759.529296875
7758.26123046875
7757.421875
7757.43505859375
7758.673828125
7760.74951171875
7762.615234375
7761.70166015625
7758.56201171875
7754.7783203125
7752.96728515625
7753.421875
7754.99560546875
7755.3369140625
7753.44873046875
7750.88232421875
7749.34228515625
7749.1064453125
7748.9345703125
7748.32421875
7747.1025390625
7746.17431640625
7745.5244140625
7745.1572265625
7744.35791015625
7743.5859375
7742.888671875
7742.244140625
7741.52783203125
7740.65234375
7739.7451171875
7738.84033203125
7738.1982421875
7737.6689453125
7737.28955078125
7736.81689453125
7736.466796875
7736.2119140625
7736.2177734375
7736.5556640625
7737.14453125
7737.9169921875
7738.59423828125
7738.94921875
7738.9384765625
7738.3818359375
7737.51953125
7736.314453125
7735.123046875
7734.2958984375
7733.8212890625
7733.671875
7733.34765625
7732.76123046875
7731.8837890625
7731.03466796875
7730.46435546875
7730.2236328125
7730.126953125
7729.9541015625
7729.4921875
7728.56591796875
7727.171875
7725.4296875
7723.767578125
7722.4404296875
7721.68310546875
7721.4150390625
7721.38134765625
7721.52197265625
7721.7431640625
7722.3759765625
7723.4921875
7725.4912109375
7728.08203125
7731.3583984375
7734.1787109375
7736.35546875
7736.4228515625
7735.103515625
7732.23095703125
7729.3193359375
7726.6748046875
7725.0634765625
7724.357421875
7723.6630859375
7722.75341796875
7720.80810546875
7718.5947265625
7716.3076171875
7714.56640625
7713.28564453125
7712.0771484375
7710.85107421875
7709.47802734375
7708.3515625
7707.6767578125
7707.33984375
7706.9912109375
7706.287109375
7705.4306640625
7704.67431640625
7704.4326171875
7704.6884765625
7705.2880859375
7705.7744140625
7706.0
7705.703125
7705.1787109375
7704.34716796875
7703.546875
7702.666015625
7701.81005859375
7700.919921875
7699.87890625
7698.87890625
7697.7333984375
7696.79296875
7695.890625
7695.271484375
7694.86328125
7694.74609375
7694.8828125
7695.02197265625
7695.06640625
7694.7431640625
7694.435546875
7694.3291015625
7694.67626953125
7694.857421875
7694.46142578125
7693.025390625
7691.0009765625
7689.23388671875
7688.52734375
7689.1142578125
7690.4140625
7691.9013671875
7692.802734375
7693.22705078125
7692.9404296875
7692.388671875
7691.61572265625
7691.15234375
7691.16015625
7691.8046875
7692.716796875
7693.53173828125
7693.82275390625
7693.80419921875
7693.330078125
7693.19287109375
7692.427734375
7691.63818359375
7689.8056640625
7687.673828125
7685.42578125
7683.412109375
7682.32861328125
7681.81201171875
7682.0439453125
7682.34716796875
7682.728515625
7682.88623046875
7682.96826171875
7682.87646484375
7682.70703125
7682.1923828125
7681.5078125
7680.39794921875
7679.3701171875
7678.3310546875
7677.72998046875
7677.21875
7676.8427734375
7676.099609375
7674.9560546875
7673.63427734375
7672.16650390625
7671.19970703125
7670.47265625
7670.3193359375
7670.130859375
7669.96826171875
7669.1708984375
7668.017578125
7666.4921875
7665.19873046875
7664.43359375
7664.26708984375
7664.4814453125
7664.470703125
7664.0166015625
7662.85546875
7661.44091796875
7659.9609375
7658.94140625
7658.30615234375
7658.12841796875
7658.08984375
7658.2021484375
7658.23193359375
7658.3671875
7658.423828125
7658.62548828125
7658.755859375
7658.9677734375
7659.1279296875
7659.2236328125
7659.37841796875
7659.38134765625
7659.67431640625
7659.80322265625
7660.34765625
7660.63720703125
7661.234375
7661.54541015625
7662.01953125
7662.109375
7662.06689453125
7661.5380859375
7660.8525390625
7660.0068359375
7659.330078125
7658.748046875
7658.328125
7657.7744140625
7657.041015625
7655.88818359375
7654.4287109375
7652.79248046875
7651.22314453125
7649.9794921875
7649.10009765625
7648.60302734375
7648.3681640625
7648.171875
7647.875
7647.24755859375
7646.15576171875
7644.64306640625
7642.84765625
7641.2158203125
7640.0029296875
7639.3212890625
7638.99609375
7638.6884765625
7638.2451171875
7637.5625
7636.87890625
7636.3447265625
7636.12109375
7636.10986328125
7636.18310546875
7636.201171875
7636.244140625
7636.21875
7636.27587890625
7636.14208984375
7635.95751953125
7635.61083984375
7635.576171875
7636.21142578125
7637.69140625
7640.14697265625
7642.9658203125
7645.953125
7648.10888671875
7649.1357421875
7648.5322265625
7646.5068359375
7644.38671875
7643.0302734375
7643.3505859375
7644.40771484375
7645.599609375
7645.8193359375
7644.7587890625
7642.3212890625
7639.00732421875
7635.78125
7633.59375
7633.11328125
7633.9091796875
7635.314453125
7635.93408203125
7635.7958984375
7634.2392578125
7632.1396484375
7629.1513671875
7626.65185546875
7625.091796875
7625.396484375
7626.853515625
7628.5673828125
7629.1650390625
7628.197265625
7625.80126953125
7622.9619140625
7620.3935546875
7618.46533203125
7617.142578125
7615.939453125
7614.8447265625
7613.7373046875
7612.8076171875
7612.00537109375
7611.40380859375
7610.9013671875
7610.5859375
7610.35693359375
7610.2470703125
7610.1181640625
7610.111328125
7610.3447265625
7610.9638671875
7611.837890625
7612.89208984375
7614.02392578125
7615.3857421875
7616.82568359375
7618.09326171875
7618.7392578125
7618.8642578125
7618.63427734375
7618.677734375
7619.08984375
7620.11279296875
7621.56005859375
7623.2978515625
7625.01806640625
7625.80029296875
7625.33447265625
7622.69482421875
7618.93701171875
7614.4755859375
7611.1064453125
7608.9755859375
7608.37353515625
7608.3603515625
7608.36865234375
7607.94677734375
7607.044921875
7606.0927734375
7605.2177734375
7604.79150390625
7604.673828125
7604.7080078125
7604.6630859375
7604.22705078125
7603.35205078125
7601.9501953125
7600.1962890625
7598.5234375
7597.359375
7596.9404296875
7597.447265625
7597.7880859375
7597.70263671875
7595.888671875
7593.27099609375
7590.6435546875
7589.18994140625
7588.8671875
7589.20458984375
7589.205078125
7588.63623046875
7587.61572265625
7587.02978515625
7586.927734375
7587.33984375
7587.4931640625
7587.34765625
7586.845703125
7586.59228515625
7586.7080078125
7587.234375
7587.7333984375
7588.0224609375
7588.138671875
7588.5107421875
7589.37060546875
7590.923828125
7592.83984375
7595.107421875
7597.20556640625
7599.2646484375
7600.38671875
7600.56591796875
7599.03564453125
7596.64794921875
7593.78173828125
7591.6865234375
7590.23095703125
7589.5126953125
7588.5908203125
7587.3271484375
7585.28515625
7583.13134765625
7580.95556640625
7579.5625
7578.3076171875
7577.46044921875
7576.3203125
7575.22216796875
7574.20849609375
7573.63623046875
7573.5224609375
7573.822265625
7574.365234375
7574.77734375
7575.00341796875
7574.66796875
7574.017578125
7572.8984375
7571.6064453125
7570.3486328125
7569.49365234375
7569.19873046875
7569.619140625
7570.55859375
7572.05078125
7573.7373046875
7575.6572265625
7577.5078125
7579.2412109375
7580.54296875
7581.294921875
7581.20849609375
7580.7041015625
7579.8720703125
7579.30029296875
7578.818359375
7578.38330078125
7577.724609375
7576.6943359375
7575.23388671875
7573.6083984375
7571.95458984375
7570.58447265625
7569.5078125
7568.9150390625
7568.716796875
7568.7080078125
7568.5439453125
7567.98779296875
7567.2783203125
7566.77587890625
7566.91943359375
7567.6357421875
7568.59765625
7569.2255859375
7569.23583984375
7568.53515625
7567.498046875
7566.26025390625
7565.05419921875
7563.47265625
7561.7431640625
7559.52783203125
7557.53271484375
7555.5673828125
7554.2431640625
7553.115234375
7552.3466796875
7551.5537109375
7550.81103515625
7550.07763671875
7549.40625
7548.8974609375
7548.4990234375
7548.2705078125
7548.1845703125
7548.31201171875
7548.716796875
7549.3603515625
7550.2060546875
7550.7666015625
7550.82763671875
7549.8134765625
7548.00634765625
7546.0302734375
7544.8720703125
7545.0537109375
7545.95263671875
7546.94677734375
