15362.3125
15355.2509765625
15348.599609375
15342.2763671875
15336.21484375
15330.419921875
15324.791015625
15319.37890625
15314.146484375
15309.103515625
15304.203125
15299.4501953125
15294.83203125
15290.376953125
15286.02734375
15281.7900390625
15277.6630859375
15273.65625
15269.7626953125
15265.962890625
15262.2666015625
15258.67578125
15255.185546875
15251.80078125
15248.5078125
15245.296875
15242.185546875
15239.158203125
15236.21484375
15233.3466796875
15230.576171875
15227.8818359375
15225.251953125
15222.69921875
15220.2275390625
15217.818359375
15215.4833984375
15213.2021484375
15211.001953125
15208.859375
15206.7705078125
15204.748046875
15202.783203125
15200.8642578125
15199.0068359375
15197.1953125
15195.43359375
15193.7236328125
15192.0546875
15190.44140625
15188.865234375
15187.3359375
15185.8447265625
15184.3935546875
15182.974609375
15181.599609375
15180.2607421875
15178.953125
15177.689453125
15176.4580078125
15175.2529296875
15174.0703125
15172.9296875
15171.81640625
15170.734375
15169.673828125
15168.646484375
15167.6435546875
15166.66796875
15165.7060546875
15164.7734375
15163.8671875
15162.984375
15162.1162109375
15161.279296875
15160.4560546875
15159.6533203125
15158.869140625
15158.10546875
15157.35546875
15156.6328125
15155.9228515625
15155.232421875
15154.552734375
15153.89453125
15153.248046875
15152.61328125
15152.001953125
15151.400390625
15150.8125
15150.240234375
15149.6796875
15149.130859375
15148.5908203125
15148.0703125
15147.5576171875
15147.056640625
15146.5654296875
15146.0849609375
15145.6162109375
15145.15625
15144.7080078125
15144.265625
15143.833984375
15143.41796875
15143.00390625
15142.6015625
15142.203125
15141.8212890625
15141.4453125
15141.072265625
15140.7080078125
15140.3525390625
15140.0009765625
15139.658203125
15139.3232421875
15138.994140625
15138.673828125
15138.357421875
15138.0458984375
15137.7451171875
15137.4482421875
15137.16015625
15136.869140625
15136.5888671875
15136.310546875
15136.0380859375
15135.775390625
15135.513671875
15135.2548828125
15135.001953125
15134.7568359375
15134.5126953125
15134.275390625
15134.0380859375
15133.8076171875
15133.5830078125
15133.359375
15133.140625
15132.927734375
15132.71875
15132.509765625
15132.306640625
15132.10546875
15131.9072265625
15131.7138671875
15131.5234375
15131.3369140625
15131.154296875
15130.974609375
15130.7998046875
15130.625
15130.455078125
15130.283203125
15130.12109375
15129.9599609375
15129.80078125
15129.640625
15129.486328125
15129.3330078125
15129.18359375
15129.033203125
15128.890625
15128.75
15128.611328125
15128.4736328125
15128.3388671875
15128.2080078125
15128.0771484375
15127.9482421875
15127.822265625
15127.7001953125
15127.578125
15127.458984375
15127.3408203125
15127.228515625
15127.1142578125
15127.001953125
15126.892578125
15126.783203125
15126.6787109375
15126.5751953125
15126.474609375
15126.373046875
15126.275390625
15126.1787109375
15126.0830078125
15125.990234375
15125.896484375
15125.8056640625
15125.7197265625
15125.634765625
15125.548828125
15125.46484375
15125.3828125
15125.30078125
15125.2236328125
15125.146484375
15125.0712890625
15124.99609375
6110367.5
196501.609375
56101.59375
55837.86328125
59823.05859375
58857.703125
58258.859375
56902.84765625
56217.67578125
55778.9921875
54930.03125
53692.15625
52513.60546875
51640.40234375
50922.70703125
50027.7578125
48811.17578125
47439.625
46143.1875
44973.078125
43859.2109375
42752.9453125
41672.5390625
40671.5078125
39739.63671875
38844.0234375
37985.0625
37169.1484375
36396.671875
35669.49609375
34974.0625
34296.890625
33662.546875
33095.09765625
32580.3515625
32080.8125
31581.60546875
31093.609375
30644.609375
30206.3203125
29767.55859375
29335.96484375
28915.818359375
28515.44921875
28137.86328125
27779.16015625
27427.33984375
27082.822265625
26753.724609375
26441.46484375
26137.01171875
25841.107421875
25559.462890625
25289.48828125
25026.791015625
24774.037109375
24530.83203125
24295.095703125
24064.779296875
23844.115234375
23622.826171875
23420.01171875
23227.392578125
23023.19140625
22851.958984375
22680.546875
22498.005859375
22310.046875
22160.294921875
21973.291015625
21821.478515625
21666.390625
21503.994140625
21371.78515625
21215.513671875
21091.81640625
20942.396484375
20811.37890625
20681.83203125
20541.904296875
20423.9609375
20301.16796875
20181.474609375
20058.76171875
19941.62890625
19830.21875
19720.169921875
19610.162109375
19500.810546875
19395.1171875
19294.580078125
19195.779296875
19097.09375
19000.55859375
18908.056640625
18817.7109375
18728.080078125
18638.8828125
18551.46484375
18466.326171875
18382.126953125
18298.357421875
18215.88671875
18135.216796875
18055.90234375
17977.443359375
17900.044921875
17824.025390625
17749.560546875
17676.015625
17603.37109375
17531.9140625
17461.564453125
17392.23828125
17323.5859375
17255.484375
17187.9296875
17120.55859375
17053.169921875
16986.1171875
16919.31640625
16852.40625
16786.8671875
16723.1953125
16661.275390625
16602.10546875
16544.69921875
16488.908203125
16434.3046875
16379.7548828125
16325.4658203125
16271.33984375
16217.6064453125
16164.8408203125
16112.916015625
16062.08984375
16012.1044921875
15962.96484375
15914.51953125
15866.84375
15819.97265625
15773.857421875
15728.4296875
15683.8330078125
15639.7861328125
15596.3984375
15553.5556640625
15511.2177734375
15469.345703125
15427.95703125
15387.0458984375
15346.6669921875
15306.80859375
15267.48828125
15228.6337890625
15190.2099609375
15152.3046875
15114.9111328125
15078.1259765625
15041.9072265625
15006.111328125
14970.517578125
14935.2626953125
14900.4189453125
14865.9296875
14831.884765625
14798.177734375
14764.853515625
14731.8466796875
14699.09375
14666.64453125
14634.4453125
14602.6171875
14571.0546875
14539.7578125
14508.767578125
14477.9921875
14447.48046875
14417.1826171875
14387.044921875
14357.1787109375
14327.4833984375
14297.9609375
14268.6513671875
14239.5078125
14210.58203125
14181.837890625
14153.349609375
14124.9921875
14096.7958984375
14068.7021484375
14041.1826171875
14014.693359375
13988.5830078125
13962.1748046875
13935.82421875
13909.9453125
13884.28515625
13858.63671875
13833.2099609375
13807.9306640625
13782.884765625
13757.9248046875
13733.169921875
13708.623046875
13684.2255859375
13659.8837890625
13635.7109375
13611.71875
13587.849609375
13564.072265625
13540.2939453125
13516.421875
13492.580078125
13468.978515625
13445.55078125
13422.212890625
13398.7509765625
13375.279296875
13351.998046875
13328.90625
13305.8623046875
13282.787109375
13259.8330078125
13237.0859375
13214.4970703125
13191.9150390625
13169.357421875
13146.955078125
13124.7392578125
13102.5888671875
13080.482421875
13058.412109375
13036.515625
13014.693359375
12992.98046875
12971.32421875
12949.7333984375
12928.2822265625
12906.9189453125
12885.66796875
12864.53515625
12843.568359375
12822.83984375
12802.5126953125
12782.30859375
12762.103515625
12740.78125
12718.875
12697.28515625
12677.044921875
12657.3828125
12637.00390625
12615.9140625
12595.162109375
12575.333984375
12555.712890625
12535.447265625
12515.09765625
12495.27734375
12475.9111328125
12456.322265625
12436.4384765625
12416.904296875
12397.9033203125
12379.0048828125
12359.990234375
12341.216796875
12322.9365234375
12304.8203125
12286.279296875
12267.517578125
12249.1669921875
12231.6015625
12214.3134765625
12196.904296875
12179.4072265625
12162.2431640625
12145.53515625
12128.970703125
12112.39453125
12095.9111328125
12079.822265625
12064.103515625
12049.2255859375
12033.73046875
12019.2392578125
12001.927734375
11985.384765625
11969.5302734375
11953.6953125
11939.046875
11921.287109375
11906.689453125
11895.208984375
11876.119140625
11858.962890625
11844.8779296875
11830.083984375
11814.9912109375
11798.6171875
11783.96484375
11770.10546875
11754.193359375
11739.25
11726.0224609375
11709.9111328125
11695.029296875
11681.4541015625
11666.435546875
11651.32421875
11636.7685546875
11622.833984375
11608.40625
11593.70703125
11579.822265625
11566.0859375
11551.140625
11536.2978515625
11521.978515625
11508.140625
11494.2744140625
11480.0615234375
11466.0576171875
11452.3515625
11438.4560546875
11425.119140625
11412.33203125
11399.888671875
11387.5869140625
11375.5634765625
11363.345703125
11351.443359375
11337.5927734375
11323.8466796875
11310.9287109375
11298.88671875
11287.453125
11274.888671875
11262.322265625
11249.76953125
11237.7109375
11225.7314453125
11213.11328125
11200.2998046875
11187.587890625
11175.7705078125
11164.4833984375
11153.1220703125
11141.57421875
11129.94921875
11118.6865234375
11107.5185546875
11096.16015625
11084.73828125
11073.17578125
11061.6943359375
11050.466796875
11039.4736328125
11028.525390625
11017.4794921875
11006.666015625
10995.9609375
10985.1953125
10973.8623046875
10962.564453125
10951.373046875
10940.30859375
10928.916015625
10917.037109375
10904.6416015625
10892.232421875
10880.466796875
10869.77734375
10859.6240234375
10849.06640625
10837.869140625
10826.658203125
10816.1083984375
10806.3125
10796.857421875
10787.5263671875
10778.24609375
10769.30078125
10760.78515625
10753.064453125
10744.4619140625
10734.783203125
10722.90234375
10712.2353515625
10704.208984375
10696.65234375
10687.5859375
10677.3388671875
10668.7060546875
10661.3681640625
10652.830078125
10643.2890625
10634.65234375
10627.4140625
10619.8271484375
10611.296875
10602.83203125
10594.3662109375
10585.287109375
10576.3291015625
10568.4384765625
10561.03515625
10553.0693359375
10544.7333984375
10536.64453125
10528.7216796875
10520.736328125
10513.0703125
10505.4111328125
10497.365234375
10488.751953125
10480.66015625
10473.2060546875
10466.3427734375
10459.8515625
10453.6875
10447.48046875
10439.482421875
10429.80859375
10420.40625
10413.87890625
10409.4404296875
10403.96484375
10396.3759765625
10386.8427734375
10379.505859375
10371.2099609375
10362.958984375
10354.224609375
10346.533203125
10340.189453125
10333.46484375
10326.060546875
10317.83984375
10311.287109375
10303.5732421875
10295.82421875
10287.646484375
10279.7890625
10272.853515625
10265.818359375
10258.9482421875
10251.056640625
10242.3076171875
10232.83203125
10223.45703125
10214.962890625
10207.681640625
10200.8779296875
10193.7646484375
10186.025390625
10177.8251953125
10169.9189453125
10162.42578125
10155.267578125
10148.15234375
10141.05078125
10134.025390625
10127.240234375
10120.8271484375
10114.6806640625
10108.791015625
10102.90234375
10097.0263671875
10091.099609375
10085.1015625
10079.3515625
10073.6962890625
10068.3623046875
10062.908203125
10057.490234375
10052.2353515625
10047.3857421875
10042.8359375
10038.05078125
10032.3828125
10025.630859375
10018.658203125
10012.51953125
10007.447265625
10002.76953125
9997.884765625
9992.6982421875
9987.91796875
9983.3544921875
9978.8779296875
9973.6337890625
9967.9052734375
9962.412109375
9957.447265625
9953.408203125
9949.41015625
9945.4482421875
9940.7958984375
9935.525390625
9929.5458984375
9923.765625
9919.0107421875
9915.4580078125
9911.935546875
9907.3359375
9900.84375
9893.68359375
9886.86328125
9881.615234375
9877.3984375
9873.4970703125
9869.0390625
9863.9287109375
9858.46484375
9853.2001953125
9848.41796875
9844.1142578125
9840.0107421875
9835.830078125
9831.5771484375
9827.037109375
9822.12890625
9816.765625
9811.01171875
9805.47265625
9800.7568359375
9797.0380859375
9793.8681640625
9790.7451171875
9787.3154296875
9783.6953125
9779.96875
9776.005859375
9771.619140625
9766.841796875
9762.296875
9758.5009765625
9755.3642578125
9752.5341796875
9749.283203125
9744.63671875
9738.392578125
9731.6796875
9726.32421875
9723.37109375
9721.3359375
9718.51953125
9714.107421875
9708.5068359375
9703.380859375
9698.9931640625
9695.2822265625
9691.388671875
9687.2734375
9683.0771484375
9679.2451171875
9675.5498046875
9671.97265625
9668.3349609375
9664.923828125
9661.6728515625
9658.0859375
9653.7822265625
9648.8095703125
9644.3994140625
9640.6171875
9637.740234375
9634.529296875
9630.806640625
9626.658203125
9622.578125
9619.009765625
9615.80859375
9612.720703125
9609.591796875
9606.40234375
9603.2939453125
9600.1982421875
9597.2861328125
9594.7421875
9592.5830078125
9591.248046875
9590.076171875
9589.216796875
9587.990234375
9584.6474609375
9579.3193359375
9572.17578125
9565.775390625
9561.4013671875
9558.7353515625
9556.4453125
9553.7099609375
9550.18359375
9547.1474609375
9543.765625
9540.4111328125
9535.5888671875
9531.4736328125
9528.9541015625
9528.390625
9525.9375
9520.69140625
9517.94140625
9513.1611328125
9509.0224609375
9506.4765625
9502.47265625
9500.57421875
9498.259765625
9496.1240234375
9494.41796875
9491.7177734375
9489.6943359375
9486.529296875
9484.052734375
9480.59765625
9476.8984375
9472.9609375
9468.8515625
9465.6025390625
9462.162109375
9459.744140625
9457.111328125
9454.6796875
9451.751953125
9448.95703125
9446.0859375
9443.384765625
9441.06640625
9438.828125
9437.0625
9434.697265625
9432.1484375
9428.5771484375
9424.98828125
9420.990234375
9417.748046875
9415.02734375
9413.3193359375
9411.888671875
9409.84765625
9406.673828125
9402.544921875
9399.0810546875
9397.0537109375
9396.205078125
9395.369140625
9392.892578125
9389.1494140625
9384.845703125
9381.603515625
9379.7490234375
9379.0986328125
9378.30859375
9377.396484375
9375.4052734375
9373.298828125
9371.16796875
9369.77734375
9368.466796875
9367.1904296875
9364.185546875
9359.796875
9354.181640625
9349.1796875
9345.62890625
9343.7470703125
9342.2568359375
9340.2783203125
9337.146484375
9333.3779296875
9330.115234375
9327.5703125
9326.015625
9324.59375
9321.5126953125
9316.9345703125
9311.3408203125
9307.6201171875
9305.4248046875
9303.76171875
9301.091796875
9298.24609375
9296.26953125
9294.623046875
9292.2978515625
9288.732421875
9285.4619140625
9283.3583984375
9281.9931640625
9281.0771484375
9280.349609375
9280.8134765625
9280.4228515625
9279.71484375
9276.7041015625
9273.2353515625
9269.4482421875
9266.125
9263.439453125
9261.515625
9260.1474609375
9258.310546875
9255.5830078125
9251.9404296875
9248.16796875
9244.89453125
9242.7958984375
9241.8740234375
9241.189453125
9239.55078125
9236.189453125
9231.9375
9228.21484375
9225.5986328125
9224.474609375
9223.26171875
9222.2431640625
9220.58984375
9219.275390625
9218.294921875
9217.67578125
9216.701171875
9214.7421875
9211.67578125
9208.357421875
9206.2216796875
9205.4345703125
9205.5
9204.7373046875
9202.64453125
9199.2744140625
9195.92578125
9193.3828125
9191.33203125
9189.33203125
9186.83984375
9184.072265625
9181.4287109375
9179.0576171875
9177.55859375
9176.111328125
9174.884765625
9173.404296875
9171.98828125
9171.0869140625
9170.40625
9169.7890625
9168.5771484375
9166.365234375
9163.7216796875
9160.248046875
9156.951171875
9153.634765625
9151.3408203125
9149.6484375
9148.421875
9146.5029296875
9143.9892578125
9140.953125
9137.6279296875
9135.7421875
9133.501953125
9132.66796875
9130.8662109375
9129.244140625
9126.7666015625
9124.4599609375
9121.6953125
9119.6552734375
9118.1884765625
9117.3623046875
9116.7001953125
9115.9453125
9115.3671875
9113.5556640625
9112.58203125
9110.751953125
9109.041015625
9106.64453125
9104.87109375
9103.771484375
9102.662109375
9101.29296875
9099.37890625
9097.474609375
9096.55078125
9096.65625
9096.9921875
9096.552734375
9094.638671875
9092.138671875
9088.81640625
9085.771484375
9082.2119140625
9079.0087890625
9076.4130859375
9075.333984375
9076.173828125
9078.341796875
9081.015625
9081.5859375
9079.5888671875
9075.8974609375
9074.833984375
9075.5068359375
9075.814453125
9072.74609375
9067.8876953125
9062.6962890625
9058.4130859375
9054.43359375
9050.90234375
9048.345703125
9046.6171875
9045.162109375
9043.2578125
9041.490234375
9039.791015625
9038.611328125
9037.1591796875
9035.201171875
9032.798828125
9031.037109375
9030.12890625
9030.6171875
9030.859375
9030.8896484375
9030.037109375
9029.2119140625
9027.5908203125
9025.119140625
9022.025390625
9018.9453125
9016.5546875
9014.494140625
9012.8525390625
9010.859375
9009.1640625
9007.615234375
9006.189453125
9005.05859375
9003.806640625
9003.28125
9001.96875
9000.943359375
8999.373046875
8998.81640625
8999.064453125
8999.7431640625
9000.0732421875
9000.037109375
8999.986328125
9000.1494140625
8999.6328125
8998.140625
8995.609375
8993.43359375
8992.0634765625
8991.72265625
8990.4541015625
8988.326171875
8984.890625
8982.099609375
8979.38671875
8977.150390625
8974.04296875
8971.57421875
8969.0712890625
8968.6103515625
8968.265625
8968.17578125
8967.2724609375
8965.669921875
8963.943359375
8962.0009765625
8960.4365234375
8959.4619140625
8959.9052734375
8961.0029296875
8962.654296875
8962.212890625
8960.2158203125
8955.55078125
8950.396484375
8945.923828125
8943.5146484375
8942.8173828125
8943.376953125
8943.724609375
8943.5
8942.2109375
8940.2431640625
8938.2431640625
8936.388671875
8935.416015625
8934.560546875
8933.908203125
8932.1376953125
8929.556640625
8926.267578125
8923.1884765625
8921.2021484375
8920.3203125
8920.744140625
8921.525390625
8922.34765625
8921.859375
8920.109375
8916.7822265625
8912.8505859375
8908.896484375
8905.626953125
8904.234375
8905.0234375
8907.216796875
8908.6044921875
8907.9990234375
8905.8994140625
8903.654296875
8902.1708984375
8900.4404296875
8897.751953125
8894.8359375
8892.794921875
8892.24609375
8892.083984375
8891.4033203125
8890.06640625
8888.80078125
8888.521484375
8888.826171875
8889.03515625
8888.001953125
8886.3759765625
8884.259765625
8883.185546875
8882.5390625
8882.865234375
8882.791015625
8883.09375
8882.392578125
8882.27734375
8881.396484375
8880.6259765625
8878.9443359375
8876.69140625
8874.142578125
8871.994140625
8870.9443359375
8871.0
8871.1748046875
8870.470703125
8867.84375
8863.9609375
8859.978515625
8857.65625
8857.216796875
8858.197265625
8859.080078125
8859.333984375
8858.41796875
8857.0205078125
8855.23046875
8854.12109375
8853.9365234375
8855.529296875
8857.443359375
8859.76171875
8860.8671875
8862.1689453125
8862.6005859375
8862.849609375
8861.08984375
8857.400390625
8850.8515625
8844.9013671875
8841.521484375
8842.005859375
8844.03515625
8845.720703125
8845.76953125
8844.7890625
8842.822265625
8840.2822265625
8836.5400390625
8832.7060546875
8829.3046875
8825.7001953125
8823.408203125
8821.7939453125
8820.693359375
8819.2666015625
8817.56640625
8817.166015625
8817.2958984375
8818.755859375
8819.0703125
8797.33203125
8801.888671875
8807.2919921875
8791.28125
8801.927734375
8795.853515625
8790.701171875
8797.2978515625
8788.775390625
8790.53515625
8790.9638671875
8785.568359375
8788.4677734375
8785.5966796875
8783.83203125
8784.9365234375
8781.9873046875
8781.857421875
8781.2998046875
8779.44140625
8779.33203125
8778.201171875
8777.12890625
8776.6328125
8775.5732421875
8774.7431640625
8774.02734375
8773.1337890625
8772.314453125
8771.5927734375
8770.7587890625
8769.94921875
8769.244140625
8768.400390625
8767.640625
8766.92578125
8766.0849609375
8765.37890625
8764.6171875
8763.81640625
8763.125
8762.33984375
8761.58984375
8760.87890625
8760.0927734375
8759.373046875
8758.63671875
8757.8759765625
8757.158203125
8756.4150390625
8755.67578125
8754.962890625
8754.21875
8753.49609375
8752.767578125
8752.0302734375
8751.3056640625
8750.5849609375
8749.861328125
8749.1328125
8748.408203125
8747.68359375
8746.9599609375
8746.240234375
8745.517578125
8744.7998046875
8744.0712890625
8743.3525390625
8742.63671875
8741.91015625
8741.1962890625
8740.478515625
8739.751953125
8739.0380859375
8738.3134765625
8737.59375
8736.873046875
8736.158203125
8735.4404296875
8734.716796875
8733.9951171875
8733.2841796875
8732.5634765625
8731.84765625
8731.134765625
8730.4150390625
8729.6923828125
8728.9765625
8728.26171875
8727.544921875
8726.833984375
8726.107421875
8725.39453125
8724.6728515625
8723.96484375
8723.244140625
8722.529296875
8721.80859375
8721.0986328125
8720.375
8719.66015625
8718.9423828125
8718.2275390625
8717.509765625
8716.7890625
8716.072265625
8715.349609375
8714.6318359375
8713.921875
8713.2021484375
8712.4912109375
8711.763671875
8711.05078125
8710.326171875
8709.60546875
8708.884765625
8708.16796875
8707.455078125
8706.7294921875
8706.0087890625
8705.2939453125
8704.56640625
8703.8427734375
8703.1220703125
8702.3984375
8701.669921875
8700.9501953125
8700.2275390625
8699.5029296875
8698.7783203125
8698.0517578125
8697.3212890625
8696.59375
8695.87109375
8695.142578125
8694.4140625
8693.681640625
8692.9580078125
8692.22265625
8691.49609375
8690.76953125
8690.037109375
8689.3115234375
8688.58203125
8687.8525390625
8687.12109375
8686.3984375
8685.6689453125
8684.935546875
8684.205078125
8683.4755859375
8682.7470703125
8682.0234375
8681.298828125
8680.5703125
8679.8330078125
8679.1015625
8678.3798828125
8677.6474609375
8676.91796875
8676.19140625
8675.4599609375
8674.73828125
8674.0048828125
8673.2802734375
8672.55078125
8671.828125
8671.1025390625
8670.3701171875
8669.6484375
8668.921875
8668.19921875
8667.466796875
8666.7421875
8666.017578125
8665.2900390625
8664.55859375
8663.83984375
8663.10546875
8662.380859375
8661.6533203125
8660.92578125
8660.2001953125
8659.466796875
8658.734375
8658.00390625
8657.279296875
8656.55078125
8655.8203125
8655.087890625
8654.35546875
8653.62109375
8652.8935546875
8652.162109375
8651.4228515625
8650.69921875
8649.966796875
8649.228515625
8648.501953125
8647.7705078125
8647.04296875
8646.326171875
8645.5986328125
8644.890625
8644.1875
8643.4814453125
8642.798828125
8642.169921875
8641.5556640625
8641.2119140625
8640.55078125
8640.740234375
8639.189453125
8638.330078125
8637.212890625
8636.455078125
8635.9892578125
8635.453125
8635.173828125
8634.0517578125
8633.2197265625
8632.33203125
8631.6171875
8631.03515625
8630.455078125
8629.98046875
8629.16015625
8628.4921875
8627.61328125
8626.837890625
8626.119140625
8625.45703125
8624.8623046875
8624.2060546875
8623.61328125
8622.8662109375
8622.19140625
8621.4228515625
8620.693359375
8619.974609375
8619.291015625
8618.6240234375
8617.9765625
8617.337890625
8616.673828125
8616.052734375
8615.3427734375
8614.701171875
8613.962890625
8613.2685546875
8612.5390625
8611.8408203125
8611.12890625
8610.439453125
8609.759765625
8609.078125
8608.40625
8607.7236328125
8607.064453125
8606.40234375
8605.763671875
8605.109375
8604.5283203125
8603.8671875
8603.3935546875
8602.634765625
8602.1630859375
8601.255859375
8600.5625
8599.6962890625
8598.9365234375
8598.216796875
8597.552734375
8596.927734375
8596.3056640625
8595.7763671875
8595.1064453125
8594.650390625
8593.8369140625
8593.2744140625
8592.35546875
8591.6103515625
8590.8125
8590.0859375
8589.41015625
8588.76953125
8588.166015625
8587.529296875
8586.99609375
8586.28515625
8585.7421875
8584.900390625
8584.2138671875
8583.3916015625
8582.65625
8581.935546875
8581.267578125
8580.6435546875
8580.0712890625
8579.640625
8579.404296875
8579.60546875
8580.451171875
8581.3828125
8581.708984375
8578.37890625
8574.8916015625
8574.466796875
8575.4130859375
8574.4609375
8571.931640625
8571.5673828125
8572.0810546875
8570.5625
8569.220703125
8569.19921875
8568.759765625
8567.369140625
8566.900390625
8566.259765625
8565.2548828125
8564.26953125
8563.662109375
8562.8369140625
8562.033203125
8561.423828125
8560.732421875
8560.09765625
8559.490234375
8558.9521484375
8558.19140625
8557.775390625
8556.84375
8556.0859375
8555.2041015625
8554.2685546875
8553.27734375
8552.404296875
8551.541015625
8550.70703125
8550.078125
8549.421875
8548.828125
8548.013671875
8547.4296875
8546.3427734375
8545.484375
8544.4765625
8543.58203125
8542.7109375
8541.921875
8541.134765625
8540.3212890625
8539.5634765625
8538.75
8538.0810546875
8537.193359375
8536.58984375
8535.51953125
8534.6708984375
8533.583984375
8532.603515625
8531.611328125
8530.673828125
8529.7783203125
8528.873046875
8528.015625
8527.06640625
8526.259765625
8525.162109375
8524.3251953125
8523.0625
8522.0234375
8520.83984375
8519.791015625
8518.806640625
8517.890625
8517.0390625
8516.2197265625
8515.462890625
8514.6640625
8514.0341796875
8513.173828125
8512.55859375
8511.5625
8510.76953125
8509.82421875
8508.9814453125
8508.177734375
8507.41796875
8506.708984375
8506.0087890625
8505.3662109375
8504.6474609375
8504.05078125
8503.240234375
8502.5634765625
8501.689453125
8500.8935546875
8500.029296875
8499.234375
8498.484375
8497.7783203125
8497.115234375
8496.4423828125
8495.7978515625
8495.09375
8494.4814453125
8493.759765625
8493.2041015625
8492.4482421875
8491.8544921875
8491.08984375
8490.4677734375
8489.8671875
8489.478515625
8489.2021484375
8489.171875
8488.837890625
8488.1875
8486.75390625
8485.203125
8484.205078125
8483.810546875
8483.884765625
8483.57421875
8483.0966796875
8481.888671875
8481.091796875
8480.486328125
8480.06640625
8479.634765625
8478.6240234375
8477.564453125
8476.513671875
8475.828125
8475.25390625
8474.7978515625
8474.0859375
8473.5703125
8472.912109375
8472.462890625
8471.9306640625
8471.419921875
8470.9072265625
8470.490234375
8470.185546875
8470.00390625
8469.974609375
8470.0986328125
8470.220703125
8469.896484375
8468.77734375
8466.7919921875
8464.802734375
8463.333984375
8462.8447265625
8462.8486328125
8462.884765625
8462.48046875
8461.7138671875
8460.8310546875
8460.10546875
8459.4921875
8458.85546875
8458.02734375
8457.0732421875
8456.0966796875
8455.2626953125
8454.5859375
8454.0546875
8453.62109375
8453.1689453125
8452.6484375
8452.033203125
8451.158203125
8450.3095703125
8449.296875
8448.4072265625
8447.541015625
8446.8173828125
8446.126953125
8445.5126953125
8444.890625
8444.373046875
8443.90234375
8443.779296875
8444.0478515625
8445.4609375
8448.83203125
8451.427734375
8449.11328125
8443.451171875
8443.35546875
8446.6015625
8446.74609375
8440.8330078125
8441.59375
8443.775390625
8439.916015625
8438.734375
8440.359375
8438.93359375
8436.638671875
8437.416015625
8438.220703125
8437.951171875
8439.53515625
8440.80859375
8439.8076171875
8438.810546875
8437.4619140625
8436.0205078125
8435.7734375
8436.1279296875
8434.78515625
8432.890625
8430.658203125
8429.0400390625
8427.8505859375
8427.0380859375
8425.79296875
8425.0771484375
8425.0556640625
8424.955078125
8424.23828125
8423.2548828125
8422.4462890625
8422.330078125
8422.29296875
8422.193359375
8421.537109375
8420.66015625
8419.732421875
8419.041015625
8418.765625
8418.8125
8419.2666015625
8419.904296875
8420.591796875
8420.740234375
8420.375
8419.447265625
8418.4365234375
8417.3193359375
8416.2958984375
8415.6630859375
8415.291015625
8415.2265625
8414.6162109375
8413.720703125
8412.275390625
8410.7841796875
8409.146484375
8407.6826171875
8406.2890625
8405.052734375
8403.99609375
8403.0966796875
8402.4033203125
8401.798828125
8401.337890625
8401.10546875
8401.1171875
8401.48046875
8402.0107421875
8402.58203125
8403.0517578125
8403.486328125
8403.6611328125
8403.8583984375
8402.591796875
8401.2919921875
8397.681640625
8394.8974609375
8393.6005859375
8393.8916015625
8395.08203125
8395.140625
8394.267578125
8391.7978515625
8389.22265625
8387.046875
8385.79296875
8385.2626953125
8385.2236328125
8385.32421875
8384.916015625
8384.0791015625
8382.662109375
8381.1728515625
8380.1328125
8379.544921875
8379.765625
8380.330078125
8381.0771484375
8381.3193359375
8381.3125
8380.58984375
8379.658203125
8377.595703125
8375.8525390625
8373.6796875
8372.31640625
8371.787109375
8372.0595703125
8372.474609375
8372.84375
8372.556640625
8372.29296875
8371.9091796875
8372.0234375
8372.1923828125
8372.658203125
8372.1904296875
8371.751953125
8371.283203125
8371.341796875
8370.7197265625
8369.8564453125
8368.412109375
8367.828125
8366.9453125
8367.8671875
8367.2373046875
8368.3291015625
8366.958984375
8366.255859375
8365.1787109375
8364.9921875
8364.833984375
8364.6572265625
8363.0517578125
8360.42578125
8357.310546875
8354.9130859375
8353.705078125
8353.78125
8353.4208984375
8355.1728515625
8350.1455078125
8346.3251953125
8343.3994140625
8342.45703125
8343.6123046875
8344.4228515625
8348.7607421875
8345.0341796875
8344.9462890625
8348.3095703125
8343.13671875
8342.6259765625
8347.763671875
8345.8828125
8338.7119140625
8333.5595703125
8333.21875
8335.7578125
8330.626953125
8326.0673828125
8326.0712890625
8325.03125
8323.3779296875
8321.03515625
8319.1875
8317.9140625
8316.3271484375
8315.484375
8314.4609375
8313.8828125
8314.17578125
8313.4306640625
8313.2939453125
8311.0400390625
8308.94140625
8307.611328125
8307.083984375
8307.5673828125
8306.68359375
8305.9892578125
8306.046875
8306.8037109375
8307.6025390625
8309.7392578125
8314.1044921875
8325.103515625
8324.763671875
8318.220703125
8314.4853515625
8314.9814453125
8320.828125
8321.87890625
8312.859375
8303.798828125
8303.93359375
8303.607421875
8300.30078125
8300.1953125
8295.5390625
8292.525390625
8297.736328125
8293.9306640625
8290.0859375
8286.9404296875
8288.736328125
8291.74609375
8289.083984375
8287.255859375
8283.109375
8283.2548828125
8279.224609375
8278.396484375
8274.58984375
8274.322265625
8270.6240234375
8271.99609375
8270.443359375
8270.3984375
8270.6689453125
8270.037109375
8270.26953125
8270.2890625
8270.8623046875
8270.6357421875
8269.8115234375
8268.935546875
8267.845703125
8267.830078125
8267.62890625
8269.08984375
8268.9736328125
8267.796875
8266.638671875
8267.3681640625
8270.623046875
8274.1240234375
8276.951171875
8277.1591796875
8274.6875
8269.9501953125
8265.015625
8261.96875
8261.1337890625
8262.046875
8262.13671875
8260.216796875
8256.734375
8253.775390625
8251.4189453125
8249.263671875
8248.125
8248.828125
8250.0205078125
8250.341796875
8250.353515625
8250.8359375
8250.869140625
8250.8720703125
8250.5947265625
8249.373046875
8247.072265625
8244.5810546875
8242.796875
8241.6982421875
8241.3955078125
8241.3125
8240.8759765625
8239.6064453125
8238.2470703125
8237.0517578125
8236.384765625
8236.138671875
8236.11328125
8235.796875
8235.3369140625
8235.1796875
8235.794921875
8236.962890625
8238.59375
8239.7578125
8240.640625
8240.3251953125
8239.69140625
8237.765625
8235.568359375
8233.0849609375
8231.2255859375
8230.306640625
8230.3779296875
8231.1748046875
8232.041015625
8232.48046875
8232.2646484375
8231.775390625
8230.921875
8230.923828125
8230.5166015625
8230.986328125
8231.3642578125
8231.6845703125
8231.484375
8230.3203125
8228.48828125
8226.1591796875
8224.056640625
8222.37109375
8221.701171875
8221.2919921875
8222.0830078125
8221.626953125
8221.802734375
8220.787109375
8220.201171875
8219.650390625
8219.33203125
8219.05078125
8218.61328125
8218.1435546875
8217.580078125
8217.1748046875
8216.79296875
8216.90234375
8216.921875
8218.3564453125
8217.708984375
8218.00390625
8215.3623046875
8212.9814453125
8210.7548828125
8209.255859375
8208.515625
8208.4140625
8209.5078125
8208.634765625
8208.65234375
8207.513671875
8207.2080078125
8207.30078125
8207.6884765625
8208.24609375
8208.654296875
8209.4248046875
8209.1875
8209.52734375
8209.15234375
8209.2783203125
8210.1640625
8211.1123046875
8212.392578125
8212.134765625
8211.0400390625
8208.341796875
8206.6396484375
8205.228515625
8205.75
8207.2109375
8209.4755859375
8207.9287109375
8201.1962890625
8193.6337890625
8193.55859375
8196.201171875
8193.79296875
8190.64208984375
8190.78466796875
8192.216796875
8190.830078125
8188.91943359375
8189.431640625
8190.3017578125
8189.37548828125
8188.04541015625
8187.8896484375
8188.521484375
8189.62255859375
8190.32177734375
8190.3828125
8189.6513671875
8189.041015625
8188.6474609375
8187.0400390625
8184.43115234375
8181.7490234375
8179.54833984375
8178.201171875
8178.15869140625
8179.19189453125
8180.31640625
8181.103515625
8181.3974609375
8181.07421875
8179.8984375
8178.12451171875
8176.09521484375
8174.138671875
8172.681640625
8171.8955078125
8171.56787109375
8171.4189453125
8171.2060546875
8170.791015625
8170.1376953125
8169.32861328125
8168.35009765625
8167.236328125
8165.875
8164.3759765625
8162.79345703125
8161.34619140625
8160.0966796875
8159.1181640625
8158.40576171875
8157.93701171875
8157.7255859375
8157.833984375
8158.357421875
8159.18408203125
8160.169921875
8160.94287109375
8161.2802734375
8161.02978515625
8160.5185546875
8159.9345703125
8159.6748046875
8159.46142578125
8159.37353515625
8159.06396484375
8158.62109375
8157.990234375
8157.07470703125
8156.1650390625
8155.08154296875
8153.5966796875
8151.50634765625
8148.96875
8147.2021484375
8146.34765625
8147.1943359375
8148.1083984375
8149.36083984375
8149.5146484375
8149.39990234375
8148.5908203125
8148.0400390625
8147.4482421875
8147.21533203125
8146.7333984375
8146.12548828125
8145.01953125
8144.076171875
8143.169921875
8143.02734375
8142.9296875
8143.0234375
8142.5029296875
8141.6279296875
8140.263671875
8138.94482421875
8137.8671875
8137.58837890625
8137.88818359375
8138.916015625
8139.90966796875
8141.0859375
8141.6201171875
8142.0791015625
8141.9248046875
8141.865234375
8141.544921875
8141.404296875
8140.9560546875
8140.24560546875
8138.78857421875
8136.7080078125
8134.14892578125
8131.76953125
8130.1171875
8129.50244140625
8129.71728515625
8130.1689453125
8130.13134765625
8129.123046875
8127.16650390625
8124.92578125
8123.14208984375
8122.498046875
8122.75927734375
8123.57421875
8124.14697265625
8124.33447265625
8123.9560546875
8123.47802734375
8122.83349609375
8122.18505859375
8121.22607421875
8120.2431640625
8119.32275390625
8118.7783203125
8118.5439453125
