51315944.0
343590.71875
203193.546875
197725.828125
155472.359375
137722.859375
129397.765625
131091.0
131689.640625
123902.671875
112848.8359375
104320.046875
99021.0390625
96716.15625
96908.7734375
99072.5078125
103051.5546875
108028.5390625
111132.8203125
109348.703125
103349.96875
96289.8359375
90279.1796875
85765.2265625
82476.3203125
80024.4921875
78078.21875
76442.109375
75015.84375
73761.7890625
72658.2421875
71639.4609375
70638.78125
69664.578125
68768.2734375
67958.921875
67199.65625
66464.28125
65751.5859375
65067.671875
64419.57421875
63805.96484375
63217.78125
62650.5859375
62106.625
61587.1484375
61088.25
60603.07421875
60129.34375
59669.56640625
59227.22265625
58804.59375
58401.5625
58016.703125
57652.015625
57306.36328125
56974.28515625
56650.91015625
56337.46875
56035.7109375
55744.6640625
55463.0703125
55189.51171875
54923.0703125
54663.48828125
54410.359375
54163.6015625
53925.453125
53695.3984375
53471.66015625
53253.9140625
53041.5703125
52834.328125
52633.12890625
52436.75390625
52244.1640625
52056.6640625
51875.4453125
51699.234375
51526.55078125
51357.44921875
51192.12109375
51030.69921875
50873.40625
50719.62890625
50568.8125
50421.203125
50277.0546875
50136.015625
49997.828125
49862.546875
49730.12890625
49600.296875
49473.08203125
49348.421875
49226.1640625
49106.49609375
48989.25
48874.40625
48762.04296875
48652.234375
48544.8828125
48439.859375
48337.2421875
48236.8203125
48138.421875
48041.97265625
47947.375
47854.6328125
47763.75
47674.640625
47587.109375
47501.16015625
47416.6953125
47333.65234375
47251.9375
47171.51171875
47092.37109375
47014.51953125
46937.953125
46862.66015625
46788.640625
46715.9140625
46644.484375
46574.27734375
46505.19921875
46437.19140625
46370.234375
46304.3203125
46239.4140625
46175.50390625
46112.546875
46050.52734375
45989.42578125
45929.2265625
45869.82421875
45811.19140625
45753.2734375
45696.03125
45639.44921875
45583.46484375
45528.08203125
45473.296875
45419.109375
45365.4765625
45312.48046875
45260.109375
45208.3515625
45157.19921875
45106.65625
45056.66796875
45007.24609375
44958.3515625
44909.98046875
44862.125
44814.78515625
44767.95703125
44721.69921875
44675.99609375
44630.8515625
44586.296875
44542.296875
44498.83984375
44455.88671875
44413.43359375
44371.41796875
44329.81640625
44288.58203125
44247.74609375
44207.39453125
44167.78125
44129.296875
44092.09765625
44055.5859375
44019.2890625
43983.22265625
43947.5390625
43912.4765625
43877.96484375
43843.91796875
43810.37109375
43777.31640625
43744.80078125
43712.7109375
43680.9453125
43649.64453125
43618.8046875
43588.421875
43558.4453125
43528.8671875
43499.7109375
43470.875
43442.40625
43414.34765625
43386.7265625
43359.4296875
43332.41015625
43305.75390625
43279.44921875
43253.453125
43227.77734375
43202.45703125
43177.421875
43152.6875
43128.265625
43104.16015625
43080.31640625
43056.7265625
43033.3203125
43010.1484375
42987.28515625
42964.734375
42942.3671875
42920.15625
42898.234375
42876.578125
42855.078125
42833.74609375
42812.671875
42791.80078125
42771.0625
42750.5234375
42730.1875
42710.03515625
42690.08203125
42670.34375
42650.7890625
42631.1953125
42611.58984375
42592.2890625
42573.36328125
42554.5
42535.57421875
42516.78515625
42498.25
42479.796875
42461.4296875
42443.3203125
42425.41015625
42407.796875
42390.74609375
42376.390625
42358.00390625
42339.19140625
42319.7421875
42304.41796875
42291.3828125
42269.71875
42251.6796875
42238.5625
42218.99609375
42200.45703125
42184.40625
42167.73828125
42150.328125
42132.75
42116.65234375
42100.1875
42080.7578125
42065.453125
42050.81640625
42031.15625
42016.234375
42000.91015625
41982.01171875
41970.7734375
41958.68359375
41940.0234375
41929.91796875
41916.4765625
41896.9375
41885.03125
41865.79296875
41850.8828125
41840.484375
41820.3359375
41807.68359375
41792.8671875
41779.23046875
41766.1484375
41748.58203125
41736.9453125
41724.44140625
41711.3984375
41698.8203125
41683.3203125
41672.32421875
41662.38671875
41644.08984375
41634.8203125
41629.23828125
41609.18359375
41601.73046875
41581.76953125
41573.03515625
41561.51171875
41549.5078125
41540.046875
41527.2890625
41511.53125
41496.02734375
41488.5625
41475.48046875
41459.4609375
41450.59765625
41438.171875
41423.34375
41413.796875
41401.63671875
41388.05859375
41377.125
41365.82421875
41353.37890625
41341.6953125
41331.15625
41319.41015625
41307.40625
41297.15625
41285.671875
41274.109375
41263.52734375
41251.95703125
41240.9375
41230.9296875
41220.17578125
41208.91015625
41197.66796875
41186.82421875
41176.0703125
41165.2421875
41154.55859375
41143.6484375
41133.171875
41122.765625
41111.703125
41100.7578125
41090.3828125
41080.16015625
41069.84375
41059.52734375
41049.4765625
41039.77734375
41030.0546875
41019.84765625
41009.453125
40998.921875
40988.2265625
40977.34375
40966.9609375
40957.41015625
40947.98828125
40937.3046875
40926.0078125
40915.73046875
40905.88671875
40895.60546875
40885.46875
40875.35546875
40864.92578125
40854.9296875
40845.4609375
40835.41015625
40824.9375
40814.7109375
40804.328125
40793.73046875
40783.50390625
40773.3515625
40763.05078125
40752.9765625
40743.19921875
40733.1953125
40722.8828125
40712.5625
40702.39453125
40692.23828125
40682.04296875
40671.6953125
40661.1484375
40650.41796875
40639.32421875
40627.6953125
40615.578125
40603.6328125
40592.4140625
40582.1484375
40572.34375
40562.3203125
40552.2265625
40542.42578125
40532.54296875
40521.94921875
40511.6875
40502.875
40494.61328125
40485.453125
40475.609375
40466.46484375
40458.19921875
40450.1328125
40442.0234375
40434.14453125
40426.92578125
40420.08984375
40412.171875
40401.98828125
40391.21875
40382.82421875
40375.99609375
40368.07421875
40358.1796875
40348.75390625
40341.36328125
40334.375
40326.125
40317.390625
40309.59375
40302.4140625
40294.42578125
40286.6953125
40278.75
40272.3984375
40264.234375
40256.28125
40249.15625
40243.125
40237.171875
40229.5859375
40221.62109375
40210.9140625
40201.9609375
40194.421875
40187.81640625
40181.34375
40174.234375
40168.5859375
40161.296875
40151.50390625
40144.69140625
40138.921875
40131.56640625
40124.70703125
40119.5234375
40113.1875
40106.79296875
40099.0390625
40089.75390625
40084.14453125
40080.03125
40072.9296875
40064.546875
40051.75390625
40047.7890625
40050.35546875
40035.41796875
40035.04296875
40046.7109375
40035.45703125
40016.890625
40020.49609375
40006.9921875
40001.703125
39990.9296875
39984.984375
39974.97265625
39965.40625
39956.2265625
39949.36328125
39941.84375
39929.5859375
39924.58203125
39915.4453125
39907.76953125
39900.23828125
39893.23828125
39883.6796875
39878.60546875
39869.01953125
39863.2578125
39855.86328125
39849.9375
39842.5078125
39837.8515625
39830.8359375
39825.8515625
39818.4140625
39811.87890625
39804.69140625
39798.58984375
39793.67578125
39789.8984375
39785.31640625
39778.5078125
39768.83203125
39758.46875
39751.03125
39745.1015625
39739.2734375
39731.0546875
39723.15234375
39716.421875
39711.2421875
39704.78125
39697.3203125
39689.7109375
39683.55859375
39677.4609375
39670.6171875
39663.21875
39656.390625
39650.1171875
39643.6953125
39636.9140625
39630.578125
39624.98828125
39619.19140625
39612.2265625
39604.6015625
39597.69140625
39592.1875
39587.33203125
39582.48046875
39577.140625
39572.12890625
39562.640625
39552.73828125
39547.00390625
39542.984375
39536.515625
39527.8828125
39520.1640625
39514.7109375
39508.6484375
39501.3828125
39495.56640625
39490.5078125
39484.9296875
39479.9140625
39476.2890625
39469.93359375
39460.83203125
39453.28515625
39449.49609375
39444.74609375
39435.75390625
39426.9296875
39420.78125
39414.0546875
39405.1875
39397.45703125
39392.84375
39388.27734375
39381.91015625
39375.45703125
39369.62109375
39362.88671875
39354.9921875
39346.765625
39337.69140625
39328.46875
39321.328125
39317.41796875
39314.82421875
39312.16796875
39310.953125
39311.23046875
39307.1328125
39292.6328125
39282.515625
39286.2265625
39284.0234375
39265.8359375
39252.87109375
39253.078125
39249.3359375
39239.8125
39234.9453125
39228.9296875
39219.7265625
39215.70703125
39212.7109375
39203.2421875
39194.703125
39190.59765625
39184.48828125
39177.6953125
39173.109375
39167.15625
39161.1953125
39157.6484375
39152.53515625
39145.34765625
39140.13671875
39136.33984375
39131.48046875
39127.0625
39121.90625
39115.7734375
39107.70703125
39099.73828125
39092.890625
39088.0
39083.3203125
39075.81640625
39067.37890625
39060.3515625
39054.7265625
39048.66015625
39042.40234375
39036.9921875
39031.5625
39026.13671875
39021.73046875
39017.91015625
39013.56640625
39008.13671875
39002.421875
38997.01953125
38991.296875
38985.94921875
38981.2578125
38976.765625
38971.5
38965.50390625
38959.45703125
38953.671875
38947.953125
38941.6875
38934.8828125
38928.20703125
38922.82421875
38918.54296875
38914.19140625
38908.921875
38903.328125
38897.81640625
38892.44140625
38886.36328125
38879.91015625
38873.22265625
38867.15625
38861.7421875
38856.73046875
38851.625
38846.3828125
38841.4921875
38837.14453125
38832.984375
38828.48046875
38823.51953125
38818.46875
38813.95703125
38810.07421875
38806.484375
38802.7109375
38798.5703125
38794.0078125
38789.4296875
38784.74609375
38779.6953125
38773.375
38766.05078125
38759.1015625
38752.84765625
38747.765625
38743.015625
38738.7421875
38734.75390625
38731.3125
38728.4140625
38727.0390625
38724.0390625
38719.48046875
38709.98046875
38705.71875
38704.54296875
38698.0625
38691.7578125
38687.921875
38682.390625
38675.6171875
38669.37890625
38664.15234375
38660.7734375
38657.66796875
38653.90234375
38649.5546875
38643.81640625
38637.15234375
38631.83984375
38627.9765625
38624.59765625
38621.78125
38619.125
38615.125
38610.33203125
38605.09375
38599.14453125
38592.25
38585.11328125
38578.82421875
38573.83203125
38570.5234375
38567.765625
38565.0703125
38561.27734375
38557.21484375
38553.26953125
38549.65234375
38545.68359375
38540.859375
38535.7109375
38530.46875
38525.953125
38521.48046875
38517.59375
38514.1328125
38510.9140625
38507.72265625
38503.671875
38499.3828125
38494.83984375
38490.34375
38485.26171875
38479.09375
38472.46484375
38466.37890625
38461.9609375
38459.08203125
38456.8203125
38453.6640625
38449.1953125
38443.69921875
38437.9609375
38432.46875
38426.671875
38421.09375
38415.91796875
38411.5078125
38407.6328125
38403.61328125
38399.49609375
38395.57421875
38392.171875
38388.9296875
38384.9140625
38380.14453125
38375.328125
38371.55859375
38369.67578125
38368.97265625
38368.40234375
38365.7890625
38360.28125
38352.53515625
38345.41796875
38340.84375
38338.7421875
38336.84765625
38332.953125
38325.890625
38318.046875
38311.98046875
38309.19140625
38307.640625
38305.4140625
38300.81640625
38294.9921875
38289.33984375
38285.03515625
38281.578125
38277.59375
38272.3125
38266.25
38261.21875
38257.8203125
38255.10546875
38251.50390625
38246.84765625
38241.9921875
38238.3203125
38235.9609375
38234.83984375
38233.89453125
38232.59765625
38228.9296875
38223.0859375
38215.7734375
38209.9453125
38205.4609375
38200.47265625
38193.7578125
38186.390625
38180.7890625
38177.578125
38176.859375
38175.640625
38174.21875
38169.9453125
38165.6484375
38161.375
38159.5625
38158.37109375
38155.5703125
38150.67578125
38142.8359375
38134.1796875
38125.5234375
38119.859375
38116.9609375
38115.12109375
38111.453125
38105.796875
38099.7890625
38095.83984375
38093.68359375
38092.15234375
38089.015625
38083.46484375
38075.76953125
38068.12109375
38062.7421875
38059.984375
38058.54296875
38056.60546875
38053.20703125
38048.2578125
38042.28515625
38036.0703125
38030.30078125
38025.68359375
38022.45703125
38020.921875
38020.96484375
38022.6796875
38024.66015625
38026.23828125
38022.91015625
38015.19140625
38003.99609375
37995.84375
37992.7421875
37993.09375
37992.84375
37987.47265625
37978.453125
37969.6953125
37964.375
37961.55859375
37959.12109375
37955.71875
37952.91796875
37949.58203125
37946.94140625
37942.1015625
37936.5390625
37929.16015625
37923.4609375
37919.94140625
37916.2421875
37911.20703125
37906.11328125
37902.62890625
37901.55078125
37901.37109375
37899.73046875
37895.91796875
37890.23828125
37884.93359375
37881.07421875
37879.19921875
37878.64453125
37878.63671875
37877.71875
37875.140625
37871.08203125
37867.09765625
37863.84765625
37860.97265625
37857.078125
37851.2421875
37844.078125
37837.4453125
37832.41015625
37829.86328125
37827.75
37825.3671875
37820.48046875
37813.96875
37806.3828125
37799.78125
37794.4375
37790.421875
37786.625
37782.859375
37778.96484375
37775.6015625
37772.90625
37771.0
37769.4921875
37768.19921875
37766.9609375
37765.5859375
37764.046875
37762.359375
37760.875
37758.35546875
37753.96875
37747.5
37742.48828125
37739.9609375
37738.3359375
37733.97265625
37726.84765625
37719.66015625
37716.32421875
37715.78515625
37713.8984375
37707.94921875
37700.6171875
37696.05078125
37695.59375
37696.15625
37694.97265625
37691.1875
37686.6171875
37682.82421875
37680.7421875
37679.8046875
37678.81640625
37676.79296875
37674.02734375
37671.1171875
37668.16796875
37665.078125
37660.6796875
37654.17578125
37645.90234375
37639.21875
37636.6015625
37637.09375
37637.76171875
37636.66015625
37634.33984375
37632.6015625
37632.3125
37632.4921875
37630.36328125
37624.76171875
37616.390625
37608.5234375
37603.4375
37601.66015625
37601.6484375
37602.78125
37603.375
37602.53125
37595.63671875
37585.78125
37577.5
37573.82421875
37573.72265625
37571.3984375
37564.15234375
37553.74609375
37544.69921875
37539.03515625
37533.59765625
37526.953125
37519.90625
37515.6875
37514.296875
37512.66796875
37508.29296875
37501.04296875
37493.80859375
37488.89453125
37485.7109375
37482.2421875
37477.0859375
37470.55859375
37463.82421875
37457.265625
37451.21875
37446.23046875
37443.06640625
37441.015625
37438.25
37433.19140625
37425.5859375
37417.2734375
37410.21484375
37406.02734375
37403.91015625
37402.9296875
37401.35546875
37399.00390625
37395.41796875
37391.578125
37387.13671875
37382.53515625
37353.484375
37359.23828125
37362.96875
37342.5234375
37354.4765625
37344.86328125
37337.7578125
37344.078125
37332.4453125
37332.890625
37332.23828125
37324.33984375
37325.96875
37321.890625
37317.71875
37317.953125
37313.27734375
37311.1328125
37309.81640625
37305.69140625
37304.296875
37301.88671875
37298.65234375
37297.23828125
37294.31640625
37291.87890625
37290.0390625
37287.15625
37285.140625
37282.88671875
37280.3203125
37278.3359375
37275.90625
37273.6484375
37271.50390625
37269.12890625
37266.984375
37264.73828125
37262.48046875
37260.3203125
37258.07421875
37255.88671875
37253.6875
37251.46875
37249.27734375
37247.10546875
37244.90234375
37242.72265625
37240.55859375
37238.37109375
37236.203125
37234.03515625
37231.859375
37229.7109375
37227.53515625
37225.375
37223.22265625
37221.0625
37218.90625
37216.76171875
37214.609375
37212.46484375
37210.3125
37208.171875
37206.03125
37203.88671875
37201.734375
37199.58984375
37197.45703125
37195.3125
37193.15625
37191.01171875
37188.859375
37186.6953125
37184.53125
37182.37890625
37180.203125
37178.0234375
37175.82421875
37173.62109375
37171.3984375
37169.16796875
37166.921875
37164.65625
37162.3828125
37160.0859375
37157.7890625
37155.484375
37153.1875
37150.90234375
37148.625
37146.375
37144.1484375
37141.9375
37139.75390625
37137.57421875
37135.40625
37133.2421875
37131.07421875
37128.90625
37126.75390625
37124.59765625
37122.44921875
37120.3046875
37118.1484375
37116.00390625
37113.8671875
37111.7265625
37109.59765625
37107.46484375
37105.34765625
37103.21484375
37101.1015625
37098.98046875
37096.875
37094.75
37092.64453125
37090.5390625
37088.42578125
37086.328125
37084.24609375
37082.1484375
37080.05859375
37077.97265625
37075.8984375
37073.8125
37071.7265625
37069.6484375
37067.58203125
37065.51171875
37063.44921875
37061.3828125
37059.3125
37057.25390625
37055.19140625
37053.12890625
37051.08203125
37049.0234375
37046.97265625
37044.93359375
37042.890625
37040.8515625
37038.8125
37036.765625
37034.7265625
37032.6953125
37030.6640625
37028.63671875
37026.609375
37024.58203125
37022.5625
37020.53515625
37018.52734375
37016.51171875
37014.5
37012.48828125
37010.4765625
37008.46875
37006.45703125
37004.4609375
37002.4609375
37000.453125
36998.453125
36996.46875
36994.4765625
36992.4921875
36990.50390625
36988.51171875
36986.53515625
36984.546875
36982.56640625
36980.58984375
36978.61328125
36976.6328125
36974.66015625
36972.6875
36970.71875
36968.75
36966.7890625
36964.8125
36962.8515625
36960.890625
36958.94140625
36956.9765625
36955.0234375
36953.06640625
36951.1171875
36949.16796875
36947.22265625
36945.27734375
36943.33203125
36941.3828125
36939.453125
36937.5234375
36935.5859375
36933.64453125
36931.71484375
36929.78515625
36927.8515625
36925.9296875
36923.99609375
36922.07421875
36920.14453125
36918.2265625
36916.30078125
36914.37890625
36912.46875
36910.55078125
36908.640625
36906.7265625
36904.81640625
36902.91796875
36901.01171875
36899.10546875
36897.20703125
36895.30078125
36893.40625
36891.515625
36889.6171875
36887.7265625
36885.84765625
36883.94921875
36882.05859375
36880.17578125
36878.28125
36876.39453125
36874.51953125
36872.625
36870.7421875
36868.87109375
36866.99609375
36865.12109375
36863.2421875
36861.37890625
36859.50390625
36857.62890625
36855.7578125
36853.89453125
36852.02734375
36850.16015625
36848.2890625
36846.42578125
36844.57421875
36842.71875
36840.86328125
36839.0
36837.15234375
36835.29296875
36833.44140625
36831.58984375
36829.73828125
36827.89453125
36826.04296875
36824.19921875
36822.359375
36820.51171875
36818.68359375
36816.83984375
36815.0078125
36813.16796875
36811.3359375
36809.50390625
36807.67578125
36805.84375
36804.015625
36802.1875
36800.359375
36798.53125
36796.7109375
36794.8828125
36793.0625
36791.2421875
36789.42578125
36787.609375
36785.796875
36783.98046875
36782.171875
36780.35546875
36778.55859375
36776.75
36774.94140625
36773.1328125
36771.3359375
36769.53125
36767.7265625
36765.92578125
36764.12890625
36762.33984375
36760.53125
36758.7421875
36756.94140625
36755.15625
36753.359375
36751.56640625
36749.78125
36747.9921875
36746.2109375
36744.421875
36742.65625
36740.86328125
36739.0859375
36737.30859375
36735.52734375
36733.76171875
36731.984375
36730.21875
36728.4453125
36726.67578125
36724.90234375
36723.13671875
36721.3828125
36719.62109375
36717.85546875
36716.0859375
36714.3359375
36712.57421875
36710.81640625
36709.05078125
36707.30859375
36705.54296875
36703.796875
36702.03515625
36700.2890625
36698.54296875
36696.796875
36695.046875
36693.30859375
36691.54296875
36689.81640625
36688.0625
36686.32421875
36684.58984375
36682.8515625
36681.109375
36679.3828125
36677.64453125
36675.91015625
36674.1875
36672.4609375
36670.734375
36669.00390625
36667.27734375
36665.5546875
36663.8359375
36662.1171875
36660.39453125
36658.67578125
36656.953125
36655.23046875
36653.5078125
36651.79296875
36650.08984375
36648.3671875
36646.65234375
36644.9453125
36643.23046875
36641.515625
36639.80859375
36638.09375
36636.3828125
36634.671875
36632.96484375
36631.265625
36629.5625
36627.859375
36626.16796875
36624.4609375
36622.75390625
36621.05859375
36619.3515625
36617.6484375
36615.953125
36614.25390625
36612.546875
36610.84765625
36609.15234375
36607.45703125
36605.76171875
36604.046875
36602.36328125
36600.65625
36598.96875
36597.26171875
36595.5703125
36593.87109375
36592.171875
36590.46875
36588.76171875
36587.0546875
36585.34765625
36583.62890625
36581.921875
36580.2109375
36578.5
36576.78125
36575.06640625
36573.34375
36571.6171875
36569.90625
36568.18359375
36566.46484375
36564.74609375
36563.01953125
36561.30859375
36559.58203125
36557.87109375
36556.171875
36554.46484375
36552.76171875
36551.05859375
36549.3671875
36547.6796875
36545.9921875
36544.31640625
36542.65234375
36540.984375
36539.3359375
36537.70703125
36536.12109375
36534.59375
36533.15625
36531.77734375
36530.33984375
36528.6640625
36526.64453125
36524.61328125
36522.91796875
36521.5859375
36520.28515625
36518.7421875
36516.93359375
36515.0625
36513.296875
36511.6328125
36510.0078125
36508.3828125
36506.7890625
36505.2109375
36503.59375
36501.93359375
36500.33984375
36498.875
36497.44921875
36496.0625
36494.6171875
36493.3671875
36492.0625
36490.95703125
36489.48828125
36488.01171875
36486.23046875
36484.5625
36482.890625
36481.31640625
36479.80078125
36478.2890625
36476.68359375
36474.875
36472.8828125
36470.80078125
36468.90234375
36467.28125
36466.00390625
36464.87890625
36463.83203125
36462.5078125
36461.0
36459.04296875
36457.03125
36455.1171875
36453.61328125
36452.546875
36451.9453125
36451.46875
36451.26171875
36450.453125
36449.41796875
36447.2421875
36444.7109375
36442.1015625
36440.19140625
36439.2890625
36439.1484375
36439.04296875
36437.953125
36435.7265625
36433.26953125
36431.8046875
36431.125
36429.8984375
36427.31640625
36423.8828125
36420.91796875
36419.18359375
36418.265625
36417.26171875
36415.8359375
36414.171875
36412.58984375
36411.0625
36409.6953125
36408.359375
36407.41015625
36406.4140625
36405.56640625
36404.53515625
36403.75390625
36403.30859375
36403.00390625
36402.6015625
36401.9140625
36401.4296875
36401.22265625
36401.234375
36400.796875
36400.08984375
36399.59375
36400.54296875
36402.5390625
36404.79296875
36405.52734375
36404.390625
36401.23046875
36397.49609375
36394.84375
36393.96875
36394.32421875
36393.6796875
36391.421875
36387.515625
36383.35546875
36380.11328125
36378.48046875
36377.96875
36377.42578125
36376.09375
36374.0703125
36372.171875
36371.21875
36371.5703125
36372.79296875
36373.82421875
36373.19140625
36370.34765625
36366.27734375
36362.78125
36360.67578125
36359.359375
36357.4453125
36354.24609375
36350.43359375
36347.12890625
36345.12109375
36344.015625
36343.3203125
36342.52734375
36341.7265625
36340.9609375
36340.26953125
36339.69140625
36339.11328125
36338.51953125
36337.65625
36336.84375
36336.27734375
36335.921875
36335.3515625
36333.66796875
36330.7734375
36326.6328125
36322.11328125
36318.015625
36314.828125
36312.5234375
36310.75390625
36309.3359375
36308.078125
36306.921875
36305.5078125
36303.76953125
36301.703125
36299.82421875
36298.5390625
36298.3359375
36298.91796875
36299.73828125
36299.7578125
36298.4609375
36295.921875
36292.9375
36290.16796875
36288.1171875
36286.7421875
36285.97265625
36285.65625
36285.6796875
36286.15234375
36286.8203125
36287.7578125
36288.32421875
36288.46484375
36287.2734375
36284.74609375
36280.5390625
36275.51171875
36270.44140625
36266.4375
36263.85546875
36262.625
36262.26953125
36261.87109375
36261.2109375
36259.80859375
36257.96484375
36255.6015625
36252.88671875
36249.7265625
36246.6484375
36244.28125
36243.046875
36242.796875
36243.125
36243.54296875
36243.83203125
36243.796875
36243.20703125
36241.87109375
36239.9765625
36238.41796875
36238.12890625
36239.2109375
36240.875
36242.21484375
36242.53125
36242.43359375
36241.70703125
36241.046875
36238.8671875
36235.640625
36231.2109375
36226.6953125
36223.125
36221.140625
36220.80078125
36220.88671875
36220.765625
36219.328125
36217.21484375
36214.87109375
36213.2421875
36212.65234375
36212.71875
36213.359375
36213.328125
36213.3828125
36212.50390625
36211.6328125
36210.609375
36209.15234375
36207.0859375
36203.796875
36200.0390625
36196.41796875
36194.15234375
36193.3828125
36193.3671875
36193.0390625
36191.515625
36189.01171875
36186.04296875
36183.3359375
36181.1796875
36179.375
36177.625
36175.6875
36173.79296875
36172.1640625
36171.13671875
36170.609375
36170.49609375
36170.4453125
36170.48046875
36170.52734375
36171.05078125
36172.0
36173.35546875
36174.1328125
36173.5390625
36171.19921875
36168.23046875
36166.203125
36165.359375
36165.07421875
36163.6640625
36160.88671875
36157.14453125
36153.8828125
36151.83984375
36150.90234375
36150.203125
36149.2890625
36148.36328125
36147.86328125
36148.21875
36148.8359375
36149.28515625
36148.8203125
36147.6875
36146.25
36145.35546875
36145.25390625
36145.56640625
36145.26953125
36143.74609375
36141.0
36138.01953125
36135.62890625
36134.19140625
36133.25390625
36132.328125
36130.87890625
36129.0078125
36126.890625
36124.828125
36122.703125
36120.609375
36118.65234375
36117.27734375
36116.46875
36116.26171875
36116.1015625
36115.51953125
36114.0390625
36111.6171875
36108.47265625
36105.12890625
36101.87109375
36098.75390625
36095.80859375
36093.15625
36091.0625
36089.69921875
36088.91796875
36088.35546875
36087.52734375
36086.234375
36084.4765625
36082.58984375
36080.87890625
36079.734375
36079.203125
36079.234375
36079.55859375
36079.96484375
36080.35546875
36080.76171875
36081.46875
36082.578125
36084.3515625
36086.296875
36088.19140625
36088.8984375
36088.88671875
36088.32421875
36088.640625
36089.04296875
36089.27734375
36087.8828125
36085.2734375
36081.9921875
36078.55078125
36075.60546875
36072.4375
36069.7421875
36066.78515625
36064.30859375
36062.16796875
36060.83203125
36060.48046875
36061.04296875
36062.2421875
36063.12109375
36063.46484375
36062.84375
36062.01171875
36061.3125
36060.79296875
36060.0
36058.0625
36055.1640625
36051.4765625
36048.0703125
36045.390625
36043.80078125
36043.2421875
36043.08984375
36043.234375
36042.54296875
36041.46484375
36038.87890625
36036.0703125
36033.09765625
36031.1875
36030.6875
36031.09375
36031.67578125
36031.07421875
36029.1953125
36025.671875
36021.703125
36017.89453125
36014.98828125
36013.06640625
36011.97265625
36011.4375
36011.09375
36010.8203125
36010.47265625
36010.109375
36009.7890625
36009.5234375
36009.44140625
36009.3515625
36009.19921875
36008.5
36007.1875
36005.03515625
36002.41796875
35999.7578125
35997.6875
35996.60546875
35996.58984375
35997.1484375
35997.7265625
35997.59765625
35996.5703125
35994.34375
35991.69140625
35988.83984375
35986.90234375
35985.76171875
35985.53515625
35985.51171875
35985.21875
35984.4140625
35982.8671875
35980.8984375
35978.13671875
35975.01171875
35970.91015625
35966.66015625
35962.1796875
35958.58203125
35955.9140625
35954.26953125
35953.0
35951.578125
35949.6796875
35947.4609375
35945.28125
35943.4296875
35942.109375
35941.171875
35940.671875
35940.53125
35940.86328125
35941.3984375
35941.67578125
35940.7734375
35938.1015625
35934.00390625
35929.70703125
35926.66796875
35925.0234375
35924.51953125
35923.91796875
35923.1640625
35922.01171875
35921.1484375
35920.40234375
35919.74609375
35918.33984375
35915.97265625
35912.4375
35908.515625
35904.8359375
35901.953125
35899.75390625
35897.6484375
35895.16796875
35891.74609375
35887.55078125
35883.0234375
35878.96484375
35875.6796875
35873.12890625
35871.0703125
35869.0625
35867.03125
35864.7890625
35862.65234375
35860.74609375
35859.55859375
35858.78515625
35858.35546875
35857.32421875
35855.76953125
35853.32421875
35850.6015625
35847.6875
35845.16015625
35843.12890625
35841.91015625
35841.3203125
35841.296875
35841.6875
35842.29296875
35843.46875
35844.8125
35846.875
35848.8046875
35851.40625
35853.81640625
35856.8203125
35859.36328125
35861.5078125
35862.2109375
35861.6875
35859.421875
35855.8046875
35850.7578125
35844.8359375
35838.80859375
35833.296875
35828.78515625
35825.26171875
35822.515625
35820.25390625
35818.3671875
35816.83203125
35815.58203125
35814.29296875
35812.52734375
35810.1171875
35807.328125
35804.8203125
35803.08984375
35802.2578125
35802.05078125
35801.97265625
35801.73046875
35801.06640625
35800.21875
35799.42578125
35799.28515625
35799.83984375
35801.00390625
35802.0078125
35802.19921875
35801.203125
35799.3359375
35797.484375
35796.265625
35796.1015625
35796.3203125
35796.5625
35795.74609375
35794.19921875
35791.75390625
35789.5
35787.578125
35786.65234375
35786.42578125
35786.76953125
35787.1875
35787.43359375
35787.296875
35786.98046875
35786.53125
35786.27734375
35786.09375
35786.01953125
35785.5390625
35784.5390625
35782.7578125
35780.53125
35778.2578125
35776.67578125
35776.16015625
35776.87109375
35778.2109375
35779.78515625
35780.75390625
35781.01953125
35780.2109375
35778.484375
35776.04296875
35773.15234375
35770.296875
35767.96875
35766.20703125
35764.9921875
35763.98046875
35763.1796875
35762.3046875
35761.39453125
35759.81640625
35757.5
35754.6171875
35751.4765625
35748.90625
35746.8203125
35745.71484375
35745.3984375
35746.10546875
35747.578125
35749.54296875
35751.5859375
35753.1328125
35753.84765625
35753.109375
35751.01953125
35747.60546875
35743.9609375
35740.65234375
35738.125
35736.09375
35734.015625
35731.7265625
35729.39453125
35727.54296875
35726.421875
35726.046875
35726.078125
35725.9296875
35725.4453125
35724.3515625
35723.1328125
35721.9296875
35721.5078125
35721.56640625
35722.4609375
35723.01953125
35723.29296875
35722.26953125
35720.421875
35717.8125
35715.30859375
35713.33203125
35712.0859375
35711.57421875
35711.515625
35711.765625
35712.1171875
35712.36328125
35712.30859375
35711.796875
35711.02734375
35710.19921875
35709.81640625
35709.87109375
35710.328125
35710.703125
35710.69140625
35710.109375
35709.1640625
35708.1015625
35707.328125
35706.734375
35706.24609375
35705.3203125
35703.7890625
35701.22265625
35698.234375
35694.73828125
35692.03515625
35689.85546875
35688.984375
35689.0234375
35689.8046875
35691.0546875
35692.2109375
35692.94921875
35692.64453125
35691.2578125
35688.48046875
35685.1171875
35681.640625
35678.69921875
35676.83984375
35676.19921875
35676.3984375
35676.78125
35676.52734375
35675.28515625
35673.0
35670.4921875
35668.5546875
35668.109375
35669.18359375
35671.43359375
35674.0078125
35676.61328125
35678.96875
35681.47265625
35683.87890625
35686.19921875
35687.34375
35687.11328125
35684.55859375
35680.44921875
35675.3984375
35671.0078125
35668.19140625
35666.9453125
35666.7265625
35666.390625
35665.5859375
35663.89453125
35661.8671875
35659.69140625
35658.05859375
35656.89453125
35656.109375
35655.32421875
35654.203125
35652.92578125
35651.31640625
35649.83984375
35648.19140625
35646.921875
35645.81640625
35645.43359375
35645.45703125
35646.0
35646.41796875
35646.55078125
35645.8671875
35644.51171875
35642.60546875
35640.82421875
35639.6953125
35639.23828125
35639.47265625
35639.42578125
35639.421875
35638.50390625
35637.703125
35636.2265625
35634.96875
35633.52734375
35632.64453125
35632.25390625
35632.34375
35632.390625
35632.0859375
35631.0390625
35629.609375
35627.87109375
35626.640625
35625.71875
35625.7578125
35626.21484375
35627.26953125
35628.19921875
35628.94921875
35628.78515625
35627.90234375
35626.203125
35624.21875
35622.05078125
35620.1640625
35618.5546875
35617.34765625
35616.10546875
35614.328125
35611.72265625
35608.33203125
35604.890625
35602.30078125
35601.390625
35602.04296875
35603.70703125
35605.60546875
35607.53515625
35609.5703125
35612.15234375
35615.171875
35618.21875
35620.04296875
35620.23828125
35618.0859375
35615.36328125
35611.69140625
35608.75390625
35605.6796875
35603.1328125
35601.41015625
35600.6015625
35600.5703125
35600.390625
35599.640625
35597.87109375
35595.63671875
35593.609375
35592.22265625
35591.78125
35591.75390625
35591.890625
35591.6953125
35591.1171875
35590.1015625
35588.703125
35586.95703125
35585.00390625
35583.00390625
35581.13671875
35579.5390625
35578.359375
35577.46484375
35576.97265625
35576.6953125
35576.984375
35577.6484375
35579.2265625
35581.15234375
35583.55859375
35585.2578125
35585.78125
35584.03515625
35580.28515625
35575.234375
35570.41796875
35567.13671875
35566.03515625
35567.234375
35569.5625
35572.24609375
35573.7890625
35574.14453125
35572.875
35571.01953125
35568.99609375
35567.96875
35568.05078125
35569.44140625
35571.046875
35572.0078125
35571.01171875
35568.27734375
35564.46484375
35560.91796875
35558.1484375
35556.296875
35554.87109375
35553.73046875
35552.75390625
35551.9140625
35550.94921875
35549.30078125
35546.8984375
35543.765625
35540.60546875
35538.09375
35536.60546875
35536.44921875
35536.90625
35537.61328125
35537.91015625
35538.05859375
35538.3125
35539.2734375
35540.9453125
35543.01171875
35545.0
35546.38671875
35547.05859375
35546.73046875
35545.76171875
35544.203125
35542.77734375
35541.74609375
35541.9296875
35543.0078125
35545.08203125
35546.91015625
35548.35546875
35548.28125
35547.23828125
35544.78515625
35541.97265625
35539.03125
35536.7265625
35535.27734375
35534.52734375
35534.0
35532.9140625
35530.87109375
35527.9609375
35525.203125
35523.51953125
35523.53125
35524.8046875
35526.25
35526.875
35525.859375
35523.63671875
35520.90625
35518.6953125
35517.828125
35517.734375
35517.99609375
35517.33203125
35515.90234375
35513.76171875
35511.76171875
35510.1953125
35508.83984375
35507.44140625
35505.67578125
35503.9921875
35502.65234375
35502.05078125
35501.9609375
35502.11328125
35502.0546875
35501.609375
35500.80859375
35499.76953125
35498.64453125
35497.6171875
35496.8671875
35496.625
35497.02734375
35497.9375
35499.0234375
35499.7734375
35499.7890625
35499.1328125
35498.2421875
35498.05078125
35499.1875
35501.73828125
35505.5234375
35509.32421875
35512.28515625
35512.890625
35510.2578125
35505.140625
35499.3125
35495.609375
35494.5234375
35495.125
35495.34375
35494.0234375
35491.3203125
35488.5390625
35486.91015625
35486.6171875
35487.07421875
35487.32421875
35487.140625
35486.63671875
35486.52734375
35486.87109375
35487.65625
35487.7421875
35486.4296875
35482.96484375
35478.59765625
35474.5390625
35472.359375
35471.91015625
35472.7890625
35474.1015625
35475.40234375
35476.4375
35477.19140625
35477.53125
35477.4140625
35476.984375
35476.80859375
35477.37109375
35479.109375
35481.6015625
35484.2890625
35486.23828125
35486.9765625
35486.42578125
35484.7734375
35482.43359375
35479.6171875
35476.61328125
35473.8046875
35471.2421875
35469.26953125
35467.8203125
35467.06640625
35466.45703125
35465.89453125
35464.73828125
35463.3125
35461.515625
35459.9375
35458.43359375
35457.234375
35456.1796875
35455.37109375
35454.8828125
35454.76171875
35454.98046875
35455.2109375
35455.16796875
35454.515625
35453.390625
35452.0078125
35450.921875
35450.44140625
35450.90625
35452.265625
35454.0703125
35455.90234375
35456.5546875
35455.86328125
35453.03515625
35449.05078125
35444.7578125
35441.15234375
35438.4921875
35436.4921875
35434.7265625
35432.921875
35431.3515625
35430.22265625
35429.7578125
35429.625
35429.63671875
35429.39453125
35429.51171875
35429.796875
35430.9609375
35432.0859375
35433.42578125
35434.03125
35434.4375
35434.51953125
35434.97265625
35435.74609375
35437.0390625
35438.3515625
35439.91796875
35441.19140625
35442.54296875
35443.33203125
35443.515625
35442.79296875
35441.1953125
35439.0390625
35436.75
35434.640625
35432.99609375
35431.73828125
35430.7421875
35429.81640625
35428.53515625
35426.90234375
35424.90625
35423.23828125
35422.15625
35422.03125
35422.40234375
35423.28125
35423.88671875
35424.453125
35424.21875
35423.66015625
35422.26171875
35420.65625
35418.921875
35417.4375
35416.48046875
35415.6953125
35415.1015625
35414.390625
35413.76953125
35413.38671875
35413.34765625
35413.59375
35413.9765625
35414.34375
35414.52734375
35414.4453125
35413.9609375
35413.328125
35412.7109375
35412.69140625
35413.0234375
35413.6015625
35413.1953125
35411.921875
35409.7734375
35408.09765625
35407.23828125
35407.484375
35408.18359375
35409.12890625
35410.046875
35411.39453125
35413.17578125
35415.27734375
35416.82421875
35417.3671875
35416.1953125
35413.6484375
35409.78125
35405.41015625
35401.0546875
35397.546875
35395.4296875
35395.01171875
35395.70703125
35396.88671875
35397.41015625
35396.99609375
35395.46875
35393.52734375
35391.5703125
35389.859375
35388.171875
35386.0078125
35383.3671875
35380.53125
35378.3203125
35377.3125
35377.67578125
35378.8515625
35380.23046875
35381.1875
35381.7734375
35382.1484375
35382.6796875
35383.45703125
35384.50390625
35385.59375
35386.609375
35387.1328125
35386.9765625
35385.625
35383.21484375
35380.3671875
35377.94921875
35377.328125
35377.875
35379.8203125
35380.86328125
35381.375
35379.9609375
35377.81640625
35375.3671875
35373.515625
35373.10546875
35374.0
35376.515625
35379.578125
35383.3359375
35386.5390625
35389.4453125
35390.50390625
35389.95703125
35387.12109375
35384.09375
35381.7734375
35381.1484375
35381.125
35380.90625
35379.6171875
35377.82421875
35376.30078125
35376.37109375
35377.23046875
35378.4375
35378.0625
35376.75390625
35374.27734375
35372.2265625
35370.65625
35369.61328125
35368.1328125
35365.94921875
35363.10546875
35360.5
35358.6484375
35357.60546875
35356.7890625
35356.01171875
35355.1640625
35354.76953125
35354.83984375
35355.3671875
35355.59765625
35355.2265625
35354.09765625
35352.51953125
35351.1796875
35350.12109375
35349.51953125
35348.5703125
35347.171875
35345.05078125
35342.71875
35340.64453125
35339.4609375
35339.1796875
35339.46484375
35339.5546875
35339.18359375
35338.2578125
35337.35546875
35336.85546875
35337.08203125
35337.9140625
35338.91796875
35339.96484375
35340.6875
35341.57421875
35342.3984375
35343.5625
35344.60546875
35345.7578125
35346.765625
35347.83203125
35349.19921875
35350.8046875
35353.20703125
35355.9453125
35359.58203125
35363.19140625
35366.88671875
35369.03125
35369.58984375
35367.3984375
35363.53125
35358.2578125
35353.3828125
35349.078125
35346.109375
35343.93359375
35342.30078125
35341.09765625
35339.82421875
35338.63671875
35337.1640625
35335.5
35333.58203125
35331.23828125
35329.00390625
35326.97265625
35325.8984375
35325.6640625
35325.8359375
35325.546875
35324.078125
35321.56640625
35318.73046875
35316.54296875
35315.75
35316.296875
35317.6328125
35318.98828125
35319.7421875
35319.5234375
35318.46875
35316.6328125
35314.54296875
35312.66015625
35311.40625
35310.71484375
35310.2421875
35309.56640625
35308.44140625
35307.01171875
35305.59765625
35304.69140625
35304.3828125
35304.640625
35305.06640625
35305.5
35305.9140625
35306.4765625
35307.48828125
35309.140625
35311.453125
35314.12890625
35316.8828125
35319.109375
35320.7734375
35321.63671875
35322.25390625
35322.453125
35322.9453125
35323.33984375
35324.2421875
35325.12890625
35326.640625
35328.125
35329.6328125
35329.921875
35329.21875
35327.22265625
35325.40625
35324.05078125
35323.75390625
35323.62109375
35323.33984375
35322.13671875
35320.4609375
35318.546875
35317.02734375
35315.6953125
35314.375
35312.6171875
35310.44921875
35308.1015625
35305.8671875
35303.625
35301.09375
35297.83984375
35294.015625
35290.2578125
35287.4609375
35286.03125
35285.7109375
35285.76171875
35285.5390625
35284.6640625
35283.60546875
35282.70703125
35282.6796875
35283.1015625
35283.890625
35284.1640625
35284.1640625
35283.7109375
35283.41796875
35283.41015625
35284.203125
35285.7578125
35287.9375
35290.125
35291.56640625
35291.75
35290.4765625
35288.0703125
35285.390625
35283.23828125
35282.34765625
35282.6796875
35283.99609375
35285.51953125
35286.75
35287.26171875
35287.359375
35287.4375
35288.1171875
35289.41796875
35291.203125
35292.93359375
35294.19140625
35294.734375
35294.5546875
35293.8046875
35292.80859375
35291.72265625
35291.046875
35290.8203125
35290.9375
35290.78125
35289.7265625
35287.58984375
35284.58984375
35281.43359375
35278.85546875
35277.3671875
35276.81640625
35276.875
35276.8203125
35276.43359375
35275.37109375
35273.9140625
35272.2578125
35270.9296875
35270.13671875
35269.99609375
35270.3671875
35270.9609375
35271.91015625
35272.52734375
35273.046875
35272.69921875
35271.76953125
35270.39453125
35268.78125
35267.625
35267.0703125
35267.4921875
35268.3515625
35269.38671875
35269.78125
35269.734375
35269.5234375
35269.796875
35270.4921875
35271.234375
35271.71875
35271.5625
35271.140625
35270.4609375
35270.07421875
35269.37890625
35268.65625
35266.69140625
35264.55859375
35261.6171875
35259.65625
35258.3359375
35258.39453125
35259.18359375
35260.3203125
35261.2109375
35261.609375
35261.38671875
35260.34765625
35258.7109375
35256.80078125
35255.2578125
35254.47265625
35254.16796875
35253.84375
35252.8046875
35251.12109375
35249.17578125
35247.84765625
35247.45703125
35247.7578125
35248.40625
35248.44921875
35248.2109375
35247.328125
35246.7734375
35246.26953125
35246.3125
35246.3125
35246.44921875
35246.2890625
35246.20703125
35246.0546875
35246.1875
35246.296875
35246.53125
35246.53515625
35246.75390625
35247.17578125
35248.32421875
35250.03515625
35252.3125
35254.65625
35256.69140625
35258.109375
35258.53125
35258.1796875
35257.0078125
35255.78515625
35254.6953125
35254.15234375
35254.015625
35254.16015625
35254.421875
35254.75390625
35254.6640625
35254.01171875
35252.25
35249.80859375
35246.63671875
35243.890625
35241.34765625
35240.01953125
35239.125
35238.99609375
35239.2265625
35239.81640625
35240.70703125
35241.59765625
35242.25
35242.37109375
35242.17578125
35241.69921875
35241.01171875
35239.76953125
35237.6796875
35234.82421875
35232.0390625
35230.2890625
35230.2265625
35231.51953125
35233.36328125
35234.640625
35234.85546875
35233.6953125
35231.484375
35228.65625
35225.99609375
35224.24609375
35224.12890625
35225.484375
35227.546875
35228.92578125
35228.62890625
35226.19140625
35222.65625
35219.71875
35218.75390625
35219.640625
35221.23046875
35222.234375
35222.06640625
35221.15625
35220.26953125
35220.0234375
35220.3046875
35220.7890625
35220.96484375
35220.71875
35220.35546875
35220.0859375
35220.3125
35220.8203125
35221.578125
35222.03515625
35222.15625
35221.66796875
35220.66015625
35219.08203125
35217.17578125
35215.234375
35213.7734375
35213.140625
35213.48046875
35214.5234375
35215.73046875
35216.22265625
35215.75
35214.234375
35213.09375
35212.6796875
35213.7734375
35215.00390625
35216.03125
35215.88671875
35215.22265625
35214.421875
35214.55078125
35215.3671875
35216.8984375
35218.33203125
35219.62109375
35220.59765625
35221.55859375
35222.5703125
35223.71484375
35224.9296875
35226.0625
35226.8125
35226.37109375
35224.4609375
35220.73046875
35216.04296875
35210.89453125
35206.328125
35202.3984375
35199.5625
35197.59765625
35196.734375
35196.4453125
35196.4375
35195.97265625
35194.78125
35192.88671875
35190.62890625
35188.69921875
35187.1875
35186.390625
35185.83984375
35185.65625
35185.484375
35185.59765625
35185.76171875
35186.18359375
35186.63671875
35187.30859375
35188.171875
35189.37890625
35190.94921875
35192.62109375
35194.25
35195.1640625
35195.56640625
35195.0546875
35194.48046875
35193.640625
35193.1484375
35192.6640625
35192.49609375
35192.68359375
35193.359375
35194.6015625
35196.0703125
35197.3828125
35197.984375
35197.6015625
35196.3828125
35194.578125
35193.140625
35192.24609375
35192.65625
35194.078125
35196.6171875
35199.51171875
35202.21875
35203.99609375
35204.1875
35202.81640625
35200.15234375
35197.22265625
35194.87109375
35193.109375
35191.78515625
35190.265625
35188.8828125
35187.2578125
35186.2109375
35185.12890625
35184.86328125
35184.25
35183.8828125
35182.7265625
35181.88671875
35181.2265625
35181.4765625
35182.140625
35182.96875
35183.5390625
35183.5859375
35183.25390625
35182.31640625
35181.3125
35180.34375
35180.23046875
35180.79296875
35182.296875
35184.05859375
35186.05078125
35187.609375
35188.57421875
35188.66796875
35187.9140625
35186.3828125
35184.375
35182.34375
35180.734375
35179.48046875
35178.26953125
35176.55078125
35174.37109375
35172.078125
35170.48046875
35170.15234375
35171.15625
35172.79296875
35174.29296875
35174.94921875
35174.859375
35174.29296875
35173.796875
35173.37890625
35173.1171875
35172.5546875
35171.9375
35170.9296875
35169.84375
35168.3515625
35166.48828125
35164.328125
35162.046875
35160.0859375
35158.546875
35157.640625
35157.26171875
35157.390625
35157.86328125
35158.71484375
35159.8828125
35161.5078125
35163.390625
35165.42578125
35167.11328125
35168.16796875
35168.3203125
35167.70703125
35166.6640625
35165.671875
35164.97265625
35164.64453125
35164.234375
35163.5859375
35162.28125
35160.734375
35159.109375
35158.31640625
35158.3046875
35159.52734375
35161.20703125
35163.0625
35163.8984375
35163.40625
35161.02734375
35157.34375
35153.1015625
35149.640625
35147.67578125
35147.54296875
35148.63671875
35150.22265625
35151.4453125
35151.88671875
35151.58984375
35150.94921875
35150.609375
35151.03125
35152.26953125
35154.25
35156.453125
35158.84375
35160.890625
35162.90625
35164.07421875
35164.609375
35163.69140625
35161.81640625
35159.35546875
35157.2109375
35155.90234375
35155.34765625
35155.01953125
35154.2890625
35153.0625
35151.44140625
35150.23828125
35149.5234375
35149.90234375
35150.52734375
35151.3984375
35151.44140625
35150.9375
35150.10546875
35149.62109375
35149.69140625
35150.62890625
35152.03125
35153.890625
35154.88671875
35154.41015625
35151.22265625
35146.57421875
35142.00390625
35139.27734375
35138.48828125
35139.26953125
35140.5
35141.5859375
35142.3828125
35142.52734375
35142.1640625
35140.7109375
35139.25390625
35138.51953125
35139.703125
35142.53125
35146.34765625
35149.7109375
35152.03125
35152.7578125
35152.65234375
35151.9453125
35150.578125
35148.2109375
35144.5546875
35140.4921875
35137.08203125
35135.41796875
35135.58203125
35137.0234375
35138.8828125
35140.51171875
35141.6953125
35142.28515625
35142.5
35142.1015625
35141.4921875
35140.87890625
35140.765625
35141.484375
35142.99609375
35144.98828125
35146.7109375
35147.71875
35147.29296875
35145.6015625
35142.21875
35137.9453125
35133.1875
35129.10546875
35125.9921875
35123.9453125
35122.51171875
35121.3984375
35120.4375
35119.9140625
35119.7109375
35119.50390625
35118.58203125
35116.875
35114.625
35112.53515625
35110.9296875
35109.90625
35109.1875
35108.609375
35108.13671875
35107.66796875
35107.29296875
35106.7109375
35106.2109375
35105.71875
35105.8984375
35106.609375
35108.2578125
35110.38671875
35113.21875
35116.37109375
35119.8828125
35123.5546875
35127.09765625
35130.38671875
35132.91796875
35134.67578125
35135.28515625
35135.2421875
35134.62890625
35134.265625
35134.3984375
35135.35546875
35137.203125
35139.11328125
35140.84375
35141.13671875
35140.125
35137.40625
35133.65625
35129.24609375
35125.76953125
35123.7578125
35123.6875
35124.30078125
35124.765625
35124.19140625
35122.91796875
35121.30859375
35120.34765625
35119.65234375
35119.2890625
35118.28515625
35116.9609375
35115.390625
35114.26953125
35113.6953125
35113.38671875
35112.8359375
35111.671875
35109.91015625
35107.78125
35105.77734375
35103.7890625
35102.15234375
35100.22265625
35098.4765625
35096.67578125
35095.6953125
35095.421875
35096.1875
35097.18359375
35098.46484375
35098.99609375
35099.38671875
35099.00390625
35098.58984375
35097.9375
35097.3984375
35096.875
35096.3671875
35095.76953125
35095.01171875
35094.171875
35093.2421875
35092.4453125
35091.859375
35091.83203125
35092.3828125
35093.96484375
35096.33203125
35099.88671875
35103.75
35108.08984375
35111.45703125
35114.125
35114.9296875
35115.1171875
35114.65234375
35114.6640625
35114.89453125
35114.96875
35114.9140625
35114.25
35114.11328125
35114.328125
35115.81640625
35117.484375
35119.359375
35120.14453125
35120.26953125
35119.2421875
35118.49609375
35118.5234375
35120.171875
35123.05078125
35125.55078125
35125.92578125
35122.53515625
35116.015625
35108.6640625
35103.58984375
35101.90234375
35102.66015625
35103.421875
35102.72265625
35100.39453125
35097.30078125
35094.3359375
35091.6640625
35089.22265625
35086.8203125
35084.61328125
35082.78515625
35081.71484375
35081.33984375
35081.66796875
35082.1640625
35082.484375
35082.25390625
35081.71484375
35081.1328125
35080.7890625
35080.6171875
35080.4375
35080.0234375
35079.234375
35078.20703125
35077.12890625
35076.49609375
35076.43359375
35077.19921875
35078.30078125
35079.8125
35080.9765625
35082.265625
35083.10546875
35084.15234375
35085.1171875
35086.2890625
35087.65234375
35088.65234375
35089.51171875
35089.2265625
35088.6953125
35087.2265625
35085.8515625
35084.171875
35082.73828125
35081.48046875
35080.74609375
35080.53125
35081.15234375
35082.44140625
35084.31640625
35086.4375
35088.4921875
35090.21875
35091.52734375
35092.19140625
35092.359375
35091.80078125
35091.0
35089.78125
35088.89453125
35088.2265625
35088.19921875
35088.35546875
35088.49609375
35088.0703125
35086.9765625
35085.12109375
35082.7265625
35080.16796875
35077.93359375
35076.53515625
35076.234375
35077.109375
35078.64453125
35080.390625
35081.6953125
35082.328125
35082.1484375
35081.3046875
35079.828125
35077.78125
35075.16015625
35072.32421875
35069.78515625
35068.53515625
35069.01953125
35071.4296875
35074.92578125
35078.5234375
35080.796875
35081.19921875
35079.4609375
35076.44921875
35073.14453125
35071.08984375
35070.37890625
35071.1484375
35072.078125
35072.6875
35072.20703125
35071.03125
35069.3828125
35067.7890625
35066.3125
35065.015625
35063.94140625
35062.9140625
35062.23046875
35061.5
35061.07421875
35060.65625
35060.48046875
35060.48828125
35060.73828125
35061.34765625
35062.23828125
35063.44140625
35064.67578125
35065.8984375
35066.78125
35067.46875
35067.671875
35067.7734375
35067.734375
35067.90625
35068.21484375
35068.58203125
35068.75390625
35068.37109375
35067.26171875
35065.5703125
35063.4765625
35061.78125
35060.33203125
35060.09375
35060.20703125
35061.3828125
35062.390625
35063.6875
35064.6015625
35065.33203125
35065.90234375
35066.05859375
35065.86328125
35064.828125
35063.29296875
35061.43359375
35060.16015625
35059.99609375
35061.2734375
35063.59765625
35066.2578125
35068.58203125
35070.08984375
35071.05859375
35071.5
35072.23046875
35073.12109375
35074.8125
35076.4921875
35078.21875
35078.8125
35078.84375
35077.70703125
35076.30078125
35074.19140625
35071.96875
35068.828125
35065.296875
35061.02734375
35056.8671875
35052.9140625
35049.6328125
35047.17578125
35045.5234375
35044.5390625
35043.734375
35042.734375
35041.3828125
35040.21484375
35039.53125
35039.53515625
35039.72265625
35040.1015625
35040.4765625
35041.1953125
35041.93359375
35042.49609375
35042.76171875
35043.03125
35043.83984375
35045.5078125
35048.11328125
35051.328125
35054.6796875
35057.33203125
35058.3984375
35057.33984375
35054.7734375
35052.21875
35051.25
35051.796875
35053.05078125
35053.49609375
35052.94921875
35051.62109375
35050.6953125
35050.46875
35050.70703125
35050.59765625
35049.6328125
35048.1328125
35046.6328125
35045.57421875
35044.71875
35043.47265625
35041.37890625
35038.62890625
35035.6328125
35033.078125
35031.09765625
35029.73828125
35028.703125
35027.7890625
35026.8203125
35025.76953125
35024.9375
35024.4140625
35024.609375
35025.4921875
35027.16015625
35029.23828125
35031.4375
35033.296875
35034.8359375
35036.30859375
35037.96875
35040.07421875
35041.7265625
35042.859375
35042.32421875
35041.11328125
35039.6953125
35039.14453125
35039.625
35040.62109375
35041.1796875
35040.35546875
35038.171875
35035.07421875
35032.33984375
35030.60546875
35030.296875
35031.125
35032.46875
35033.8046875
35034.65625
35034.8984375
35034.5234375
35033.6875
35032.63671875
35031.86328125
35031.8359375
35032.8203125
35034.81640625
35037.3984375
35040.31640625
35043.0234375
35045.7734375
35047.41015625
35048.078125
35045.9375
35041.60546875
35035.5234375
35029.94140625
35026.60546875
35026.4609375
35028.5703125
35031.1328125
35032.234375
35031.11328125
35027.97265625
35024.9140625
35022.98046875
35023.0
35024.16796875
35025.76171875
35026.6171875
35026.87109375
35026.265625
35025.53515625
35024.44921875
35023.36328125
35022.25390625
35021.359375
35020.6484375
35020.1640625
35019.8984375
35019.7265625
35019.88671875
35020.0234375
35020.08984375
35019.80859375
35019.38671875
35019.22265625
35019.4296875
35020.2421875
35021.1484375
35021.9296875
35022.1953125
35021.53515625
35020.2265625
35018.4375
35017.7421875
35017.609375
35018.875
35019.0859375
35018.640625
35016.30859375
35013.49609375
35011.125
35010.10546875
35010.5625
35011.83203125
35013.56640625
35015.09375
35016.9296875
35018.7890625
35020.98046875
35022.6171875
35023.91015625
35024.28515625
35024.5234375
35024.3359375
35024.17578125
35023.42578125
35022.3125
35020.56640625
35018.95703125
35018.015625
35018.3515625
35019.41015625
35020.3203125
35019.77734375
35017.5703125
35014.14453125
35010.74609375
35008.2265625
35007.171875
35007.01171875
35007.4375
35007.4375
35007.03125
35006.046875
35004.96484375
35004.25
35003.9609375
35004.18359375
35004.26953125
35004.109375
35003.23046875
35002.19140625
35000.90625
35000.046875
34999.40625
34999.2734375
34999.46484375
34999.984375
35000.515625
35000.8671875
35000.890625
35000.92578125
35001.67578125
35004.27734375
35010.37890625
35020.41796875
35031.7734375
35032.04296875
35016.30078125
34999.734375
34999.9609375
35006.21484375
35002.16015625
34993.015625
34993.17578125
34998.76953125
34998.21484375
34993.75
34993.1875
34994.64453125
34992.83203125
34990.52734375
34990.40625
34990.42578125
34990.515625
34991.4375
34992.2734375
34993.17578125
34994.3046875
34994.44921875
34993.81640625
34993.33984375
34992.8828125
34991.49609375
34989.8515625
34989.28515625
34989.203125
34988.91796875
34989.0078125
34989.59375
34989.30859375
34987.9453125
34986.65625
34985.46875
34983.9453125
34982.57421875
34982.109375
34981.88671875
34981.70703125
34981.98046875
34982.80078125
34983.97265625
34985.55859375
34987.83984375
34990.6796875
34993.46484375
34996.00390625
34998.015625
34999.4765625
35000.15234375
35000.3828125
35000.015625
34999.1875
34997.75390625
34996.1875
34994.66796875
34993.73828125
34993.2890625
34993.3125
34993.3828125
34993.30859375
34993.16796875
34993.0234375
34993.34375
34994.02734375
34994.99609375
34995.515625
34994.92578125
34992.9375
34989.9609375
34987.3515625
34986.234375
34987.0703125
34988.87109375
34990.078125
34989.015625
34985.19921875
34979.7578125
34974.9140625
34972.62890625
34972.921875
34974.4140625
34975.30078125
34974.97265625
34974.11328125
34973.82421875
34974.6796875
34976.046875
34977.3203125
34977.671875
34977.41015625
34976.92578125
34977.09375
34977.8515625
34979.0546875
34979.73046875
34979.640625
34978.77734375
34977.82421875
34977.27734375
34977.55078125
34978.46875
34979.83203125
34981.3046875
34982.78125
34984.328125
34985.76171875
34987.02734375
34987.6953125
34987.66015625
34986.66796875
34985.09765625
34983.296875
34982.26953125
34981.86328125
34982.5234375
34982.984375
34983.58984375
34983.37890625
34983.38671875
34983.31640625
34983.8828125
34984.57421875
34985.30078125
34985.734375
34985.6171875
34985.0625
34983.765625
34982.0625
34979.9140625
34977.67578125
34975.27734375
34972.94921875
34970.74609375
34968.97265625
34967.796875
34967.32421875
34967.359375
34967.71875
34968.15625
34968.8125
34969.9375
34971.7734375
34974.28515625
34977.18359375
34979.9921875
34982.19140625
34983.17578125
34982.75
34980.46875
34977.171875
34973.3671875
34970.3046875
34968.328125
34967.1484375
34966.17578125
34964.66015625
34962.44140625
34959.57421875
34956.78515625
34954.625
34953.64453125
34953.984375
34955.29296875
34957.22265625
34959.17578125
34960.9921875
34962.3125
34963.37109375
34964.03125
34964.80078125
34965.80078125
34967.73046875
34970.48046875
34974.01953125
34977.15234375
34978.98046875
34978.5234375
34976.70703125
34974.6484375
34973.65625
34973.52734375
34973.78515625
34973.7734375
34973.6171875
34973.8828125
34974.8046875
34976.21875
34977.28515625
34977.67578125
34977.5234375
34977.1640625
34976.8046875
34976.0234375
34974.62109375
34972.1875
34969.203125
34966.125
34963.6015625
34961.9765625
34961.01953125
34960.609375
34960.43359375
34960.48828125
34960.671875
34961.0078125
34961.515625
34962.125
34962.6640625
34962.88671875
34962.6640625
34962.34765625
34962.2890625
34962.86328125
34963.84765625
34965.01953125
34965.9921875
34966.55859375
34966.546875
34965.63671875
34963.73046875
34960.984375
34957.8671875
34955.38671875
34953.66796875
34953.46484375
34953.79296875
34954.98046875
34955.6328125
34956.375
34956.171875
34955.9921875
34955.2890625
34955.109375
34955.1015625
34955.71484375
34956.5390625
34957.2421875
34957.7734375
34957.3671875
34956.73828125
34955.33984375
34954.27734375
34953.5703125
34953.7421875
34954.6015625
34955.87890625
34957.01953125
34957.83984375
34958.09765625
34957.97265625
34957.2421875
34956.4921875
34955.40234375
34954.84375
34954.43359375
34954.69921875
34955.13671875
34955.81640625
34956.22265625
34956.421875
34956.1875
34955.89453125
34955.8046875
34956.13671875
34956.8203125
34957.4765625
34957.875
34957.7734375
34957.40625
34956.6640625
34955.96875
34955.203125
34954.98828125
34955.25390625
34956.375
34957.91796875
34959.59765625
34960.859375
34961.3984375
34961.43359375
34960.91015625
34960.625
34959.98828125
34959.54296875
34958.765625
34958.046875
34957.07421875
34956.01953125
34954.578125
34952.83203125
34950.7578125
34948.8125
34947.24609375
34946.4609375
34946.484375
34947.2578125
34948.4765625
34949.9453125
34951.39453125
34952.875
34954.2578125
34955.75390625
34957.19921875
34958.59375
34959.484375
34959.64453125
34958.671875
34956.66015625
34954.046875
34951.40625
34949.515625
34948.2578125
34947.6015625
34946.71875
34945.43359375
34943.3984375
34941.2109375
34939.03515625
34937.61328125
34936.703125
34936.5859375
34936.63671875
34936.95703125
34937.046875
34937.0234375
34936.6484375
34936.0546875
34935.125
34934.07421875
34932.88671875
34931.78515625
34930.96484375
34930.7109375
34931.30859375
34932.859375
34935.50390625
34938.78515625
34942.38671875
34945.44140625
34947.90625
34949.3359375
34950.125
34950.37109375
34950.125
34950.203125
34949.9765625
34950.375
34950.1796875
34950.1328125
34949.5078125
34949.0703125
34948.69140625
34949.04296875
34949.73828125
34950.953125
34951.9453125
34952.5703125
34952.55859375
34952.203125
34952.015625
34952.30078125
34953.07421875
34954.1015625
34954.81640625
34955.046875
34954.296875
34952.9375
34950.96875
34949.1484375
34947.52734375
34946.40234375
34945.734375
34945.6875
34946.48046875
34948.0703125
34950.21875
34952.37890625
34954.09765625
34954.7578125
34954.1015625
34951.76953125
34948.09375
34943.28125
34938.4140625
34934.16796875
34931.53515625
34930.296875
34930.51953125
34931.1875
34932.0625
34932.41796875
34932.296875
34931.4140625
34930.16796875
34928.55078125
34927.1171875
34925.94140625
34925.3203125
34925.015625
34924.890625
34924.72265625
34924.5546875
34924.4296875
34924.6171875
34925.109375
34926.12109375
34927.49609375
34929.49609375
34931.734375
34934.25390625
34936.28125
34937.43359375
34937.06640625
34935.46875
34933.71484375
34932.66015625
34932.8125
34933.68359375
34934.80078125
34935.79296875
34936.98828125
34938.5
34940.671875
34942.79296875
34944.6015625
34945.33984375
34945.4609375
34944.90625
34944.7890625
34944.58984375
34945.2109375
34945.1484375
34945.390625
34944.375
34943.24609375
34941.3203125
34939.6796875
34938.08203125
34937.1796875
34936.4609375
34935.86328125
34935.0625
34933.8828125
34932.4921875
34931.3671875
34930.95703125
34931.734375
34933.53515625
34935.66796875
34937.328125
34937.6484375
34936.41015625
34933.8125
34930.5234375
34927.20703125
34924.5546875
34922.76171875
34922.00390625
34922.01953125
34922.484375
34923.01171875
34923.23046875
34923.30859375
34923.3203125
34923.90234375
34925.01171875
34926.8046875
34928.36328125
34929.48828125
34929.3515625
34928.609375
34927.765625
34927.96875
34929.50390625
34931.9609375
34934.5703125
34936.046875
34936.171875
34934.69140625
34932.5625
34930.33203125
34928.796875
34928.171875
34928.51171875
34929.625
34931.046875
34932.6015625
34933.796875
34934.83203125
34935.15625
34935.01171875
34933.9921875
34932.5546875
34930.65625
34928.66015625
34926.3984375
34924.0234375
34921.58203125
34919.5703125
34918.3203125
34917.8515625
34917.8203125
34917.82421875
34917.45703125
34916.69921875
34915.65234375
34914.7265625
34914.1796875
34914.1640625
34914.484375
34914.890625
34915.046875
34914.71484375
34914.0625
34913.21484375
34912.7578125
34912.37890625
34912.57421875
34912.6484375
34913.4453125
34914.328125
34916.49609375
34918.9921875
34922.9453125
34926.3203125
34930.40625
34932.5546875
34934.47265625
34934.6875
34934.76171875
34934.7109375
34934.93359375
34935.1328125
34934.67578125
34933.37109375
34931.26171875
34929.2265625
34928.16015625
34928.015625
34928.6484375
34929.12109375
34929.28125
34929.12890625
34929.41015625
34930.234375
34931.55078125
34932.77734375
34933.7109375
34934.03125
34933.83203125
34932.7109375
34930.93359375
34928.40234375
34925.5390625
34922.609375
34919.72265625
34917.1484375
34915.09375
34913.625
34912.85546875
34912.1953125
34911.16015625
34909.12109375
34906.10546875
34902.703125
34899.85546875
34898.171875
34897.89453125
34898.3828125
34899.26171875
34899.66015625
34899.765625
34899.42578125
34899.36328125
34899.8046875
34901.1953125
34903.3671875
34906.1640625
34909.00390625
34911.734375
34913.921875
34916.0234375
34917.64453125
34919.19140625
34919.81640625
34919.75
34918.6015625
34917.1484375
34915.734375
34915.35546875
34916.234375
34918.51171875
34921.6796875
34924.9375
34927.58984375
34928.95703125
34928.96484375
34927.6796875
34925.6484375
34923.3828125
34921.4921875
34920.21484375
34919.80859375
34919.765625
34919.87109375
34919.39453125
34918.36328125
34916.7421875
34915.14453125
34913.91796875
34913.30078125
34912.92578125
34912.265625
34910.640625
34908.0625
34904.9765625
34902.16015625
34900.29296875
34899.6171875
34900.15234375
34901.5
34903.328125
34905.21484375
34906.8046875
34908.08984375
34908.66015625
34909.16015625
34909.0703125
34909.38671875
34909.55078125
34910.26171875
34911.24609375
34912.76953125
34914.6484375
34916.72265625
34918.57421875
34920.078125
34920.9296875
34921.26171875
34920.6484375
34919.19921875
34916.69140625
34913.7421875
34910.97265625
34908.6953125
34906.7890625
34904.77734375
34902.37109375
34899.89453125
34898.08203125
34897.76171875
34899.25390625
34902.04296875
34905.1171875
34907.3515625
34908.04296875
34907.1875
34905.21484375
34902.890625
34900.80078125
34899.30859375
34898.421875
34898.1328125
34898.22265625
34898.7421875
34899.3828125
34900.20703125
34900.80078125
34901.2734375
34901.2890625
34901.08203125
34900.66015625
34900.26953125
34900.12109375
34900.2265625
34900.67578125
34901.28125
34901.73828125
34901.765625
34901.3671875
34900.88671875
34900.8046875
34901.58203125
34903.1796875
34905.38671875
34907.58984375
34909.54296875
34910.9140625
34912.046875
34913.17578125
34914.859375
34917.0078125
34919.3984375
34921.0859375
34921.48828125
34919.88671875
34916.98046875
34913.37890625
34910.75
34909.45703125
34909.671875
34910.421875
34911.078125
34910.99609375
34910.36328125
34909.4609375
34908.42578125
34907.45703125
34906.265625
34904.96875
34903.6484375
34902.55859375
34901.85546875
34901.515625
34901.57421875
34901.8515625
34902.20703125
34902.375
34902.0859375
34901.42578125
34900.4140625
34899.578125
34899.03125
34898.91015625
34899.0390625
34899.14453125
34899.0234375
34898.5234375
34897.6328125
34896.48828125
34895.2734375
34894.23046875
34893.51953125
34893.16015625
34893.3984375
34894.1171875
34895.40625
34896.91796875
34898.578125
34899.87890625
34900.76171875
34900.8671875
34900.40234375
34899.36328125
34898.00390625
34896.609375
34895.203125
34894.15625
34893.4609375
34893.08984375
34893.1796875
34893.1328125
34893.17578125
34892.6640625
34892.06640625
34891.00390625
34890.125
34889.3828125
34889.31640625
34889.8125
34890.90625
34892.14453125
34893.25390625
34893.83203125
34893.9296875
34893.56640625
34893.10546875
34892.625
34892.453125
34892.3984375
34892.73828125
34893.11328125
34893.81640625
34894.40234375
34895.14453125
34895.66796875
34896.36328125
34896.96484375
34897.76953125
34898.43359375
34899.0546875
34899.29296875
34899.4609375
34899.33203125
34899.4453125
34899.46875
34899.80859375
34899.86328125
34899.87109375
34899.45703125
34899.15625
34898.85546875
34899.23828125
34899.9765625
34901.18359375
34902.01171875
34902.3046875
34901.39453125
34899.5625
34896.84765625
34893.84765625
34890.9375
34888.55859375
34886.90234375
34886.1171875
34885.98828125
34886.328125
34886.72265625
34886.9375
34886.78125
34886.375
34885.96484375
34885.890625
34886.58984375
34887.80859375
34889.94921875
34891.6484375
34893.4921875
34894.50390625
34895.5
34896.3046875
34897.40625
34898.3671875
34899.17578125
34899.1640625
34898.6015625
34897.453125
34896.51953125
34895.87890625
34895.59375
34895.0703125
34893.99609375
34892.33984375
34890.953125
34890.43359375
34891.40234375
34893.33984375
34895.55859375
34897.02734375
34897.2265625
34896.171875
34894.10546875
34891.8359375
34889.55859375
34888.07421875
34887.00390625
34886.81640625
34886.6171875
34886.78125
34886.58203125
34886.46875
34886.1484375
34885.9765625
34885.69140625
34885.38671875
34884.58984375
34883.44140625
34881.66015625
34879.7109375
34877.88671875
34876.8046875
34876.6953125
34877.70703125
34879.47265625
34881.625
34883.828125
34885.953125
34887.96875
34889.83984375
34891.53515625
34892.97265625
34894.1171875
34895.00390625
34895.70703125
34896.1875
34896.4453125
34896.2421875
34895.671875
34894.50390625
34892.921875
34890.88671875
34888.71875
34886.6875
34885.328125
34884.61328125
34884.58203125
34884.62890625
34884.7265625
34884.30078125
34883.78515625
34882.92578125
34882.375
34882.015625
34881.921875
34881.94921875
34881.8515625
34881.81640625
34881.73828125
34881.8203125
34881.8984375
34881.9296875
34881.7109375
34881.15234375
34880.28125
34879.3046875
34878.5703125
34878.234375
34878.5078125
34879.08984375
34879.76171875
34879.98046875
34879.6796875
34878.80078125
34877.96875
34877.23828125
34877.109375
34877.0625
34877.35546875
34877.4609375
34877.6953125
34877.78515625
34877.97265625
34878.33984375
34879.015625
34880.18359375
34881.76171875
34883.7109375
34885.7734375
34887.8828125
34889.9921875
34892.06640625
34893.82421875
34895.04296875
34895.52734375
34895.31640625
34894.89453125
34894.26171875
34893.75
34892.8125
34891.90625
34890.48828125
34889.6015625
34888.5234375
34888.0390625
34887.20703125
34886.55078125
34886.125
34885.828125
34885.99609375
34885.578125
34884.609375
34882.625
34880.15625
34877.75
34875.99609375
34874.69140625
34873.62109375
34872.1484375
34870.19140625
34867.89453125
34865.6875
34863.96875
34862.8359375
34862.14453125
34861.7578125
34861.59765625
34861.78125
34862.5
34863.765625
34865.46875
34867.2578125
34868.94140625
34870.26171875
34871.5078125
34872.7890625
34874.6640625
34876.98046875
34880.01953125
34882.8046875
34885.16796875
34886.05078125
34885.72265625
34884.41015625
34882.89453125
34881.7734375
34881.125
34881.03125
34880.97265625
34880.953125
34880.75
34880.5390625
34880.58203125
34880.77734375
34881.34375
34882.03515625
34882.8515625
34883.703125
34884.29296875
34884.60546875
34884.5234375
34884.3046875
34884.0546875
34883.8828125
34883.43359375
34882.5234375
34880.69140625
34878.31640625
34875.49609375
34872.83203125
34870.4140625
34868.33984375
34866.6015625
34865.08984375
34863.99609375
34863.37109375
34863.34765625
34863.84765625
34864.671875
34865.43359375
34865.87109375
34865.515625
34864.54296875
34862.8515625
34861.125
34859.69140625
34859.2265625
34859.921875
34861.7578125
34864.296875
34867.04296875
34869.52734375
34871.5390625
34873.140625
34874.50390625
34875.84375
34877.203125
34878.4375
34879.60546875
34880.6015625
34881.96484375
34883.625
34886.08203125
34888.5625
34891.25
34892.703125
34893.22265625
34891.3125
34888.20703125
34883.30078125
34878.8671875
34874.984375
34873.15234375
34872.8125
34873.625
34874.828125
34875.76953125
34876.625
34876.8515625
34877.0859375
34876.27734375
34875.546875
34873.46484375
34871.61328125
34868.796875
34866.45703125
34864.2890625
34862.87109375
34862.2734375
34862.2734375
34862.8046875
34863.3984375
34863.9765625
34864.07421875
34864.0625
34863.78515625
34863.98828125
34864.39453125
34865.55078125
34866.80859375
34868.4375
34869.82421875
34871.11328125
34872.03125
34872.5390625
34872.6328125
34872.09765625
34870.95703125
34869.078125
34867.0
34865.19140625
34864.25390625
34864.23046875
34864.77734375
34865.32421875
34865.21484375
34864.19921875
34862.29296875
34860.09375
34858.43359375
34857.87109375
34858.6640625
34860.203125
34861.89453125
34862.87890625
34863.05859375
34862.63671875
34862.34375
34862.72265625
34863.7265625
34864.91015625
34865.7265625
34865.76953125
34865.2109375
34864.296875
34863.6640625
34863.49609375
34863.82421875
34864.33984375
34864.3828125
34864.1015625
34863.04296875
34862.3203125
34861.6328125
34861.87890625
34862.8828125
34864.625
34866.80859375
34868.83984375
34870.4453125
34871.28125
34871.703125
34871.55078125
34871.64453125
34871.69140625
34872.33203125
34872.71875
34873.5
34873.37890625
34873.484375
34872.375
34871.4140625
34869.49609375
34867.765625
34865.86328125
34864.640625
34863.90625
34864.22265625
34864.93359375
34866.06640625
34866.70703125
34866.5703125
34865.34375
34863.265625
34860.93359375
34858.9453125
34857.71875
34857.24609375
34857.37890625
34857.91015625
34858.703125
34859.62109375
34860.296875
34860.4296875
34859.4375
34857.5703125
34855.27734375
34853.66796875
34853.30078125
34854.25390625
34855.92578125
34857.67578125
34859.0234375
34859.828125
34860.4296875
34860.9375
34861.6328125
34862.1953125
34862.5625
34862.359375
34861.48046875
34859.796875
34857.3984375
34854.74609375
34852.3671875
34850.8359375
34850.2890625
34850.57421875
34851.26953125
34852.125
34852.984375
34854.01953125
34855.4765625
34857.43359375
34859.9453125
34862.67578125
34865.4609375
34867.8984375
34869.7421875
34870.7109375
34870.6015625
34869.73828125
34868.40625
34867.1328125
34866.1640625
34865.37109375
34864.890625
34864.5078125
34864.60546875
34864.97265625
34865.62109375
34866.28125
34866.76953125
34867.12109375
34867.2734375
34867.22265625
34866.7734375
34865.7890625
34864.22265625
34862.265625
34860.0703125
34857.59765625
34854.85546875
34851.921875
34849.140625
34846.875
34845.5
34844.99609375
34845.234375
34845.82421875
34846.42578125
34846.79296875
34846.9140625
34846.8828125
34847.0859375
34847.578125
34848.54296875
34849.5546875
34850.3984375
34850.48828125
34849.8515625
34848.6171875
34847.375
34846.73046875
34847.0859375
34848.42578125
34850.41015625
34852.4140625
34854.1875
34855.37109375
34856.1640625
34856.56640625
34857.046875
34857.78125
34859.28515625
34861.32421875
34863.9453125
34866.27734375
34868.23828125
34868.94140625
34868.671875
34867.35546875
34865.6953125
34863.953125
34862.53125
34861.4140625
