34861.4140625
178335.984375
50444.65625
63887.34765625
106486.9921875
100161.296875
73182.7734375
57233.984375
59692.53125
68836.8828125
71283.734375
64766.58984375
55936.30859375
51538.375
52514.84375
54893.08203125
54789.5390625
51802.66796875
48229.8828125
46379.6640625
46503.8671875
47097.66015625
46724.12109375
45220.96484375
43515.82421875
42531.62109375
42332.2109375
42308.1171875
41887.27734375
41081.43359375
40305.50390625
39868.35546875
39694.51953125
39488.5234375
39080.6640625
38577.34765625
38200.6328125
38019.6875
37903.29296875
37713.2578125
37442.9609375
37190.73828125
37030.7109375
36934.43359375
36819.60546875
36651.23828125
36473.24609375
36342.26171875
36259.1171875
36176.40625
36065.50390625
35948.75
35859.94140625
35801.40234375
35746.87109375
35677.49609375
35601.953125
35540.0234375
35496.42578125
35457.6953125
35412.921875
35365.9140625
35326.8671875
35298.015625
35272.94921875
35246.125
35218.37890625
35193.64453125
35173.08984375
35154.359375
35135.02734375
35115.62109375
35098.65625
35084.296875
35069.87890625
35054.38671875
35039.5859375
35026.69921875
35014.73046875
35002.30078125
34989.734375
34978.37109375
34968.40625
34958.62890625
34948.4609375
34938.9453125
34930.71875
34923.08203125
34915.234375
34907.546875
34900.6796875
34894.6015625
34888.64453125
34882.6328125
34876.8671875
34871.59375
34866.63671875
34861.7265625
34856.86328125
34852.30859375
34847.98828125
34843.75
34839.64453125
34835.73828125
34831.98828125
34828.29296875
34824.65234375
34821.1484375
34817.78125
34814.48046875
34811.23046875
34808.0390625
34804.9453125
34801.90625
34798.91796875
34795.99609375
34793.1484375
34790.37109375
34787.62890625
34784.953125
34782.33984375
34779.78125
34777.2578125
34774.79296875
34772.359375
34769.98828125
34767.6328125
34765.33203125
34763.0625
34760.83984375
34758.64453125
34756.48046875
34754.3359375
34752.234375
34750.16015625
34748.109375
34746.09375
34744.10546875
34742.15234375
34740.21875
34738.3046875
34736.421875
34734.5546875
34732.7265625
34730.91796875
34729.140625
34727.4140625
34725.734375
34724.06640625
34722.37109375
34720.62890625
34718.96484375
34717.41015625
34715.8359375
34714.21875
34712.6953125
34711.21875
34709.70703125
34708.21484375
34706.8125
34705.41015625
34703.97265625
34702.61328125
34701.28125
34699.9453125
34698.63671875
34697.375
34696.11328125
34694.84765625
34693.6328125
34692.421875
34691.22265625
34690.0546875
34688.92578125
34687.79296875
34686.65625
34685.51171875
34684.328125
34683.17578125
34682.08203125
34681.0390625
34679.9609375
34678.859375
34677.76171875
34676.72265625
34675.6953125
34674.66015625
34673.61328125
34672.5703125
34671.55859375
34670.59375
34669.65625
34668.78515625
34668.015625
34667.265625
34666.12890625
34664.69140625
34663.6328125
34662.95703125
34661.9765625
34660.70703125
34659.7890625
34658.98828125
34657.859375
34656.7734375
34655.95703125
34655.0
34653.90234375
34653.02734375
34652.13671875
34651.0
34649.89453125
34648.87109375
34647.81640625
34646.828125
34645.87109375
34644.8203125
34643.796875
34642.85546875
34641.765625
34640.55078125
34639.4609375
34638.41015625
34637.1875
34635.92578125
34634.8203125
34633.765625
34632.57421875
34631.2578125
34630.015625
34628.83203125
34627.58984375
34626.2109375
34624.81640625
34623.48046875
34622.08203125
34620.55859375
34618.98828125
34617.43359375
34615.8125
34614.0703125
34612.25
34610.39453125
34608.46484375
34606.4296875
34604.2890625
34602.09375
34599.8203125
34597.421875
34594.890625
34592.234375
34589.55078125
34586.8984375
34584.2109375
34581.4921875
34578.796875
34576.2109375
34573.7734375
34571.37109375
34568.96484375
34566.54296875
34564.21484375
34562.03125
34560.03515625
34558.15625
34556.28125
34554.43359375
34552.71484375
34551.15234375
34549.61328125
34548.00390625
34546.421875
34545.0078125
34543.71875
34542.43359375
34541.171875
34540.08984375
34539.2890625
34538.515625
34537.2109375
34535.32421875
34533.7421875
34532.9765625
34532.3359375
34531.05859375
34529.56640625
34528.640625
34528.0625
34527.11328125
34525.921875
34525.08984375
34524.50390625
34523.64453125
34522.5703125
34521.71875
34521.06640625
34520.32421875
34519.48828125
34518.75
34518.09375
34517.3671875
34516.640625
34515.984375
34515.35546875
34514.6875
34514.015625
34513.40625
34512.8125
34512.1953125
34511.578125
34511.0078125
34510.44140625
34509.85546875
34509.26953125
34508.73046875
34508.19140625
34507.6484375
34507.1015625
34506.59375
34506.11328125
34505.66796875
34505.26953125
34504.984375
34504.82421875
34505.015625
34505.53125
34507.42578125
34507.8984375
34508.2734375
34503.54296875
34500.546875
34501.234375
34502.84375
34502.84375
34499.80078125
34498.89453125
34500.13671875
34499.59765625
34497.73828125
34496.86328125
34497.6171875
34497.6640625
34495.96875
34495.27734375
34495.796875
34495.26953125
34493.890625
34493.390625
34493.953125
34493.97265625
34492.8203125
34492.203125
34492.5
34492.4296875
34491.734375
34491.06640625
34490.67578125
34490.0625
34489.27734375
34488.98046875
34488.9921875
34488.6328125
34487.91015625
34487.390625
34487.1640625
34486.8984375
34486.45703125
34486.09765625
34485.75390625
34485.3515625
34484.96875
34484.71875
34484.453125
34484.07421875
34483.765625
34483.6484375
34483.5390625
34483.26953125
34482.953125
34482.79296875
34482.75390625
34482.6015625
34482.1640625
34481.5859375
34481.16796875
34481.0546875
34481.08984375
34480.96875
34480.5078125
34479.90625
34479.5234375
34479.42578125
34479.359375
34479.1171875
34478.74609375
34478.4375
34478.24609375
34478.0859375
34477.8671875
34477.58984375
34477.36328125
34477.18359375
34477.04296875
34476.890625
34476.68359375
34476.421875
34476.171875
34476.00390625
34475.890625
34475.7109375
34475.4140625
34475.08203125
34474.8203125
34474.66015625
34474.5234375
34474.40625
34474.34765625
34474.41796875
34474.60546875
34474.7578125
34474.6171875
34474.0390625
34473.37890625
34473.08203125
34473.125
34473.16796875
34473.01171875
34472.9296875
34473.265625
34473.93359375
34474.53515625
34474.734375
34474.421875
34473.66015625
34472.52734375
34471.58203125
34471.3984375
34471.91015625
34472.265625
34471.80078125
34470.94140625
34470.5859375
34470.87109375
34471.03125
34470.578125
34469.953125
34469.78125
34470.078125
34470.40625
34470.59375
34470.61328125
34470.9375
34471.28125
34471.78515625
34471.26171875
34470.2265625
34468.8828125
34468.26953125
34468.39453125
34468.828125
34469.1171875
34469.07421875
34468.953125
34468.59375
34468.19921875
34467.7734375
34467.47265625
34467.33203125
34467.3203125
34467.32421875
34467.171875
34466.87109375
34466.4453125
34466.05078125
34465.81640625
34465.73828125
34465.72265625
34465.62890625
34465.44921875
34465.2109375
34465.046875
34464.9453125
34464.875
34464.796875
34464.765625
34464.84765625
34464.9609375
34464.93359375
34464.67578125
34464.3203125
34464.1015625
34463.93359375
34463.68359375
34463.296875
34463.0390625
34463.06640625
34463.25390625
34463.38671875
34463.5234375
34463.95703125
34465.171875
34466.67578125
34469.703125
34470.328125
34471.67578125
34466.8125
34463.9765625
34465.359375
34468.8203125
34470.7578125
34466.140625
34462.73828125
34462.88671875
34465.46484375
34465.90234375
34463.07421875
34461.46875
34462.50390625
34463.453125
34462.765625
34461.6953125
34461.40234375
34461.59375
34460.83203125
34460.16015625
34460.37109375
34460.81640625
34460.85546875
34460.3125
34460.1484375
34460.25390625
34460.21484375
34460.19140625
34460.6171875
34461.30859375
34462.484375
34463.0390625
34464.5546875
34463.55859375
34462.34765625
34459.5390625
34458.1875
34458.6953125
34459.953125
34460.8984375
34460.08203125
34459.15625
34458.78515625
34459.70703125
34461.41796875
34462.7578125
34463.16796875
34461.8515625
34459.86328125
34458.4375
34458.2890625
34458.9921875
34459.328125
34458.8984375
34458.04296875
34457.7421875
34458.328125
34459.14453125
34459.58203125
34459.37109375
34458.7890625
34458.03515625
34457.50390625
34457.40234375
34457.6328125
34457.71875
34457.390625
34456.6953125
34456.14453125
34456.1640625
34456.7578125
34457.546875
34458.25
34458.91796875
34459.6953125
34460.3359375
34460.48828125
34460.09375
34459.78515625
34459.59765625
34459.4921875
34458.640625
34457.39453125
34456.28125
34456.3203125
34457.34375
34458.32421875
34458.2890625
34457.0390625
34455.60546875
34455.0
34455.42578125
34456.1875
34456.4296875
34455.76171875
34454.75
34454.0546875
34454.16796875
34454.546875
34454.61328125
34454.1796875
34453.61328125
34453.3125
34453.20703125
34453.1484375
34453.09765625
34453.09765625
34453.171875
34453.2109375
34453.14453125
34452.921875
34452.69921875
34452.796875
34453.4375
34454.6953125
34456.515625
34458.76953125
34460.7578125
34460.84375
34458.4765625
34455.87109375
34455.87890625
34458.03125
34458.93359375
34457.421875
34455.85546875
34456.41796875
34457.7578125
34457.30078125
34455.19921875
34453.5390625
34453.51953125
34454.359375
34455.07421875
34455.21484375
34454.53515625
34453.28125
34452.265625
34451.95703125
34452.0703125
34452.04296875
34451.828125
34451.6484375
34451.5703125
34451.6015625
34451.875
34452.41015625
34452.9921875
34453.33984375
34453.62890625
34453.92578125
34454.4296875
34454.8359375
34455.82421875
34456.609375
34458.1875
34457.86328125
34457.484375
34455.3125
34453.2421875
34452.33203125
34452.05859375
34453.23046875
34454.47265625
34455.61328125
34455.2578125
34454.19921875
34452.69921875
34451.67578125
34451.8828125
34452.875
34454.453125
34455.26953125
34455.46875
34454.77734375
34453.80078125
34453.078125
34452.9765625
34453.484375
34454.0
34454.22265625
34453.75
34453.0546875
34452.2109375
34451.5546875
34451.2109375
34451.390625
34452.28515625
34453.5390625
34455.1015625
34456.12890625
34458.1875
34458.53125
34460.296875
34456.734375
34452.94921875
34449.5859375
34449.31640625
34451.3671875
34452.4453125
34452.3046875
34449.88671875
34448.76171875
34449.69140625
34450.99609375
34451.33984375
34449.80078125
34448.765625
34449.38671875
34450.984375
34452.375
34452.49609375
34452.21484375
34451.8671875
34451.140625
34450.09765625
34449.21875
34449.50390625
34450.640625
34451.5234375
34451.125
34449.41796875
34447.76953125
34447.359375
34448.2109375
34449.3828125
34449.86328125
34449.64453125
34449.390625
34449.828125
34450.9765625
34452.5703125
34453.53125
34453.77734375
34451.94140625
34449.55859375
34448.37109375
34449.16796875
34451.34765625
34452.33203125
34451.76953125
34450.00390625
34449.5390625
34451.05078125
34453.296875
34454.60546875
34453.6171875
34450.9609375
34447.828125
34445.64453125
34445.0859375
34445.85546875
34446.94921875
34447.3359375
34446.875
34446.234375
34445.9296875
34445.953125
34445.82421875
34445.5390625
34445.3984375
34445.70703125
34446.0859375
34446.0703125
34445.80859375
34445.6484375
34446.578125
34447.39453125
34448.54296875
34447.87109375
34447.25390625
34445.890625
34445.421875
34445.4921875
34446.06640625
34446.9453125
34448.04296875
34449.46875
34450.87109375
34452.359375
34453.41015625
34454.25390625
34454.51171875
34454.3125
34453.4140625
34452.26953125
34451.21875
34450.6640625
34450.84375
34451.80078125
34453.19140625
34453.6328125
34452.4453125
34449.58203125
34447.1640625
34445.9921875
34446.46875
34447.08203125
34446.984375
34446.09375
34445.37109375
34445.4140625
34445.96875
34446.50390625
34446.828125
34447.55078125
34449.10546875
34451.5390625
34453.84375
34454.88671875
34453.60546875
34450.99609375
34448.51953125
34447.42578125
34447.47265625
34447.921875
34447.98828125
34447.81640625
34447.72265625
34447.359375
34446.38671875
34444.953125
34443.82421875
34443.46484375
34443.484375
34443.2265625
34442.515625
34441.953125
34442.0546875
34442.68359375
34443.328125
34443.63671875
34443.7734375
34443.7265625
34443.65625
34443.29296875
34443.12890625
34443.13671875
34443.890625
34445.1015625
34447.17578125
34449.86328125
34453.52734375
34456.09375
34456.12109375
34452.93359375
34450.703125
34450.34765625
34451.140625
34449.65234375
34447.0234375
34445.8046875
34447.30859375
34448.75390625
34448.51171875
34447.5703125
34448.0390625
34449.5
34449.84375
34450.28125
34451.2890625
34455.16796875
34455.91015625
34454.8046875
34449.47265625
34445.04296875
34442.9140625
34443.09375
34444.65234375
34445.796875
34446.38671875
34445.5625
34445.2421875
34446.50390625
34448.3515625
34449.6796875
34448.609375
34446.67578125
34444.37890625
34443.27734375
34443.01953125
34443.1796875
34443.26953125
34443.0
34442.59765625
34442.3125
34442.3359375
34442.609375
34443.0625
34443.39453125
34443.75
34443.875
34443.859375
34443.4921875
34442.9921875
34442.6171875
34442.6171875
34442.95703125
34443.40625
34443.74609375
34443.7109375
34443.546875
34443.3359375
34443.57421875
34444.12890625
34444.73046875
34444.875
34444.5390625
34444.00390625
34443.8515625
34443.9140625
34444.3359375
34444.6640625
34444.80078125
34444.49609375
34443.78125
34443.03125
34442.65625
34443.05859375
34443.62109375
34444.2109375
34443.95703125
34443.48046875
34442.48828125
34442.296875
34442.2109375
34442.56640625
34441.87890625
34440.46484375
34438.15234375
34436.265625
34435.2734375
34435.25390625
34435.5390625
34435.65234375
34435.56640625
34435.63671875
34436.17578125
34436.95703125
34437.70703125
34438.0546875
34438.27734375
34438.62109375
34439.30859375
34439.98046875
34440.421875
34440.65625
34441.15625
34442.3828125
34443.81640625
34444.91796875
34445.62890625
34447.0625
34449.359375
34451.4296875
34452.18359375
34451.9296875
34451.54296875
34450.98828125
34449.58203125
34447.73828125
34446.6796875
34446.7265625
34447.515625
34449.06640625
34452.015625
34456.296875
34459.921875
34460.1875
34455.77734375
34448.625
34443.375
34443.4765625
34447.83203125
34452.08203125
34451.98828125
34447.87890625
34442.953125
34440.640625
34440.9765625
34442.24609375
34442.59375
34441.80078125
34440.78125
34440.5625
34441.421875
34443.00390625
34444.9609375
34447.19921875
34449.734375
34452.1328125
34453.73046875
34453.49609375
34451.8125
34448.91796875
34446.46484375
34430.19921875
34436.46484375
34438.33203125
34428.47265625
34437.67578125
34431.30859375
34430.69140625
34434.515625
34428.60546875
34431.87109375
34430.57421875
34428.83203125
34430.6953125
34428.578125
34429.13671875
34428.91796875
34428.19140625
34428.5390625
34427.96484375
34427.984375
34427.74609375
34427.65234375
34427.4765625
34427.33203125
34427.34765625
34427.0
34427.13671875
34426.89453125
34426.76953125
34426.8671875
34426.53125
34426.65625
34426.51171875
34426.35546875
34426.4609375
34426.2109375
34426.25390625
34426.19921875
34426.03125
34426.1015625
34425.9453125
34425.91015625
34425.8984375
34425.765625
34425.765625
34425.6875
34425.609375
34425.5859375
34425.50390625
34425.45703125
34425.3984375
34425.328125
34425.2734375
34425.20703125
34425.1484375
34425.09375
34425.04296875
34424.96484375
34424.90234375
34424.84375
34424.765625
34424.71875
34424.66015625
34424.58984375
34424.53125
34424.4609375
34424.3984375
34424.34375
34424.2890625
34424.2265625
34424.16015625
34424.10546875
34424.04296875
34423.9765625
34423.921875
34423.8671875
34423.8125
34423.7578125
34423.69921875
34423.640625
34423.5859375
34423.53125
34423.4765625
34423.421875
34423.36328125
34423.3203125
34423.2578125
34423.2109375
34423.16015625
34423.109375
34423.05859375
34423.00390625
34422.95703125
34422.90625
34422.859375
34422.80859375
34422.75390625
34422.7109375
34422.66796875
34422.625
34422.58203125
34422.54296875
34422.48828125
34422.453125
34422.41015625
34422.359375
34422.30859375
34422.27734375
34422.234375
34422.1953125
34422.15234375
34422.109375
34422.07421875
34422.02734375
34421.97265625
34421.94140625
34421.89453125
34421.859375
34421.81640625
34421.77734375
34421.734375
34421.703125
34421.65625
34421.61328125
34421.58203125
34421.55078125
34421.51171875
34421.47265625
34421.43359375
34421.40625
34421.37109375
34421.328125
34421.2890625
34421.25390625
34421.22265625
34421.18359375
34421.1484375
34421.1171875
34421.08203125
34421.05078125
34421.01171875
34420.98046875
34420.94140625
34420.9140625
34420.88671875
34420.8515625
34420.8125
34420.78125
34420.7421875
34420.703125
34420.66796875
34420.640625
34420.60546875
34420.578125
34420.54296875
34420.5078125
34420.48046875
34420.4453125
34420.421875
34420.390625
34420.35546875
34420.31640625
34420.28515625
34420.25390625
34420.21484375
34420.1875
34420.15625
34420.11328125
34420.08984375
34420.05078125
34420.01953125
34419.984375
34419.95703125
34419.92578125
34419.90234375
34419.8671875
34419.828125
34419.796875
34419.7734375
34419.74609375
34419.7109375
34419.6796875
34419.6484375
34419.6171875
34419.5859375
34419.55078125
34419.51171875
34419.484375
34419.453125
34419.421875
34419.39453125
34419.36328125
34419.328125
34419.296875
34419.26171875
34419.2265625
34419.1953125
34419.171875
34419.1328125
34419.1015625
34419.0625
34419.02734375
34418.9921875
34418.95703125
34418.92578125
34418.89453125
34418.8515625
34418.81640625
34418.77734375
34418.74609375
34418.703125
34418.671875
34418.640625
34418.6015625
34418.57421875
34418.52734375
34418.49609375
34418.453125
34418.41796875
34418.3828125
34418.3515625
34418.31640625
34418.27734375
34418.2421875
34418.2109375
34418.1796875
34418.140625
34418.09765625
34418.0703125
34418.0390625
34418.0078125
34417.96875
34417.9375
34417.89453125
34417.86328125
34417.828125
34417.7890625
34417.7578125
34417.7265625
34417.6953125
34417.6640625
34417.6328125
34417.59375
34417.5625
34417.53125
34417.49609375
34417.46484375
34417.4296875
34417.40234375
34417.37109375
34417.33984375
34417.296875
34417.27734375
34417.25
34417.21484375
34417.18359375
34417.1484375
34417.125
34417.09375
34417.05859375
34417.03125
34417.00390625
34416.97265625
34416.93359375
34416.90625
34416.87890625
34416.84765625
34416.82421875
34416.7890625
34416.765625
34416.73046875
34416.7109375
34416.67578125
34416.64453125
34416.625
34416.59375
34416.5546875
34416.53515625
34416.50390625
34416.48046875
34416.45703125
34416.42578125
34416.39453125
34416.3671875
34416.34375
34416.3203125
34416.29296875
34416.26953125
34416.23828125
34416.2109375
34416.1796875
34416.16015625
34416.1328125
34416.10546875
34416.08203125
34416.05078125
34416.0234375
34415.9921875
34415.96875
34415.9375
34415.9140625
34415.89453125
34415.8671875
34415.84375
34415.8203125
34415.79296875
34415.77734375
34415.7421875
34415.71484375
34415.69140625
34415.66796875
34415.64453125
34415.625
34415.59375
34415.56640625
34415.5390625
34415.51953125
34415.48828125
34415.46484375
34415.44921875
34415.421875
34415.390625
34415.375
34415.34375
34415.3203125
34415.29296875
34415.26953125
34415.25
34415.22265625
34415.20703125
34415.17578125
34415.1484375
34415.125
34415.09765625
34415.0703125
34415.05078125
34415.02734375
34414.99609375
34414.98046875
34414.953125
34414.9296875
34414.90625
34414.8828125
34414.85546875
34414.83203125
34414.80859375
34414.78515625
34414.765625
34414.73828125
34414.71875
34414.6953125
34414.6640625
34414.63671875
34414.62109375
34414.58984375
34414.5703125
34414.54296875
34414.5234375
34414.48828125
34414.46875
34414.4453125
34414.41796875
34414.39453125
34414.3671875
34414.33984375
34414.3203125
34414.29296875
34414.26953125
34414.25
34414.21875
34414.1953125
34414.1640625
34414.1484375
34414.12109375
34414.09765625
34414.06640625
34414.05078125
34414.0234375
34414.0
34413.9765625
34413.9453125
34413.921875
34413.89453125
34413.8671875
34413.84765625
34413.8203125
34413.79296875
34413.765625
34413.73828125
34413.703125
34413.6796875
34413.6484375
34413.62109375
34413.58984375
34413.5546875
34413.5234375
34413.5
34413.4609375
34413.4296875
34413.39453125
34413.359375
34413.328125
34413.29296875
34413.26171875
34413.2265625
34413.1796875
34413.1484375
34413.109375
34413.078125
34413.0390625
34413.00390625
34412.9609375
34412.91796875
34412.8828125
34412.83984375
34412.79296875
34412.76171875
34412.7109375
34412.66796875
34412.625
34412.578125
34412.5390625
34412.49609375
34412.453125
34412.40234375
34412.37109375
34412.3359375
34412.3203125
34412.3671875
34412.51171875
34412.7890625
34412.91015625
34412.484375
34412.03515625
34412.23046875
34412.4609375
34412.17578125
34412.0390625
34412.36328125
34412.48046875
34412.44140625
34412.78125
34413.01171875
34412.8125
34412.515625
34412.1796875
34411.66015625
34411.453125
34411.625
34411.76171875
34411.8046875
34411.796875
34411.5703125
34411.28515625
34411.203125
34411.234375
34411.2734375
34411.32421875
34411.2578125
34411.078125
34410.9765625
34410.94921875
34410.94140625
34410.95703125
34410.9375
34410.86328125
34410.76953125
34410.73046875
34410.70703125
34410.70703125
34410.71875
34410.71875
34410.703125
34410.7109375
34410.765625
34410.8515625
34411.0078125
34411.15234375
34411.359375
34411.47265625
34411.61328125
34411.5859375
34411.51953125
34411.28515625
34411.0
34410.64453125
34410.3359375
34410.15625
34410.13671875
34410.2421875
34410.40234375
34410.546875
34410.63671875
34410.63671875
34410.57421875
34410.4765625
34410.3828125
34410.32421875
34410.328125
34410.37890625
34410.484375
34410.6171875
34410.8125
34411.02734375
34411.29296875
34411.5234375
34411.6640625
34411.55859375
34411.234375
34410.8046875
34410.53515625
34410.70703125
34411.2890625
34412.52734375
34413.73828125
34415.734375
34416.23046875
34416.91015625
34414.87890625
34413.18359375
34412.3203125
34413.4609375
34415.4921875
34416.83203125
34416.37109375
34414.13671875
34412.50390625
34412.796875
34415.3359375
34418.16015625
34421.1640625
34421.62109375
34422.890625
34421.44921875
34421.0078125
34419.96875
34419.328125
34418.87109375
34418.84375
34419.65234375
34419.9921875
34420.0703125
34419.453125
34418.5
34417.6484375
34417.1015625
34417.2109375
34417.5859375
34418.26171875
34418.875
34419.6328125
34420.17578125
34420.65625
34420.5546875
34420.26953125
34419.98046875
34419.8515625
34419.74609375
34419.328125
34418.546875
34417.66796875
34417.23828125
34417.578125
34418.26953125
34418.8515625
34418.828125
34418.57421875
34418.5
34419.0
34419.984375
34421.078125
34421.76953125
34421.73046875
34420.79296875
34419.2890625
34417.67578125
34416.453125
34415.81640625
34415.6640625
34415.8984375
34416.30859375
34416.82421875
34417.1640625
34417.171875
34416.7265625
34416.03515625
34415.3359375
34414.921875
34414.7890625
34414.87109375
34415.01953125
34415.28515625
34415.71875
34416.2109375
34416.34765625
34415.75390625
34414.3046875
34412.56640625
34411.2734375
34410.91015625
34411.34375
34411.97265625
34412.34375
34412.08984375
34411.43359375
34410.87109375
34410.90234375
34411.53515625
34412.2421875
34412.5703125
34412.40625
34412.21875
34412.3984375
34413.07421875
34414.10546875
34415.453125
34417.3515625
34420.05859375
34423.41796875
34426.68359375
34428.3515625
34427.890625
34425.44921875
34422.9609375
34420.65234375
34418.87890625
34417.18359375
34416.0078125
34416.140625
34417.5546875
34419.0
34418.9375
34417.41015625
34415.640625
34415.0859375
34415.94140625
34417.4296875
34418.32421875
34417.921875
34416.07421875
34413.82421875
34412.51953125
34412.7265625
34413.77734375
34414.390625
34413.65234375
34412.0
34410.609375
34410.515625
34411.4921875
34412.6796875
34413.32421875
34413.51953125
34413.74609375
34414.2265625
34414.734375
34414.8046875
34414.3515625
34413.62890625
34413.05859375
34412.8359375
34412.7890625
34412.71484375
34412.6328125
34412.7578125
34413.1875
34413.8125
34414.359375
34414.75
34414.83984375
34414.703125
34414.33203125
34414.01171875
34413.93359375
34414.39453125
34415.41796875
34416.91015625
34418.45703125
34419.6796875
34420.21484375
34420.1328125
34419.71484375
34419.54296875
34419.9921875
34420.9453125
34421.921875
34422.33203125
34421.80078125
34420.33984375
34418.515625
34416.9921875
34416.25390625
34416.37109375
34417.08203125
34418.15625
34419.1796875
34420.171875
34420.6328125
34420.71484375
34419.4140625
34417.9609375
34415.82421875
34414.94140625
34414.1640625
34413.984375
34413.64453125
34413.234375
34413.13671875
34413.546875
34414.4453125
34415.0390625
34415.19140625
34414.65234375
34413.8984375
34413.1640625
34412.66015625
34412.671875
34413.171875
34414.28515625
34415.3125
34415.89453125
34415.22265625
34413.64453125
34411.55859375
34409.8984375
34408.91015625
34408.421875
34407.91796875
34407.32421875
34406.58984375
34406.171875
34406.2265625
34406.703125
34407.28515625
34407.66796875
34407.7890625
34407.671875
34407.578125
34407.64453125
34407.88671875
34408.18359375
34408.359375
34408.484375
34408.75390625
34409.44921875
34410.484375
34411.89453125
34413.1640625
34414.37890625
34415.015625
34415.609375
34415.62109375
34415.83984375
34415.59765625
34415.484375
34415.0
34414.48828125
34413.8203125
34413.31640625
34412.796875
34412.39453125
34412.21875
34412.19140625
34412.4375
34412.66015625
34412.94140625
34413.15625
34413.59375
34414.3359375
34415.734375
34417.48046875
34419.25
34419.953125
34419.6171875
34418.88671875
34419.3359375
34421.1875
34423.171875
34423.48828125
34421.62890625
34418.8046875
34417.3671875
34418.109375
34420.58984375
34422.515625
34422.70703125
34420.7109375
34417.70703125
34414.96875
34413.27734375
34412.70703125
34412.9453125
34413.70703125
34414.6796875
34415.62890625
34415.94921875
34415.59765625
34414.48828125
34413.296875
34412.30859375
34411.7578125
34411.43359375
34411.1484375
34410.734375
34410.24609375
34409.8125
34409.51171875
34409.19140625
34408.65234375
34407.8125
34406.90234375
34406.21875
34406.0859375
34406.49609375
34407.28125
34408.1171875
34408.80078125
34409.265625
34409.5234375
34409.65234375
34409.6484375
34409.6484375
34409.64453125
34409.80859375
34409.9765625
34410.36328125
34410.65625
34411.15625
34411.484375
34411.8046875
34411.7578125
34411.30078125
34410.44140625
34409.35546875
34408.5390625
34408.1640625
34408.5
34409.3359375
34410.45703125
34411.40234375
34412.0234375
34412.22265625
34412.46484375
34412.98828125
34413.75
34414.6796875
34414.91796875
34414.6953125
34413.69921875
34413.03125
34412.6953125
34412.77734375
34412.54296875
34411.51171875
34409.73828125
34407.890625
34406.703125
34406.46875
34407.0078125
34407.83203125
34408.67578125
34409.34375
34409.98046875
34410.7109375
34411.62890625
34412.65234375
34413.6953125
34414.58984375
34415.4296875
34416.25
34417.31640625
34418.48828125
34420.046875
34421.51953125
34423.4375
34424.6171875
34425.58203125
34424.6171875
34422.56640625
34419.0078125
34415.2109375
34411.9921875
34410.078125
34409.62109375
34410.18359375
34411.1796875
34411.55859375
34411.15625
34409.75
34407.93359375
34406.234375
34405.171875
34404.91796875
34405.30859375
34406.08984375
34406.953125
34407.87109375
34408.796875
34409.953125
34411.38671875
34413.23828125
34415.26171875
34417.140625
34418.37109375
34418.765625
34418.64453125
34418.21875
34417.5859375
34416.2265625
34414.046875
34411.41796875
34409.046875
34407.8203125
34407.9140625
34409.2421875
34411.05859375
34412.70703125
34413.46875
34413.20703125
34412.28125
34411.2421875
34410.65625
34410.58203125
34410.95703125
34411.44140625
34411.91015625
34412.37890625
34413.0078125
34413.8359375
34414.6484375
34415.08203125
34414.8359375
34413.90234375
34412.67578125
34411.5703125
34410.9765625
34411.05859375
34411.54296875
34412.21875
34412.4375
34411.91015625
34410.421875
34408.45703125
34406.62109375
34405.609375
34405.5703125
34406.20703125
34406.875
34407.0703125
34406.52734375
34405.515625
34404.53125
34403.9921875
34404.00390625
34404.2890625
34404.5625
34404.62109375
34404.47265625
34404.12890625
34403.65234375
34403.109375
34402.671875
34402.52734375
34402.8671875
34403.7890625
34405.203125
34406.97265625
34408.8828125
34410.91796875
34412.99609375
34415.375
34417.99609375
34421.27734375
34424.75390625
34428.42578125
34430.79296875
34431.58984375
34429.8125
34426.8828125
34423.98046875
34422.484375
34422.39453125
34422.77734375
34422.73046875
34421.55859375
34419.9609375
34419.078125
34419.91796875
34422.34765625
34424.71875
34425.65234375
34423.90625
34420.5078125
34416.60546875
34413.54296875
34411.65625
34410.80859375
34410.55859375
34410.53125
34410.6015625
34410.703125
34411.08203125
34411.7265625
34412.70703125
34413.703125
34414.51171875
34414.9296875
34414.8984375
34414.6015625
34414.1796875
34414.05859375
34414.546875
34415.72265625
34417.2265625
34418.375
34418.60546875
34417.47265625
34415.625
34413.62109375
34412.49609375
34412.140625
34412.578125
34413.04296875
34413.359375
34413.1015625
34412.765625
34412.72265625
34413.29296875
34414.03515625
34414.15234375
34413.19921875
34411.29296875
34409.40625
34408.33984375
34408.59765625
34409.890625
34411.515625
34412.98828125
34413.8046875
34414.48046875
34414.8359375
34416.0390625
34416.6484375
34417.30859375
34415.65625
34413.3828125
34410.66796875
34409.2734375
34409.6640625
34411.37109375
34413.5234375
34414.90234375
34415.3515625
34414.578125
34413.4765625
34412.4609375
34411.8203125
34411.71875
34411.95703125
34412.87890625
34413.84765625
34415.18359375
34416.01171875
34416.69140625
34416.73046875
34416.734375
34416.5625
34416.7109375
34416.97265625
34417.44921875
34417.703125
34417.640625
34417.38671875
34417.3671875
34417.73046875
34418.23046875
34418.66015625
34418.6328125
34418.25
34417.42578125
34416.3203125
34414.96484375
34413.20703125
34411.2265625
34409.2109375
34407.57421875
34406.7109375
34406.65625
34407.16796875
34407.84375
34408.41015625
34408.8359375
34409.296875
34409.85546875
34410.57421875
34411.17578125
34411.53515625
34411.49609375
34411.1484375
34410.71484375
34410.33984375
34410.1875
34410.03515625
34409.8828125
34409.421875
34408.8828125
34408.29296875
34407.8671875
34407.5390625
34407.26171875
34407.015625
34406.875
34407.08984375
34407.5625
34408.3046875
34408.8359375
34409.1171875
34408.93359375
34408.71484375
34408.69140625
34409.2109375
34409.99609375
34410.859375
34411.28125
34411.28515625
34410.82421875
34410.36328125
34410.1640625
34410.44140625
34411.20703125
34412.12109375
34413.01953125
34413.77734375
34414.5859375
34415.984375
34417.921875
34420.45703125
34422.80078125
34424.28125
34424.3515625
34423.03515625
34421.04296875
34419.40625
34418.796875
34419.14453125
34419.7265625
34419.90234375
34419.3203125
34418.15234375
34416.76953125
34415.72265625
34415.4921875
34416.33984375
34418.16796875
34420.65625
34423.33203125
34425.54296875
34426.84375
34427.12890625
34426.57421875
34425.3359375
34423.33984375
34420.9609375
34418.4609375
34416.33984375
34414.7109375
34413.62890625
34412.9375
34412.375
34412.00390625
34411.875
34412.109375
34412.484375
34412.81640625
34412.9375
34412.8125
34412.37109375
34411.57421875
34410.484375
34409.6015625
34409.21484375
34409.8125
34410.91796875
34412.65234375
34414.171875
34415.98046875
34416.9765625
34418.03125
34417.6171875
34416.78515625
34414.6953125
34412.65625
34410.73046875
34409.8671875
34409.98046875
34411.15234375
34412.68359375
34414.4921875
34415.9765625
34417.7109375
34418.921875
34420.03125
34419.91015625
34419.21875
34417.98046875
34417.35546875
34417.921875
34419.984375
34422.953125
34425.9453125
34427.89453125
34428.55078125
34427.9296875
34427.0625
34426.1953125
34425.87890625
34425.265625
34424.13671875
34421.91796875
34419.3359375
34416.9140625
34415.3046875
34414.5
34414.0546875
34413.5078125
34412.453125
34410.91796875
34408.93359375
34407.22265625
34405.8984375
34405.3828125
34405.4140625
34405.87890625
34406.6171875
34407.53515625
34408.6171875
34409.75
34410.9453125
34412.2265625
34413.59375
34414.8984375
34415.86328125
34416.30078125
34416.0703125
34415.6328125
34415.14453125
34414.99609375
34414.8203125
34414.8515625
34414.88671875
34415.23828125
34415.796875
34416.62109375
34417.71484375
34418.85546875
34419.88671875
34420.05859375
34419.0
34416.3203125
34412.75
34409.31640625
34407.38671875
34407.65234375
34409.94140625
34413.28125
34417.234375
34420.35546875
34424.20703125
34426.22265625
34428.86328125
34429.0
34428.546875
34426.2109375
34423.74609375
34421.515625
34419.8125
34418.53515625
34417.8046875
34418.21484375
34419.328125
34421.05078125
34422.25
34422.9140625
34422.58203125
34421.5
34419.34375
34416.4609375
34413.33984375
34410.7734375
34409.5
34409.16015625
34409.578125
34409.59765625
34409.0234375
34407.87109375
34406.86328125
34406.390625
34406.43359375
34406.859375
34407.234375
34407.77734375
34408.25
34409.07421875
34409.94140625
34410.99609375
34412.08203125
34413.578125
34415.87890625
34419.015625
34422.640625
34426.0
34429.0
34431.9140625
34436.28125
34441.5390625
34445.8828125
34443.98046875
34435.40625
34426.20703125
34422.3359375
34423.50390625
34425.0703125
34424.0703125
34421.59375
34420.25390625
34421.0
34421.74609375
34420.76171875
34417.9140625
34414.6953125
34412.25
34411.7421875
34412.203125
34413.015625
34412.85546875
34411.6875
34409.70703125
34407.609375
34406.2109375
34405.71875
34405.796875
34405.5859375
34405.1796875
34405.0546875
34405.91015625
34407.14453125
34408.40234375
34408.7265625
34408.96484375
34408.5234375
34408.2265625
34406.8984375
34405.1796875
34403.25390625
34401.859375
34401.6796875
34402.50390625
34404.57421875
34406.84375
34409.5625
34411.5703125
34413.28515625
34413.5078125
34413.08203125
34411.91015625
34411.20703125
34410.8828125
34410.97265625
34410.88671875
34410.41015625
34409.40234375
34408.4921875
34407.38671875
34406.86328125
34406.01171875
34405.4296875
34404.6640625
34404.2265625
34404.12890625
34404.09765625
34403.984375
34403.140625
34401.86328125
34400.23046875
34398.86328125
34397.8671875
34397.18359375
34396.64453125
34396.10546875
34395.77734375
34395.71484375
34396.19921875
34396.92578125
34397.95703125
34398.61328125
34399.3359375
34399.62890625
34400.67578125
34402.1171875
34404.6328125
34407.33203125
34409.91015625
34411.7109375
34412.7109375
34413.16015625
34413.31640625
34413.34375
34413.296875
34413.16796875
34413.3125
34413.87109375
34414.9296875
34415.9765625
34416.3828125
34415.9375
34414.9375
34414.52734375
34414.8515625
34416.375
34417.3984375
34417.82421875
34415.8359375
34412.79296875
34409.28515625
34407.234375
34406.91796875
34407.67578125
34408.31640625
34408.12109375
34407.1796875
34405.9140625
34405.35546875
34406.03125
34408.00390625
34411.125
34414.1015625
34416.4765625
34416.99609375
34416.09375
34413.86328125
34410.9375
34407.78125
34404.67578125
34402.171875
34400.4921875
34399.8515625
34399.90625
34400.34765625
34400.84375
34401.05859375
34401.140625
34400.9609375
34401.171875
34401.62890625
34402.73046875
34403.734375
34404.796875
34405.1015625
34405.375
34405.2578125
34405.6171875
34406.23046875
34407.4453125
34408.76171875
34410.15625
34411.1875
34412.14453125
34412.953125
34413.87890625
34414.4140625
34414.41796875
34413.26171875
34411.54296875
34409.1015625
34406.953125
34404.8203125
34403.17578125
34401.7578125
34400.68359375
34399.94140625
34399.55078125
34399.49609375
34399.58203125
34399.68359375
34399.6171875
34399.43359375
34399.234375
34399.16015625
34399.30078125
34399.74609375
34400.43359375
34401.2734375
34402.24609375
34403.16796875
34404.1796875
34405.015625
34405.84375
34406.453125
34406.87890625
34406.9609375
34406.51171875
34405.4765625
34403.89453125
34402.41015625
34401.4609375
34401.82421875
34403.12109375
34405.42578125
34407.80859375
34410.23046875
34412.00390625
34413.375
34413.875
34413.9765625
34413.46484375
34413.01953125
34412.6953125
34412.91796875
34413.640625
34414.67578125
34415.88671875
34416.80859375
34417.515625
34417.71875
34417.5078125
34416.75
34415.1484375
34412.84765625
34410.05859375
34407.3828125
34405.38671875
34404.1875
34403.73828125
34403.76953125
34404.265625
34405.140625
34406.5
34408.19921875
34409.92578125
34411.50390625
34412.55859375
34413.2265625
34413.2421875
34412.9765625
34412.30078125
34411.4609375
34410.5
34409.625
34409.1875
34409.1171875
34409.54296875
34409.9375
34410.39453125
34410.55859375
34410.58203125
34410.53125
34410.5546875
34410.86328125
34411.3125
34411.90234375
34412.5
34413.08984375
34413.4765625
34413.56640625
34413.23828125
34412.390625
34411.18359375
34409.59765625
34408.03125
34406.515625
34405.3984375
34404.58984375
34404.10546875
34404.03515625
34404.1640625
34405.13671875
34406.12109375
34408.09765625
34409.14453125
34410.53125
34410.0703125
34409.68359375
34407.78125
34406.5
34404.8125
34404.24609375
34404.41015625
34405.6953125
34407.65234375
34409.703125
34411.32421875
34411.671875
34410.99609375
34408.78515625
34406.04296875
34402.859375
34400.0078125
34397.71875
34396.0390625
34394.87890625
34394.0
34393.34375
34392.85546875
34392.59765625
34392.58203125
34392.7890625
34393.17578125
34393.6796875
34394.28515625
34395.015625
34396.01171875
34397.390625
34399.27734375
34401.453125
34403.58203125
34405.28125
34406.3984375
34407.0859375
34407.63671875
34408.203125
34408.5625
34408.4609375
34407.6171875
34406.2109375
34404.62109375
34403.6015625
34403.51953125
34404.6796875
34406.62890625
34409.0390625
34411.1875
34413.0078125
34414.26171875
34415.2734375
34415.9609375
34416.546875
34416.83203125
34417.125
34417.453125
34418.15234375
34419.0625
34419.7109375
34419.796875
34418.4296875
34415.859375
34411.9140625
34407.53515625
34403.40625
34400.45703125
34399.17578125
34399.72265625
34401.7890625
34404.48828125
34407.04296875
34408.51171875
34408.7734375
34407.8125
34406.3671875
34404.9140625
34404.08984375
34404.06640625
34404.80859375
34405.953125
34406.95703125
34407.4375
34407.24609375
34406.65234375
34406.0625
34405.59375
34405.29296875
34404.9296875
34404.83203125
34405.015625
34405.78515625
34406.82421875
34407.953125
34408.75390625
34409.17578125
34409.48046875
34410.09765625
34411.4375
34413.265625
34415.390625
34416.89453125
34417.8359375
34417.4609375
34416.92578125
34415.53515625
34414.73046875
34413.5078125
34412.765625
34411.8984375
34411.38671875
34411.30859375
34411.60546875
34412.125
34412.1171875
34411.4140625
34409.3203125
34406.65625
34403.69921875
34401.72265625
34400.55078125
34400.328125
34400.2265625
34400.16015625
34399.671875
34399.22265625
34398.70703125
34398.09375
34397.19140625
34395.95703125
34394.8359375
34394.23828125
34394.4296875
34395.10546875
34395.92578125
34396.4140625
34396.60546875
34396.52734375
34396.484375
34396.48046875
34396.46484375
34396.4609375
34396.5546875
34396.99609375
34397.59765625
34398.28515625
34398.640625
34398.71484375
34398.54296875
34398.57421875
34399.15234375
34400.55859375
34402.8671875
34405.7578125
34408.97265625
34412.2109375
34415.1875
34417.62890625
34418.875
34418.734375
34417.1640625
34415.19140625
34413.88671875
34414.328125
34416.703125
34420.3515625
34424.19140625
34426.796875
34427.5859375
34425.99609375
34422.78125
34418.671875
34415.046875
34412.76953125
34411.984375
34412.18359375
34412.203125
34411.6640625
34410.36328125
34409.25
34408.453125
34408.74609375
34409.48828125
34410.69921875
34411.75
34412.79296875
34413.84765625
34415.12890625
34416.16015625
34416.48046875
34415.53515625
34413.38671875
34410.515625
34407.60546875
34405.3671875
34403.91796875
34403.546875
34403.7734375
34404.74609375
34405.390625
34406.05859375
34405.29296875
34404.0625
34401.578125
34399.08984375
34396.9375
34395.796875
34395.86328125
34396.8359375
34398.09375
34398.76171875
34398.2578125
34396.41796875
34393.78125
34391.40234375
34389.99609375
34389.8828125
34390.66015625
34391.6953125
34392.5546875
34393.15234375
34393.7578125
34394.53515625
34395.421875
34396.16796875
34396.77734375
34397.3828125
34398.57421875
34400.55859375
34403.5546875
34407.16796875
34411.015625
34414.421875
34416.9609375
34418.35546875
34418.58203125
34418.01171875
34416.86328125
34415.640625
34414.11328125
34412.6171875
34411.23828125
34410.5703125
34410.7421875
34411.70703125
34412.640625
34413.390625
34413.3515625
34412.96484375
34412.40625
34412.27734375
34412.83203125
34414.09375
34415.8984375
34417.78125
34418.96484375
34418.43359375
34416.24609375
34412.15625
34408.08984375
34403.890625
34400.9375
34398.64453125
34397.02734375
34395.82421875
34394.796875
34393.91015625
34392.90625
34391.875
34390.6484375
34389.61328125
34389.07421875
34389.3515625
34390.70703125
34392.48828125
34394.48046875
34395.671875
34396.49609375
34396.9375
34397.75390625
34398.984375
34400.265625
34400.91796875
34400.6875
34399.55859375
34398.2890625
34397.36328125
34397.3359375
34398.11328125
34399.5625
34401.17578125
34402.625
34403.41796875
34403.37109375
34402.48828125
34401.13671875
34399.7109375
34398.9140625
34399.1953125
34401.01171875
34404.2578125
34408.72265625
34413.62890625
34418.4765625
34422.08984375
34424.16015625
34424.0625
34422.375
34419.8203125
34416.90234375
34414.09765625
34410.94921875
34407.828125
34404.7265625
34402.0546875
34399.84375
34398.0546875
34396.703125
34395.78125
34395.5703125
34396.11328125
34397.39453125
34399.25
34401.390625
34403.6484375
34405.734375
34407.74609375
34409.42578125
34410.6875
34411.31640625
34411.2109375
34410.73046875
34410.15234375
34410.2890625
34410.87109375
34411.75
34412.09375
34411.25
34409.234375
34406.1640625
34403.66015625
34401.55859375
34401.48046875
34401.16796875
34401.56640625
34400.5234375
34399.19921875
34397.48828125
34395.93359375
34394.66015625
34393.62890625
34392.8359375
34392.07421875
34391.6328125
34391.28515625
34391.140625
34390.94921875
34390.54296875
34389.9296875
34389.1015625
34388.4765625
34388.1484375
34388.4765625
34389.265625
34390.51171875
34391.8203125
34393.09375
34394.125
34395.0390625
34395.83203125
34396.84765625
34397.84375
34399.2109375
34400.41015625
34401.8515625
34403.21875
34404.98046875
34407.18359375
34409.81640625
34412.65625
34414.94140625
34416.2578125
34415.87890625
34413.96875
34410.95703125
34407.91796875
34405.734375
34404.76953125
34404.58203125
34404.61328125
34404.28515625
34403.8125
34403.2109375
34402.97265625
34402.49609375
34401.984375
34400.50390625
34398.60546875
34396.12890625
34393.80859375
34391.859375
34390.5
34389.58203125
34388.98828125
34388.546875
34388.203125
34387.859375
34387.4140625
34387.109375
34386.9296875
34387.35546875
34388.33203125
34390.19140625
34392.5234375
34395.38671875
34398.07421875
34400.46875
34401.984375
34402.70703125
34402.80078125
34402.92578125
34403.5546875
34404.8515625
34406.4609375
34407.875
34408.58984375
34408.515625
34407.890625
34407.390625
34407.4375
34408.35546875
34409.69921875
34411.125
34411.6953125
34411.26171875
34409.4765625
34406.81640625
34403.8203125
34401.28515625
34399.96484375
34400.1484375
34401.796875
34404.17578125
34406.546875
34407.87109375
34407.8515625
34406.2578125
34404.01171875
34401.6171875
34400.09375
34399.5078125
34400.0234375
34401.08203125
34402.40234375
34403.55859375
34404.5546875
34405.5234375
34406.69921875
34408.32421875
34409.83984375
34411.0703125
34410.7890625
34409.50390625
34406.85546875
34404.40625
34402.35546875
34401.62890625
34401.2890625
34401.44921875
34400.5234375
34398.984375
34396.1328125
34393.0078125
34390.05078125
34387.90625
34387.1171875
34387.55859375
34389.26953125
34391.70703125
34394.578125
34397.4140625
34399.87109375
34401.875
34403.328125
34404.6640625
34405.7578125
34406.80859375
34407.2890625
34407.26171875
34406.5078125
34405.35546875
34404.296875
34403.73828125
34403.875
34404.4375
34405.08203125
34405.2578125
34404.91015625
34403.9296875
34402.6875
34401.359375
34400.5390625
34400.328125
34401.2109375
34402.80078125
34404.9453125
34406.94140625
34408.62890625
34409.87109375
34410.60546875
34410.90234375
34410.40234375
34409.5078125
34408.609375
34408.6875
34409.45703125
34410.6796875
34411.23828125
34410.8125
34409.5
34407.4765625
34405.38671875
34403.1875
34401.3046875
34399.35546875
34397.796875
34396.41796875
34395.4375
34394.70703125
34394.39453125
34394.625
34395.39453125
34396.390625
34397.24609375
34397.421875
34396.71484375
34395.23046875
34393.62109375
34392.67578125
34392.91015625
34394.45703125
34397.1875
34400.7109375
34404.71484375
34408.60546875
34411.73046875
34413.39453125
34413.07421875
34411.1796875
34408.3984375
34406.41796875
34405.2421875
34405.7265625
34406.0703125
34407.015625
34406.7265625
34406.6640625
34405.8515625
34405.75
34405.4375
34405.80859375
34405.921875
34406.37109375
34406.6328125
34407.125
34407.5
34408.109375
34408.33984375
34408.5546875
34407.9765625
34407.03125
34405.44140625
34403.83203125
34402.35546875
34401.22265625
34400.2421875
34399.171875
34397.94140625
34396.7890625
34396.1484375
34396.28125
34397.21875
34398.8828125
34401.41015625
34404.90234375
34409.47265625
34414.28515625
34418.01171875
34418.38671875
34415.26953125
34410.4765625
34406.640625
34405.11328125
34405.2578125
34406.1015625
34406.90234375
34406.97265625
34406.09765625
34403.3671875
34399.8125
34395.7734375
34393.25
34391.9609375
34392.48046875
34393.46875
34394.7578125
34395.4609375
34395.53125
34394.93359375
34393.9609375
34392.78515625
34391.75390625
34390.8203125
34390.33203125
34390.140625
34390.5
34390.99609375
34391.38671875
34391.34375
34390.99609375
34390.8671875
34391.3359375
34392.7578125
34394.796875
34397.1171875
34399.13671875
34400.59765625
34401.62109375
34402.50390625
34403.74609375
34405.42578125
34407.234375
34408.7734375
34409.3515625
34409.2421875
34408.48828125
34408.0703125
34408.234375
34409.47265625
34411.28515625
34413.12890625
34414.1875
34414.078125
34412.85546875
34411.140625
34409.7734375
34409.703125
34411.4453125
34415.12890625
34420.61328125
34426.8125
34432.9453125
34436.41796875
34436.2421875
34432.27734375
34425.97265625
34418.83984375
34412.31640625
34407.1953125
34404.0234375
34402.34765625
34401.4375
34400.49609375
34399.30859375
34397.41015625
34395.03515625
34392.41796875
34390.75390625
34389.8984375
34389.4296875
34388.54296875
34387.08203125
34386.15625
34385.29296875
34385.95703125
34386.30078125
34387.671875
34388.6171875
34389.5390625
34390.20703125
34390.4296875
34390.1796875
34389.328125
34388.43359375
34387.83203125
34388.08984375
34388.9140625
34390.01171875
34391.11328125
34392.234375
34393.55078125
34395.23046875
34397.35546875
34399.81640625
34402.40625
34404.890625
34407.15234375
34409.12109375
34411.07421875
34412.84375
34414.51171875
34415.4375
34415.40234375
34413.9921875
34411.375
34408.015625
34404.46875
34401.3046875
34398.70703125
34396.80859375
34395.44140625
34394.3984375
34393.58984375
34393.0234375
34392.859375
34393.19921875
34393.97265625
34394.8984375
34395.5625
34395.7265625
34395.23828125
34394.45703125
34393.30859375
34392.19921875
34390.73046875
34389.37109375
34387.7578125
34386.75390625
34386.0625
34386.35546875
34386.96875
34388.0234375
34388.97265625
34389.921875
34391.0390625
34392.41015625
34394.4296875
34396.6171875
34399.28125
34401.37109375
34403.25390625
34403.984375
34404.1171875
34403.60546875
34403.078125
34403.17578125
34404.20703125
34406.44921875
34409.46875
34412.8984375
34415.7109375
34417.76171875
34418.69921875
34419.03125
34419.07421875
34418.8125
34418.375
34417.60546875
34416.796875
34415.8515625
34414.94921875
34414.0234375
34413.23828125
34412.34375
34410.87109375
34408.1328125
34403.875
34398.7109375
34393.77734375
34390.453125
34389.3203125
34390.25390625
34392.11328125
34393.7890625
34394.390625
34393.8984375
34392.703125
34391.6640625
34391.19921875
34391.73828125
34392.5546875
34393.51171875
34393.21484375
34392.07421875
34389.34765625
34386.41796875
34383.88671875
34382.72265625
34383.26953125
34385.0703125
34387.49609375
34389.62109375
34391.05078125
34391.50390625
34391.2421875
34390.76171875
34390.3203125
34390.4921875
34390.875
34391.89453125
34392.6171875
34393.6328125
34394.2734375
34395.16796875
34396.109375
34396.96484375
34397.484375
34397.1171875
34396.0546875
34394.5078125
34393.41015625
34393.40625
34395.0234375
34398.12109375
34402.2734375
34406.51171875
34410.7265625
34414.3046875
34418.30859375
34421.88671875
34425.5859375
34427.6953125
34427.9375
34425.8984375
34421.6640625
34416.6640625
34411.32421875
34407.078125
34403.8671875
34402.16015625
34401.4765625
34401.31640625
34401.33984375
34401.30859375
34401.390625
34401.34375
34401.3125
34400.8046875
34400.203125
34399.51953125
34399.2734375
34399.265625
34399.5703125
34399.8671875
34400.41796875
34401.203125
34402.37890625
34403.40625
34404.1953125
34404.578125
34405.09765625
34405.8203125
34406.98046875
34408.015625
34409.12109375
34409.8515625
34410.40234375
34410.0546875
34408.65625
34406.2890625
34403.65234375
34401.328125
34399.1328125
34396.78125
34393.85546875
34390.76953125
34387.9453125
34386.1796875
34385.5078125
34385.78125
34386.46484375
34387.171875
34387.9375
34388.69921875
34389.7734375
34390.66796875
34391.8125
34392.25390625
34393.06640625
34393.1015625
34393.640625
34393.69921875
34393.84375
34393.75
34393.08203125
34392.375
34391.66796875
34392.0078125
34393.2890625
34395.6640625
34397.97265625
34399.828125
34400.53125
34400.52734375
34400.1328125
34399.890625
34399.66796875
34399.33203125
34398.71875
34397.90625
34397.03125
34396.296875
34395.91796875
34396.16796875
34397.203125
34398.9375
34401.2578125
34403.65625
34406.2109375
34408.140625
34409.921875
34410.33984375
34410.296875
34408.55078125
34406.78125
34404.17578125
34402.48046875
34401.15625
34401.01171875
34401.5546875
34402.52734375
34403.3984375
34403.54296875
34402.95703125
34401.62109375
34400.32421875
34399.24609375
34399.07421875
34399.56640625
34400.62109375
34401.86328125
34402.8125
34403.4453125
34403.4375
34402.94921875
34401.9375
34400.6875
34399.59375
34399.00390625
34399.046875
34399.65625
34400.3203125
34400.93359375
34401.32421875
34401.6796875
34402.2109375
34402.96875
34404.07421875
34405.30859375
34406.48046875
34407.46875
34407.921875
34407.98046875
34407.19921875
34406.03125
34404.328125
34402.82421875
34401.28125
34399.953125
34398.28125
34396.3359375
34393.9765625
34391.7109375
34389.96875
34389.30859375
34389.76171875
34390.98046875
34392.5625
34393.99609375
34395.1640625
34395.9296875
34396.265625
34396.4375
34396.4140625
34396.59375
34396.52734375
34396.3984375
34395.671875
34395.0859375
34394.76953125
34395.51171875
34397.01953125
34399.0078125
34401.0078125
34402.23046875
34402.90234375
34402.79296875
34402.4765625
34402.5234375
34403.1015625
34404.71875
34407.1171875
34409.90234375
34412.265625
34413.859375
34414.65625
34414.48046875
34413.29296875
34410.9921875
34408.046875
34405.140625
34403.0234375
34402.07421875
34402.23828125
34402.85546875
34403.375
34403.328125
34402.7421875
34401.546875
34400.1171875
34398.28515625
34396.671875
34395.47265625
34395.10546875
34396.0078125
34397.5703125
34399.859375
34401.5
34402.78515625
34403.1015625
34403.16796875
34403.01171875
34402.9375
34402.8203125
34402.80859375
34402.921875
34403.27734375
34403.80859375
34403.9765625
34403.40625
34401.94921875
34400.01171875
34398.0703125
34396.4609375
34395.25
34394.51171875
34394.234375
34394.62890625
34395.4765625
34396.859375
34398.25390625
34399.6875
34400.70703125
34401.5078125
34402.171875
34402.84765625
34403.859375
34404.7109375
34405.29296875
34404.85546875
34403.73828125
34402.4609375
34401.9375
34402.52734375
34403.9375
34405.33203125
34406.03125
34405.70703125
34404.91015625
34404.03515625
34403.9921875
34404.1484375
34404.609375
34404.484375
34404.21484375
34403.91796875
34404.2578125
34405.2109375
34406.625
34407.6328125
34407.86328125
34406.765625
34404.89453125
34402.3046875
34400.0
34397.671875
34395.9921875
34394.2265625
34392.7734375
34391.28125
34390.26171875
34389.97265625
34390.609375
34392.3125
34394.5703125
34397.16015625
34399.203125
34400.69140625
34401.15625
34401.0625
34400.48046875
34399.9296875
34399.59765625
34399.82421875
34400.578125
34401.76171875
34402.86328125
34403.62109375
34403.59765625
34402.91015625
34401.8828125
34400.6328125
34399.60546875
34398.5859375
34397.9765625
34397.7890625
34398.14453125
34398.83984375
34399.70703125
34400.4140625
34401.03125
34401.26171875
34401.20703125
34400.50390625
34399.41796875
34397.70703125
34396.03125
34394.57421875
34393.92578125
34394.3984375
34395.375
34396.95703125
34397.71875
34397.921875
34396.96875
34395.62890625
34394.62109375
34394.20703125
34394.87109375
34396.01953125
34397.671875
34399.12109375
34400.56640625
34401.65234375
34402.44921875
34402.63671875
34402.1484375
34401.234375
34400.625
34401.13671875
34403.17578125
34406.43359375
34409.70703125
34411.9609375
34412.3984375
34411.265625
34409.2734375
34407.578125
34406.84375
34407.375
34408.69921875
34410.265625
34411.203125
34411.17578125
34409.97265625
34408.125
34406.53515625
34406.109375
34407.42578125
34409.76953125
34412.41015625
34413.4921875
34412.64453125
34409.29296875
34404.8515625
34400.37890625
34397.1015625
34395.19140625
34394.58984375
34394.78125
34395.5546875
34396.56640625
34398.01953125
34399.35546875
34400.67578125
34401.0546875
34400.515625
34398.84375
34396.6953125
34394.828125
34394.046875
34394.515625
34395.9375
34397.61328125
34398.73828125
34398.98046875
34398.25
34396.93359375
34395.390625
34393.875
34392.4921875
34391.04296875
34389.39453125
34387.390625
34385.33203125
34383.359375
34382.01953125
34381.25
34381.28125
34381.7265625
34382.7421875
34384.015625
34385.7734375
34387.8828125
34390.49609375
34393.4296875
34396.76953125
34400.41796875
34404.6171875
34409.125
34414.1171875
34418.71875
34423.2109375
34426.43359375
34429.46484375
34430.70703125
34431.5625
34430.22265625
34428.31640625
34425.08203125
34422.953125
34420.82421875
34420.9765625
34420.28125
34420.09765625
34418.09375
34415.3515625
34412.19921875
34409.359375
34407.1953125
34405.6171875
34404.32421875
34402.98828125
34401.51953125
34400.140625
34398.9296875
34398.12890625
34397.42578125
34396.85546875
34396.2109375
34395.5859375
34394.8984375
34394.15625
34393.3203125
34392.31640625
34391.17578125
34389.97265625
34388.75390625
34387.85546875
34387.203125
34387.20703125
34387.49609375
34388.3671875
34389.2734375
34390.078125
34390.26171875
34389.77734375
34388.875
34387.95703125
34387.53125
34387.68359375
34388.40625
34389.4921875
34390.76953125
34392.125
34393.4609375
34394.6015625
34395.69921875
34396.5859375
34397.6171875
34398.1015625
34398.171875
34396.9453125
34395.4609375
34393.55859375
34392.296875
34391.29296875
34390.93359375
34390.92578125
34391.6484375
34393.0546875
34395.64453125
34399.078125
34403.3046875
34407.64453125
34411.828125
34415.7421875
34419.31640625
34422.98046875
34426.51171875
34429.9375
34432.17578125
34432.85546875
34431.328125
34428.2578125
34424.9609375
34421.93359375
34420.25
34418.5
34417.046875
34415.14453125
34413.421875
34412.54296875
34413.109375
34414.6328125
34416.26953125
34416.31640625
34414.0625
34409.20703125
34403.22265625
34397.5390625
34394.0625
34392.9375
34393.98046875
34395.53515625
34396.6015625
34396.14453125
34394.578125
34392.58203125
34391.36328125
34390.984375
34391.49609375
34391.6875
34391.5859375
34390.49609375
34389.25
34387.6796875
34386.265625
34384.74609375
34383.34375
34382.35546875
34382.2578125
34383.41015625
34385.55078125
34388.37109375
34391.05859375
34393.53125
34394.97265625
34395.73828125
34395.08984375
34393.55078125
34391.16015625
34388.84765625
34387.3515625
34387.25390625
34388.57421875
34391.0859375
34394.0625
34397.23046875
34399.78125
34401.92578125
34403.5390625
34405.6328125
34408.66015625
34412.5234375
34416.57421875
34419.75390625
34422.14453125
34423.87890625
34426.125
34428.4375
34431.30078125
34432.765625
34433.75390625
34432.96484375
34432.09765625
34430.69921875
34429.2421875
34427.5078125
34424.75390625
34421.73046875
34418.125
34414.81640625
34411.32421875
34407.80078125
34404.0546875
34400.63671875
34397.96875
34396.28125
34395.375
34394.59765625
34393.37109375
34391.2734375
34388.4765625
34385.546875
34383.07421875
34381.47265625
34380.59375
34380.35546875
34380.21484375
34380.3828125
34380.203125
34380.40625
34380.26171875
34380.7265625
34381.03125
34381.84765625
34382.5625
34383.484375
34384.44921875
34385.6171875
34387.046875
34388.6875
34390.6171875
34392.5859375
34394.65625
34396.49609375
34398.15234375
34399.328125
34399.94140625
34399.80859375
34398.921875
34397.59765625
34396.296875
34395.5
34395.53515625
34396.5546875
34398.57421875
34401.57421875
34405.3203125
34409.29296875
34413.0625
34415.87890625
34418.0234375
34419.00390625
34419.91015625
34419.8671875
34419.6015625
34418.08984375
34415.53515625
34412.140625
34408.2734375
34405.16015625
34402.90625
34401.87890625
34401.125
34400.1875
34398.35546875
34395.7109375
34392.578125
34389.48828125
34387.00390625
34385.15234375
34384.01171875
34383.1875
34382.5859375
34382.08203125
34381.82421875
34382.00390625
34382.70703125
34383.8671875
34385.37109375
34386.96484375
34388.625
34390.0703125
34391.44140625
34392.2109375
34392.58984375
34392.08984375
34391.27734375
34390.4765625
34390.56640625
34391.890625
34394.5703125
34397.8984375
34401.5625
34404.5546875
34407.25
34408.6875
34409.7890625
34409.37890625
34408.66015625
34407.21484375
34406.296875
34405.76171875
34406.3359375
34407.2109375
34408.68359375
34409.4140625
34410.00390625
34409.71875
34409.90234375
34410.19921875
34411.703125
34413.375
34415.3984375
34416.2734375
34416.2578125
34415.02734375
34413.63671875
34412.5390625
34412.23828125
34413.015625
34414.52734375
34416.5859375
34417.70703125
34417.6640625
34415.6171875
34412.34375
34408.33203125
34404.5703125
34401.3828125
34398.91796875
34396.6484375
34394.14453125
34391.3828125
34388.72265625
34386.8203125
34386.08203125
34386.51171875
34387.80859375
34389.3984375
34391.11328125
34392.6015625
34393.95703125
34394.82421875
34395.08203125
34394.47265625
34393.30078125
34391.91015625
34390.73828125
34389.79296875
34389.1328125
34388.671875
34388.53515625
34388.76171875
34389.47265625
34390.86328125
34392.98046875
34395.7265625
34398.875
34402.1171875
34405.26171875
34408.04296875
34410.3203125
34411.890625
34412.82421875
34413.34375
34413.75
34414.3125
34415.078125
34415.73828125
34415.79296875
34414.5703125
34412.23828125
34409.3046875
34407.68359375
34407.25
34408.52734375
34408.9921875
34408.7109375
34406.37890625
34403.3984375
34400.3359375
34398.39453125
34397.82421875
34398.5625
34400.10546875
34402.03515625
34404.171875
34406.234375
34408.2734375
34409.85546875
34410.69921875
34410.3125
34408.44921875
34405.4140625
34401.70703125
34398.3515625
34395.828125
34394.54296875
34394.2421875
34394.53515625
34395.046875
34395.1484375
34395.04296875
34394.52734375
34394.1015625
34393.6953125
34393.484375
34393.26171875
34392.86328125
34392.27734375
34391.3125
34390.41015625
34389.3515625
34388.59765625
34387.94921875
34387.6484375
34387.5234375
34387.6484375
34387.87109375
34388.20703125
34388.48046875
34388.74609375
34388.97265625
34389.546875
34390.43359375
34392.16796875
34394.1875
34396.6328125
34398.26171875
34399.2421875
34398.6796875
34397.7265625
34396.44140625
34396.3046875
34397.00390625
34398.81640625
34400.83984375
34402.640625
34403.8515625
34404.375
34404.6875
34404.82421875
34405.4609375
34406.19140625
34407.7578125
34409.26171875
34411.453125
34412.76171875
34413.24609375
34411.61328125
34408.703125
34405.5625
34403.9140625
34404.2421875
34406.10546875
34408.0625
34408.8359375
34407.9375
34405.80859375
34403.46484375
34401.85546875
34401.25390625
34401.640625
34402.50390625
34403.5703125
34404.33984375
34404.66796875
34404.1484375
34402.7265625
34400.640625
34398.4140625
34396.859375
34396.24609375
34396.6796875
34397.4921875
34398.3046875
34398.19140625
34397.21484375
34395.19921875
34393.30859375
34391.640625
34391.453125
34391.74609375
34393.109375
34393.7890625
34394.22265625
34393.63671875
34392.57421875
34391.26171875
34389.9140625
34388.87109375
34388.23046875
34388.296875
34388.875
34389.953125
34391.1875
34392.5
34393.78515625
34395.0546875
34396.30078125
34397.5234375
34398.44921875
34399.33203125
34399.8203125
34400.6171875
34401.26171875
34402.7265625
34404.3984375
34407.37109375
34410.515625
34414.3125
34416.82421875
34418.12109375
34417.03125
34414.6484375
34411.9921875
34410.36328125
34410.390625
34411.2734375
34412.1640625
34412.28515625
34411.57421875
34410.3359375
34408.9375
34407.69140625
34406.68359375
34406.03515625
34406.0078125
34406.671875
34407.9921875
34409.48046875
34410.734375
34411.32421875
34410.99609375
34409.92578125
34407.9140625
34405.5859375
34402.71484375
34400.0078125
34397.67578125
34396.0859375
34395.234375
34394.5703125
34393.5390625
34391.61328125
34389.21484375
34386.8046875
34385.3046875
34384.734375
34385.1640625
34385.765625
34386.35546875
34386.734375
34387.4453125
34388.71875
34390.7578125
34393.40625
34396.4453125
34399.625
34402.6875
34405.50390625
34407.875
34409.75
34410.89453125
34411.3359375
34410.82421875
34409.48046875
34407.3125
34404.8515625
34402.40625
34400.66015625
34399.828125
34400.01953125
34400.7578125
34401.203125
34403.96875
34408.17578125
34408.33984375
34409.7265625
34408.78125
34407.0234375
34406.55078125
34404.81640625
34406.5625
34403.484375
34403.15234375
34399.71484375
34397.03125
34393.7421875
34392.48828125
34391.53515625
34392.671875
34392.98046875
34394.07421875
34393.36328125
34393.2734375
34392.609375
34392.1171875
34391.875
34391.96484375
34391.8515625
34391.484375
34390.48046875
34389.40625
34388.53515625
34388.1015625
34388.453125
34389.34765625
34390.875
34392.31640625
34394.03125
34395.17578125
34395.78125
34394.88671875
34392.83203125
34389.9453125
34387.31640625
34385.75
34385.65234375
34386.6953125
34388.27734375
34389.73828125
34390.96875
34392.2109375
34394.05859375
34396.79296875
34400.5234375
34404.51953125
34408.0078125
34410.0390625
34410.6953125
34410.41015625
34410.046875
34409.80078125
34409.5390625
34408.8515625
34407.546875
34405.84765625
34404.30859375
34403.42578125
34403.6484375
34404.5859375
34405.8203125
34406.26171875
34405.53125
34403.23828125
34400.08203125
34396.54296875
34393.65234375
34391.53515625
34390.57421875
34390.140625
34390.22265625
34390.046875
34390.0
34389.640625
34389.76953125
34390.02734375
34390.8203125
34391.5234375
34391.859375
34391.140625
34389.359375
34386.7109375
34384.1484375
34382.1953125
34381.40625
34381.24609375
34381.7578125
34382.33984375
34383.51953125
34384.875
34387.09765625
34389.37890625
34391.9765625
34393.8046875
34394.5625
34393.75390625
34391.4375
34388.2890625
34385.375
34383.3046875
34382.5234375
34382.80078125
34383.7890625
34385.23828125
34387.0078125
34389.12109375
34391.5
34394.07421875
34396.61328125
34399.07421875
34401.36328125
34403.6875
34406.0390625
34408.671875
34411.14453125
34413.48828125
34414.8984375
34415.5546875
34415.015625
34413.99609375
34412.85546875
34412.48828125
34413.1328125
34414.41796875
34415.65625
34415.70703125
34414.5234375
34411.5859375
34408.34765625
34404.83984375
34402.81640625
34401.85546875
34402.421875
34403.44921875
34404.56640625
34404.98828125
34404.4765625
34403.0234375
34401.05078125
34399.0390625
34397.16015625
34395.5625
34393.84375
34392.078125
34390.10546875
34388.17578125
34386.53125
34385.21484375
34384.20703125
34383.2734375
34382.27734375
34381.2265625
34380.2265625
34379.49609375
34378.87109375
34378.37109375
34377.69140625
34377.125
34376.76953125
34376.984375
34377.7265625
34378.90625
34380.20703125
34381.56640625
34382.76953125
34384.09375
34385.48828125
34387.61328125
34390.09765625
34393.640625
34397.0078125
34400.7890625
34403.125
34404.61328125
34404.08984375
34402.6875
34401.1796875
34400.875
34402.53515625
34405.984375
34410.3515625
34414.43359375
34417.16796875
34418.0
34417.1953125
34415.53515625
34414.00390625
34413.0078125
34412.56640625
34411.9921875
34410.95703125
34409.11328125
34406.984375
34404.65234375
34402.7421875
34401.06640625
34399.66796875
34398.0546875
34396.11328125
34393.93359375
34391.75390625
34390.09765625
34388.87890625
34388.34375
34388.0234375
34388.23828125
34388.48046875
34389.0625
34389.4609375
34389.87890625
34390.015625
34390.00390625
34389.82421875
34389.4765625
34389.015625
34388.30078125
34387.57421875
34386.8203125
34386.3671875
34386.13671875
34386.30859375
34386.56640625
34386.953125
34387.09375
34387.14453125
34386.83984375
34386.62109375
34386.48828125
34386.921875
34387.80078125
34389.4609375
34391.4453125
34393.86328125
34396.05078125
34398.046875
34399.296875
34400.171875
34400.59375
34401.18359375
34402.03125
34403.3046875
34404.73046875
34405.8671875
34406.42578125
34406.1015625
34405.15234375
34403.609375
34402.0078125
34400.36328125
34399.2265625
34398.53515625
34398.6171875
34399.0546875
34399.7109375
34399.95703125
34399.62109375
34398.609375
34397.09375
34395.46875
34393.86328125
34392.5390625
34391.23046875
34390.1015625
34388.93359375
34388.109375
34387.5
34387.58203125
34387.9140625
34388.93359375
34389.7421875
34390.8828125
34391.30078125
34391.80859375
34391.60546875
34391.375
34390.8046875
34390.54296875
34390.4609375
34390.9453125
34391.421875
34392.0625
34392.44140625
34392.80859375
34393.01171875
34393.03125
34392.79296875
34392.3359375
34391.87890625
34391.609375
34391.92578125
34392.93359375
34394.6484375
34396.765625
34398.86328125
34400.6328125
34401.890625
34402.66796875
34403.09765625
34403.3203125
34403.4765625
34403.76171875
34404.59765625
34406.20703125
34408.95703125
34412.5625
34416.8203125
34420.7109375
34423.73828125
34424.8671875
34423.9609375
34420.55078125
34415.54296875
34409.76171875
34404.921875
34400.96484375
34398.1484375
34395.328125
34392.7578125
34390.25390625
34388.578125
34387.828125
34388.0
34388.5546875
34389.08984375
34389.16015625
34388.94921875
34388.73046875
34389.16796875
34390.234375
34391.890625
34393.4140625
34394.87890625
34395.75390625
34396.6640625
34396.83984375
34396.80859375
34395.6484375
34394.1875
34392.7421875
34392.1171875
34392.609375
34394.1015625
34396.1640625
34398.2578125
34399.94140625
34401.03515625
34401.50390625
34401.73046875
34401.703125
34401.828125
34401.76171875
34401.78515625
34401.56640625
34401.15234375
34400.12109375
34398.4375
34395.953125
34393.375
34391.10546875
34389.9765625
34389.82421875
34390.6875
34391.8203125
34393.12109375
34394.09375
34394.8984375
34395.3046875
34395.6171875
34395.4765625
34395.12890625
34394.078125
34392.5703125
34390.51171875
34388.46875
34386.9375
34386.4296875
34387.10546875
34388.75390625
34390.84375
34392.6796875
34393.78515625
34393.9296875
34393.3671875
34392.5625
34392.12109375
34392.39453125
34393.625
34395.53125
34397.8203125
34399.8125
34401.34765625
34402.14453125
34402.640625
34403.00390625
34404.046875
34405.578125
34407.89453125
34409.8359375
34411.20703125
34410.953125
34409.6875
34407.6953125
34406.109375
34404.828125
34403.9765625
34402.6875
34401.296875
34399.26953125
34397.51953125
34395.515625
34394.3203125
34392.94140625
34392.5234375
34391.60546875
34391.37109375
34390.18359375
34389.11328125
34387.359375
34385.58203125
34383.92578125
34382.359375
34381.06640625
34379.92578125
34379.203125
34378.703125
34378.5859375
34378.77734375
34379.359375
34380.3125
34381.40625
34382.57421875
34383.6171875
34384.96484375
34386.73828125
34389.4375
34392.7265625
34396.62109375
34400.5390625
34404.2578125
34407.23046875
34409.1796875
34410.19140625
34410.33984375
34410.2734375
34409.98046875
34409.796875
34409.4609375
34409.0859375
34408.875
34408.87109375
34409.484375
34410.2578125
34411.390625
34411.82421875
34411.625
34409.8125
34407.08984375
34403.57421875
34400.2421875
34397.58203125
34395.90234375
34395.04296875
34394.6484375
34394.3515625
34393.90625
34393.5859375
34393.5234375
34393.77734375
34394.3203125
34394.703125
34394.7265625
34394.17578125
34393.21875
34392.05859375
34391.0390625
34390.28515625
34389.83203125
34389.44140625
34388.953125
34388.0703125
34386.8203125
34385.22265625
34383.5546875
34381.98828125
34380.8515625
34380.234375
34380.328125
34380.96484375
34382.125
34383.49609375
34384.90234375
34386.05078125
34386.9140625
34387.58984375
34388.36328125
34389.58203125
34391.44921875
34393.8515625
34396.5546875
34399.03515625
34400.90625
34401.921875
34402.21875
34402.375
34403.078125
34404.44921875
34406.296875
34407.7578125
34408.72265625
34408.49609375
34407.51953125
34405.578125
34403.375
34401.11328125
34399.59375
34399.0625
34399.9375
34401.84765625
34404.4765625
34407.17578125
34409.5859375
34411.30859375
34412.16015625
34411.921875
34410.34375
34407.44140625
34403.3515625
34398.83984375
34394.4765625
34391.1796875
34389.0546875
34388.4453125
34388.73828125
34389.90234375
34390.8828125
34391.68359375
34391.4296875
34390.62890625
34388.83984375
34387.07421875
34385.046875
34383.68359375
34382.6953125
34382.46875
34382.75390625
34383.4375
34384.2890625
34385.03125
34385.703125
34386.25
34387.0234375
34387.9453125
34389.38671875
34390.890625
34392.6171875
34393.6796875
34394.26953125
34393.6640625
34392.6796875
34391.49609375
34391.21484375
34392.1171875
34394.6328125
34398.30078125
34403.07421875
34408.1328125
34413.3203125
34417.78125
34421.46875
34423.63671875
34424.53125
34423.171875
34420.15625
34415.40625
34410.8671875
34407.59375
34406.70703125
34407.7421875
34409.953125
34411.9765625
34412.83984375
34411.5625
34408.01171875
34402.50390625
34396.76953125
34392.47265625
34390.546875
34390.453125
34391.13671875
34391.5234375
34391.32421875
34390.9609375
34391.1875
34392.3828125
34394.4140625
34396.76171875
34398.4765625
34399.03125
34398.0390625
34396.03515625
34393.546875
34391.65625
34390.40625
34390.078125
34389.921875
34389.90625
34389.35546875
34388.703125
34387.984375
34387.78515625
34387.84765625
34388.0625
34387.84375
34387.0703125
34385.796875
34384.48046875
34383.578125
34383.51953125
34384.43359375
34386.31640625
34388.86328125
34391.78125
34394.5703125
34396.7734375
34397.953125
34398.11328125
34397.296875
34396.4921875
34395.62890625
34396.05859375
34396.41796875
34398.1015625
34398.98046875
34400.6640625
34401.71484375
34403.1484375
34404.125
34405.05859375
34405.08984375
34404.859375
34404.01953125
34403.0078125
34401.5859375
34399.71875
34397.1953125
34394.23828125
34391.27734375
34388.8125
34387.35546875
34386.83203125
34387.16796875
34387.77734375
34388.50390625
34389.1796875
34389.91015625
34390.953125
34392.328125
34394.1171875
34395.953125
34397.8515625
34399.4609375
34401.0859375
