1292979.75
29744076.0
69905.4921875
63147.95703125
67478.625
135488.453125
1004164.25
1074427.375
396929.09375
590456.75
936358.5
895847.5625
678945.0625
436622.875
272473.15625
189372.921875
146307.640625
122013.046875
110162.0703125
113820.109375
153682.078125
219766.84375
174491.25
114972.890625
88422.859375
75896.296875
67934.234375
61827.44921875
56895.3671875
52877.98828125
49577.9140625
46858.96875
44612.4296875
42751.875
41190.15625
39850.52734375
38682.3203125
37659.9921875
36754.6875
35950.5703125
35225.5390625
34565.5859375
33960.078125
33402.6171875
32883.796875
32401.998046875
31960.607421875
31558.421875
31186.5
30829.0
30484.12109375
30156.853515625
29845.8671875
29549.6015625
29270.716796875
29006.326171875
28752.095703125
28507.67578125
28274.6796875
28051.39453125
27835.033203125
27625.9453125
27424.802734375
27231.77734375
27046.1015625
26866.75390625
26692.798828125
26523.87890625
26360.14453125
26202.095703125
26046.83203125
25896.21875
25750.40234375
25609.34375
25473.22265625
25340.396484375
25211.064453125
25083.8203125
24959.40234375
24837.626953125
24718.58203125
24602.6796875
24489.28515625
24378.728515625
24270.990234375
24166.17578125
24063.86328125
23963.736328125
23866.08984375
23770.97265625
23678.18359375
23587.51171875
23498.85546875
23412.349609375
23327.4453125
23245.4140625
23163.525390625
23084.498046875
23005.45703125
22928.830078125
22853.703125
22780.25390625
22708.2734375
22638.37109375
22568.87890625
22503.4453125
22432.826171875
22367.7421875
22307.453125
22237.880859375
22188.59765625
22151.65625
22110.57421875
22045.328125
21979.05078125
21912.419921875
21847.5390625
21793.970703125
21743.90234375
21700.1171875
21634.630859375
21574.8515625
21529.9453125
21481.3515625
21430.28515625
21375.931640625
21325.48828125
21275.81640625
21229.2734375
21175.751953125
21119.90625
21076.763671875
21032.86328125
20980.8203125
20934.4140625
20894.76171875
20849.81640625
20804.763671875
20761.51953125
20721.390625
20678.865234375
20637.630859375
20598.814453125
20560.99609375
20521.171875
20481.73046875
20443.8828125
20406.115234375
20368.427734375
20331.1953125
20294.646484375
20258.978515625
20222.203125
20186.658203125
20151.25390625
20116.26953125
20081.15625
20047.14453125
20013.017578125
19979.556640625
19946.12109375
19914.08984375
19881.798828125
19849.80859375
19818.2109375
19787.2421875
19756.1171875
19725.529296875
19695.142578125
19665.1875
19635.330078125
19605.70703125
19576.529296875
19547.640625
19518.6328125
19490.203125
19461.90625
19433.826171875
19406.009765625
19378.39453125
19350.97265625
19324.078125
19297.361328125
19270.833984375
19244.30078125
19218.05859375
19192.365234375
19166.84375
19141.3828125
19116.140625
19091.24609375
19066.68359375
19042.212890625
19017.904296875
18993.7734375
18969.99609375
18946.37890625
18922.86328125
18899.46875
18876.359375
18853.44140625
18830.669921875
18807.900390625
18785.3359375
18762.96875
18740.796875
18718.625
18696.4609375
18674.60546875
18652.87109375
18631.21875
18609.5625
18587.970703125
18566.466796875
18544.9921875
18523.671875
18502.17578125
18480.78515625
18459.201171875
18437.64453125
18416.033203125
18394.3203125
18372.498046875
18350.4921875
18328.421875
18306.33203125
18284.298828125
18262.27734375
18240.19921875
18218.23828125
18196.53125
18175.16796875
18154.08984375
18133.37890625
18113.22265625
18093.640625
18074.611328125
18055.84765625
18037.419921875
18019.30859375
18001.251953125
17983.30859375
17965.0
17946.72265625
17928.40234375
17909.830078125
17891.263671875
17872.548828125
17853.841796875
17835.427734375
17817.53125
17800.078125
17782.73046875
17765.08203125
17747.16796875
17729.08984375
17711.35546875
17694.076171875
17677.015625
17660.21484375
17643.5
17627.041015625
17610.4140625
17593.546875
17576.78125
17560.1875
17543.720703125
17527.4296875
17511.35546875
17495.265625
17479.23828125
17463.232421875
17447.44921875
17432.0078125
17416.6796875
17401.109375
17385.53125
17369.9921875
17354.79296875
17339.822265625
17324.916015625
17310.140625
17295.7890625
17281.802734375
17267.82421875
17252.84765625
17237.099609375
17221.484375
17207.16015625
17193.63671875
17179.650390625
17164.826171875
17149.86328125
17135.6015625
17122.140625
17108.560546875
17094.5234375
17080.10546875
17065.892578125
17052.5
17039.375
17025.88671875
17012.109375
16998.486328125
16985.271484375
16972.28515625
16959.14453125
16946.001953125
16933.078125
16920.46875
16907.859375
16895.265625
16882.6328125
16870.1015625
16857.73046875
16845.50390625
16833.283203125
16821.09375
16809.03125
16797.1484375
16785.296875
16773.43359375
16761.67578125
16749.90625
16738.08984375
16725.994140625
16713.98828125
16702.267578125
16690.83984375
16679.609375
16668.25390625
16656.59765625
16644.52734375
16632.81640625
16621.591796875
16610.48828125
16599.16015625
16587.529296875
16576.03125
16565.0078125
16554.265625
16543.6015625
16533.009765625
16522.330078125
16511.4921875
16500.34765625
16489.3125
16478.70703125
16468.6171875
16458.5703125
16448.33203125
16437.091796875
16424.47265625
16412.28125
16402.033203125
16392.58984375
16381.771484375
16369.611328125
16358.189453125
16348.37890625
16338.6103515625
16327.560546875
16316.171875
16305.5751953125
16295.232421875
16284.515625
16273.783203125
16263.53125
16253.38671875
16242.5
16231.63671875
16221.5693359375
16211.96484375
16201.94140625
16191.78125
16182.0751953125
16172.8583984375
16163.345703125
16152.5859375
16141.193359375
16130.056640625
16119.896484375
16110.5234375
16101.291015625
16091.66015625
16081.4189453125
16071.0078125
16061.1533203125
16051.7490234375
16042.5400390625
16033.61328125
16024.7841796875
16015.44140625
16005.845703125
15996.796875
15987.9794921875
15978.134765625
15967.4697265625
15957.2021484375
15947.740234375
15938.119140625
15928.3046875
15918.640625
15909.72265625
15901.0966796875
15892.029296875
15882.7431640625
15873.4716796875
15864.3623046875
15854.82421875
15844.9482421875
15835.2734375
15826.294921875
15817.697265625
15808.7333984375
15799.251953125
15789.166015625
15779.0830078125
15769.255859375
15760.1123046875
15751.462890625
15742.7880859375
15733.6484375
15724.0712890625
15714.4052734375
15705.1865234375
15696.35546875
15687.6279296875
15678.701171875
15669.623046875
15660.7099609375
15651.91796875
15643.37109375
15634.623046875
15625.8642578125
15616.9375
15608.33203125
15599.8720703125
15591.3583984375
15582.83984375
15574.11328125
15565.388671875
15556.8203125
15548.43359375
15540.0390625
15531.6640625
15523.2421875
15514.857421875
15506.46875
15498.16796875
15489.888671875
15481.919921875
15473.9775390625
15465.974609375
15457.78515625
15449.552734375
15441.46875
15433.525390625
15425.978515625
15418.544921875
15410.7578125
15402.642578125
15394.1826171875
15385.9140625
15378.0986328125
15370.591796875
15362.947265625
15354.99609375
15346.826171875
15338.947265625
15331.5869140625
15324.720703125
15317.90234375
15311.06640625
15304.3388671875
15297.70703125
15290.2490234375
15281.5439453125
15271.861328125
15262.845703125
15255.63671875
15249.4560546875
15243.025390625
15235.7001953125
15227.8828125
15219.890625
15212.1142578125
15204.9912109375
15198.294921875
15191.14453125
15183.4482421875
15175.87109375
15168.67578125
15161.9375
15154.5244140625
15146.65625
15138.2724609375
15130.09765625
15122.623046875
15115.83984375
15108.8935546875
15101.39453125
15093.7333984375
15086.498046875
15079.853515625
15073.6552734375
15067.923828125
15062.27734375
15056.24609375
15049.333984375
15040.9287109375
15031.755859375
15023.509765625
15016.8486328125
15010.640625
15003.287109375
14995.1240234375
14987.81640625
14982.2080078125
14976.9716796875
14970.4033203125
14962.2060546875
14954.087890625
14947.2822265625
14941.56640625
14935.501953125
14928.603515625
14921.0078125
14913.3076171875
14905.435546875
14897.8173828125
14890.8544921875
14884.11328125
14877.15625
14869.5625
14861.6640625
14853.947265625
14846.693359375
14840.029296875
14833.68359375
14827.0068359375
14819.83984375
14811.8330078125
14803.4140625
14795.29296875
14788.0361328125
14781.384765625
14774.732421875
14767.78125
14760.779296875
14754.408203125
14748.865234375
14744.251953125
14739.2861328125
14731.36328125
14722.623046875
14716.3046875
14710.451171875
14702.1875
14694.490234375
14689.365234375
14683.4228515625
14676.8515625
14671.1826171875
14665.5244140625
14659.0126953125
14652.861328125
14647.71875
14642.4189453125
14636.78125
14631.34375
14625.07421875
14618.24609375
14612.0458984375
14606.201171875
14599.611328125
14592.318359375
14585.08984375
14578.015625
14570.861328125
14564.5859375
14559.25
14554.2783203125
14548.744140625
14542.4921875
14536.01171875
14529.7626953125
14523.5419921875
14517.39453125
14511.66015625
14505.9404296875
14500.06640625
14493.9765625
14488.4306640625
14483.4990234375
14479.2353515625
14475.2236328125
14471.625
14467.228515625
14461.7763671875
14455.9599609375
14451.3232421875
14447.3720703125
14442.390625
14436.39453125
14431.271484375
14426.0517578125
14418.169921875
14407.330078125
14398.0712890625
14393.5498046875
14390.94921875
14385.759765625
14377.30078125
14370.0078125
14366.208984375
14363.947265625
14360.091796875
14353.7392578125
14346.4404296875
14339.7197265625
14334.4853515625
14330.6875
14326.349609375
14320.7587890625
14314.2490234375
14308.201171875
14303.091796875
14297.6494140625
14291.302734375
14284.560546875
14279.5087890625
14276.0537109375
14272.5205078125
14267.23046875
14259.70703125
14251.638671875
14244.2978515625
14238.201171875
14233.228515625
14228.9765625
14224.8642578125
14220.5576171875
14215.40234375
14209.82421875
14204.419921875
14200.4609375
14196.2578125
14192.57421875
14187.005859375
14182.1240234375
14177.1689453125
14171.7841796875
14164.9716796875
14157.470703125
14151.8525390625
14147.2392578125
14143.0263671875
14137.080078125
14129.9892578125
14123.1083984375
14117.5634765625
14113.236328125
14108.8837890625
14104.322265625
14099.57421875
14093.9765625
14087.681640625
14081.201171875
14075.2890625
14069.8828125
14064.45703125
14058.78125
14053.15234375
14048.044921875
14043.185546875
14038.2705078125
14033.1689453125
14028.0029296875
14022.927734375
14018.1171875
14013.318359375
14008.5205078125
14003.6689453125
13998.87109375
13994.0126953125
13989.400390625
13985.11328125
13981.119140625
13977.26953125
13973.45703125
13969.048828125
13964.70703125
13960.0029296875
13955.3544921875
13950.1005859375
13944.4111328125
13938.126953125
13931.8486328125
13925.724609375
13920.2109375
13915.037109375
13910.31640625
13905.69921875
13901.185546875
13896.625
13892.1162109375
13887.40625
13882.498046875
13877.3974609375
13872.2939453125
13867.4296875
13862.755859375
13858.4423828125
13854.1953125
13850.5478515625
13846.806640625
13843.611328125
13840.2900390625
13837.6416015625
13834.45703125
13831.376953125
13826.68359375
13821.189453125
13813.9453125
13806.775390625
13800.65625
13796.20703125
13792.58984375
13788.6025390625
13784.2900390625
13780.095703125
13776.318359375
13772.3046875
13767.955078125
13763.296875
13759.4189453125
13755.646484375
13751.0986328125
13745.2353515625
13739.115234375
13733.8916015625
13729.6484375
13726.150390625
13722.552734375
13719.3681640625
13716.0791015625
13712.7724609375
13709.337890625
13705.4169921875
13700.6328125
13694.5380859375
13687.490234375
13680.6171875
13675.076171875
13671.00390625
13667.689453125
13664.2900390625
13660.541015625
13656.7001953125
13652.734375
13648.3837890625
13643.15625
13637.7587890625
13632.466796875
13628.70703125
13625.3291015625
13622.3134765625
13617.900390625
13612.3076171875
13605.609375
13599.017578125
13593.58203125
13589.1748046875
13585.646484375
13582.171875
13578.525390625
13574.1376953125
13569.5078125
13564.7685546875
13560.6796875
13556.984375
13553.99609375
13551.3037109375
13549.005859375
13546.9951171875
13545.037109375
13542.673828125
13539.099609375
13534.3876953125
13529.025390625
13523.62890625
13519.134765625
13514.9296875
13511.58203125
13507.8173828125
13504.0908203125
13499.732421875
13495.5458984375
13491.22265625
13486.3212890625
13481.259765625
13475.521484375
13470.8505859375
13466.642578125
13462.974609375
13459.0634765625
13454.830078125
13449.8837890625
13445.1708984375
13440.5380859375
13437.05078125
13433.5537109375
13430.287109375
13426.37890625
13422.0703125
13418.02734375
13414.9306640625
13412.591796875
13410.2109375
13406.216796875
13400.056640625
13392.5546875
13385.4921875
13380.2490234375
13376.8544921875
13374.125
13370.7431640625
13366.5419921875
13361.6015625
13356.90234375
13352.818359375
13349.5751953125
13346.8203125
13344.197265625
13341.181640625
13337.4453125
13333.3994140625
13329.1650390625
13325.5908203125
13322.2734375
13319.6865234375
13316.708984375
13313.869140625
13310.1240234375
13307.26953125
13304.318359375
13302.958984375
13301.7626953125
13301.4990234375
13300.7080078125
13298.97265625
13295.654296875
13289.947265625
13282.322265625
13273.95703125
13266.3662109375
13261.2841796875
13258.953125
13258.45703125
13257.9453125
13256.68359375
13253.619140625
13249.802734375
13245.46875
13241.5166015625
13237.6953125
13233.369140625
13228.978515625
13224.93359375
13221.8857421875
13218.552734375
13214.6201171875
13210.046875
13204.75
13200.515625
13198.2099609375
13198.7734375
13199.212890625
13198.2841796875
13191.798828125
13182.400390625
13173.46875
13167.9609375
13165.396484375
13162.044921875
13157.3798828125
13151.6748046875
13147.724609375
13145.263671875
13143.41796875
13140.0849609375
13135.77734375
13131.826171875
13129.8974609375
13128.8515625
13127.7265625
13124.4169921875
13120.708984375
13116.5537109375
13113.708984375
13110.0693359375
13106.158203125
13101.255859375
13096.455078125
13091.845703125
13087.208984375
13082.3720703125
13077.5654296875
13073.146484375
13069.306640625
13065.7724609375
13062.337890625
13059.13671875
13056.21484375
13053.01953125
13049.62109375
13045.52734375
13042.1865234375
13039.37890625
13038.431640625
13037.5390625
13037.8525390625
13035.806640625
13033.40625
13029.4521484375
13026.24609375
13024.2314453125
13022.9140625
13021.15625
13017.7939453125
13013.365234375
13007.787109375
13002.5498046875
12997.34765625
12992.2646484375
12986.943359375
12981.7607421875
12976.7314453125
12972.5791015625
12968.623046875
12965.68359375
12962.2578125
12959.572265625
12955.7470703125
12952.6064453125
12948.7216796875
12945.4453125
12941.3759765625
12937.1533203125
12932.01953125
12927.267578125
12923.2109375
12920.3486328125
12918.33984375
12916.826171875
12915.609375
12914.5498046875
12913.4501953125
12911.482421875
12907.6923828125
12901.9150390625
12895.533203125
12889.7333984375
12886.015625
12883.40625
12881.66796875
12878.8115234375
12875.3193359375
12870.8564453125
12866.751953125
12863.107421875
12860.1845703125
12857.5029296875
12854.423828125
12850.9189453125
12846.4951171875
12841.7939453125
12837.154296875
12833.818359375
12831.28125
12829.642578125
12827.232421875
12824.421875
12820.9609375
12817.5244140625
12814.3515625
12810.94140625
12807.5732421875
12803.828125
12800.7255859375
12798.18359375
12796.6123046875
12795.646484375
12795.1884765625
12794.2353515625
12792.34375
12788.990234375
12784.5703125
12778.94921875
12773.60546875
12751.755859375
12756.8896484375
12758.376953125
12743.06640625
12752.6279296875
12744.3515625
12738.8994140625
12743.919921875
12733.8798828125
12734.232421875
12733.322265625
12726.4658203125
12727.52734375
12723.646484375
12720.134765625
12719.7265625
12715.705078125
12713.7998046875
12712.10546875
12708.791015625
12707.1572265625
12704.953125
12702.23828125
12700.5087890625
12698.10546875
12695.609375
12693.81640625
12691.4169921875
12689.09765625
12687.2509765625
12684.783203125
12682.6767578125
12680.625
12678.33203125
12676.2578125
12674.1533203125
12671.83984375
12669.8369140625
12667.69140625
12665.5126953125
12663.4521484375
12661.314453125
12659.1279296875
12657.0751953125
12654.89453125
12652.8212890625
12650.748046875
12648.615234375
12646.5048828125
12644.404296875
12642.302734375
12640.1962890625
12638.048828125
12635.927734375
12633.8486328125
12631.736328125
12629.685546875
12627.5380859375
12625.421875
12623.3720703125
12621.205078125
12619.111328125
12617.0458984375
12614.876953125
12612.79296875
12610.6572265625
12608.560546875
12606.4697265625
12604.302734375
12602.2080078125
12600.140625
12598.05078125
12595.8984375
12593.75
12591.677734375
12589.5693359375
12587.439453125
12585.2861328125
12583.1533203125
12581.0419921875
12578.859375
12576.7333984375
12574.54296875
12572.333984375
12570.0537109375
12567.8046875
12565.4765625
12563.0234375
12560.5673828125
12558.0
12555.361328125
12552.693359375
12549.962890625
12547.330078125
12544.689453125
12542.169921875
12539.654296875
12537.23828125
12534.931640625
12532.607421875
12530.24609375
12527.8837890625
12525.41015625
12522.9814453125
12520.564453125
12518.162109375
12515.7353515625
12513.421875
12511.0263671875
12508.734375
12506.42578125
12504.1328125
12501.873046875
12499.6259765625
12497.404296875
12495.1748046875
12492.962890625
12490.7197265625
12488.572265625
12486.37109375
12484.240234375
12482.03125
12479.8037109375
12477.6728515625
12475.48828125
12473.3388671875
12471.19921875
12468.9873046875
12466.896484375
12464.763671875
12462.537109375
12460.419921875
12458.34765625
12456.25390625
12454.12890625
12451.888671875
12449.8515625
12447.7412109375
12445.5859375
12443.5478515625
12441.41015625
12439.32421875
12437.23046875
12435.09375
12433.0048828125
12430.95703125
12428.78515625
12426.7392578125
12424.673828125
12422.5556640625
12420.4306640625
12418.3359375
12416.30078125
12414.1962890625
12412.078125
12410.033203125
12407.935546875
12405.908203125
12403.7744140625
12401.6484375
12399.6123046875
12397.546875
12395.501953125
12393.3974609375
12391.296875
12389.26953125
12387.251953125
12385.103515625
12383.06640625
12380.9921875
12378.9013671875
12376.8974609375
12374.7890625
12372.751953125
12370.716796875
12368.623046875
12366.580078125
12364.50390625
12362.443359375
12360.455078125
12358.3876953125
12356.33203125
12354.291015625
12352.2490234375
12350.1923828125
12348.087890625
12346.08203125
12344.0947265625
12342.0029296875
12339.974609375
12337.9453125
12335.8974609375
12333.890625
12331.8486328125
12329.74609375
12327.759765625
12325.716796875
12323.75390625
12321.6484375
12319.6796875
12317.6572265625
12315.6025390625
12313.5859375
12311.56640625
12309.53515625
12307.5390625
12305.5146484375
12303.47265625
12301.4755859375
12299.478515625
12297.427734375
12295.47265625
12293.416015625
12291.439453125
12289.3818359375
12287.392578125
12285.38671875
12283.333984375
12281.296875
12279.330078125
12277.32421875
12275.314453125
12273.3076171875
12271.3330078125
12269.37890625
12267.4892578125
12265.66015625
12263.9501953125
12262.6650390625
12260.900390625
12259.484375
12256.41015625
12253.7353515625
12251.7890625
12250.46875
12249.5859375
12247.40234375
12244.896484375
12242.5703125
12240.58203125
12238.681640625
12236.0732421875
12233.8427734375
12232.208984375
12230.4970703125
12228.34765625
12225.80078125
12223.748046875
12222.0078125
12220.037109375
12217.7685546875
12215.6240234375
12213.685546875
12211.712890625
12209.4619140625
12207.2890625
12205.3798828125
12203.3369140625
12201.087890625
12198.8583984375
12196.6591796875
12194.640625
12192.439453125
12190.1640625
12187.91796875
12185.765625
12183.6884765625
12181.64453125
12179.623046875
12177.6552734375
12175.69140625
12173.720703125
12171.857421875
12169.9912109375
12168.1318359375
12166.31640625
12164.546875
12162.8564453125
12161.2529296875
12159.677734375
12157.8359375
12155.779296875
12153.3115234375
12150.6474609375
12148.017578125
12145.8203125
12143.9794921875
12142.34765625
12140.720703125
12138.7548828125
12136.603515625
12134.3486328125
12132.12890625
12130.1171875
12128.3056640625
12126.46484375
12124.625
12122.6328125
12120.544921875
12118.41796875
12116.4150390625
12114.541015625
12112.6875
12110.830078125
12108.8447265625
12106.8486328125
12104.818359375
12102.859375
12100.8876953125
12098.99609375
12097.05078125
12095.169921875
12093.23828125
12091.2373046875
12089.232421875
12087.310546875
12085.4033203125
12083.4833984375
12081.51953125
12079.646484375
12077.732421875
12075.779296875
12073.783203125
12071.8955078125
12069.92578125
12068.0078125
12066.111328125
12064.173828125
12062.275390625
12060.349609375
12058.44140625
12056.4697265625
12054.5625
12052.6416015625
12050.7470703125
12048.8681640625
12046.8623046875
12044.994140625
12043.07421875
12041.1591796875
12039.255859375
12037.27734375
12035.421875
12033.5185546875
12031.6171875
12029.703125
12027.783203125
12025.919921875
12024.0263671875
12022.08203125
12020.220703125
12018.29296875
12016.412109375
12014.548828125
12012.5390625
12010.658203125
12008.77734375
12006.91015625
12005.009765625
12003.0673828125
12001.2080078125
11999.287109375
11997.388671875
11995.5166015625
11993.56640625
11991.7158203125
11989.796875
11987.923828125
11986.0537109375
11984.158203125
11982.236328125
11980.326171875
11978.45703125
11976.6015625
11974.6982421875
11972.7958984375
11970.95703125
11969.0458984375
11967.10546875
11965.236328125
11963.392578125
11961.45703125
11959.587890625
11957.7080078125
11955.8046875
11953.951171875
11952.025390625
11950.1708984375
11948.306640625
11946.5
11944.6455078125
11942.818359375
11941.0703125
11939.3251953125
11937.6845703125
11936.0751953125
11934.771484375
11933.005859375
11931.71484375
11929.751953125
11928.125
11926.271484375
11924.478515625
11922.546875
11920.47265625
11918.30078125
11916.044921875
11913.8525390625
11911.7822265625
11910.0078125
11908.1669921875
11906.5361328125
11904.55859375
11902.9169921875
11900.7421875
11898.69140625
11896.41796875
11894.2890625
11892.158203125
11890.2587890625
11888.490234375
11886.765625
11885.1484375
11883.34765625
11881.58203125
11879.5703125
11877.689453125
11875.77734375
11873.91015625
11872.0107421875
11870.080078125
11868.177734375
11866.23828125
11864.287109375
11862.3857421875
11860.5712890625
11858.7646484375
11856.939453125
11855.078125
11853.271484375
11851.4775390625
11849.662109375
11847.8154296875
11846.0224609375
11844.2626953125
11842.431640625
11840.5419921875
11838.751953125
11836.943359375
11835.197265625
11833.2490234375
11831.50390625
11829.662109375
11827.876953125
11826.0
11824.166015625
11822.3740234375
11820.5546875
11818.7060546875
11816.9345703125
11815.0771484375
11813.314453125
11811.474609375
11809.6923828125
11807.9130859375
11806.1669921875
11804.341796875
11802.5888671875
11800.7587890625
11799.03515625
11797.26953125
11795.529296875
11793.7138671875
11792.0498046875
11790.333984375
11788.71484375
11787.1494140625
11785.443359375
11784.1640625
11782.2880859375
11780.68359375
11778.7744140625
11777.130859375
11775.5859375
11774.3720703125
11773.462890625
11772.86328125
11772.275390625
11771.55078125
11770.064453125
11767.62109375
11764.7197265625
11761.724609375
11759.783203125
11758.0244140625
11756.71875
11755.189453125
11753.4501953125
11751.73046875
11750.28125
11748.9521484375
11747.5595703125
11745.9365234375
11743.9296875
11741.9912109375
11739.8671875
11737.94921875
11735.9912109375
11734.23828125
11732.763671875
11731.533203125
11730.666015625
11729.6943359375
11728.67578125
11727.013671875
11725.330078125
11723.0703125
11721.0322265625
11718.787109375
11716.9599609375
11714.9384765625
11713.2099609375
11711.3310546875
11709.568359375
11707.763671875
11706.01171875
11704.2392578125
11702.6787109375
11701.3671875
11700.3359375
11699.7509765625
11699.5849609375
11700.029296875
11700.537109375
11701.216796875
11701.251953125
11700.6044921875
11698.5234375
11695.478515625
11692.130859375
11689.498046875
11687.75
11686.587890625
11685.173828125
11682.9033203125
11679.689453125
11676.2412109375
11673.5107421875
11671.8798828125
11671.408203125
11670.9873046875
11670.6357421875
11669.33984375
11667.91796875
11666.091796875
11664.169921875
11661.8828125
11658.5810546875
11655.224609375
11651.5498046875
11649.1357421875
11647.4208984375
11646.357421875
11645.0078125
11643.0986328125
11640.544921875
11637.56640625
11634.63671875
11632.0703125
11629.900390625
11628.09765625
11626.6650390625
11625.443359375
11624.232421875
11622.9384765625
11621.49609375
11620.03515625
11618.708984375
11617.3349609375
11616.0498046875
11614.6865234375
11613.275390625
11611.6640625
11609.724609375
11607.703125
11605.4453125
11603.380859375
11601.28125
11599.478515625
11597.705078125
11596.181640625
11594.6171875
11593.2158203125
11591.884765625
11590.3984375
11588.751953125
11586.943359375
11585.0517578125
11583.220703125
11581.55859375
11580.2568359375
11579.365234375
11578.794921875
11578.5830078125
11578.36328125
11578.291015625
11577.982421875
11577.79296875
11577.1162109375
11576.00390625
11573.7919921875
11570.7587890625
11567.224609375
11563.908203125
11561.3955078125
11559.796875
11558.9326171875
11558.505859375
11557.787109375
11556.37890625
11554.5546875
11552.09375
11549.6103515625
11546.8349609375
11544.2451171875
11541.580078125
11539.16015625
11536.9970703125
11535.2822265625
11533.8662109375
11532.67578125
11531.412109375
11530.083984375
11528.3427734375
11526.455078125
11524.3662109375
11522.3544921875
11520.4443359375
11518.7119140625
11517.189453125
11516.0732421875
11515.2421875
11514.830078125
11514.3984375
11514.107421875
11513.2578125
11511.96484375
11509.833984375
11507.482421875
11504.9306640625
11502.615234375
11500.64453125
11499.15625
11497.7978515625
11496.8583984375
11495.5537109375
11494.5
11492.861328125
11491.603515625
11490.220703125
11489.345703125
11488.169921875
11486.822265625
11484.501953125
11481.654296875
11478.3359375
11475.1904296875
11472.6650390625
11470.7763671875
11469.375
11468.138671875
11466.5244140625
11464.6845703125
11462.56640625
11460.5146484375
11458.736328125
11457.5146484375
11456.53125
11455.638671875
11454.625
11453.5068359375
11452.37109375
11451.328125
11450.20703125
11448.9423828125
11447.33203125
11445.189453125
11442.720703125
11440.2861328125
11438.15234375
11436.5400390625
11435.0869140625
11434.142578125
11432.59375
11431.3232421875
11429.2265625
11427.537109375
11425.666015625
11424.341796875
11423.154296875
11422.515625
11421.712890625
11420.82421875
11419.5244140625
11418.01953125
11415.998046875
11413.8017578125
11411.49609375
11409.388671875
11407.595703125
11406.37890625
11405.59375
11405.0859375
11404.3447265625
11403.0234375
11400.6552734375
11397.5927734375
11393.8857421875
11390.431640625
11387.474609375
11385.2509765625
11383.5224609375
11381.9560546875
11380.263671875
11378.3037109375
11376.072265625
11373.880859375
11371.7666015625
11370.04296875
11368.837890625
11368.07421875
11367.501953125
11366.794921875
11365.908203125
11364.5126953125
11363.1435546875
11361.6044921875
11360.560546875
11359.3623046875
11358.498046875
11357.623046875
11357.142578125
11356.8974609375
11357.2509765625
11357.73828125
11358.47265625
11358.5068359375
11358.4775390625
11357.3515625
11356.212890625
11354.048828125
11352.162109375
11349.8037109375
11347.908203125
11346.3515625
11345.310546875
11344.5576171875
11343.0986328125
11340.685546875
11336.9599609375
11332.8173828125
11328.65625
11325.640625
11323.671875
11323.0302734375
11322.73046875
11322.9150390625
11322.3369140625
11321.111328125
11318.474609375
11315.0869140625
11311.259765625
11307.55859375
11304.41796875
11302.171875
11300.427734375
11299.365234375
11298.1484375
11297.15234375
11295.646484375
11294.064453125
11292.08984375
11290.0859375
11288.181640625
11286.599609375
11285.3603515625
11284.37109375
11283.48046875
11282.6005859375
11281.7041015625
11280.564453125
11279.6376953125
11278.6435546875
11277.98046875
11276.9697265625
11276.037109375
11274.392578125
11272.466796875
11269.7138671875
11267.1083984375
11264.513671875
11262.5234375
11261.1015625
11260.283203125
11259.873046875
11259.83203125
11260.1201171875
11260.3994140625
11260.654296875
11260.279296875
11259.482421875
11257.5224609375
11255.1962890625
11252.326171875
11249.984375
11248.275390625
11247.2587890625
11246.52734375
11245.6201171875
11244.5458984375
11242.8515625
11241.021484375
11238.732421875
11236.6083984375
11233.994140625
11231.4091796875
11228.3994140625
11225.3515625
11222.4462890625
11220.2099609375
11218.8203125
11218.2373046875
11217.97265625
11217.408203125
11216.1875
11213.880859375
11211.1083984375
11208.22265625
11206.162109375
11204.8349609375
11204.2236328125
11203.53515625
11202.728515625
11201.5673828125
11200.3544921875
11199.1611328125
11198.146484375
11197.1416015625
11196.0361328125
11194.6474609375
11193.1103515625
11191.5859375
11190.0537109375
11188.630859375
11187.16796875
11185.8349609375
11184.4013671875
11182.861328125
11181.244140625
11179.640625
11178.0244140625
11176.66796875
11175.5537109375
11174.728515625
11173.9912109375
11173.2724609375
11172.5908203125
11171.775390625
11170.919921875
11169.998046875
11168.958984375
11167.62890625
11165.966796875
11163.90625
11161.6015625
11159.26171875
11156.9814453125
11154.607421875
11152.0830078125
11149.3623046875
11146.833984375
11144.640625
11142.765625
11141.251953125
11139.7890625
11138.138671875
11136.2998046875
11134.380859375
11132.599609375
11131.0087890625
11129.6220703125
11128.421875
11127.1494140625
11126.04296875
11124.96875
11124.17578125
11123.330078125
11122.552734375
11121.53125
11120.453125
11119.2412109375
11117.970703125
11117.056640625
11116.23046875
11115.9169921875
11115.3076171875
11115.0830078125
11114.404296875
11113.80078125
11112.7080078125
11111.630859375
11110.08984375
11108.6298828125
11106.7578125
11104.998046875
11103.1689453125
11101.783203125
11100.6650390625
11099.9169921875
11099.396484375
11098.8212890625
11097.84375
11096.4462890625
11094.572265625
11092.4482421875
11090.0078125
11087.703125
11085.576171875
11084.1259765625
11083.087890625
11082.5712890625
11081.7275390625
11080.1171875
11077.1767578125
11073.6474609375
11070.06640625
11067.5703125
11066.078125
11065.8056640625
11065.736328125
11065.6796875
11064.994140625
11063.6328125
11061.546875
11058.970703125
11056.478515625
11054.1533203125
11052.353515625
11050.6337890625
11049.2265625
11047.3779296875
11045.748046875
11044.2275390625
11043.65625
11044.0009765625
11045.4755859375
11047.10546875
11048.4072265625
11048.08984375
11046.3935546875
11042.80078125
11038.384765625
11034.224609375
11031.1171875
11029.8544921875
11029.8359375
11031.0302734375
11031.90234375
11032.556640625
11031.6123046875
11030.123046875
11027.6923828125
11025.3095703125
11022.830078125
11020.748046875
11018.6572265625
11016.7294921875
11014.7080078125
11012.8935546875
11011.421875
11010.69921875
11010.654296875
11011.3466796875
11012.3515625
11013.517578125
11014.46484375
11015.0927734375
11014.8994140625
11013.431640625
11010.0029296875
11004.5634765625
10998.1328125
10991.9501953125
10987.7421875
10985.8876953125
10985.9482421875
10986.751953125
10987.05859375
10986.3798828125
