15428.9921875
15411.2734375
15396.5537109375
15384.19140625
15373.53125
15363.998046875
15355.2890625
15347.30078125
15340.029296875
15333.423828125
15327.474609375
15322.142578125
15317.3671875
15313.0927734375
15309.240234375
15305.74609375
15302.541015625
15299.56640625
15296.78125
15294.1396484375
15291.619140625
15289.216796875
15286.9150390625
15284.712890625
15282.59765625
15280.5810546875
15278.6484375
15276.7978515625
15275.025390625
15273.330078125
15271.6982421875
15270.125
15268.6171875
15267.162109375
15265.76953125
15264.42578125
15263.138671875
15261.908203125
15260.724609375
15259.591796875
15258.498046875
15257.443359375
15256.4296875
15255.4501953125
15254.5
15253.57421875
15252.673828125
15251.7958984375
15250.9375
15250.099609375
15249.2890625
15248.4921875
15247.71484375
15246.951171875
15246.205078125
15245.4775390625
15244.7646484375
15244.0625
15243.37890625
15242.70703125
15242.05078125
15241.4033203125
15240.775390625
15240.154296875
15239.546875
15238.9482421875
15238.359375
15237.78515625
15237.21875
15236.6611328125
15236.1123046875
15235.5751953125
15235.04296875
15234.5224609375
15234.0078125
15233.501953125
15233.00390625
15232.513671875
15232.029296875
15231.5537109375
15231.08203125
15230.6181640625
15230.1630859375
15229.712890625
15229.2685546875
15228.8310546875
15228.3974609375
15227.97265625
15227.5498046875
15227.1337890625
15226.724609375
15226.318359375
15225.923828125
15225.52734375
15225.1357421875
15224.75390625
15224.3740234375
15224.0
15223.62890625
15223.263671875
15222.9033203125
15222.546875
15222.193359375
15221.845703125
15221.5029296875
15221.1630859375
15220.828125
15220.4970703125
15220.169921875
15219.84765625
15219.5283203125
15219.2119140625
15218.900390625
15218.59375
15218.287109375
15217.984375
15217.6865234375
15217.390625
15217.099609375
15216.8125
15216.52734375
15216.244140625
15215.9677734375
15215.6923828125
15215.41796875
15215.150390625
15214.8837890625
15214.62109375
15214.359375
15214.103515625
15213.8447265625
15213.5947265625
15213.345703125
15213.099609375
15212.85546875
15212.615234375
15212.37890625
15212.1416015625
15211.91015625
15211.677734375
15211.44921875
15211.22265625
15211.0
15210.7802734375
15210.560546875
15210.34375
15210.12890625
15209.9150390625
15209.705078125
15209.49609375
15209.291015625
15209.0859375
15208.884765625
15208.685546875
15208.4873046875
15208.29296875
15208.09765625
15207.90625
15207.71484375
15207.525390625
15207.33984375
15207.154296875
15206.97265625
15206.7900390625
15206.611328125
15206.4365234375
15206.259765625
15206.0849609375
15205.91015625
15205.736328125
15205.5703125
15205.4013671875
15205.2353515625
15205.0703125
15204.90625
15204.7421875
15204.5810546875
15204.421875
15204.263671875
15204.107421875
15203.955078125
15203.798828125
15203.6455078125
15203.494140625
15203.345703125
15203.1962890625
15203.0478515625
15202.900390625
15202.75390625
15202.6103515625
15202.4697265625
15202.328125
15202.185546875
15202.048828125
15201.9091796875
15201.7724609375
15201.6357421875
15201.5009765625
15201.3671875
15201.232421875
18990962.0
20372602.0
88113.9765625
128026.9140625
233567.84375
1118975360.0
252770.453125
100527.3984375
84595.328125
73977.0703125
73508.078125
75006.3203125
75456.8984375
74455.0078125
73926.921875
74120.8203125
73952.578125
72391.9765625
69693.046875
66788.6953125
64132.140625
61827.41015625
59872.19140625
58183.2265625
56687.75
55297.95703125
53959.26953125
52678.34375
51475.890625
50347.57421875
49260.91796875
48181.3359375
47115.2265625
46096.2578125
45142.34375
44237.97265625
43369.5859375
42539.97265625
41761.17578125
41037.015625
40359.1171875
39722.50390625
39120.8984375
38542.98046875
37995.5234375
37478.8125
36982.70703125
36505.51953125
36046.359375
35603.3671875
35176.75
34765.13671875
34367.93359375
33984.30859375
33612.17578125
33249.20703125
32901.49609375
32563.66015625
32236.458984375
31920.705078125
31618.87890625
31328.279296875
31049.39453125
30779.744140625
30516.962890625
30261.44921875
30013.55078125
29771.39453125
29535.814453125
29307.150390625
29084.69140625
28868.5703125
28657.69921875
28453.23828125
28254.095703125
28061.18359375
27873.431640625
27690.71484375
27512.37890625
27339.23046875
27170.2421875
27005.263671875
26844.54296875
26686.791015625
26532.390625
26381.0
26232.84375
26087.4140625
25945.56640625
25806.375
25669.919921875
25536.083984375
25404.49609375
25275.1328125
25147.66796875
25022.642578125
24899.6640625
24778.56640625
24659.3359375
24541.751953125
24425.68359375
24311.453125
24198.61328125
24087.70703125
23978.26171875
23870.2578125
23764.162109375
23659.3515625
23556.86328125
23455.76953125
23358.75390625
23269.583984375
23165.25
23082.70703125
23000.31640625
22905.716796875
22808.126953125
22733.47265625
22630.970703125
22563.978515625
22464.50390625
22390.853515625
22308.751953125
22225.498046875
22154.662109375
22071.087890625
22001.3671875
21923.33203125
21854.09375
21780.24609375
21707.09765625
21643.796875
21570.06640625
21507.24609375
21442.0625
21376.083984375
21315.251953125
21252.53125
21193.541015625
21133.61328125
21076.32421875
21019.896484375
20962.5859375
20909.150390625
20853.5546875
20800.27734375
20747.771484375
20695.193359375
20644.287109375
20593.046875
20543.1796875
20493.369140625
20444.625
20396.5546875
20348.06640625
20301.4140625
20254.47265625
20208.16796875
20162.556640625
20116.939453125
20071.82421875
20027.55078125
19983.548828125
19939.783203125
19896.91015625
19853.7578125
19811.33203125
19769.349609375
19727.447265625
19686.203125
19644.830078125
19603.94921875
19563.47265625
19523.0390625
19482.8359375
19443.1796875
19403.28515625
19363.69140625
19324.51171875
19285.3984375
19246.671875
19207.857421875
19169.587890625
19131.6640625
19094.291015625
19057.078125
19020.109375
18983.16015625
18946.791015625
18910.966796875
18875.078125
18839.859375
18805.0859375
18770.69140625
18736.447265625
18702.529296875
18669.11328125
18635.986328125
18603.2265625
18570.6796875
18538.3125
18505.732421875
18473.703125
18441.67578125
18409.78125
18378.2265625
18347.302734375
18316.72265625
18286.435546875
18256.623046875
18227.0546875
18197.6484375
18168.96484375
18140.3359375
18112.3671875
18084.564453125
18056.919921875
18030.103515625
18003.56640625
17977.18359375
17951.037109375
17924.7109375
17899.0546875
17873.923828125
17848.771484375
17823.99609375
17799.3203125
17775.158203125
17751.341796875
17727.482421875
17704.015625
17680.744140625
17657.73046875
17634.65234375
17612.1875
17590.2890625
17568.08203125
17545.890625
17523.279296875
17500.318359375
17478.431640625
17457.447265625
17436.29296875
17414.34375
17393.09765625
17372.6796875
17352.16796875
17331.044921875
17310.23046875
17290.3515625
17270.00390625
17249.75390625
17229.92578125
17210.224609375
17190.30859375
17170.744140625
17151.119140625
17131.80078125
17112.35546875
17093.2578125
17073.84375
17054.921875
17036.0546875
17017.19921875
16998.185546875
16979.53125
16961.173828125
16942.59765625
16924.41796875
16906.453125
16888.86328125
16871.158203125
16852.55859375
16833.65234375
16815.80859375
16798.587890625
16781.650390625
16764.01171875
16746.8515625
16730.7734375
16713.880859375
16695.73828125
16678.61328125
16662.72265625
16646.279296875
16630.19140625
16613.732421875
16597.47265625
16581.6171875
16565.666015625
16549.84375
16533.783203125
16518.197265625
16502.8984375
16487.2421875
16471.83984375
16456.6015625
16441.63671875
16426.125
16411.376953125
16396.46484375
16381.54296875
16367.0087890625
16352.115234375
16337.51171875
16322.7646484375
16308.509765625
16294.203125
16280.037109375
16265.921875
16251.8876953125
16237.890625
16224.064453125
16210.6376953125
16197.3359375
16182.9677734375
16168.4755859375
16154.0234375
16140.509765625
16127.365234375
16114.1689453125
16100.3994140625
16086.396484375
16072.576171875
16059.130859375
16045.9443359375
16033.0
16019.5234375
16006.052734375
15992.6953125
15979.248046875
15965.96484375
15952.462890625
15939.318359375
15926.056640625
15913.2890625
15900.7021484375
15888.2568359375
15874.94921875
15860.9580078125
15847.65625
15835.3427734375
15822.630859375
15808.6748046875
15796.1025390625
15783.9150390625
15771.3359375
15758.73828125
15747.04296875
15734.9619140625
15722.162109375
15709.802734375
15697.8388671875
15685.634765625
15674.1103515625
15662.568359375
15650.54296875
15638.3935546875
15626.92578125
15615.5810546875
15604.154296875
15592.9609375
15580.357421875
15568.1015625
15556.6435546875
15546.0439453125
15535.9453125
15524.58984375
15512.998046875
15501.875
15491.859375
15482.5703125
15471.5673828125
15460.5615234375
15450.6796875
15441.5830078125
15432.1513671875
15421.28125
15410.5751953125
15400.4384765625
15390.19921875
15379.8369140625
15369.625
15359.96875
15350.556640625
15340.32421875
15330.234375
15320.6875
15311.439453125
15302.1923828125
15292.3681640625
15282.13671875
15272.1904296875
15262.2158203125
15252.904296875
15243.24609375
15233.861328125
15224.6640625
15215.3740234375
15206.1142578125
15196.3857421875
15187.0556640625
15177.9033203125
15169.2626953125
15161.0263671875
15153.26171875
15145.88671875
15139.0576171875
15131.4482421875
15122.181640625
15110.796875
15098.5263671875
15088.19921875
15079.9345703125
15072.9150390625
15064.662109375
15055.0263671875
15045.658203125
15036.6484375
15029.73828125
15020.2734375
15011.15234375
15002.64453125
14994.6240234375
14988.52734375
14977.609375
14973.505859375
14977.955078125
14965.951171875
14952.5302734375
14947.3876953125
14940.654296875
14932.505859375
14916.9033203125
14916.333984375
14908.974609375
14904.390625
14887.5546875
14885.3154296875
14875.90625
14867.384765625
14854.244140625
14850.060546875
14849.234375
14843.068359375
14831.9306640625
14816.990234375
14809.19921875
14797.8671875
14794.5107421875
14779.4873046875
14771.826171875
14759.037109375
14753.94921875
14747.576171875
14736.41796875
14733.3515625
14729.595703125
14727.146484375
14706.1650390625
14696.3310546875
14694.7861328125
14682.76953125
14672.4609375
14668.650390625
14657.6240234375
14649.564453125
14645.296875
14633.7568359375
14628.037109375
14620.26953125
14612.14453125
14606.779296875
14599.013671875
14592.34765625
14584.8359375
14576.1982421875
14567.8974609375
14559.66796875
14552.365234375
14545.884765625
14538.4091796875
14531.29296875
14522.962890625
14515.841796875
14509.2412109375
14502.0126953125
14495.578125
14487.794921875
14480.7080078125
14473.509765625
14466.6123046875
14459.8583984375
14453.15234375
14446.640625
14439.51953125
14432.3671875
14425.005859375
14417.74609375
14410.5859375
14403.6337890625
14396.69140625
14389.9296875
14383.0673828125
14376.5283203125
14370.12109375
14363.998046875
14357.509765625
14351.6416015625
14345.224609375
14339.041015625
14331.76171875
14323.60546875
14315.34375
14307.18359375
14300.654296875
14294.77734375
14289.79296875
14284.0966796875
14278.453125
14273.0888671875
14268.2236328125
14263.0537109375
14256.375
14247.83203125
14238.3544921875
14230.244140625
14223.953125
14219.208984375
14213.8154296875
14206.9921875
14199.044921875
14191.830078125
14185.97265625
14181.04296875
14175.1796875
14167.6044921875
14159.4931640625
14152.6474609375
14147.0791015625
14140.458984375
14132.2646484375
14123.0146484375
14114.748046875
14107.5556640625
14100.84765625
14094.423828125
14087.818359375
14081.1181640625
14073.400390625
14066.298828125
14059.390625
14053.482421875
14045.703125
14037.4677734375
14029.771484375
14023.6591796875
14017.1708984375
14010.0537109375
14002.75390625
13995.2587890625
13988.818359375
13982.0009765625
13974.8662109375
13967.5634765625
13960.8515625
13954.8193359375
13947.77734375
13940.3515625
13933.052734375
13926.3603515625
13920.462890625
13915.1015625
13909.890625
13903.45703125
13896.17578125
13888.6142578125
13879.0947265625
13869.54296875
13861.5380859375
13856.791015625
13850.5
13842.974609375
13835.791015625
13828.634765625
13821.4580078125
13814.2958984375
13807.865234375
13801.5673828125
13794.55078125
13786.6796875
13778.8974609375
13771.763671875
13764.765625
13758.697265625
13753.3779296875
13747.375
13740.5634765625
13733.6376953125
13726.9462890625
13720.7236328125
13714.798828125
13709.0205078125
13701.5849609375
13693.55078125
13685.69140625
13678.5244140625
13672.5361328125
13667.5634765625
13663.025390625
13658.55078125
13654.3896484375
13650.62109375
13646.388671875
13640.6943359375
13633.7646484375
13626.302734375
13618.7705078125
13611.9306640625
13604.646484375
13598.5048828125
13590.94921875
13583.29296875
13575.8955078125
13568.0048828125
13559.5224609375
13548.751953125
13538.951171875
13532.6455078125
13523.603515625
13519.05078125
13514.0634765625
13508.712890625
13501.30078125
13494.708984375
13486.87109375
13478.74609375
13471.76953125
13464.3759765625
13457.75390625
13451.2958984375
13444.380859375
13437.69921875
13430.701171875
13423.767578125
13417.748046875
13411.103515625
13405.896484375
13400.2998046875
13394.17578125
13387.755859375
13380.8603515625
13374.6884765625
13368.9853515625
13363.958984375
13359.4951171875
13354.2998046875
13350.0087890625
13343.314453125
13337.931640625
13331.134765625
13324.796875
13318.03125
13311.97265625
13306.419921875
13300.806640625
13294.4736328125
13288.41796875
13282.892578125
13278.5419921875
13275.2841796875
13272.552734375
13269.10546875
13263.9453125
13258.5478515625
13251.5
13245.396484375
13239.6806640625
13234.2392578125
13228.8125
13223.017578125
13216.662109375
13211.65625
13204.734375
13201.123046875
13199.09765625
13196.16796875
13195.263671875
13186.08203125
13184.6630859375
13203.44140625
13190.60546875
13182.4892578125
13176.021484375
13162.1123046875
13168.5869140625
13150.70703125
13152.7578125
13146.484375
13141.32421875
13138.5419921875
13134.4384765625
13134.3125
13128.38671875
13114.189453125
13104.859375
13101.599609375
13094.30078125
13089.1796875
13088.380859375
13081.4150390625
13079.412109375
13073.7236328125
13067.5712890625
13067.2578125
13058.23046875
13052.939453125
13052.8271484375
13042.4091796875
13038.6279296875
13045.4462890625
13031.5087890625
13024.2744140625
13018.599609375
13020.771484375
13006.107421875
13008.6865234375
13000.6162109375
12998.53515625
12983.8193359375
12989.669921875
12991.1875
12988.8125
12974.5869140625
12972.0361328125
12955.8271484375
12960.6640625
12951.0673828125
12943.14453125
12944.017578125
12934.6845703125
12928.560546875
12923.654296875
12916.6142578125
12906.8564453125
12906.09375
12896.6123046875
12894.09765625
12890.28125
12885.927734375
12881.982421875
12877.61328125
12872.44921875
12867.2568359375
12864.3076171875
12859.4384765625
12855.7578125
12851.6240234375
12846.904296875
12843.4716796875
12838.7666015625
12835.1640625
12831.3740234375
12828.20703125
12824.72265625
12821.447265625
12816.34375
12809.0
12801.689453125
12793.490234375
12786.369140625
12781.20703125
12777.7021484375
12773.3828125
12771.9951171875
12770.509765625
12766.24609375
12767.0615234375
12770.099609375
12766.4296875
12758.73046875
12755.2470703125
12748.83203125
12745.6640625
12745.1240234375
12748.34375
12749.6513671875
12745.109375
12737.361328125
12733.6123046875
12733.51953125
12715.267578125
12712.2958984375
12700.37890625
12697.5703125
12690.853515625
12694.30078125
12703.1240234375
12707.353515625
12699.740234375
12694.0
12682.951171875
12680.6708984375
12683.1474609375
12687.3056640625
12683.322265625
12682.80859375
12674.7421875
12660.65625
12650.205078125
12658.1328125
12680.6025390625
12679.8173828125
12677.345703125
12672.033203125
12657.1123046875
12646.4453125
12645.8388671875
12632.083984375
12624.625
12610.994140625
12609.74609375
12604.044921875
12596.890625
12593.5185546875
12596.9228515625
12583.5576171875
12579.5546875
12576.390625
12574.626953125
12571.228515625
12569.2001953125
12562.7265625
12557.1865234375
12553.3935546875
12549.9091796875
12542.37890625
12539.654296875
12534.236328125
12527.0244140625
12521.869140625
12516.91796875
12512.466796875
12510.5205078125
12508.71484375
12504.89453125
12499.6552734375
12492.4501953125
12483.38671875
12477.3115234375
12472.5751953125
12469.0693359375
12465.9140625
12461.626953125
12456.32421875
12451.1171875
12446.1943359375
12441.990234375
12439.01171875
12437.615234375
12436.138671875
12434.9462890625
12432.8671875
12430.193359375
12426.125
12421.5205078125
12415.40625
12409.076171875
12403.14453125
12397.4580078125
12392.802734375
12389.0361328125
12386.2041015625
12383.4443359375
12380.517578125
12376.3984375
12371.6943359375
12367.3955078125
12363.14453125
12359.72265625
12356.0673828125
12352.1953125
12348.0087890625
12344.2490234375
12340.3125
12336.990234375
12333.568359375
12330.0654296875
12326.072265625
12322.2685546875
12318.4130859375
12315.671875
12313.0185546875
12311.34375
12309.03125
12306.5859375
12302.267578125
12297.6220703125
12292.1640625
12287.5078125
12283.6025390625
12280.4189453125
12277.5908203125
12275.00390625
12273.6650390625
12273.1640625
12274.75390625
12275.6923828125
12277.9814453125
12276.7109375
12274.927734375
12270.1142578125
12265.7880859375
12262.685546875
12260.640625
12258.533203125
12254.927734375
12250.2822265625
12244.0966796875
12239.1494140625
12233.8798828125
12229.08203125
12223.28515625
12217.1494140625
12211.9765625
12208.595703125
12206.80078125
12205.296875
12203.935546875
12200.41796875
12196.650390625
12191.650390625
12187.029296875
12183.69140625
12180.072265625
12176.060546875
12170.443359375
12164.255859375
12158.462890625
12154.1201171875
12151.1943359375
12149.8330078125
12147.7626953125
12145.8671875
12143.0087890625
12139.2080078125
12134.87890625
12130.0556640625
12125.45703125
12121.6259765625
12118.6494140625
12116.44140625
12115.423828125
12113.6640625
12112.84765625
12110.6767578125
12108.3349609375
12104.47265625
12099.5390625
12094.583984375
12090.4267578125
12088.48828125
12087.9140625
12089.2578125
12090.81640625
12092.0029296875
12090.810546875
12087.01171875
12080.275390625
12072.6572265625
12064.8369140625
12058.724609375
12054.9072265625
12053.869140625
12053.07421875
12052.572265625
12050.3310546875
12047.7900390625
12045.8017578125
12044.9541015625
12044.6337890625
12043.3935546875
12038.494140625
12029.3974609375
12020.130859375
12017.2119140625
12018.5166015625
12018.5859375
12014.810546875
12010.5732421875
12007.744140625
12005.2236328125
12000.181640625
11994.2265625
11989.1171875
11985.8330078125
11982.1494140625
11978.58203125
11975.9375
11973.5927734375
11970.37890625
11952.1474609375
11955.75
11956.5185546875
11944.498046875
11950.6484375
11944.2197265625
11939.859375
11942.4921875
11935.6123046875
11934.765625
11934.0224609375
11928.7109375
11928.7236328125
11925.994140625
11922.6640625
11922.2978515625
11919.009765625
11916.923828125
11915.470703125
11912.646484375
11910.9326171875
11909.0859375
11906.5361328125
11904.837890625
11902.818359375
11900.4462890625
11898.91796875
11896.771484375
11894.6806640625
11892.7509765625
11890.578125
11888.7431640625
11886.8515625
11884.65234375
11882.876953125
11881.005859375
11878.94140625
11877.0478515625
11874.9970703125
11873.0380859375
11871.2099609375
11869.095703125
11867.16796875
11865.2802734375
11863.326171875
11861.404296875
11859.474609375
11857.5068359375
11855.5908203125
11853.49609375
11851.673828125
11849.7353515625
11847.80078125
11845.7900390625
11843.900390625
11842.001953125
11840.025390625
11838.0126953125
11836.1376953125
11834.2060546875
11832.3203125
11830.34765625
11828.38671875
11826.470703125
11824.568359375
11822.533203125
11820.556640625
11818.689453125
11816.68359375
11814.728515625
11812.78515625
11810.828125
11808.9208984375
11806.9384765625
11804.9921875
11803.0947265625
11801.115234375
11799.1455078125
11797.193359375
11795.1982421875
11793.3134765625
11791.248046875
11789.2353515625
11787.3623046875
11785.3642578125
11783.48046875
11781.4921875
11779.431640625
11777.4775390625
11775.431640625
11773.3935546875
11771.453125
11769.51953125
11767.4638671875
11765.47265625
11763.4912109375
11761.62890625
11759.658203125
11757.6484375
11755.6552734375
11753.6904296875
11751.6181640625
11749.7265625
11747.671875
11745.763671875
11743.7890625
11741.767578125
11739.798828125
11737.982421875
11735.9775390625
11734.03515625
11732.068359375
11730.1630859375
11728.220703125
11726.2255859375
11724.3076171875
11722.4541015625
11720.5302734375
11718.7109375
11716.7490234375
11714.943359375
11712.9658203125
11711.0966796875
11709.2109375
11707.31640625
11705.34765625
11703.5078125
11701.578125
11699.7578125
11697.966796875
11696.0634765625
11694.10546875
11692.287109375
11690.544921875
11688.6318359375
11686.845703125
11685.0439453125
11683.205078125
11681.412109375
11679.623046875
11677.953125
11676.076171875
11674.333984375
11672.51171875
11670.76953125
11669.1416015625
11667.3642578125
11665.6484375
11663.9189453125
11662.22265625
11660.39453125
11658.748046875
11657.0478515625
11655.376953125
11653.73046875
11651.99609375
11650.3740234375
11648.689453125
11647.0810546875
11645.46875
11643.6826171875
11642.1025390625
11640.474609375
11638.8037109375
11637.1552734375
11635.5771484375
11633.94140625
11632.2265625
11630.58984375
11629.0546875
11627.4248046875
11625.755859375
11624.201171875
11622.6474609375
11621.0341796875
11619.33203125
11617.7890625
11616.2431640625
11614.662109375
11613.0439453125
11611.4267578125
11609.9150390625
11608.3193359375
11606.9208984375
11605.1328125
11603.583984375
11602.0751953125
11600.4609375
11598.8603515625
11597.33203125
11595.83203125
11594.203125
11592.634765625
11591.0439453125
11589.505859375
11588.0087890625
11586.48828125
11585.0390625
11583.3984375
11581.91015625
11580.259765625
11578.6904296875
11577.296875
11575.80859375
11574.076171875
11572.626953125
11571.20703125
11569.6708984375
11568.1513671875
11566.6279296875
11565.0166015625
11563.4599609375
11561.8876953125
11560.4140625
11558.822265625
11557.4296875
11555.927734375
11554.4345703125
11552.841796875
11551.423828125
11549.8896484375
11548.4130859375
11546.89453125
11545.375
11543.904296875
11542.4267578125
11540.98046875
11539.4990234375
11538.0126953125
11536.6083984375
11535.1484375
11533.90625
11532.927734375
11532.0380859375
11531.3994140625
11530.486328125
11528.798828125
11526.087890625
11523.388671875
11521.9951171875
11521.5390625
11520.37109375
11518.1923828125
11516.0615234375
11514.794921875
11513.8798828125
11512.546875
11510.458984375
11508.8564453125
11507.7373046875
11506.537109375
11504.8154296875
11503.11328125
11501.7578125
11500.48828125
11499.017578125
11497.4072265625
11496.033203125
11494.572265625
11493.3515625
11491.9169921875
11490.2529296875
11488.98828125
11487.5986328125
11486.16796875
11484.650390625
11483.2060546875
11481.9189453125
11480.4951171875
11479.15234375
11477.666015625
11476.271484375
11474.93359375
11473.5263671875
11472.10546875
11470.72265625
11469.388671875
11468.021484375
11466.544921875
11465.162109375
11463.783203125
11462.408203125
11461.119140625
11459.7421875
11458.3359375
11456.87890625
11455.6103515625
11454.201171875
11452.861328125
11451.4443359375
11450.0546875
11448.662109375
11447.365234375
11446.0107421875
11444.6953125
11443.2998046875
11442.001953125
11440.595703125
11439.29296875
11437.884765625
11436.6064453125
11435.142578125
11433.876953125
11432.5498046875
11431.2001953125
11429.875
11428.4970703125
11427.208984375
11425.85546875
11424.4404296875
11423.146484375
11421.763671875
11420.5751953125
11419.1259765625
11417.80859375
11416.3359375
11415.1201171875
11413.908203125
11412.4189453125
11411.181640625
11409.89453125
11408.494140625
11407.14453125
11405.8974609375
11404.560546875
11403.21875
11401.994140625
11400.638671875
11399.2646484375
11398.0625
11396.6123046875
11395.341796875
11394.0634765625
11392.8193359375
11391.41015625
11390.158203125
11388.890625
11387.64453125
11386.2421875
11384.9208984375
11383.693359375
11382.40234375
11381.056640625
11379.794921875
11378.4970703125
11377.21484375
11375.9228515625
11374.5478515625
11373.306640625
11372.064453125
11370.7451171875
11369.4970703125
11368.30078125
11367.1025390625
11365.939453125
11364.7958984375
11363.6591796875
11362.55078125
11361.2001953125
11359.759765625
11358.33984375
11356.84765625
11355.583984375
11354.19921875
11352.7802734375
11351.4453125
11350.3662109375
11349.1103515625
11347.931640625
11346.7822265625
11345.373046875
11344.2763671875
11342.859375
11341.5654296875
11340.0966796875
11338.6533203125
11337.408203125
11336.1025390625
11334.921875
11333.716796875
11332.6201171875
11331.396484375
11330.35546875
11329.0166015625
11327.703125
11326.15234375
11324.60546875
11322.9521484375
11321.564453125
11320.17578125
11318.83984375
11317.6240234375
11316.3955078125
11315.197265625
11313.970703125
11312.650390625
11311.294921875
11309.982421875
11308.46484375
11306.978515625
11305.673828125
11304.287109375
11303.0732421875
11301.79296875
11300.5751953125
11299.447265625
11298.2646484375
11297.228515625
11296.3623046875
11295.845703125
11295.466796875
11295.265625
11294.69140625
11293.0732421875
11290.115234375
11286.7900390625
11284.640625
11284.181640625
11284.3828125
11283.943359375
11282.4912109375
11280.2734375
11277.75
11276.154296875
11275.078125
11274.298828125
11272.6630859375
11270.6689453125
11269.18359375
11268.10546875
11267.1572265625
11265.701171875
11263.908203125
11262.6533203125
11261.6025390625
11260.412109375
11258.884765625
11257.3876953125
11256.2861328125
11255.162109375
11253.8916015625
11252.546875
11251.2666015625
11250.123046875
11248.896484375
11247.7421875
11246.59375
11245.38671875
11244.23828125
11243.0927734375
11241.931640625
11240.94140625
11239.7705078125
11238.763671875
11237.677734375
11236.5712890625
11235.25390625
11234.015625
11232.578125
11231.140625
11229.537109375
11227.98828125
11226.5380859375
11225.2607421875
11224.0703125
11223.0244140625
11222.1064453125
11221.3447265625
11220.73828125
11220.3173828125
11219.560546875
11218.484375
11216.6201171875
11214.486328125
11212.271484375
11210.5
11209.244140625
11208.333984375
11207.3251953125
11205.9990234375
11204.43359375
11202.7841796875
11201.2802734375
11199.9716796875
11198.779296875
11197.66796875
11196.447265625
11195.10546875
11193.5810546875
11192.1923828125
11190.7958984375
11189.4267578125
11188.0400390625
11187.017578125
11185.990234375
11185.23828125
11184.3359375
11183.3828125
11182.17578125
11180.546875
11178.75390625
11177.0927734375
11175.646484375
11174.3740234375
11173.3125
11172.3349609375
11171.4228515625
11170.53515625
11169.9453125
11169.650390625
11169.630859375
11169.9384765625
11169.73828125
11168.873046875
11167.10546875
11165.6806640625
11165.833984375
11166.91796875
11167.55859375
11166.6845703125
11164.611328125
11162.5703125
11160.634765625
11158.935546875
11156.96875
11154.8212890625
11152.6533203125
11151.17578125
11150.171875
11149.69140625
11149.42578125
11149.4150390625
11149.736328125
11150.5546875
11151.1552734375
11151.193359375
11150.6826171875
11150.3671875
11150.6318359375
11151.1484375
11150.359375
11147.3212890625
11142.705078125
11138.943359375
11136.7919921875
11136.525390625
11135.904296875
11133.970703125
11130.55859375
11126.9296875
11124.546875
11123.2177734375
11121.869140625
11119.8603515625
11117.7001953125
11115.9375
11115.0771484375
11114.4267578125
11113.5107421875
11112.076171875
11110.6923828125
11109.4501953125
11108.71875
11107.8134765625
11106.5302734375
11104.7138671875
11102.853515625
11101.0810546875
11099.7509765625
11098.599609375
11097.779296875
11097.146484375
11096.4677734375
11095.7587890625
11094.9765625
11093.8740234375
11092.490234375
11090.7001953125
11088.90234375
11087.2822265625
11086.1591796875
11085.5390625
11085.0966796875
11084.1640625
11083.037109375
11081.49609375
11080.1875
11079.1015625
11078.3369140625
11077.537109375
11076.63671875
11075.3232421875
11074.0341796875
11072.814453125
11071.87890625
11070.828125
11069.703125
11068.525390625
11067.189453125
11065.6962890625
11064.3974609375
11063.037109375
11061.921875
11060.6083984375
11059.681640625
11059.185546875
11059.4130859375
11060.4150390625
11061.796875
11062.732421875
11062.7958984375
11061.4365234375
11059.138671875
11056.69140625
11054.6416015625
11052.9892578125
11051.2490234375
11048.681640625
11045.5478515625
11042.3095703125
11039.2333984375
11036.8701171875
11035.208984375
11034.318359375
11033.9384765625
11033.912109375
11033.974609375
11033.646484375
11033.25390625
11032.263671875
11031.84375
11031.5625
11031.3603515625
11030.830078125
11029.42578125
11027.20703125
11024.451171875
11022.025390625
11020.0078125
11018.5185546875
11017.087890625
11015.8154296875
11014.4111328125
11013.39453125
11012.15625
11011.21875
11009.751953125
11008.853515625
11007.47265625
11006.703125
11006.109375
11005.845703125
11005.6630859375
11005.1591796875
11004.0859375
11003.09375
11002.169921875
11000.556640625
10997.626953125
10994.26953125
10991.3408203125
10989.28515625
10987.6376953125
10986.998046875
10986.55078125
10986.099609375
10984.806640625
10983.595703125
10982.38671875
10981.3984375
10980.6875
10980.33203125
10979.9755859375
10979.646484375
10979.345703125
10979.0185546875
10978.572265625
10978.3525390625
10978.126953125
10977.6484375
10976.2626953125
10974.3369140625
10972.048828125
10969.6171875
10968.0390625
10966.669921875
10966.078125
10965.2587890625
10964.3994140625
10963.1611328125
10961.537109375
10959.9296875
10958.5439453125
10957.9033203125
10957.8154296875
10957.974609375
10957.763671875
10957.265625
10956.6171875
10956.58984375
10956.9521484375
10958.0205078125
10958.9326171875
10959.7333984375
10959.5771484375
10958.669921875
10956.3291015625
10953.2548828125
10949.2724609375
10945.29296875
10941.802734375
10939.5029296875
10938.24609375
10938.14453125
10938.24609375
10938.859375
10938.92578125
10938.2890625
10936.0625
10932.2314453125
10927.8076171875
10923.9638671875
10921.49609375
10920.421875
10920.142578125
10919.8564453125
10918.8828125
10917.6689453125
10916.3798828125
10915.3515625
10914.474609375
10913.69921875
10912.5634765625
10911.4951171875
10910.314453125
10909.3017578125
10908.5341796875
10907.8828125
10907.263671875
10906.5380859375
10905.8876953125
10905.171875
10904.3466796875
10903.4775390625
10902.517578125
10901.9169921875
10901.5146484375
10901.98046875
10902.486328125
10903.751953125
10904.126953125
10904.462890625
10902.8291015625
10900.7958984375
10897.5771484375
10894.4931640625
10891.8173828125
10890.1689453125
10889.48046875
10889.06640625
10888.603515625
10887.5048828125
10885.888671875
10883.962890625
10882.3203125
10881.15625
10880.75390625
10880.716796875
10880.4833984375
10880.232421875
10879.4443359375
10878.119140625
10876.232421875
10874.287109375
10872.2373046875
10870.5634765625
10869.13671875
10868.189453125
10867.287109375
10866.3720703125
10865.4462890625
10864.4248046875
10863.474609375
10862.6015625
10862.0966796875
10861.7001953125
10861.498046875
10861.220703125
10860.873046875
10860.4453125
10860.0810546875
10859.953125
10860.0869140625
10860.54296875
10861.22265625
10861.9189453125
10862.443359375
10862.6611328125
10862.71484375
10862.4921875
10861.921875
10860.9267578125
10859.201171875
10856.955078125
10854.248046875
10851.7607421875
10849.82421875
10848.6650390625
10847.86328125
10846.787109375
10845.1533203125
10842.9296875
10840.3408203125
10837.8720703125
10835.65625
10834.03515625
10832.982421875
10832.60546875
10832.822265625
10833.45703125
10834.0830078125
10834.486328125
10833.978515625
10832.09375
10829.0625
10825.412109375
10822.462890625
10820.7490234375
10820.0576171875
10819.46484375
10818.603515625
10817.3828125
10816.197265625
10815.541015625
10815.404296875
10815.57421875
10815.697265625
10815.5830078125
10815.3154296875
10814.65234375
10813.48046875
10812.3681640625
10811.986328125
10813.0869140625
10815.9462890625
10820.25
10824.4453125
10825.7822265625
10823.263671875
10818.388671875
10813.953125
10811.181640625
10808.962890625
10806.6962890625
10804.470703125
10803.296875
10803.1435546875
10802.9375
10801.9541015625
10799.859375
10798.2568359375
10797.072265625
10796.1689453125
10794.7734375
10793.875
10793.818359375
10793.859375
10792.810546875
10791.4013671875
10789.875
10788.888671875
10788.0234375
10787.6767578125
10787.5263671875
10787.74609375
10787.505859375
10787.150390625
10785.716796875
10784.0888671875
10781.5439453125
10779.306640625
10776.888671875
10774.7646484375
10773.033203125
10772.146484375
10771.912109375
10771.828125
10771.623046875
10771.0263671875
10770.294921875
10769.30078125
10768.54296875
10768.103515625
10767.9833984375
10767.7900390625
10767.5986328125
10766.9423828125
10766.060546875
10764.69140625
10763.767578125
10762.9521484375
10762.78125
10762.6484375
10762.9140625
10762.9248046875
10762.89453125
10762.14453125
10760.806640625
10758.8935546875
10756.634765625
10754.392578125
10752.55078125
10751.2861328125
10750.30859375
10749.484375
10748.921875
10748.22265625
10747.5595703125
10746.890625
10746.21875
10745.705078125
10745.3447265625
10745.0380859375
10744.560546875
10743.9384765625
10743.361328125
10742.861328125
10742.9326171875
10743.140625
10743.4775390625
10742.458984375
10740.966796875
10738.8486328125
10737.103515625
10735.34375
10733.609375
10731.55078125
10729.8125
10728.505859375
10728.048828125
10727.9375
10728.380859375
10728.6572265625
10728.677734375
10728.146484375
10727.150390625
10726.14453125
10725.0615234375
10724.689453125
10724.41015625
10725.037109375
10725.412109375
10726.4453125
10726.9072265625
10727.5791015625
10727.6953125
10727.837890625
10727.7177734375
10727.287109375
10726.23046875
10724.552734375
10722.2548828125
10719.4365234375
10716.6630859375
10714.0390625
10712.220703125
10710.8837890625
10710.2724609375
10709.6484375
10708.966796875
10707.8994140625
10706.7265625
10705.76171875
10705.2802734375
10704.90234375
10704.173828125
10702.88671875
10701.0380859375
10698.921875
10696.9755859375
10695.62109375
10694.8876953125
10694.623046875
10694.3427734375
10693.7841796875
10692.583984375
10691.0771484375
10689.5458984375
10688.3984375
10687.71484375
10687.6630859375
10688.001953125
10688.6552734375
10689.021484375
10689.1015625
10688.564453125
10687.537109375
10686.1044921875
10684.671875
