15428.9921875
15411.2734375
15396.5537109375
15384.19140625
15373.53125
15363.998046875
15355.2890625
15347.30078125
15340.029296875
15333.423828125
15327.47265625
15322.142578125
15317.3671875
15313.0908203125
15309.240234375
15305.74609375
15302.541015625
15299.56640625
15296.78125
15294.1396484375
15291.619140625
15289.216796875
15286.9150390625
15284.712890625
15282.59765625
15280.5810546875
15278.6484375
15276.7978515625
15275.025390625
15273.330078125
15271.6982421875
15270.125
15268.6171875
15267.162109375
15265.76953125
15264.42578125
15263.138671875
15261.908203125
15260.724609375
15259.591796875
15258.498046875
15257.443359375
15256.4296875
15255.4501953125
15254.5
15253.57421875
15252.673828125
15251.7958984375
15250.9375
15250.099609375
15249.2890625
15248.4921875
15247.71484375
15246.951171875
15246.205078125
15245.4775390625
15244.7646484375
15244.0625
15243.37890625
15242.70703125
15242.05078125
15241.4033203125
15240.775390625
15240.154296875
15239.546875
15238.9482421875
15238.359375
15237.78515625
15237.21875
15236.6611328125
15236.1123046875
15235.5751953125
15235.0419921875
15234.5224609375
15234.0078125
15233.501953125
15233.0048828125
15232.513671875
15232.029296875
15231.552734375
15231.08203125
15230.6181640625
15230.1630859375
15229.7109375
15229.2685546875
15228.830078125
15228.3974609375
15227.97265625
15227.5498046875
15227.134765625
15226.724609375
15226.318359375
15225.921875
15225.52734375
15225.1376953125
15224.75390625
15224.3740234375
15223.998046875
15223.62890625
15223.263671875
15222.9033203125
15222.546875
15222.193359375
15221.845703125
15221.5029296875
15221.1640625
15220.8251953125
15220.4970703125
15220.171875
15219.84765625
15219.52734375
15219.2119140625
15218.900390625
15218.5927734375
15218.287109375
15217.986328125
15217.6875
15217.390625
15217.099609375
15216.8095703125
15216.52734375
15216.244140625
15215.96875
15215.6923828125
15215.4208984375
15215.1484375
15214.8837890625
15214.6201171875
15214.359375
15214.1025390625
15213.84765625
15213.59375
15213.34765625
15213.1005859375
15212.857421875
15212.6171875
15212.37890625
15212.1416015625
15211.91015625
15211.677734375
15211.4482421875
15211.2236328125
15211.0
15210.779296875
15210.5595703125
15210.34375
15210.1298828125
15209.9130859375
15209.7041015625
15209.4970703125
15209.291015625
15209.087890625
15208.884765625
15208.685546875
15208.486328125
15208.29296875
15208.0966796875
15207.90625
15207.7158203125
15207.52734375
15207.337890625
15207.154296875
15206.9716796875
15206.791015625
15206.611328125
15206.4345703125
15206.259765625
15206.0849609375
15205.91015625
15205.73828125
15205.5703125
15205.4033203125
15205.234375
15205.0703125
15204.90625
15204.7412109375
15204.580078125
15204.423828125
15204.2626953125
15204.109375
15203.951171875
15203.798828125
15203.646484375
15203.4970703125
15203.345703125
15203.1953125
15203.046875
15202.8994140625
15202.755859375
15202.611328125
15202.46875
15202.3271484375
15202.185546875
15202.048828125
15201.91015625
15201.771484375
15201.634765625
15201.5
15201.3662109375
15201.232421875
2215452672.0
5446596.0
361274.875
1016298.0625
209957.609375
127669.6875
111156.3203125
82241.8671875
84853.1328125
86551.9453125
79362.1328125
75125.953125
74435.1484375
74572.1640625
73593.0546875
70985.3046875
67660.078125
64743.0703125
62614.2109375
61104.9296875
59953.265625
58923.6953125
57927.89453125
56946.53125
55930.6875
54830.5390625
53646.3671875
52440.50390625
51261.1875
50119.2890625
49011.66015625
47940.1875
46905.99609375
45915.15625
44969.09765625
44066.4296875
43207.40234375
42381.62109375
41591.07421875
40842.01953125
40131.80859375
39453.09375
38808.87109375
38200.45703125
37623.4375
37071.7578125
36538.66796875
36023.59375
35530.69140625
35063.609375
34622.14453125
34206.28125
33814.1875
33440.8359375
33085.375
32748.23828125
32425.943359375
32115.30859375
31814.07421875
31520.517578125
31236.900390625
30964.3984375
30700.92578125
30444.732421875
30194.732421875
29950.201171875
29711.12109375
29478.384765625
29252.703125
29034.54296875
28822.3125
28614.853515625
28412.20703125
28213.599609375
28018.640625
27827.50390625
27639.783203125
27455.046875
27273.60546875
27095.65625
26920.9765625
26750.388671875
26584.37109375
26424.60546875
26270.638671875
26120.81640625
25973.705078125
25829.029296875
25686.533203125
25547.24609375
25411.103515625
25278.03515625
25148.46484375
25022.11328125
24898.9453125
24778.46484375
24660.45703125
24544.7734375
24431.935546875
24321.478515625
24213.1875
24106.958984375
24002.6953125
23900.03515625
23798.939453125
23699.51171875
23602.0
23506.49609375
23412.80859375
23320.470703125
23229.21484375
23139.365234375
23050.673828125
22963.275390625
22877.224609375
22792.69921875
22710.16015625
22629.900390625
22551.669921875
22474.501953125
22398.25390625
22322.623046875
22247.80859375
22174.26953125
22101.87890625
22030.251953125
21959.36328125
21889.3828125
21820.44140625
21752.46484375
21685.421875
21619.205078125
21553.763671875
21489.203125
21425.35546875
21362.38671875
21300.140625
21238.51953125
21177.533203125
21117.08203125
21057.40625
20998.4140625
20940.083984375
20882.32421875
20825.21875
20768.54296875
20712.453125
20656.98046875
20602.060546875
20547.67578125
20493.83984375
20440.46875
20387.650390625
20335.33984375
20283.525390625
20232.302734375
20181.5703125
20131.244140625
20081.37109375
20031.869140625
19982.76953125
19934.05078125
19885.673828125
19837.619140625
19789.8203125
19742.43359375
19695.39453125
19648.85546875
19602.70703125
19556.98828125
19511.84375
19467.19921875
19423.064453125
19379.55859375
19336.505859375
19294.29296875
19251.421875
19208.29296875
19164.53515625
19122.439453125
19083.42578125
19044.236328125
19004.822265625
18961.2265625
18923.96875
18891.22265625
18850.0703125
18803.8671875
18769.75390625
18725.08203125
18689.796875
18652.89453125
18613.62109375
18578.07421875
18540.75390625
18501.80078125
18460.71484375
18432.904296875
18424.42578125
18373.95703125
18356.03125
18304.69140625
18278.1015625
18239.02734375
18202.47265625
18165.91796875
18119.638671875
18092.6640625
18066.12890625
18053.076171875
18019.0
17988.818359375
17961.7734375
17917.693359375
17887.1640625
17857.30078125
17819.689453125
17791.58984375
17760.3828125
17724.626953125
17692.7265625
17663.05078125
17632.21875
17603.275390625
17574.853515625
17540.603515625
17510.9375
17482.3203125
17450.400390625
17423.212890625
17394.392578125
17366.35546875
17339.998046875
17315.244140625
17292.65625
17266.96875
17237.0078125
17204.419921875
17180.892578125
17159.552734375
17131.169921875
17104.216796875
17080.6484375
17057.53125
17031.716796875
17005.716796875
16983.78515625
16960.490234375
16934.779296875
16912.04296875
16889.798828125
16865.716796875
16842.259765625
16820.892578125
16798.3828125
16775.400390625
16753.3515625
16732.0234375
16709.9765625
16688.837890625
16667.7578125
16644.74609375
16622.39453125
16602.27734375
16580.51953125
16558.7265625
16538.494140625
16516.90234375
16495.994140625
16475.91015625
16455.11328125
16435.80859375
16417.400390625
16398.166015625
16380.81640625
16361.630859375
16341.9228515625
16320.7119140625
16301.3759765625
16284.255859375
16265.66796875
16244.826171875
16223.740234375
16205.912109375
16189.513671875
16171.609375
16151.765625
16133.2099609375
16115.5966796875
16098.693359375
16079.8525390625
16061.5703125
16043.75
16026.109375
16008.53125
15991.1103515625
15973.69140625
15956.259765625
15939.2548828125
15922.60546875
15906.16015625
15889.2568359375
15872.640625
15856.0537109375
15839.16796875
15821.3427734375
15804.693359375
15788.5712890625
15773.345703125
15757.978515625
15742.3662109375
15725.9599609375
15708.431640625
15691.228515625
15674.828125
15659.4638671875
15643.2890625
15626.92578125
15609.9970703125
15594.78125
15578.619140625
15562.453125
15545.265625
15528.501953125
15512.7861328125
15497.9970703125
15483.458984375
15468.845703125
15454.7431640625
15440.9755859375
15427.5302734375
15411.73046875
15395.7919921875
15381.2353515625
15369.146484375
15355.7109375
15342.310546875
15333.5078125
15328.853515625
15314.365234375
15288.69140625
15267.14453125
15259.478515625
15249.63671875
15228.525390625
15213.73046875
15204.8515625
15189.0068359375
15171.2080078125
15160.935546875
15147.2734375
15129.619140625
15117.7861328125
15106.486328125
15091.1796875
15078.0908203125
15067.470703125
15052.5927734375
15039.70703125
15027.5888671875
15014.6796875
15000.69140625
14988.8662109375
14975.8857421875
14962.716796875
14951.1943359375
14939.287109375
14926.908203125
14915.3359375
14904.72265625
14891.998046875
14881.1328125
14869.71875
14858.890625
14845.8291015625
14833.716796875
14821.2705078125
14809.474609375
14798.5712890625
14787.66015625
14776.9814453125
14766.34375
14758.23828125
14748.76171875
14742.279296875
14737.2802734375
14720.916015625
14701.16015625
14689.525390625
14684.7421875
14671.884765625
14658.052734375
14650.744140625
14640.6572265625
14624.30859375
14617.095703125
14606.201171875
14593.375
14587.666015625
14576.638671875
14568.328125
14560.724609375
14549.0947265625
14538.0712890625
14528.025390625
14518.1640625
14511.392578125
14501.724609375
14493.70703125
14487.880859375
14477.4072265625
14463.58203125
14446.01171875
14438.720703125
14432.9716796875
14419.328125
14407.1533203125
14398.451171875
14385.658203125
14374.9765625
14369.080078125
14359.2001953125
14347.814453125
14338.546875
14329.2841796875
14318.74609375
14308.537109375
14301.353515625
14294.4365234375
14287.283203125
14277.20703125
14265.556640625
14255.427734375
14247.384765625
14238.904296875
14229.009765625
14218.8837890625
14211.787109375
14202.68359375
14192.55078125
14183.037109375
14175.671875
14167.4189453125
14158.146484375
14149.5302734375
14142.4013671875
14134.3173828125
14125.248046875
14115.724609375
14107.96875
14099.3740234375
14091.38671875
14082.3759765625
14074.916015625
14067.3564453125
14059.0703125
14050.0537109375
14041.6953125
14033.6953125
14026.14453125
14018.189453125
14010.982421875
14003.23046875
13995.552734375
13986.298828125
13978.5390625
13971.099609375
13963.552734375
13955.4716796875
13948.10546875
13940.8212890625
13933.275390625
13925.8056640625
13918.865234375
13911.6171875
13904.2568359375
13897.33203125
13890.7197265625
13884.0380859375
13878.0185546875
13871.474609375
13865.9453125
13858.330078125
13852.119140625
13846.353515625
13841.3349609375
13836.443359375
13830.82421875
13823.4892578125
13814.556640625
13806.09765625
13799.634765625
13795.154296875
13791.35546875
13786.58203125
13779.7041015625
13772.40234375
13764.41015625
13758.2421875
13753.31640625
13748.2431640625
13741.103515625
13731.0
13719.759765625
13710.390625
13704.8974609375
13701.2919921875
13696.291015625
13688.3662109375
13679.3408203125
13672.2392578125
13665.80859375
13659.3642578125
13652.005859375
13644.349609375
13637.1376953125
13629.86328125
13623.4990234375
13616.966796875
13610.6962890625
13603.0751953125
13596.61328125
13589.75
13584.734375
13578.265625
13571.90234375
13565.2880859375
13558.99609375
13553.203125
13548.5576171875
13542.40625
13538.087890625
13530.4775390625
13524.31640625
13518.07421875
13512.435546875
13506.8203125
13500.9501953125
13495.0322265625
13488.6015625
13482.8974609375
13476.859375
13471.7421875
13466.3056640625
13463.021484375
13459.12109375
13458.177734375
13454.91015625
13451.8876953125
13445.0810546875
13436.197265625
13427.146484375
13421.083984375
13417.65234375
13414.529296875
13410.0087890625
13403.1337890625
13395.7548828125
13389.375
13384.064453125
13378.9140625
13372.9169921875
13367.43359375
13362.59765625
13357.9296875
13352.6884765625
13347.1513671875
13341.8251953125
13336.55078125
13330.40625
13324.671875
13319.076171875
13314.728515625
13310.0234375
13305.2060546875
13300.1875
13295.755859375
13291.587890625
13286.779296875
13281.822265625
13277.5126953125
13274.7236328125
13272.5849609375
13270.4013671875
13268.8291015625
13268.501953125
13267.4970703125
13263.8759765625
13256.830078125
13247.5654296875
13238.482421875
13229.177734375
13221.521484375
13216.3837890625
13213.73828125
13210.44921875
13204.7265625
13198.720703125
13194.03125
13189.6328125
13183.2978515625
13176.958984375
13171.7109375
13168.404296875
13164.2822265625
13159.3779296875
13154.5380859375
13150.8623046875
13147.97265625
13146.0185546875
13143.9765625
13141.685546875
13137.7890625
13131.9619140625
13123.75390625
13115.37890625
13109.01953125
13105.78125
13103.4453125
13099.5927734375
13093.802734375
13087.8642578125
13082.9150390625
13079.71875
13075.6279296875
13071.435546875
13066.6826171875
13062.1484375
13057.7578125
13053.603515625
13049.2578125
13045.73046875
13041.2646484375
13037.4716796875
13032.400390625
13027.798828125
13023.2041015625
13019.1171875
13015.2119140625
13011.2421875
13007.16015625
13003.0
12998.212890625
12993.3056640625
12988.470703125
12984.07421875
12980.5751953125
12976.2666015625
12971.8720703125
12967.228515625
12962.6044921875
12958.611328125
12954.55859375
12950.72265625
12946.23046875
12941.8466796875
12937.4794921875
12933.9765625
12930.7109375
12927.7900390625
12924.611328125
12921.890625
12919.1640625
12917.3525390625
12915.5927734375
12916.123046875
12916.4970703125
12918.859375
12917.7607421875
12914.697265625
12907.30859375
12897.5517578125
12887.32421875
12879.87890625
12877.1298828125
12876.6611328125
12875.4892578125
12870.9580078125
12864.947265625
12859.7548828125
12857.0322265625
12854.56640625
12849.9091796875
12843.451171875
12837.125
12833.0341796875
12830.232421875
12827.3974609375
12822.552734375
12816.4921875
12810.169921875
12805.376953125
12801.869140625
12799.326171875
12796.388671875
12792.69921875
12788.228515625
12783.001953125
12777.671875
12772.8046875
12768.990234375
12766.185546875
12763.7470703125
12760.88671875
12757.24609375
12752.8017578125
12748.390625
12743.87109375
12740.265625
12736.923828125
12734.044921875
12732.0380859375
12728.087890625
12724.19921875
12718.58984375
12713.177734375
12708.259765625
12704.056640625
12700.2568359375
12695.98046875
12691.8671875
12687.8125
12684.1357421875
12680.9814453125
12678.1201171875
12675.560546875
12673.080078125
12670.609375
12668.69140625
12666.03125
12663.376953125
12658.607421875
12654.3349609375
12650.37109375
12646.80859375
12642.5400390625
12638.015625
12634.0673828125
12630.951171875
12627.89453125
12624.65625
12621.2470703125
12617.8828125
12614.669921875
12611.90234375
12609.765625
12607.9970703125
12606.5400390625
12605.03515625
12604.3662109375
12603.0234375
12601.099609375
12595.8994140625
12588.8017578125
12581.04296875
12575.5224609375
12573.0400390625
12572.5859375
12571.7587890625
12568.4306640625
12562.1181640625
12554.4326171875
12547.5703125
12542.7021484375
12539.373046875
12536.3876953125
12533.310546875
12530.521484375
12530.12890625
12532.056640625
12531.986328125
12520.7373046875
12512.697265625
12515.1962890625
12517.72265625
12519.466796875
12520.134765625
12515.6279296875
12500.248046875
12480.033203125
12468.5615234375
12468.25390625
12470.20703125
12468.267578125
12462.07421875
12455.365234375
12452.1328125
12449.80078125
12445.962890625
12438.9228515625
12431.310546875
12426.59375
12424.859375
12421.91015625
12416.6845703125
12410.369140625
12406.189453125
12403.212890625
12399.123046875
12393.7509765625
12388.509765625
12384.69140625
12382.1630859375
12379.3720703125
12375.8935546875
12372.1015625
12368.4921875
12365.1201171875
12361.7421875
12357.552734375
12353.31640625
12349.59765625
12346.365234375
12344.1474609375
12341.5390625
12339.708984375
12336.798828125
12333.890625
12330.2373046875
12326.5341796875
12323.5830078125
12321.486328125
12320.4931640625
12319.6865234375
12318.591796875
12317.150390625
12314.623046875
12310.7646484375
12303.939453125
12295.7138671875
12288.34765625
12283.009765625
12281.251953125
12280.865234375
12279.7333984375
12276.568359375
12272.052734375
12268.001953125
12263.921875
12259.943359375
12254.564453125
12248.3916015625
12242.875
12237.623046875
12233.8828125
12230.7763671875
12228.412109375
12225.962890625
12223.2666015625
12220.3505859375
12217.2373046875
12214.587890625
12212.4794921875
12210.8251953125
12209.404296875
12207.677734375
12205.7333984375
12202.671875
12198.4306640625
12193.1689453125
12187.369140625
12182.943359375
12180.6484375
12180.251953125
12178.5048828125
12174.240234375
12169.6748046875
12167.2841796875
12165.900390625
12162.8359375
12159.7734375
12158.09375
12156.8095703125
12152.794921875
12148.01953125
12143.81640625
12140.8056640625
12137.46875
12134.125
12131.728515625
12129.14453125
12125.7919921875
12122.0361328125
12118.638671875
12115.04296875
12111.8125
12109.3662109375
12107.2734375
12104.111328125
12101.1142578125
12098.703125
12096.9169921875
12095.0322265625
12093.24609375
12091.4521484375
12090.0595703125
12088.986328125
12088.5107421875
12087.5732421875
12086.0947265625
12084.349609375
12082.42578125
12081.025390625
12080.5078125
12081.0703125
12081.759765625
12081.478515625
12079.2734375
12074.537109375
12067.765625
12060.26171875
12053.67578125
12048.416015625
12045.4794921875
12043.837890625
12042.83984375
12040.4658203125
12037.0703125
12033.591796875
12031.849609375
12031.69140625
12031.68359375
12030.626953125
12028.1748046875
12026.251953125
12025.26953125
12026.1435546875
12026.9052734375
12028.19921875
12026.78515625
12024.515625
12019.1669921875
12013.36328125
12006.5283203125
11999.833984375
11993.47265625
11988.091796875
11984.0380859375
11980.6328125
11977.7607421875
11974.876953125
11971.3408203125
11968.0654296875
11964.9912109375
11962.751953125
11959.8974609375
11956.841796875
11953.251953125
11950.251953125
11947.6337890625
11945.2158203125
11942.921875
11940.6640625
11938.8876953125
11936.9765625
11934.783203125
11931.521484375
11927.7041015625
11923.65234375
11920.1826171875
11917.564453125
11916.1181640625
11915.71875
11916.3486328125
11917.2138671875
11918.03515625
11917.09765625
11914.607421875
11909.5078125
11903.4482421875
11897.765625
11893.904296875
11892.4580078125
11892.0576171875
11891.8828125
11890.2373046875
11887.4765625
11884.1845703125
11881.7890625
11880.5390625
11879.744140625
11878.640625
11877.169921875
11875.7421875
11874.177734375
11870.7197265625
11865.994140625
11861.802734375
11859.505859375
11857.7060546875
11854.82421875
11851.12109375
11848.1591796875
11846.9990234375
11845.66796875
11843.3623046875
11840.0263671875
11837.021484375
11833.32421875
11829.6005859375
11824.201171875
11801.150390625
11805.1728515625
11808.0390625
11791.5078125
11799.58984375
11792.46875
11785.3681640625
11790.2421875
11780.6953125
11779.810546875
11779.509765625
11771.998046875
11772.908203125
11769.28515625
11764.9375
11764.9921875
11760.5244140625
11758.205078125
11756.85546875
11753.0048828125
11751.4306640625
11749.26953125
11746.30859375
11744.736328125
11742.3515625
11739.9609375
11738.267578125
11735.9541015625
11733.8740234375
11732.0302734375
11729.83203125
11727.8798828125
11725.9912109375
11723.880859375
11721.9951171875
11720.0693359375
11718.0
11716.1337890625
11714.1865234375
11712.16015625
11710.3232421875
11708.3251953125
11706.35546875
11704.51171875
11702.52734375
11700.599609375
11698.7119140625
11696.7587890625
11694.892578125
11693.044921875
11691.1396484375
11689.310546875
11687.4755859375
11685.6005859375
11683.80859375
11681.9921875
11680.1796875
11678.4013671875
11676.595703125
11674.865234375
11673.10546875
11671.3671875
11669.6328125
11667.9306640625
11666.21875
11664.521484375
11662.86328125
11661.203125
11659.52734375
11657.869140625
11656.2265625
11654.572265625
11652.9541015625
11651.33203125
11649.7138671875
11648.072265625
11646.486328125
11644.8818359375
11643.28125
11641.7060546875
11640.1083984375
11638.53515625
11636.93359375
11635.37109375
11633.810546875
11632.234375
11630.658203125
11629.11328125
11627.5517578125
11625.9951171875
11624.4541015625
11622.91015625
11621.3828125
11619.841796875
11618.32421875
11616.79296875
11615.24609375
11613.7470703125
11612.2197265625
11610.70703125
11609.185546875
11607.677734375
11606.181640625
11604.671875
11603.16796875
11601.673828125
11600.1806640625
11598.697265625
11597.1953125
11595.6962890625
11594.20703125
11592.75
11591.25
11589.7578125
11588.3125
11586.8193359375
11585.388671875
11583.8935546875
11582.4375
11580.9638671875
11579.490234375
11578.03515625
11576.5771484375
11575.111328125
11573.685546875
11572.203125
11570.75390625
11569.29296875
11567.8544921875
11566.41015625
11564.9287109375
11563.49609375
11562.048828125
11560.6025390625
11559.162109375
11557.716796875
11556.2880859375
11554.830078125
11553.3916015625
11551.9521484375
11550.521484375
11549.0849609375
11547.654296875
11546.2421875
11544.796875
11543.35546875
11541.927734375
11540.5107421875
11539.0771484375
11537.65625
11536.2373046875
11534.818359375
11533.3935546875
11531.9599609375
11530.5439453125
11529.1337890625
11527.703125
11526.2763671875
11524.86328125
11523.455078125
11522.0419921875
11520.6474609375
11519.2177734375
11517.8017578125
11516.384765625
11514.9892578125
11513.583984375
11512.1591796875
11510.7666015625
11509.3369140625
11507.962890625
11506.57421875
11505.1826171875
11503.771484375
11502.3515625
11500.9794921875
11499.5791015625
11498.1865234375
11496.787109375
11495.3671875
11493.99609375
11492.595703125
11491.1953125
11489.8095703125
11488.4208984375
11487.0498046875
11485.6572265625
11484.275390625
11482.869140625
11481.490234375
11480.095703125
11478.7216796875
11477.3408203125
11475.966796875
11474.5869140625
11473.1982421875
11471.814453125
11470.45703125
11469.0703125
11467.703125
11466.3125
11464.9677734375
11463.580078125
11462.2109375
11460.82421875
11459.4521484375
11458.083984375
11456.71484375
11455.3486328125
11453.984375
11452.6064453125
11451.224609375
11449.8642578125
11448.490234375
11447.09765625
11445.740234375
11444.369140625
11442.9990234375
11441.6318359375
11440.248046875
11438.8505859375
11437.4921875
11436.134765625
11434.751953125
11433.37109375
11431.9814453125
11430.6416015625
11429.2548828125
11427.8544921875
11426.4638671875
11425.087890625
11423.71875
11422.337890625
11420.947265625
11419.57421875
11418.205078125
11416.8134765625
11415.416015625
11414.0263671875
11412.6259765625
11411.236328125
11409.833984375
11408.43359375
11407.017578125
11405.607421875
11404.189453125
11402.767578125
11401.349609375
11399.908203125
11398.4375
11396.98828125
11395.494140625
11394.0126953125
11392.46484375
11390.9140625
11389.318359375
11387.6796875
11385.9599609375
11384.134765625
11382.244140625
11380.17578125
11377.923828125
11375.4677734375
11372.8203125
11369.919921875
11367.0107421875
11364.5234375
11363.3291015625
11362.99609375
11361.337890625
11359.228515625
11357.392578125
11355.7880859375
11354.2705078125
11352.755859375
11351.16796875
11349.5419921875
11347.9541015625
11346.56640625
11345.291015625
11344.0009765625
11342.875
11341.978515625
11341.18359375
11340.3515625
11338.943359375
11336.328125
11333.1572265625
11330.484375
11328.9501953125
11328.146484375
11327.2080078125
11325.439453125
11322.865234375
11320.2646484375
11318.2900390625
11316.951171875
11315.7509765625
11314.2509765625
11312.3232421875
11310.2451171875
11308.376953125
11306.8408203125
11305.6162109375
11304.4873046875
11303.32421875
11302.0556640625
11300.69921875
11299.375
11298.36328125
11297.28515625
11295.763671875
11293.6953125
11292.1689453125
11291.322265625
11290.2578125
11288.4091796875
11286.625
11285.4365234375
11284.2431640625
11282.7373046875
11281.2822265625
11279.9296875
11278.6015625
11277.3095703125
11276.04296875
11274.6787109375
11273.279296875
11272.0380859375
11270.7841796875
11269.4638671875
11268.197265625
11266.9609375
11265.666015625
11264.33984375
11263.1611328125
11261.97265625
11260.7470703125
11259.556640625
11258.4892578125
11257.5283203125
11256.6630859375
11256.02734375
11255.484375
11254.80859375
11253.638671875
11251.771484375
11249.4736328125
11247.32421875
11245.830078125
11244.8974609375
11244.048828125
11242.97265625
11241.6201171875
11240.15625
11238.720703125
11237.3544921875
11236.099609375
11234.943359375
11233.8564453125
11232.677734375
11231.41796875
11230.0498046875
11228.7109375
11227.544921875
11226.5068359375
11225.431640625
11224.345703125
11223.169921875
11222.1708984375
11221.1806640625
11220.556640625
11219.7373046875
11219.0244140625
11217.7841796875
11216.287109375
11214.2900390625
11212.333984375
11210.84765625
11209.9072265625
11209.0859375
11208.0986328125
11206.90234375
11205.869140625
11205.052734375
11204.619140625
11203.6357421875
11202.767578125
11200.876953125
11199.18359375
11197.3447265625
11195.7373046875
11194.39453125
11193.2685546875
11192.4169921875
11191.45703125
11190.486328125
11189.080078125
11187.69140625
11186.3359375
11185.1630859375
11184.0966796875
11183.208984375
11182.5068359375
11181.87109375
11181.580078125
11181.05078125
11180.849609375
11179.7578125
11178.572265625
11177.11328125
11176.044921875
11175.5673828125
11174.8544921875
11173.6435546875
11171.30078125
11168.6748046875
11166.466796875
11165.1240234375
11164.3603515625
11163.556640625
11162.4814453125
11161.080078125
11159.76171875
11158.6435546875
11157.71875
11156.8349609375
11155.7734375
11154.42578125
11152.919921875
11151.505859375
11150.400390625
11149.6611328125
11149.166015625
11148.666015625
11147.8037109375
11146.4072265625
11144.46875
11142.5390625
11141.25390625
11140.392578125
11139.693359375
11138.4697265625
11137.02734375
11135.5791015625
11134.4208984375
11133.3681640625
11132.33203125
11131.2158203125
11130.0859375
11128.890625
11127.70703125
11126.5537109375
11125.505859375
11124.41015625
11123.138671875
11121.76171875
11120.470703125
11119.314453125
11118.2646484375
11117.1240234375
11116.083984375
11114.97265625
11113.9287109375
11112.837890625
11111.724609375
11110.654296875
11109.66796875
11108.7236328125
11107.775390625
11106.9580078125
11106.041015625
11105.3173828125
11104.3984375
11103.83984375
11102.9951171875
11102.626953125
11102.1484375
11102.03125
11101.708984375
11101.2470703125
11099.828125
11097.880859375
11095.29296875
11093.28125
11091.9716796875
11091.521484375
11091.4384765625
11091.1162109375
11090.2958984375
11088.904296875
11087.955078125
11087.3671875
11088.017578125
11088.697265625
11089.63671875
11089.24609375
11087.6591796875
11084.6552734375
11081.548828125
11079.5234375
11078.8955078125
11079.30859375
11079.5068359375
11079.1689453125
11077.69921875
11076.05859375
11074.1318359375
11072.53125
11071.142578125
11069.75
11068.65234375
11067.67578125
11067.2666015625
11067.0830078125
11066.8994140625
11066.533203125
11065.4580078125
11064.3896484375
11063.31640625
11063.181640625
11063.0185546875
11062.6533203125
11061.23046875
11058.82421875
11056.1298828125
11053.3857421875
11051.4150390625
11049.47265625
11047.99609375
11046.4853515625
11045.408203125
11044.7041015625
11044.1875
11043.580078125
11042.5869140625
11041.30859375
11039.9375
11039.044921875
11038.65234375
11038.806640625
11039.1640625
11039.646484375
11040.1064453125
11040.5849609375
11040.453125
11039.40625
11036.98828125
11033.822265625
11030.8134765625
11028.345703125
11026.7646484375
11025.625
11024.896484375
11024.0224609375
11023.048828125
11021.83203125
11020.5322265625
11019.185546875
11017.822265625
11016.619140625
11015.712890625
11015.337890625
11015.6123046875
11016.3076171875
11016.814453125
11016.9033203125
11016.037109375
11014.76953125
11013.01953125
11011.5908203125
11009.94140625
11008.369140625
11006.318359375
11004.064453125
11001.73046875
10999.791015625
10998.5234375
10997.73046875
10997.2265625
10996.5576171875
10995.5947265625
10994.3076171875
10993.09765625
10991.978515625
10991.298828125
10990.822265625
10990.59375
10990.390625
10990.37890625
10990.25390625
10990.263671875
10989.9873046875
10989.5712890625
10988.666015625
10987.1474609375
10985.158203125
10982.509765625
10980.1220703125
10977.5830078125
10975.90234375
10974.48828125
10973.60546875
10972.626953125
10971.607421875
10970.25
10968.8173828125
10967.5126953125
10966.5234375
10965.9404296875
10965.509765625
10964.951171875
10964.08984375
10962.9130859375
10961.5478515625
10959.9541015625
10958.09375
10956.052734375
10954.033203125
10952.361328125
10951.171875
10950.431640625
10949.7685546875
10949.04296875
10948.15625
10947.6083984375
10947.66796875
10948.7158203125
10950.2548828125
10952.021484375
10952.755859375
10952.0
10949.1376953125
10945.09375
10941.2216796875
10939.033203125
10938.748046875
10939.828125
10940.66015625
10940.80859375
10939.3759765625
10937.65625
10935.9287109375
10935.4033203125
10935.6796875
10936.32421875
10936.2490234375
10935.38671875
10933.580078125
10931.7392578125
10930.0576171875
10929.0693359375
10928.287109375
10927.5849609375
10926.546875
10925.5478515625
10924.4345703125
10923.4208984375
10921.9072265625
10919.6337890625
10916.5029296875
10913.1630859375
10910.4111328125
10908.828125
10908.419921875
10908.6015625
10908.6298828125
10907.7041015625
10905.8759765625
10903.37109375
10901.109375
10899.349609375
10898.46484375
10898.0712890625
10898.1572265625
10898.01171875
10897.8203125
10897.16015625
10896.609375
10895.9853515625
10896.0283203125
10896.103515625
10896.4736328125
10895.9970703125
10894.5244140625
10891.49609375
10887.6630859375
10883.798828125
10880.9912109375
10879.1943359375
10878.31640625
10877.6943359375
10876.9541015625
10875.8857421875
10874.5283203125
10873.0419921875
10871.537109375
10870.1806640625
10869.041015625
10868.11328125
10867.4951171875
10867.099609375
10866.9345703125
10866.697265625
10866.400390625
10865.76171875
10864.99609375
10863.77734375
10862.291015625
10860.369140625
10858.34375
10856.548828125
10855.384765625
10855.1044921875
10855.38671875
10855.8046875
10855.38671875
10853.8330078125
10851.318359375
10848.931640625
10847.64453125
10847.599609375
10847.9736328125
10848.0400390625
10847.4931640625
10846.7265625
10846.123046875
10845.9150390625
10845.783203125
10845.54296875
10845.06640625
10844.609375
10844.2451171875
10843.8251953125
10843.369140625
10842.740234375
10841.9921875
10840.8388671875
10839.197265625
10837.341796875
10835.751953125
10835.2060546875
10835.3095703125
10836.0361328125
10836.5771484375
10837.3515625
10838.5234375
10840.5751953125
10843.31640625
10846.03515625
10847.306640625
10845.9697265625
10841.361328125
10834.46484375
10827.7724609375
10822.921875
10820.9033203125
10820.0947265625
10819.330078125
10817.1064453125
10814.103515625
10810.6826171875
10807.8974609375
10805.537109375
10803.6650390625
10802.05859375
10800.763671875
10799.578125
10798.3623046875
10797.283203125
10796.33984375
10795.6025390625
10794.673828125
10793.8310546875
10793.3505859375
10793.5146484375
10793.4404296875
10792.7275390625
10791.9306640625
10791.99609375
10791.9658203125
10790.947265625
10788.24609375
10784.896484375
10781.607421875
10779.541015625
10779.1162109375
10780.255859375
10780.8486328125
10780.23828125
10778.2177734375
10776.6240234375
10775.4931640625
10775.4990234375
10775.7587890625
10776.5341796875
10777.2666015625
10778.32421875
10779.87890625
10781.5283203125
10782.845703125
10783.046875
10782.1123046875
10780.166015625
10776.9814453125
10773.1357421875
10768.6015625
10763.9990234375
10759.5810546875
10755.9111328125
10753.1455078125
10751.515625
10750.3916015625
10749.708984375
10748.564453125
10747.2060546875
10744.80859375
10742.341796875
10739.3984375
10737.021484375
10734.986328125
10733.9462890625
10733.375
10733.203125
10732.5341796875
10731.3740234375
10729.78515625
10728.78515625
10728.30078125
10728.3525390625
10728.0908203125
10727.4599609375
10726.248046875
10724.908203125
10723.5302734375
10722.4873046875
10722.0302734375
10722.337890625
10722.6953125
10722.150390625
10720.583984375
10718.923828125
10717.7880859375
10717.2998046875
10716.8828125
10716.6162109375
10716.046875
10715.58203125
10714.884765625
10714.41015625
10713.3203125
10712.2109375
10710.6953125
10709.5576171875
10708.37109375
10707.61328125
10706.81640625
10706.841796875
10707.1259765625
10708.1171875
10708.587890625
10708.576171875
10707.3203125
10705.9404296875
10704.375
10703.271484375
10701.578125
10698.8671875
10694.8095703125
10690.064453125
10686.0517578125
10683.7734375
10683.1787109375
10683.4423828125
10683.4072265625
10682.833984375
10681.556640625
10680.4482421875
10679.408203125
10678.6279296875
10677.2724609375
10675.4638671875
10672.8505859375
10670.20703125
10667.771484375
10666.146484375
10665.2197265625
10664.73828125
10664.623046875
10664.8056640625
10665.259765625
10665.4609375
10664.341796875
10662.32421875
10660.935546875
10661.1845703125
10662.09765625
10662.4716796875
10661.8427734375
10661.265625
10660.95703125
10660.826171875
10660.08203125
10658.95703125
10657.4599609375
10655.998046875
10654.4443359375
10652.9013671875
10651.3857421875
10649.666015625
10647.8994140625
10646.1181640625
10644.96484375
10644.2177734375
10644.18359375
10643.86328125
10643.587890625
10642.720703125
10642.19921875
10641.650390625
10641.2666015625
10640.4560546875
10639.205078125
10637.478515625
10635.712890625
10634.0908203125
10633.09765625
10632.58984375
10632.82421875
10633.0537109375
10633.6923828125
10633.40234375
10633.01953125
10631.3466796875
10629.58203125
10627.42578125
10625.95703125
10624.8095703125
10624.37109375
10623.85546875
10623.4404296875
10622.658203125
10621.3642578125
10619.701171875
10617.9912109375
10617.060546875
10617.1142578125
10617.896484375
10618.505859375
10618.705078125
10617.958984375
10617.15625
10615.6953125
10614.4521484375
10612.513671875
10611.3203125
10610.1240234375
10610.119140625
10610.416015625
10611.3798828125
10612.591796875
10613.267578125
10613.5546875
10609.0908203125
10603.49609375
10599.7255859375
10599.20703125
10599.01171875
10596.033203125
10593.701171875
10593.88671875
10594.02734375
10592.6640625
10590.8515625
10590.7421875
10589.8623046875
10587.1943359375
10584.3291015625
10582.81640625
10580.880859375
10579.1083984375
10578.2529296875
10578.0390625
10576.9619140625
10575.228515625
10573.6845703125
10572.322265625
10570.7216796875
10569.505859375
10569.0625
10568.541015625
10568.0048828125
10567.2197265625
10566.9716796875
10566.3984375
10566.35546875
10566.2275390625
10566.4033203125
10565.3037109375
