15428.9921875
15411.2734375
15396.5537109375
15384.19140625
15373.53125
15363.998046875
15355.2890625
15347.30078125
15340.029296875
15333.423828125
15327.474609375
15322.142578125
15317.3671875
15313.0927734375
15309.240234375
15305.74609375
15302.541015625
15299.56640625
15296.78125
15294.1396484375
15291.619140625
15289.216796875
15286.9150390625
15284.712890625
15282.59765625
15280.5810546875
15278.6484375
15276.7978515625
15275.025390625
15273.330078125
15271.6982421875
15270.125
15268.6171875
15267.162109375
15265.76953125
15264.42578125
15263.138671875
15261.908203125
15260.724609375
15259.591796875
15258.498046875
15257.443359375
15256.4296875
15255.4501953125
15254.5
15253.57421875
15252.673828125
15251.7958984375
15250.9375
15250.099609375
15249.2890625
15248.4921875
15247.71484375
15246.951171875
15246.205078125
15245.4775390625
15244.7646484375
15244.0625
15243.37890625
15242.70703125
15242.05078125
15241.4033203125
15240.775390625
15240.154296875
15239.546875
15238.9482421875
15238.359375
15237.78515625
15237.21875
15236.6611328125
15236.1123046875
15235.5751953125
15235.04296875
15234.5224609375
15234.0078125
15233.501953125
15233.00390625
15232.513671875
15232.029296875
15231.5537109375
15231.08203125
15230.6181640625
15230.1630859375
15229.712890625
15229.2685546875
15228.8310546875
15228.3974609375
15227.97265625
15227.5498046875
15227.1337890625
15226.724609375
15226.318359375
15225.923828125
15225.52734375
15225.1357421875
15224.75390625
15224.3740234375
15224.0
15223.62890625
15223.263671875
15222.9033203125
15222.546875
15222.193359375
15221.845703125
15221.5029296875
15221.1630859375
15220.828125
15220.4970703125
15220.169921875
15219.84765625
15219.5283203125
15219.2119140625
15218.900390625
15218.59375
15218.287109375
15217.984375
15217.6865234375
15217.390625
15217.099609375
15216.8125
15216.52734375
15216.244140625
15215.9677734375
15215.6923828125
15215.41796875
15215.150390625
15214.8837890625
15214.62109375
15214.359375
15214.103515625
15213.8447265625
15213.5947265625
15213.345703125
15213.099609375
15212.85546875
15212.615234375
15212.37890625
15212.1416015625
15211.91015625
15211.677734375
15211.44921875
15211.22265625
15211.0
15210.7802734375
15210.560546875
15210.34375
15210.12890625
15209.9150390625
15209.705078125
15209.49609375
15209.291015625
15209.0859375
15208.884765625
15208.685546875
15208.4873046875
15208.29296875
15208.09765625
15207.90625
15207.71484375
15207.525390625
15207.33984375
15207.154296875
15206.97265625
15206.7900390625
15206.611328125
15206.4365234375
15206.259765625
15206.0849609375
15205.91015625
15205.736328125
15205.5703125
15205.4013671875
15205.2353515625
15205.0703125
15204.90625
15204.7421875
15204.5810546875
15204.421875
15204.263671875
15204.107421875
15203.955078125
15203.798828125
15203.6455078125
15203.494140625
15203.345703125
15203.1962890625
15203.0478515625
15202.900390625
15202.75390625
15202.6103515625
15202.4697265625
15202.328125
15202.185546875
15202.048828125
15201.9091796875
15201.7724609375
15201.6357421875
15201.5009765625
15201.3671875
15201.232421875
1742602496.0
325403.9375
1348737.25
20701504.0
16595678.0
3790731.0
909322.0
300485.21875
219172.3125
218658.84375
89627.78125
83823.4921875
82330.0859375
79744.9453125
82788.6640625
82166.875
78966.71875
75908.3125
74334.21875
74133.875
74796.078125
76252.9140625
78603.3515625
81693.59375
85275.4296875
89196.421875
93419.2265625
97952.8671875
102807.5
107921.1328125
113194.125
118532.90625
123842.890625
129033.1796875
133995.828125
138608.46875
142802.21875
146519.6875
149723.828125
152368.828125
154449.515625
155967.390625
156919.71875
157327.765625
157244.28125
156697.78125
155704.53125
154372.171875
152712.65625
150747.78125
148571.09375
146220.6875
143734.234375
141122.296875
138462.78125
135753.28125
133045.25
130356.7734375
127686.984375
125059.859375
122487.296875
119975.953125
117536.890625
115160.140625
112881.6953125
110656.578125
108537.2578125
106480.5
104511.453125
102619.3671875
100789.1640625
99045.8671875
97369.4140625
95752.4375
94210.84375
92727.1875
91300.796875
89928.671875
88614.796875
87342.1171875
86133.3671875
84955.1796875
83832.7265625
82743.78125
81688.1171875
80688.265625
79717.828125
78774.84375
77875.0546875
76997.5390625
76144.5625
75328.203125
74534.8984375
73762.9453125
73015.6484375
72293.140625
71587.7421875
70905.109375
70247.6640625
69598.9375
68966.7578125
68363.0078125
67767.984375
67188.2890625
66624.4140625
66077.046875
65543.21875
65022.328125
64514.47265625
64019.68359375
63534.390625
63063.890625
62599.06640625
62147.921875
61705.33203125
61274.1484375
60852.71875
60438.68359375
60029.8515625
59633.1328125
59243.85546875
58863.14453125
58486.0078125
58118.48828125
57763.77734375
57404.734375
57057.98828125
56719.21875
56383.1171875
56053.21875
55730.48046875
55412.3046875
55096.4921875
54789.3671875
54488.6640625
54190.31640625
53896.48828125
53606.0859375
53323.80078125
53043.484375
52767.4921875
52500.19921875
52233.890625
51981.03125
51712.92578125
51484.87890625
51249.2265625
51035.03125
50770.578125
50504.17578125
50281.375
50056.80078125
49808.05859375
49576.02734375
49358.6015625
49141.01953125
48910.4609375
48693.46484375
48491.3515625
48276.296875
48071.3359375
47866.94140625
47661.65625
47458.38671875
47266.17578125
47069.7421875
46875.53125
46690.421875
46503.328125
46319.1015625
46132.828125
45956.1640625
45774.828125
45597.66796875
45426.0078125
45253.10546875
45084.52734375
44913.859375
44744.60546875
44579.3125
44417.578125
44254.7890625
44095.02734375
43938.578125
43781.078125
43627.671875
43475.484375
43325.79296875
43174.0546875
43025.7578125
42879.22265625
42732.3203125
42588.9453125
42446.8046875
42303.86328125
42165.19921875
42022.8125
41886.73828125
41747.9765625
41613.734375
41479.2890625
41347.625
41217.32421875
41086.140625
40959.22265625
40830.9375
40707.4453125
40584.953125
40461.82421875
40343.859375
40217.25
40098.72265625
39988.875
39863.7265625
39748.015625
39636.859375
39519.5078125
39405.734375
39296.390625
39183.0859375
39073.1015625
38964.03125
38854.390625
38748.84375
38642.53515625
38534.171875
38432.4140625
38325.1796875
38222.78125
38120.63671875
38016.50390625
37918.2890625
37817.64453125
37719.5703125
37622.21875
37526.49609375
37431.60546875
37334.484375
37237.25
37145.41796875
37049.234375
36956.40625
36865.375
36772.515625
36682.796875
36593.1328125
36505.02734375
36418.7421875
36331.4921875
36241.94140625
36157.546875
36073.23828125
35986.9765625
35904.05078125
35822.203125
35738.953125
35655.49609375
35571.0078125
35491.953125
35412.12109375
35330.59765625
35251.1953125
35173.171875
35092.87890625
35015.3203125
34938.96875
34862.08203125
34785.015625
34710.32421875
34634.90625
34561.49609375
34485.92578125
34412.58984375
34339.93359375
34267.90625
34195.078125
34123.92578125
34053.6484375
33982.9375
33913.44921875
33845.84375
33775.59375
33708.69921875
33639.5703125
33572.42578125
33503.76171875
33437.6640625
33371.1484375
33303.875
33239.08203125
33174.7265625
33109.89453125
33043.49609375
32980.1015625
32916.70703125
32853.50390625
32790.8828125
32727.89453125
32666.640625
32607.83984375
32544.24609375
32484.203125
32422.90625
32362.16015625
32302.216796875
32244.2421875
32184.37890625
32126.0703125
32067.625
32010.26171875
31952.017578125
31893.673828125
31836.40234375
31778.501953125
31722.849609375
31667.0625
31610.9921875
31555.26953125
31500.92578125
31445.806640625
31392.2890625
31336.8828125
31283.259765625
31229.66796875
31176.021484375
31123.109375
31071.2421875
31017.279296875
30965.52734375
30913.78515625
30862.30078125
30812.046875
30760.275390625
30710.046875
30661.22265625
30614.52734375
30567.44140625
30526.017578125
30468.697265625
30416.677734375
30374.01171875
30325.66015625
30275.548828125
30226.427734375
30179.52734375
30135.06640625
30081.53125
30042.384765625
30006.525390625
29949.6640625
29905.73046875
29861.162109375
29807.38671875
29771.66796875
29716.55859375
29676.673828125
29630.318359375
29587.515625
29543.00390625
29496.947265625
29453.9140625
29410.744140625
29367.4609375
29323.02734375
29280.083984375
29237.685546875
29193.083984375
29150.7265625
29108.609375
29065.23828125
29024.01953125
28980.791015625
28939.267578125
28896.484375
28854.3125
28812.087890625
28770.95703125
28729.48828125
28687.544921875
28646.275390625
28603.16015625
28562.97265625
28521.50390625
28482.52734375
28441.509765625
28401.34765625
28361.07421875
28320.966796875
28282.33203125
28243.6640625
28204.13671875
28166.2421875
28127.5390625
28089.90625
28053.43359375
28016.9609375
27979.3203125
27943.220703125
27905.853515625
27867.111328125
27830.859375
27794.0625
27758.6015625
27723.69921875
27687.03125
27652.884765625
27617.728515625
27583.16796875
27549.482421875
27514.8515625
27480.3671875
27444.544921875
27410.2890625
27376.48828125
27343.69921875
27311.2578125
27276.6015625
27243.603515625
27209.791015625
27177.458984375
27144.033203125
27112.30859375
27080.701171875
27046.96875
27014.025390625
26983.5
26952.033203125
26920.65625
26887.9609375
26855.189453125
26823.69140625
26793.0703125
26762.25
26730.490234375
26698.58984375
26668.091796875
26637.3515625
26607.216796875
26575.236328125
26544.634765625
26512.890625
26482.927734375
26452.7890625
26422.47265625
26392.44140625
26363.1640625
26333.09375
26304.810546875
26274.39453125
26245.150390625
26216.07421875
26187.3125
26158.583984375
26130.30859375
26101.078125
26072.623046875
26044.96484375
26016.064453125
25987.9140625
25960.7890625
25932.60546875
25905.740234375
25878.8515625
25851.736328125
25826.00390625
25798.48046875
25772.50390625
25744.8203125
25716.048828125
25689.078125
25662.44921875
25638.1171875
25612.45703125
25586.00390625
25557.978515625
25530.7734375
25504.412109375
25480.95703125
25455.015625
25428.587890625
25401.17578125
25373.12109375
25346.94140625
25322.03125
25295.798828125
25270.72265625
25244.548828125
25219.298828125
25193.47265625
25168.66015625
25144.32421875
25120.875
25098.296875
25077.05078125
25053.55859375
25029.916015625
25003.4765625
24978.04296875
24953.5859375
24928.66015625
24902.76171875
24876.640625
24850.08203125
24826.646484375
24803.17578125
24779.10546875
24755.5390625
24732.578125
24708.64453125
24685.1640625
24661.3515625
24638.5546875
24616.4140625
24593.013671875
24568.845703125
24544.4453125
24521.34375
24499.43359375
24476.880859375
24454.7109375
24432.8359375
24410.36328125
24388.42578125
24366.294921875
24343.70703125
24321.4609375
24299.66015625
24278.1484375
24256.810546875
24235.62109375
24214.068359375
24191.72265625
24171.28515625
24149.33984375
24128.8515625
24108.74609375
24087.81640625
24066.8046875
24044.662109375
24023.76171875
24002.546875
23983.505859375
23963.1015625
23943.0546875
23921.84765625
23901.279296875
23880.41796875
23860.34375
23840.095703125
23819.14453125
23798.96484375
23779.26171875
23758.921875
23739.453125
23718.72265625
23698.2578125
23678.103515625
23658.52734375
23639.185546875
23619.9296875
23600.06640625
23580.34765625
23559.984375
23539.646484375
23519.474609375
23500.41015625
23480.02734375
23461.8359375
23443.314453125
23424.4375
23406.56640625
23389.04296875
23371.08203125
23353.75390625
23336.013671875
23317.017578125
23296.6640625
23275.619140625
23256.3359375
23239.1015625
23222.615234375
23205.818359375
23187.44921875
23169.140625
23151.244140625
23134.099609375
23116.314453125
23096.6640625
23076.7890625
23058.01171875
23039.7265625
23023.71484375
23007.5859375
22990.740234375
22973.8203125
22957.109375
22940.83984375
22925.796875
22910.361328125
22892.6953125
22874.203125
22855.060546875
22836.703125
22820.041015625
22805.119140625
22790.27734375
22774.78515625
22758.595703125
22740.86328125
22722.35546875
22702.701171875
22685.689453125
22669.76171875
22654.9609375
22638.44140625
22621.908203125
22603.916015625
22587.904296875
22572.8203125
22557.03125
22540.296875
22523.09765625
22506.5390625
22490.90625
22475.072265625
22458.87109375
22443.302734375
22427.6796875
22412.91796875
22398.431640625
22384.30859375
22369.125
22353.841796875
22338.25
22321.791015625
22305.61328125
22289.38671875
22273.39453125
22258.23046875
22243.994140625
22229.796875
22216.638671875
22202.33984375
22187.73828125
22172.92578125
22156.8671875
22140.34375
22124.552734375
22109.29296875
22094.0625
22080.359375
22066.74609375
22052.1015625
22038.26171875
22022.80859375
22007.927734375
21993.189453125
21979.078125
21964.3828125
21950.671875
21935.962890625
21921.7421875
21906.720703125
21892.681640625
21878.380859375
21864.5703125
21850.662109375
21836.751953125
21822.79296875
21808.875
21795.310546875
21781.892578125
21768.6328125
21756.3984375
21743.400390625
21730.478515625
21715.68359375
21700.63671875
21684.984375
21670.34375
21656.6640625
21644.041015625
21631.259765625
21619.41015625
21606.1875
21592.513671875
21577.23046875
21562.5859375
21548.619140625
21536.71875
21525.14453125
21513.982421875
21502.87890625
21490.453125
21477.171875
21463.17578125
21449.669921875
21435.54296875
21422.515625
21409.91796875
21397.84375
21385.8359375
21372.341796875
21358.0
21343.19140625
21329.078125
21314.9921875
21302.73828125
21290.7734375
21278.52734375
21265.80859375
21252.84375
21240.791015625
21229.3984375
21218.41015625
21208.03515625
21196.265625
21183.146484375
21169.4921875
21155.1796875
21141.751953125
21129.26171875
21117.24609375
21106.03515625
21094.271484375
21081.94921875
21069.419921875
21057.888671875
21045.728515625
21034.666015625
21023.439453125
21012.859375
21001.5625
20990.08203125
20977.5703125
20965.5078125
20953.328125
20941.37890625
20929.96484375
20918.66015625
20906.6640625
20895.7890625
20884.16796875
20873.146484375
20861.748046875
20850.017578125
20837.55078125
20825.072265625
20811.78125
20799.232421875
20787.01953125
20776.19140625
20765.546875
20755.205078125
20744.890625
20734.205078125
20722.62890625
20712.041015625
20700.537109375
20690.4921875
20679.513671875
20668.9765625
20658.08984375
20647.17578125
20635.46875
20625.109375
20615.109375
20605.75390625
20595.98046875
20585.814453125
20575.51953125
20565.67578125
20556.30078125
20546.921875
20537.333984375
20525.765625
20513.771484375
20501.28125
20489.12890625
20477.69921875
20466.625
20456.44140625
20447.203125
20438.74609375
20429.296875
20418.849609375
20407.41015625
20396.71875
20386.232421875
20376.83984375
20366.453125
20355.556640625
20344.6640625
20334.83203125
20326.564453125
20317.91015625
20307.65625
20296.203125
20284.3515625
20272.94140625
20262.9296875
20252.5390625
20242.076171875
20231.158203125
20220.095703125
20209.98828125
20201.39453125
20192.693359375
20184.73828125
20176.640625
20168.6171875
20158.91796875
20146.8515625
20133.71875
20121.083984375
20109.978515625
20100.7734375
20092.7421875
20084.625
20075.322265625
20065.75
20056.671875
20048.775390625
20040.5625
20031.580078125
20021.453125
20011.990234375
20002.3203125
19993.0546875
19982.19140625
19970.998046875
19959.115234375
19948.83984375
19940.45703125
19933.31640625
19926.92578125
19918.74609375
19909.5
19899.0
19888.2421875
19877.4765625
19865.765625
19853.96484375
19845.080078125
19837.47265625
19828.572265625
19818.015625
19806.51171875
19797.49609375
19789.822265625
19782.150390625
19773.80859375
19764.90625
19755.193359375
19744.26171875
19731.306640625
19718.90234375
19709.9453125
19700.677734375
19696.080078125
19685.10546875
19676.109375
19669.40234375
19665.53125
19658.2421875
19648.283203125
19640.0078125
19629.837890625
19620.58984375
19611.0546875
19598.7421875
19590.4140625
19581.359375
19571.755859375
19561.595703125
19551.283203125
19541.90234375
19527.72265625
19516.87890625
19508.53515625
19499.05859375
19494.58984375
19487.92578125
19479.7578125
19474.453125
19466.787109375
19460.81640625
19453.107421875
19444.23828125
19438.49609375
19426.2421875
19416.45703125
19404.1640625
19393.15625
19384.935546875
19377.08203125
19369.96484375
19361.453125
19352.482421875
19342.861328125
19333.5859375
19325.12109375
19315.60546875
19306.494140625
19297.0390625
19289.265625
19282.27734375
19276.15234375
19269.537109375
19261.048828125
19251.7734375
19242.18359375
19232.712890625
19224.38671875
19216.95703125
19210.703125
19204.41796875
19198.685546875
19192.3046875
19186.087890625
19179.30078125
19171.751953125
19163.4453125
19154.640625
19145.453125
19135.5546875
19126.125
19116.875
19108.21875
19100.61328125
19093.447265625
19087.05859375
19080.048828125
19072.34765625
19064.171875
19055.86328125
19048.224609375
19040.341796875
19033.4765625
19027.509765625
19020.22265625
19013.35546875
19005.107421875
18997.21484375
18989.96484375
18983.576171875
18978.857421875
18973.931640625
18969.271484375
18964.1015625
18958.509765625
18952.345703125
18945.107421875
18936.447265625
18926.765625
18916.22265625
18905.599609375
18895.578125
18887.974609375
18881.71484375
18876.80859375
18870.7578125
18864.462890625
18856.9140625
18849.109375
18841.099609375
18833.296875
18825.73046875
18817.302734375
18807.46484375
18798.525390625
18790.818359375
18785.189453125
18779.97265625
18775.26953125
18769.255859375
18762.283203125
18754.560546875
18748.572265625
18744.11328125
18741.3671875
18738.443359375
18735.15234375
18729.537109375
18723.880859375
18714.67578125
18704.6484375
18692.892578125
18681.552734375
18671.197265625
18663.66015625
18657.3515625
18649.875
18641.41015625
18632.7890625
18624.71875
18617.197265625
18610.26953125
18603.517578125
18597.25
18591.685546875
18568.494140625
18567.73046875
18569.462890625
18550.62890625
18555.89453125
18548.31640625
18537.40234375
18541.23046875
18529.796875
18525.00390625
18523.93359375
18514.009765625
18511.60546875
18507.40625
18499.365234375
18497.09375
18491.138671875
18484.8203125
18481.7890625
18475.38671875
18470.8984375
18466.80859375
18460.734375
18456.92578125
18451.947265625
18446.783203125
18442.6484375
18437.787109375
18433.212890625
18428.8984375
18423.78515625
18419.37109375
18414.80859375
18409.740234375
18405.337890625
18400.76953125
18396.060546875
18391.783203125
18387.08203125
18382.5859375
18378.14453125
18373.283203125
18368.615234375
18364.322265625
18359.88671875
18355.486328125
18350.904296875
18346.3359375
18341.9296875
18337.302734375
18332.66015625
18328.302734375
18323.703125
18319.373046875
18314.9453125
18310.55859375
18306.025390625
18301.552734375
18296.986328125
18292.59765625
18288.26171875
18283.779296875
18279.33984375
18274.92578125
18270.611328125
18265.95703125
18261.31640625
18257.048828125
18252.796875
18248.34765625
18243.728515625
18239.328125
18234.87109375
18230.193359375
18225.744140625
18221.234375
18216.970703125
18212.72265625
18208.279296875
18203.666015625
18199.37890625
18195.037109375
18190.361328125
18186.126953125
18181.59375
18177.103515625
18172.7109375
18168.45703125
18164.052734375
18159.72265625
18155.259765625
18150.833984375
18146.451171875
18142.19921875
18137.8203125
18133.51953125
18129.224609375
18124.646484375
18120.4375
18116.169921875
18111.859375
18107.5234375
18103.27734375
18098.955078125
18094.5546875
18090.337890625
18085.8671875
18081.78515625
18077.5
18073.09375
18068.8984375
18064.693359375
18060.48046875
18056.216796875
18052.025390625
18047.55859375
18043.373046875
18039.02734375
18034.7578125
18030.52734375
18026.29296875
18021.984375
18017.875
18013.5546875
18009.41015625
18005.271484375
18000.87890625
17996.72265625
17992.58984375
17988.294921875
17983.923828125
17979.81640625
17975.8203125
17971.419921875
17967.2890625
17963.15625
17959.12890625
17954.892578125
17950.640625
17946.4375
17942.28125
17938.185546875
17934.115234375
17929.91796875
17925.8125
17921.669921875
17917.498046875
17913.41796875
17909.08203125
17905.0859375
17900.978515625
17896.71484375
17892.50390625
17888.515625
17884.548828125
17880.49609375
17876.197265625
17871.974609375
17867.94140625
17863.78515625
17859.7734375
17855.58203125
17851.3984375
17847.21484375
17843.1171875
17839.0234375
17834.943359375
17830.86328125
17826.671875
17822.453125
17818.419921875
17814.23828125
17810.140625
17805.9921875
17801.923828125
17797.73828125
17793.728515625
17789.5859375
17785.41796875
17781.3125
17777.3359375
17773.03515625
17769.005859375
17764.88671875
17760.9765625
17756.869140625
17752.90234375
17749.046875
17745.05078125
17740.86328125
17736.8984375
17732.953125
17729.00390625
17724.859375
17720.978515625
17717.00390625
17713.1953125
17709.25390625
17705.33203125
17701.20703125
17697.3671875
17693.4765625
17689.48828125
17685.64453125
17681.5859375
17677.65234375
17674.05859375
17669.84765625
17666.1015625
17662.208984375
17658.43359375
17654.580078125
17650.58203125
17646.8828125
17642.951171875
17639.05859375
17635.1171875
17631.2109375
17627.490234375
17623.5625
17619.810546875
17616.0546875
17612.30859375
17608.36328125
17604.59375
17600.544921875
17596.67578125
17592.8828125
17589.09375
17585.296875
17581.546875
17577.826171875
17574.1640625
17570.384765625
17566.658203125
17563.041015625
17559.61328125
17556.31640625
17553.416015625
17550.529296875
17546.9296875
17542.484375
17537.287109375
17532.560546875
17529.1875
17526.34765625
17523.09765625
17518.669921875
17514.001953125
17510.17578125
17507.083984375
17503.80859375
17499.76953125
17495.37890625
17491.708984375
17488.318359375
17484.943359375
17481.0390625
17476.955078125
17473.259765625
17469.708984375
17466.2265625
17462.384765625
17458.6328125
17455.072265625
17451.552734375
17447.7890625
17444.08984375
17440.38671875
17436.60546875
17433.11328125
17429.25
17425.73828125
17422.0
17418.421875
17414.916015625
17411.2265625
17407.380859375
17403.91015625
17400.28125
17396.58203125
17392.89453125
17389.244140625
17385.74609375
17382.12109375
17378.390625
17374.88671875
17371.279296875
17367.705078125
17364.04296875
17360.548828125
17356.87890625
17353.263671875
17349.666015625
17346.25
17342.59375
17338.90625
17335.22265625
17331.7109375
17328.267578125
17324.7578125
17321.080078125
17317.5859375
17313.99609375
17310.337890625
17306.8828125
17303.44921875
17299.80078125
17296.39453125
17292.919921875
17289.701171875
17286.025390625
17282.67578125
17279.09765625
17275.734375
17272.0
17268.5
17265.099609375
17261.6328125
17258.27734375
17254.87890625
17251.3359375
17247.8828125
17244.583984375
17241.392578125
17238.16796875
17235.07421875
17231.849609375
17229.078125
17225.642578125
17222.216796875
17218.3671875
17214.81640625
17211.267578125
17208.0703125
17204.8125
17201.01953125
17196.71875
17192.95703125
17189.44921875
17186.39453125
17183.369140625
17180.265625
17176.640625
17172.787109375
17169.044921875
17165.7578125
17162.498046875
17159.35546875
17155.802734375
17152.390625
17148.97265625
17145.376953125
17141.919921875
17138.73046875
17135.30078125
17132.08984375
17128.66796875
17125.16015625
17121.8671875
17118.4140625
17114.90234375
17111.759765625
17108.333984375
17105.052734375
17101.732421875
17098.375
17095.001953125
17091.712890625
17088.3984375
17084.931640625
17081.52734375
17078.3203125
17074.888671875
17071.728515625
17068.408203125
17065.140625
17061.806640625
17058.5703125
17055.11328125
17051.775390625
17048.615234375
17045.259765625
17041.908203125
17038.70703125
17035.3203125
17032.150390625
17028.859375
17025.73828125
17022.357421875
17018.984375
17015.65234375
17012.4921875
17009.29296875
17006.09765625
17002.91015625
16999.779296875
16996.7265625
16994.26171875
16991.306640625
16988.71484375
16984.53125
16981.068359375
16977.349609375
16973.78125
16970.28125
16967.26953125
16964.18359375
16960.859375
16957.451171875
16954.2265625
16950.732421875
16947.21484375
16943.65625
16940.71484375
16937.15625
16933.828125
16930.537109375
16927.384765625
16923.943359375
16920.46484375
16917.02734375
16913.5625
16910.15234375
16906.775390625
16903.291015625
16899.763671875
16896.38671875
16892.78515625
16889.255859375
16885.87890625
16882.2890625
16878.669921875
16875.00390625
16871.50390625
16867.841796875
16863.98828125
16860.38671875
16856.71875
16852.8984375
16849.32421875
16845.666015625
16842.2109375
16838.625
16835.150390625
16831.498046875
16828.015625
16824.45703125
16821.33984375
16818.611328125
16816.232421875
16813.40234375
16809.59765625
16804.38671875
16798.681640625
16793.865234375
16790.6328125
16787.9453125
16784.916015625
16780.8203125
16775.9609375
16770.8203125
16766.30078125
16762.04296875
16758.126953125
16754.337890625
16750.517578125
16746.224609375
16741.94140625
16737.953125
16734.1328125
16730.20703125
16726.412109375
16722.7109375
16719.244140625
16715.62109375
16712.033203125
16708.09765625
16704.4140625
16700.8125
16697.349609375
16693.822265625
16690.22265625
16686.94921875
16683.47265625
16680.095703125
16676.744140625
16673.3359375
16670.197265625
16667.107421875
16664.041015625
16660.66015625
16657.68359375
16653.9453125
16650.712890625
16647.005859375
16643.7734375
16640.58203125
16637.8671875
16634.9765625
16632.33984375
16629.59765625
16626.77734375
16623.5
16619.89453125
16616.87890625
16614.171875
16611.48046875
16608.57421875
16605.3359375
16602.31640625
16599.65625
16598.138671875
16597.375
16597.2734375
16595.50390625
16591.91015625
16586.84375
16582.38671875
16579.07421875
16575.55078125
16571.099609375
16567.052734375
16563.94140625
16561.9375
16559.8203125
16556.7265625
16552.8359375
16548.689453125
16545.185546875
16542.171875
16539.455078125
16536.572265625
16533.6953125
16530.40625
16527.03515625
16523.1953125
16519.357421875
16516.0078125
16513.140625
16510.5
16507.232421875
16503.98046875
16500.439453125
16497.14453125
16493.5
16490.37109375
16487.435546875
16484.712890625
16482.005859375
16479.33984375
16476.943359375
16474.35546875
16471.626953125
16468.16015625
16464.84375
16461.80859375
16459.1953125
16456.62890625
16454.0
16450.78125
16447.296875
16443.36328125
16439.4453125
16436.1484375
16432.94921875
16429.3125
16425.3515625
16420.951171875
16416.87890625
16413.369140625
16410.298828125
16407.50390625
16404.58203125
16401.689453125
16398.8515625
16395.9921875
16392.666015625
16389.0703125
16385.404296875
16382.1181640625
16379.2421875
16376.1875
16373.2197265625
16370.6328125
16368.1455078125
16365.353515625
16362.521484375
16360.177734375
16357.837890625
16356.09375
16353.9619140625
16351.939453125
16349.6943359375
16347.212890625
16344.478515625
16341.478515625
16338.412109375
16335.3349609375
16332.474609375
16329.87109375
16327.4375
16325.24609375
16322.8134765625
16320.369140625
16318.482421875
16317.337890625
16317.24609375
16317.19921875
16316.828125
16313.62109375
16308.5927734375
16302.212890625
16297.31640625
16293.5859375
16291.482421875
16289.4716796875
16286.966796875
16283.11328125
16278.1943359375
16273.359375
16269.4326171875
16267.052734375
16265.1171875
16263.64453125
16261.740234375
16259.2578125
16255.732421875
16251.8291015625
16247.80078125
16244.51953125
16242.072265625
16239.8154296875
16237.513671875
16234.71875
16231.232421875
16227.6943359375
16224.01953125
16220.8583984375
16218.224609375
16215.796875
16213.8515625
16211.90625
16209.7421875
16207.275390625
16204.126953125
16200.34375
16196.0625
16191.712890625
16187.79296875
16184.09765625
16180.52734375
16177.099609375
16173.724609375
16170.509765625
16167.3037109375
16164.501953125
16161.609375
16158.9853515625
16156.00390625
16153.2275390625
16150.26953125
16147.2919921875
16144.2412109375
16141.5732421875
16139.37890625
16137.4599609375
16135.453125
16133.3466796875
16131.001953125
16128.48828125
16125.9052734375
16123.201171875
16120.5673828125
16118.005859375
16116.07421875
16114.201171875
16113.1640625
16111.2177734375
16108.9482421875
16104.9912109375
16100.724609375
16096.78125
16094.16015625
16092.951171875
16092.3095703125
16091.19921875
16089.197265625
16086.66015625
16083.68359375
16079.2177734375
16073.802734375
16068.697265625
16064.7412109375
16061.6201171875
16058.0751953125
16053.51953125
16048.5625
16043.96875
16039.9267578125
16036.3984375
16032.6171875
16028.46875
16024.361328125
16020.759765625
16017.1552734375
16013.263671875
16009.1767578125
16005.263671875
16001.8251953125
15998.58203125
15995.2646484375
15991.966796875
15988.5712890625
15984.82421875
15980.755859375
15976.658203125
15973.1162109375
15970.216796875
15967.9677734375
15966.015625
15963.94921875
15960.8876953125
15957.1533203125
15953.0166015625
15949.2734375
15946.3173828125
15943.9228515625
15942.2353515625
15941.2822265625
15940.763671875
15939.9755859375
15939.26953125
15937.03125
15933.5126953125
15928.724609375
15923.51171875
15919.021484375
15915.3720703125
15912.5517578125
15910.0087890625
15907.693359375
15905.173828125
15902.7705078125
15900.4970703125
15898.013671875
15895.4228515625
15892.11328125
15888.4921875
15884.55859375
15880.283203125
15875.953125
15871.6455078125
15867.9208984375
15864.984375
15862.41015625
15860.1064453125
15857.3310546875
15854.404296875
15851.275390625
15849.0625
15846.853515625
15845.630859375
15843.0849609375
15840.6083984375
15837.28125
15834.1630859375
15830.8046875
15827.8984375
15824.921875
15822.5947265625
15820.349609375
15817.9560546875
15815.4111328125
15812.0537109375
15808.4609375
15804.603515625
15800.4658203125
15796.787109375
15793.298828125
15790.607421875
15788.2373046875
15786.404296875
15784.244140625
15782.009765625
15779.62890625
15777.43359375
15775.3125
15773.48046875
15771.83203125
15770.0439453125
15768.1455078125
15765.970703125
15764.169921875
15762.423828125
15760.80078125
15759.412109375
15758.5048828125
15757.3525390625
15755.966796875
15753.42578125
15750.0703125
15746.6435546875
15743.2734375
15740.662109375
15738.755859375
15737.576171875
15736.44140625
15735.37890625
15734.3740234375
15732.8720703125
15730.83203125
15728.2578125
15725.0986328125
15721.63671875
15717.1875
15712.48828125
15707.603515625
15702.908203125
15698.875
15696.083984375
15694.357421875
15692.927734375
15691.015625
15688.2109375
15684.37109375
15680.283203125
15676.0537109375
15672.6953125
15670.037109375
15668.1435546875
15666.31640625
15664.5546875
15662.607421875
15660.7578125
15658.6318359375
15656.7138671875
15654.7265625
15652.466796875
15649.625
15645.9677734375
15641.72265625
15638.21875
15635.759765625
15634.8779296875
15634.529296875
15634.14453125
15632.779296875
15630.673828125
15628.1171875
15626.296875
15624.912109375
15623.78125
15622.65234375
15621.2060546875
15619.1865234375
15617.29296875
15615.6396484375
15614.0078125
15612.173828125
15609.576171875
15606.2294921875
15602.3095703125
15598.1396484375
15594.078125
15590.57421875
15587.4921875
15584.8173828125
15582.52734375
15580.86328125
15579.34765625
15578.291015625
15577.3671875
15577.4326171875
15578.5166015625
15580.3359375
15578.8447265625
15572.8134765625
15567.01171875
15567.3486328125
15569.5068359375
15567.1787109375
15560.7021484375
15554.7353515625
15551.474609375
15547.224609375
15541.4267578125
15537.509765625
15537.0830078125
15536.7138671875
15534.982421875
15533.2421875
15532.236328125
15529.5390625
15524.8896484375
15520.5810546875
15517.6044921875
15515.2021484375
15512.1376953125
15509.3544921875
15506.220703125
15502.775390625
15498.322265625
15494.419921875
15491.677734375
15489.171875
15486.615234375
15483.767578125
15480.955078125
15477.634765625
15474.3212890625
15471.080078125
15468.4599609375
15465.759765625
15463.3505859375
15460.666015625
15458.453125
15456.28125
15454.2841796875
15452.046875
15449.6953125
15447.2900390625
15445.1796875
15443.388671875
15442.1376953125
15441.349609375
15441.041015625
15440.9423828125
15441.3056640625
15441.7431640625
15442.42578125
15442.4619140625
15441.78125
15439.55078125
15435.990234375
15431.1904296875
15425.8818359375
15420.572265625
15415.6103515625
15411.3310546875
15407.8505859375
15405.31640625
15403.326171875
15401.7099609375
15399.7509765625
15397.755859375
15395.525390625
15393.1875
15390.75390625
15388.142578125
15385.1943359375
15382.1982421875
15379.0048828125
15376.0205078125
15373.486328125
15371.3046875
15369.509765625
15367.6171875
15365.701171875
15363.5029296875
15360.9677734375
15357.9306640625
15354.751953125
15351.0322265625
15347.21484375
15343.419921875
15340.298828125
15337.9482421875
15336.34375
15335.12109375
15334.3095703125
15333.158203125
15331.73046875
15329.9609375
15328.0576171875
15325.53515625
15323.197265625
15320.34375
15317.45703125
15314.2578125
15311.341796875
15308.845703125
15307.03125
15305.47265625
15304.40234375
15303.6376953125
15302.6884765625
15301.4091796875
15299.400390625
15296.9560546875
15294.0537109375
15290.90234375
15287.4755859375
15284.0859375
15280.798828125
15278.033203125
15275.611328125
15273.439453125
15271.3154296875
