15428.9921875
15411.2734375
15396.5537109375
15384.19140625
15373.53125
15363.998046875
15355.2890625
15347.30078125
15340.029296875
15333.423828125
15327.474609375
15322.142578125
15317.3671875
15313.0927734375
15309.240234375
15305.74609375
15302.541015625
15299.56640625
15296.78125
15294.1396484375
15291.619140625
15289.216796875
15286.9150390625
15284.712890625
15282.59765625
15280.5810546875
15278.6484375
15276.7978515625
15275.025390625
15273.330078125
15271.6982421875
15270.125
15268.6171875
15267.162109375
15265.76953125
15264.42578125
15263.138671875
15261.908203125
15260.724609375
15259.591796875
15258.498046875
15257.443359375
15256.4296875
15255.4501953125
15254.5
15253.57421875
15252.673828125
15251.7958984375
15250.9375
15250.099609375
15249.2890625
15248.4921875
15247.71484375
15246.951171875
15246.205078125
15245.4775390625
15244.7646484375
15244.0625
15243.37890625
15242.70703125
15242.05078125
15241.4033203125
15240.775390625
15240.154296875
15239.546875
15238.9482421875
15238.359375
15237.78515625
15237.21875
15236.6611328125
15236.1123046875
15235.5751953125
15235.04296875
15234.5224609375
15234.0078125
15233.501953125
15233.00390625
15232.513671875
15232.029296875
15231.5537109375
15231.08203125
15230.6181640625
15230.1630859375
15229.712890625
15229.2685546875
15228.8310546875
15228.3974609375
15227.97265625
15227.5498046875
15227.1337890625
15226.724609375
15226.318359375
15225.923828125
15225.52734375
15225.1357421875
15224.75390625
15224.3740234375
15224.0
15223.62890625
15223.263671875
15222.9033203125
15222.546875
15222.193359375
15221.845703125
15221.5029296875
15221.1630859375
15220.828125
15220.4970703125
15220.169921875
15219.84765625
15219.5283203125
15219.2119140625
15218.900390625
15218.59375
15218.287109375
15217.984375
15217.6865234375
15217.390625
15217.099609375
15216.8125
15216.52734375
15216.244140625
15215.9677734375
15215.6923828125
15215.41796875
15215.150390625
15214.8837890625
15214.62109375
15214.359375
15214.103515625
15213.8447265625
15213.5947265625
15213.345703125
15213.099609375
15212.85546875
15212.615234375
15212.37890625
15212.1416015625
15211.91015625
15211.677734375
15211.44921875
15211.22265625
15211.0
15210.7802734375
15210.560546875
15210.34375
15210.12890625
15209.9150390625
15209.705078125
15209.49609375
15209.291015625
15209.0859375
15208.884765625
15208.685546875
15208.4873046875
15208.29296875
15208.09765625
15207.90625
15207.71484375
15207.525390625
15207.33984375
15207.154296875
15206.97265625
15206.7900390625
15206.611328125
15206.4365234375
15206.259765625
15206.0849609375
15205.91015625
15205.736328125
15205.5703125
15205.4013671875
15205.2353515625
15205.0703125
15204.90625
15204.7421875
15204.5810546875
15204.421875
15204.263671875
15204.107421875
15203.955078125
15203.798828125
15203.6455078125
15203.494140625
15203.345703125
15203.1962890625
15203.0478515625
15202.900390625
15202.75390625
15202.6103515625
15202.4697265625
15202.328125
15202.185546875
15202.048828125
15201.9091796875
15201.7724609375
15201.6357421875
15201.5009765625
15201.3671875
15201.232421875
743511.0
326362.375
1481379.625
81428.6484375
146229.078125
142101.953125
30262758.0
11372652.0
67653.296875
60237.4296875
57647.9609375
56343.3515625
55399.37890625
54606.4453125
53756.3515625
52654.44921875
51373.2734375
50065.02734375
48815.54296875
47719.375
46665.3203125
45535.1640625
44389.5078125
43320.59375
42346.33984375
41386.234375
40380.3359375
39358.51953125
38359.13671875
37412.35546875
36761.8515625
35746.8046875
35118.6796875
34483.57421875
33752.1796875
33007.7109375
32324.41015625
31679.65234375
31080.078125
30517.3984375
29981.240234375
29461.26171875
28944.53125
28424.109375
27907.640625
27411.8359375
26947.828125
26519.275390625
26125.66796875
25760.75
25408.125
25055.5546875
24709.58203125
24381.677734375
24074.44921875
23784.392578125
23507.66796875
23243.02734375
22989.07421875
22744.41015625
22508.55078125
22281.423828125
22063.126953125
21853.7734375
21653.58984375
21461.654296875
21276.30078125
21096.7578125
20923.08984375
20755.240234375
20593.427734375
20437.5703125
20287.326171875
20142.240234375
20001.7890625
19865.41015625
19732.958984375
19603.751953125
19477.568359375
19354.365234375
19234.064453125
19116.96875
19003.16015625
18892.0859375
18783.69921875
18677.98046875
18574.32421875
18472.75
18373.197265625
18275.765625
18180.474609375
18087.3984375
17996.4375
17907.265625
17819.779296875
17733.9765625
17649.8125
17567.076171875
17486.0703125
17406.794921875
17329.177734375
17252.755859375
17177.57421875
17103.869140625
17031.38671875
16960.046875
16890.0390625
16821.5625
16754.47265625
16688.4609375
16623.423828125
16559.46484375
16496.53515625
16434.67578125
16373.8408203125
16313.896484375
16254.7041015625
16196.38671875
16138.974609375
16082.328125
16026.5048828125
15971.4140625
15917.2763671875
15863.9482421875
15811.5693359375
15760.0751953125
15709.4208984375
15659.697265625
15611.0556640625
15563.92578125
15518.5087890625
15473.9521484375
15429.720703125
15385.943359375
15343.3759765625
15301.76171875
15260.763671875
15220.2060546875
15180.02734375
15140.833984375
15102.384765625
15064.630859375
15027.248046875
14990.40625
14954.197265625
14918.6162109375
14883.623046875
14849.1220703125
14815.390625
14782.509765625
14750.5888671875
14719.470703125
14688.99609375
14659.1142578125
14629.8232421875
14601.146484375
14572.998046875
14545.42578125
14518.3671875
14491.826171875
14465.7001953125
14439.9716796875
14414.5087890625
14389.3466796875
14364.4765625
14339.9072265625
14315.677734375
14291.814453125
14268.337890625
14245.212890625
14222.478515625
14200.044921875
14177.916015625
14156.025390625
14134.3125
14112.7607421875
14091.3828125
14070.1279296875
14049.0283203125
14028.0498046875
14007.2216796875
13986.46875
13965.8232421875
13945.2939453125
13925.021484375
13905.1640625
13885.9140625
13867.337890625
13849.1171875
13830.6923828125
13811.833984375
13793.21484375
13775.5634765625
13758.640625
13741.576171875
13724.0771484375
13706.658203125
13690.0439453125
13674.0322265625
13659.134765625
13641.8955078125
13626.1923828125
13610.9921875
13597.025390625
13581.9375
13566.57421875
13551.26171875
13537.7138671875
13520.4482421875
13507.4912109375
13495.92578125
13479.3271484375
13472.65234375
13457.044921875
13449.8642578125
13421.6513671875
13428.6943359375
13443.798828125
13412.654296875
13375.1875
13379.3857421875
13333.2255859375
13352.37109375
13313.1708984375
13321.3203125
13298.30078125
13300.310546875
13274.9140625
13270.8408203125
13262.6513671875
13228.0302734375
13223.669921875
13202.87109375
13186.1669921875
13188.541015625
13154.798828125
13153.6552734375
13133.69921875
13117.955078125
13106.4794921875
13088.73046875
13076.884765625
13066.3193359375
13050.265625
13041.24609375
13023.62890625
13012.0771484375
13002.9345703125
12988.029296875
12974.66796875
12966.0361328125
12952.974609375
12943.4765625
12930.7197265625
12922.375
12911.828125
12896.81640625
12890.375
12883.8603515625
12874.7744140625
12864.4677734375
12851.9853515625
12843.189453125
12831.677734375
12821.3623046875
12809.833984375
12798.7578125
12786.9990234375
12778.79296875
12768.974609375
12758.80078125
12747.7041015625
12738.150390625
12729.2578125
12719.3837890625
12710.767578125
12701.5966796875
12692.4658203125
12684.1640625
12674.361328125
12664.7392578125
12657.0341796875
12647.19140625
12637.1181640625
12629.2880859375
12619.3310546875
12609.9765625
12599.66015625
12591.390625
12583.826171875
12572.9853515625
12567.6875
12559.255859375
12551.505859375
12540.36328125
12535.8046875
12526.3896484375
12519.70703125
12507.04296875
12502.8916015625
12490.0546875
12485.0556640625
12472.625
12469.5859375
12464.7138671875
12459.66015625
12447.009765625
12438.876953125
12430.1240234375
12423.3271484375
12414.0810546875
12406.03515625
12396.12109375
12389.5947265625
12379.9404296875
12375.818359375
12370.7998046875
12361.435546875
12352.5458984375
12345.89453125
12336.7412109375
12329.5830078125
12318.708984375
12312.650390625
12304.15234375
12296.671875
12286.22265625
12279.091796875
12272.109375
12263.6787109375
12255.755859375
12247.220703125
12239.923828125
12231.87890625
12224.3271484375
12217.248046875
12209.189453125
12203.171875
12195.083984375
12189.2958984375
12182.1220703125
12175.32421875
12169.1259765625
12162.7802734375
12156.4990234375
12150.306640625
12142.66796875
12135.962890625
12128.99609375
12122.4921875
12116.1728515625
12109.666015625
12102.41796875
12096.271484375
12089.8017578125
12083.6328125
12077.451171875
12070.974609375
12064.8359375
12059.435546875
12053.91796875
12048.953125
12042.4521484375
12035.130859375
12028.3857421875
12023.1748046875
12017.8525390625
12010.7880859375
12003.9482421875
11998.380859375
11992.53515625
11985.49609375
11978.1533203125
11972.029296875
11966.42578125
11960.2294921875
11954.1123046875
11948.052734375
11941.2333984375
11934.171875
11927.7958984375
11921.96484375
11915.935546875
11909.2158203125
11901.984375
11894.49609375
11887.1025390625
11880.044921875
11873.1181640625
11865.755859375
11857.6796875
11849.00390625
11840.0771484375
11831.20703125
11822.6494140625
11814.6669921875
11807.28125
11800.419921875
11794.13671875
11788.4736328125
11783.2119140625
11777.876953125
11772.3173828125
11766.4345703125
11760.6005859375
11754.1494140625
11747.36328125
11740.533203125
11734.935546875
11730.33984375
11725.5703125
11720.015625
11714.0205078125
11708.609375
11703.650390625
11698.341796875
11692.3330078125
11686.44921875
11681.40234375
11676.7255859375
11671.658203125
11666.064453125
11660.533203125
11655.3828125
11650.447265625
11645.4169921875
11640.3681640625
11635.392578125
11630.4072265625
11625.482421875
11620.7138671875
11616.216796875
11611.8857421875
11607.6064453125
11603.1982421875
11598.8193359375
11593.896484375
11588.767578125
11583.671875
11578.8876953125
11574.3896484375
11569.5810546875
11564.580078125
11559.5390625
11554.91015625
11550.5947265625
11546.3369140625
11541.9033203125
11537.310546875
11532.708984375
11527.970703125
11523.2724609375
11518.6748046875
11514.3486328125
11510.142578125
11506.0400390625
11501.755859375
11497.365234375
11492.61328125
11487.751953125
11482.8681640625
11478.25
11473.853515625
11469.666015625
11465.796875
11462.169921875
11458.4365234375
11454.4443359375
11450.248046875
11445.771484375
11440.8857421875
11435.67578125
11430.7880859375
11426.515625
11422.60546875
11418.6240234375
11414.439453125
11410.1015625
11405.8330078125
11401.7509765625
11397.8583984375
11393.736328125
11389.150390625
11384.056640625
11378.994140625
11374.3408203125
11370.1875
11366.28125
11362.314453125
11358.1484375
11354.0166015625
11349.986328125
11346.09765625
11342.4013671875
11338.8046875
11335.23828125
11331.5869140625
11327.8779296875
11324.2509765625
11320.8515625
11318.18359375
11316.57421875
11316.9736328125
11315.3056640625
11310.8857421875
11304.8125
11301.53125
11297.2470703125
11289.646484375
11285.5048828125
11283.291015625
11277.7578125
11272.2509765625
11269.94140625
11267.330078125
11261.55078125
11255.93359375
11252.8515625
11249.99609375
11246.640625
11243.623046875
11240.0009765625
11235.5302734375
11231.76953125
11228.333984375
11224.0400390625
11220.181640625
11217.125
11213.6064453125
11209.69140625
11205.775390625
11201.49609375
11197.357421875
11193.830078125
11190.7109375
11187.5478515625
11184.427734375
11181.1845703125
11178.0078125
11175.373046875
11173.453125
11171.0546875
11166.9990234375
11160.962890625
11154.3857421875
11149.5341796875
11146.9443359375
11144.9150390625
11141.369140625
11136.2060546875
11130.966796875
11127.09765625
11124.19921875
11121.03125
11116.974609375
11112.525390625
11108.4189453125
11104.76171875
11101.234375
11097.71484375
11094.216796875
11090.654296875
11086.765625
11082.64453125
11078.462890625
11074.18359375
11069.6787109375
11064.80859375
11059.955078125
11055.41015625
11051.3544921875
11047.4453125
11043.58203125
11039.2568359375
11034.703125
11029.7939453125
11025.1220703125
11020.9296875
11017.6572265625
11015.2958984375
11013.251953125
11010.7421875
11007.150390625
11002.8779296875
10998.646484375
10995.4560546875
10992.8046875
10990.607421875
10987.2578125
10982.85546875
10976.99609375
10971.1982421875
10966.294921875
10963.015625
10960.7216796875
10958.6328125
10955.6953125
10951.9375
10947.7685546875
10943.953125
10941.150390625
10939.04296875
10937.31640625
10935.234375
10932.875
10930.1064453125
10927.173828125
10923.8447265625
10920.08984375
10916.2734375
10912.5556640625
10909.630859375
10906.783203125
10904.462890625
10901.849609375
10899.4404296875
10896.5859375
10893.4052734375
10889.9345703125
10886.5859375
10883.78515625
10881.54296875
10879.517578125
10877.2578125
10874.697265625
10871.9111328125
10869.3466796875
10866.9541015625
10864.943359375
10862.8779296875
10860.833984375
10858.705078125
10856.740234375
10855.1298828125
10853.8681640625
10852.43359375
10850.3720703125
10847.412109375
10843.994140625
10840.69921875
10837.888671875
10835.55078125
10833.5078125
10831.546875
10829.482421875
10827.3564453125
10825.15625
10823.1796875
10821.33984375
10819.90234375
10818.609375
10817.2822265625
10815.404296875
10812.658203125
10809.056640625
10805.38671875
10802.4326171875
10800.8251953125
10800.4375
10800.0439453125
10798.1669921875
10795.3984375
10794.1025390625
10794.291015625
10793.689453125
10791.85546875
10788.73828125
10784.578125
10780.7216796875
10778.8359375
10777.09765625
10773.087890625
10767.96484375
10764.4296875
10762.603515625
10760.5
10757.130859375
10753.03515625
10748.486328125
10744.693359375
10741.87109375
10739.818359375
10738.35546875
10738.0302734375
10738.640625
10739.060546875
10737.625
10734.2646484375
10730.53125
10727.7509765625
10725.515625
10722.126953125
10717.6796875
10713.515625
10712.1826171875
10713.1318359375
10713.7451171875
10711.6455078125
10707.2841796875
10702.833984375
10699.0927734375
10696.134765625
10693.03515625
10690.359375
10688.103515625
10686.333984375
10683.88671875
10680.8037109375
10678.0693359375
10676.7333984375
10676.51171875
10676.021484375
10674.9296875
10673.0859375
10671.4609375
10669.857421875
10668.5107421875
10666.998046875
10665.57421875
10663.5751953125
10661.369140625
10658.2451171875
10654.9453125
10651.2451171875
10648.00390625
10645.40625
10643.62890625
10642.4306640625
10641.3603515625
10640.681640625
10640.064453125
10639.9423828125
10638.67578125
10636.72265625
10633.541015625
10630.3349609375
10627.2353515625
10624.822265625
10622.6728515625
10620.7265625
10618.46484375
10615.9814453125
10613.3828125
10611.052734375
10608.986328125
10607.181640625
10605.537109375
10604.1279296875
10602.849609375
10601.5244140625
10599.86328125
10597.8515625
10595.517578125
10592.7216796875
10590.244140625
10587.9609375
10585.822265625
10583.384765625
10581.1015625
10579.3525390625
10577.8525390625
10576.23828125
10574.80859375
10573.685546875
10572.650390625
10570.94140625
10569.265625
10567.71875
10566.611328125
10565.7138671875
10565.185546875
10564.8466796875
10564.185546875
10562.845703125
10561.0634765625
10558.6494140625
10556.171875
10553.5869140625
10551.62109375
10549.921875
10548.7578125
10547.5576171875
10546.349609375
10544.6904296875
10542.9638671875
10541.353515625
10540.095703125
10538.98828125
10537.669921875
10536.3994140625
10534.7705078125
10533.9599609375
10533.845703125
10535.203125
10537.341796875
10539.4248046875
10539.7802734375
10537.9482421875
10533.779296875
10528.79296875
10524.072265625
10520.810546875
10519.1376953125
10518.037109375
10516.3876953125
10513.7275390625
10511.375
10510.7861328125
10512.4453125
10515.2470703125
10517.423828125
10519.009765625
10520.4267578125
10521.767578125
10521.5810546875
10518.7119140625
10512.982421875
10507.314453125
10503.59375
10502.720703125
10503.28125
10503.6982421875
10503.431640625
10502.521484375
10501.4521484375
10499.9970703125
10498.326171875
10496.39453125
10495.177734375
10493.806640625
10491.609375
10487.685546875
10483.439453125
10480.888671875
10480.7568359375
10482.048828125
10482.216796875
10480.2734375
10476.57421875
10473.6845703125
10472.3046875
10471.7333984375
10470.201171875
10467.341796875
10464.123046875
10461.8193359375
10460.427734375
10459.619140625
10458.54296875
10457.3984375
10455.8544921875
10454.37890625
10453.041015625
10452.158203125
10451.33203125
10449.9423828125
10447.9755859375
10445.455078125
10443.2587890625
10441.08984375
10439.455078125
10437.3642578125
10435.5087890625
10433.5693359375
10432.1376953125
10430.71484375
10429.404296875
10427.935546875
10426.625
10425.32421875
10424.083984375
10422.650390625
10421.322265625
10420.166015625
10419.689453125
10419.5166015625
10419.90234375
10419.86328125
10419.982421875
10419.01953125
10418.2041015625
10416.54296875
10415.4921875
10414.2275390625
10413.337890625
10412.134765625
10410.8544921875
10409.47265625
10408.28125
10406.9482421875
10405.615234375
10403.80859375
10402.1396484375
10400.5712890625
10399.53515625
10399.02734375
10398.828125
10399.3486328125
10400.037109375
10401.359375
10402.01171875
10401.2880859375
10398.177734375
10393.677734375
10389.4072265625
10387.00390625
10386.31640625
10386.55078125
10386.623046875
10386.380859375
10386.1162109375
10386.14453125
10386.666015625
10387.0009765625
10388.0048828125
10387.83203125
10388.05078125
10385.9140625
10383.9921875
10381.44921875
10380.46875
10379.974609375
10379.775390625
10378.5634765625
10376.0126953125
10372.595703125
10369.0634765625
10366.310546875
10365.4345703125
10366.177734375
10368.7451171875
10371.615234375
10374.900390625
10376.8466796875
10378.1279296875
10377.20703125
10374.7666015625
10369.794921875
10363.4189453125
10357.732421875
10354.509765625
10354.01953125
10354.9462890625
10355.1982421875
10354.0830078125
10351.421875
10348.5517578125
10345.3486328125
10342.25390625
10339.4619140625
10337.7666015625
10337.5087890625
10338.3779296875
10339.0625
10338.58203125
10336.5869140625
10333.658203125
10330.845703125
10328.998046875
10328.4013671875
10328.8671875
10330.0146484375
10331.5400390625
10332.72265625
10333.150390625
10332.611328125
10331.119140625
10329.27734375
10326.83984375
10323.7001953125
10320.205078125
10316.8017578125
10314.615234375
10313.28125
10312.5126953125
10311.357421875
10309.7626953125
10308.0732421875
10306.943359375
10306.4140625
10306.330078125
10306.267578125
10306.1767578125
10306.53515625
10307.162109375
10308.80078125
10309.4130859375
10309.142578125
10305.326171875
10300.533203125
10294.9501953125
10291.98046875
10291.232421875
10291.1875
10290.408203125
10288.375
10287.6875
10285.486328125
10285.2861328125
10285.1015625
10284.404296875
10259.5546875
10264.259765625
10269.1552734375
10250.6025390625
10261.8076171875
10253.673828125
10247.09375
10253.76171875
10243.134765625
10244.494140625
10244.107421875
10237.3359375
10239.8125
10235.8955078125
10233.2509765625
10233.6640625
10229.8203125
10228.9599609375
10227.6044921875
10225.140625
10224.2509765625
10222.47265625
10220.953125
10219.62109375
10218.169921875
10216.94140625
10215.5234375
10214.447265625
10213.3037109375
10211.927734375
10211.119140625
10210.2734375
10208.751953125
10208.4306640625
10208.0927734375
10206.125
10206.83203125
10206.8125
10204.9541015625
10204.013671875
10201.97265625
10202.2734375
10200.26171875
10200.31640625
10199.775390625
10198.41015625
10198.74609375
10198.1591796875
10197.0380859375
10195.765625
10194.099609375
10193.802734375
10192.3408203125
10191.91015625
10190.8291015625
10190.0751953125
10189.5498046875
10188.6884765625
10187.9873046875
10187.337890625
10186.794921875
10185.67578125
10185.365234375
10185.15234375
10183.755859375
10183.9951171875
10184.3125
10182.5439453125
10182.0703125
10180.3544921875
10179.828125
10178.9296875
10178.126953125
10177.095703125
10176.537109375
10175.744140625
10174.716796875
10174.322265625
10173.431640625
10172.587890625
10172.091796875
10171.251953125
10170.48046875
10169.8896484375
10169.15625
10168.333984375
10167.6953125
10166.9814453125
10166.224609375
10165.5419921875
10164.8798828125
10164.1015625
10163.4130859375
10162.7578125
10162.001953125
10161.30859375
10160.6181640625
10159.8974609375
10159.1962890625
10158.50390625
10157.80078125
10157.1103515625
10156.39453125
10155.71484375
10155.03515625
10154.3076171875
10153.6328125
10152.947265625
10152.2265625
10151.53515625
10150.822265625
10150.134765625
10149.3994140625
10148.728515625
10148.025390625
10147.310546875
10146.576171875
10145.8779296875
10145.1708984375
10144.447265625
10143.7236328125
10142.9892578125
10142.23046875
10141.466796875
10140.6806640625
10139.90234375
10139.11328125
10138.314453125
10137.486328125
10136.63671875
10135.78125
10134.931640625
10134.0732421875
10133.185546875
10132.29296875
10131.431640625
10130.5859375
10129.693359375
10128.865234375
10128.009765625
10127.205078125
10126.390625
10125.6064453125
10124.8193359375
10124.0625
10123.2919921875
10122.52734375
10121.7685546875
10121.0302734375
10120.3017578125
10119.552734375
10118.81640625
10118.09765625
10117.3583984375
10116.642578125
10115.896484375
10115.1875
10114.484375
10113.7724609375
10113.0654296875
10112.3623046875
10111.6298828125
10110.923828125
10110.205078125
10109.482421875
10108.744140625
10108.03125
10107.294921875
10106.51171875
10105.7392578125
10104.962890625
10104.158203125
10103.298828125
10102.4072265625
10101.48046875
10100.505859375
10099.4921875
10098.4970703125
10097.544921875
10096.650390625
10095.79296875
10094.9560546875
10094.1298828125
10093.3203125
10092.5244140625
10091.775390625
10091.0732421875
10090.388671875
10089.693359375
10089.0263671875
10088.3525390625
10087.6806640625
10086.9853515625
10086.302734375
10085.623046875
10084.9404296875
10084.2421875
10083.5634765625
10082.890625
10082.20703125
10081.537109375
10080.845703125
10080.1728515625
10079.505859375
10078.8291015625
10078.173828125
10077.486328125
10076.8232421875
10076.162109375
10075.494140625
10074.849609375
10074.181640625
10073.548828125
10072.892578125
10072.212890625
10071.5634765625
10070.9052734375
10070.248046875
10069.595703125
10068.970703125
10068.30859375
10067.662109375
10067.0205078125
10066.37890625
10065.7333984375
10065.068359375
10064.443359375
10063.806640625
10063.1728515625
10062.517578125
10061.8837890625
10061.2451171875
10060.619140625
10059.978515625
10059.3583984375
10058.71484375
10058.08203125
10057.458984375
10056.8505859375
10056.2265625
10055.619140625
10054.98046875
10054.390625
10053.76953125
10053.162109375
10052.55078125
10051.955078125
10051.359375
10050.751953125
10050.1484375
10049.548828125
10048.96875
10048.369140625
10047.779296875
10047.1943359375
10046.6201171875
10046.046875
10045.458984375
10044.86328125
10044.298828125
10043.720703125
10043.158203125
10042.591796875
10042.0068359375
10041.4541015625
10040.90625
10040.3544921875
10039.859375
10039.337890625
10038.8583984375
10038.41015625
10037.9755859375
10037.5458984375
10037.0380859375
10036.466796875
10035.73046875
10034.9453125
10034.1923828125
10033.55859375
10033.0390625
10032.619140625
10032.158203125
10031.6171875
10030.984375
10030.34375
10029.705078125
10029.16015625
10028.64453125
10028.169921875
10027.638671875
10027.0888671875
10026.494140625
10025.912109375
10025.365234375
10024.818359375
10024.294921875
10023.7890625
10023.2568359375
10022.70703125
10022.15625
10021.6015625
10021.0615234375
10020.5390625
10020.01953125
10019.501953125
10018.9521484375
10018.4306640625
10017.8916015625
10017.3515625
10016.8125
10016.287109375
10015.7646484375
10015.2451171875
10014.73828125
10014.2216796875
10013.68359375
10013.1591796875
10012.638671875
10012.107421875
10011.59765625
10011.0732421875
10010.5693359375
10010.0478515625
10009.5205078125
10009.0234375
10008.5283203125
10008.021484375
10007.5546875
10007.064453125
10006.63671875
10006.216796875
10005.9169921875
10005.466796875
10005.2109375
10004.54296875
10003.9658203125
10003.123046875
10002.4306640625
10001.8212890625
10001.3359375
10000.87109375
10000.455078125
10000.1103515625
9999.6806640625
9999.318359375
9998.6845703125
9998.1171875
9997.41796875
9996.796875
9996.228515625
9995.7255859375
9995.255859375
9994.802734375
9994.3701171875
9993.8955078125
9993.4228515625
9992.849609375
9992.3037109375
9991.716796875
9991.1875
9990.66796875
9990.154296875
9989.6689453125
9989.1650390625
9988.671875
9988.1552734375
9987.6416015625
9987.1064453125
9986.6064453125
9986.0830078125
9985.5625
9985.0546875
9984.56640625
9984.056640625
9983.53515625
9983.0224609375
9982.529296875
9982.076171875
9981.60546875
9981.1875
9980.8046875
9980.47265625
9980.15625
9979.896484375
9979.578125
9979.162109375
9978.55078125
9977.7421875
9976.8701171875
9976.0859375
9975.5
9975.13671875
9974.8818359375
9974.564453125
9974.13671875
9973.615234375
9973.10546875
9972.666015625
9972.451171875
9972.240234375
9972.197265625
9971.84765625
9971.4228515625
9970.611328125
9969.7685546875
9968.8876953125
9968.1328125
9967.625
9967.21875
9967.1142578125
9966.8515625
9966.90625
9966.34765625
9965.935546875
9964.916015625
9964.021484375
9963.0712890625
9962.333984375
9961.779296875
9961.416015625
9961.201171875
9960.9892578125
9960.8173828125
9960.49609375
9960.2021484375
9959.87890625
9959.6044921875
9959.474609375
9959.326171875
9959.3955078125
9959.044921875
9958.669921875
9957.6123046875
9956.3837890625
9955.1845703125
9954.044921875
9953.419921875
9952.869140625
9952.677734375
9952.380859375
9952.185546875
9951.740234375
9951.1572265625
9950.3720703125
9949.501953125
9948.662109375
9947.9755859375
9947.533203125
9947.177734375
9946.8876953125
9946.5361328125
9946.1015625
9945.61328125
9945.150390625
9944.6171875
9944.1435546875
9943.55078125
9942.994140625
9942.380859375
9941.8427734375
9941.3642578125
9940.9814453125
9940.71875
9940.6650390625
9940.7734375
9940.9638671875
9940.7265625
9939.78125
9938.18359375
9936.95703125
9936.51171875
9936.7041015625
9936.7119140625
9936.333984375
9935.443359375
9934.798828125
9934.390625
9934.390625
9934.16015625
9933.83984375
9933.345703125
9933.1318359375
9933.0830078125
9933.1396484375
9932.9560546875
9932.564453125
9932.017578125
9931.6494140625
9931.255859375
9930.9404296875
9930.2216796875
9929.3203125
9928.244140625
9927.576171875
9927.265625
9927.1650390625
9927.001953125
9926.453125
9925.6171875
9924.56640625
9923.5048828125
9922.6494140625
9921.94921875
9921.5703125
9921.29296875
9921.2578125
9921.083984375
9920.912109375
9920.453125
9919.970703125
9919.458984375
9919.1015625
9918.931640625
9918.7890625
9918.6376953125
9918.4267578125
9918.11328125
9917.990234375
9917.833984375
9917.9033203125
9917.7705078125
9917.68359375
9917.25390625
9916.814453125
9916.3076171875
9916.0283203125
9915.9765625
9916.1953125
9916.623046875
9917.138671875
9917.80078125
9918.4638671875
9919.1328125
9919.4951171875
9919.3515625
9918.552734375
9917.419921875
9916.5732421875
9916.2314453125
9916.095703125
9915.4326171875
9913.962890625
9911.845703125
9910.1455078125
9909.390625
9910.09375
9911.2939453125
9912.642578125
9912.87890625
9912.1484375
9909.9375
9907.146484375
9904.486328125
9903.09375
9903.0634765625
9903.693359375
9904.052734375
9903.4140625
9902.3583984375
9901.48046875
9901.62109375
9901.7265625
9901.8603515625
9901.017578125
9900.181640625
9899.3359375
9898.798828125
9898.078125
9897.3203125
9896.57421875
9896.138671875
9895.9736328125
9895.625
9895.001953125
9893.75390625
9892.2412109375
9890.482421875
9888.966796875
9887.86328125
9887.283203125
9887.2021484375
9887.1611328125
9887.0810546875
9886.40625
9885.3896484375
9884.1240234375
9883.0107421875
9882.33203125
9881.9755859375
9881.849609375
9881.65625
9881.4736328125
9881.24609375
9881.240234375
9881.2880859375
9881.5234375
9881.646484375
9881.876953125
9881.9306640625
9882.0830078125
9881.9541015625
9881.888671875
9881.98828125
9882.912109375
9885.0234375
9888.0673828125
9890.892578125
9891.244140625
9888.7265625
9885.08984375
9883.478515625
9883.7392578125
9883.623046875
9881.076171875
9876.80859375
9873.6083984375
9872.40625
9872.2861328125
9871.2861328125
9869.6787109375
9868.1953125
9867.9326171875
9867.955078125
9867.6875
9866.751953125
9865.822265625
9865.556640625
9865.98828125
9866.7939453125
9867.6865234375
9868.69140625
9869.0546875
9868.09375
9865.3994140625
9862.416015625
9860.4951171875
9860.3251953125
9861.0986328125
9861.70703125
9861.3974609375
9860.3916015625
9859.0341796875
9858.078125
9857.439453125
9857.44921875
9857.53515625
9857.880859375
9857.98046875
9857.9716796875
9857.740234375
9856.9951171875
9855.7998046875
9854.1328125
9852.681640625
9851.8251953125
9851.67578125
9851.939453125
9852.2109375
9852.16015625
9851.8427734375
9851.185546875
9850.453125
9849.466796875
9848.443359375
9847.12109375
9846.013671875
9844.7109375
9843.755859375
9842.814453125
9842.21875
9841.609375
9840.951171875
9840.0869140625
9839.302734375
9838.826171875
9838.86328125
9839.3369140625
9840.0986328125
9840.775390625
9841.404296875
9841.720703125
9841.912109375
9841.2421875
9839.9501953125
9837.7626953125
9835.748046875
9834.19140625
9833.4169921875
9832.8408203125
9832.154296875
9831.0
9830.111328125
9829.826171875
9830.798828125
9830.212890625
9828.1650390625
9825.931640625
9826.087890625
9826.431640625
9824.8642578125
9823.10546875
9823.037109375
9823.0458984375
9822.4765625
9821.6572265625
9821.099609375
9820.3427734375
9819.666015625
9819.318359375
9819.05859375
9818.8603515625
9818.4921875
9818.3115234375
9817.9013671875
9817.3935546875
9816.85546875
9816.517578125
9816.01171875
9815.390625
9815.2412109375
9815.0908203125
9815.0185546875
9814.7353515625
9814.521484375
9813.845703125
9813.771484375
9813.62109375
9814.224609375
9814.517578125
9815.3359375
9815.958984375
9816.998046875
9817.9892578125
9818.818359375
9819.2822265625
9819.3203125
9818.634765625
9817.6142578125
9816.2587890625
9815.24609375
9814.421875
9814.787109375
9815.658203125
9817.021484375
9817.1982421875
9816.05859375
9813.71875
9811.5166015625
9809.732421875
9808.599609375
9807.3203125
9806.333984375
9805.462890625
9805.138671875
9804.533203125
9802.962890625
9800.2587890625
9797.68359375
9796.400390625
9796.4326171875
9796.484375
9795.419921875
9793.021484375
9790.5498046875
9789.080078125
9788.6591796875
9788.421875
9787.734375
9786.67578125
9785.986328125
9785.859375
9785.908203125
9785.453125
9784.61328125
9783.865234375
9783.9375
9784.6201171875
9785.623046875
9786.142578125
9786.2744140625
9785.830078125
9785.0947265625
9783.939453125
9782.44921875
9780.8603515625
9779.45703125
9778.5625
9778.1953125
9778.3505859375
9778.703125
9779.44140625
9779.943359375
9780.771484375
9781.08203125
9781.392578125
9780.9892578125
9780.1435546875
9778.865234375
9777.486328125
9776.443359375
9775.82421875
9775.8466796875
9776.427734375
9777.5869140625
9778.7958984375
9779.662109375
9779.525390625
9778.59765625
9777.03125
9775.5771484375
9774.4384765625
9773.7568359375
9773.1865234375
9772.599609375
9771.8134765625
9770.716796875
9769.6162109375
9768.3701171875
9767.5634765625
9766.8818359375
9766.8857421875
9767.12109375
9767.697265625
9767.986328125
9768.0693359375
9767.580078125
9767.02734375
9766.2763671875
9765.7734375
9765.171875
9764.69140625
9763.7470703125
9762.6083984375
9761.046875
9759.390625
9757.8046875
9756.4443359375
9755.291015625
9754.3935546875
9753.6171875
9752.935546875
9752.37890625
9752.0625
9752.0498046875
9752.267578125
9752.705078125
9752.71484375
9752.5283203125
9751.607421875
9750.794921875
9749.861328125
9749.2568359375
9749.359375
9749.337890625
9749.591796875
9749.216796875
9748.7734375
9747.884765625
9747.150390625
9746.1435546875
9744.97265625
9743.4140625
9741.234375
9738.9736328125
9736.623046875
9734.9462890625
9733.720703125
9733.1572265625
9732.8740234375
9732.775390625
9732.607421875
9732.412109375
9732.2431640625
9732.177734375
9732.287109375
9732.693359375
9733.59375
9735.1767578125
9737.173828125
9739.2119140625
9740.6181640625
9740.953125
9739.970703125
9737.9921875
9735.6259765625
9733.353515625
9731.33203125
9729.3427734375
9727.3798828125
9725.291015625
9723.52734375
9722.0517578125
9721.0234375
9719.869140625
9718.39453125
9716.314453125
9714.048828125
9712.001953125
9710.771484375
9710.298828125
9710.513671875
9710.83984375
9711.099609375
9710.9453125
9710.734375
9710.1953125
9709.8779296875
9709.228515625
9708.634765625
9707.59375
9706.57421875
9705.255859375
9704.19921875
9703.275390625
9702.83984375
9702.708984375
9702.978515625
9703.291015625
9703.826171875
9704.275390625
9704.8984375
9705.2412109375
9705.646484375
9705.447265625
9704.998046875
9703.630859375
9701.8623046875
9699.515625
9697.251953125
9695.056640625
9693.30078125
9692.0283203125
9691.333984375
9691.3349609375
9691.8818359375
9693.041015625
9694.1796875
9695.109375
9694.9921875
9693.8798828125
9691.73046875
9689.3818359375
9687.5625
9686.7998046875
9687.162109375
9687.7578125
9688.1083984375
9687.490234375
9686.232421875
9684.486328125
9682.90625
9681.595703125
9680.6650390625
9679.84375
9678.8994140625
9677.482421875
9675.591796875
9673.3095703125
9671.162109375
9669.3935546875
9668.0966796875
9667.169921875
9666.2099609375
9665.1728515625
9663.896484375
9662.6572265625
9661.30078125
9660.1494140625
9658.9521484375
9657.94921875
9656.857421875
9655.94140625
9655.021484375
9654.3076171875
9653.69921875
9653.306640625
9653.064453125
9653.021484375
9653.142578125
9653.2548828125
9653.2734375
9652.693359375
9651.6728515625
9649.8740234375
9647.9140625
9645.7216796875
9644.294921875
9643.134765625
9643.0498046875
9642.982421875
9643.3193359375
9643.0234375
9642.37890625
9641.3447265625
9640.1611328125
9639.380859375
9639.123046875
9640.03515625
9641.384765625
