15428.9921875
15411.2734375
15396.5537109375
15384.19140625
15373.53125
15363.998046875
15355.2890625
15347.30078125
15340.029296875
15333.423828125
15327.47265625
15322.142578125
15317.3671875
15313.0908203125
15309.240234375
15305.74609375
15302.541015625
15299.56640625
15296.78125
15294.1396484375
15291.619140625
15289.216796875
15286.9150390625
15284.712890625
15282.59765625
15280.5810546875
15278.6484375
15276.7978515625
15275.025390625
15273.330078125
15271.6982421875
15270.125
15268.6171875
15267.162109375
15265.76953125
15264.42578125
15263.138671875
15261.908203125
15260.724609375
15259.591796875
15258.498046875
15257.443359375
15256.4296875
15255.4501953125
15254.5
15253.57421875
15252.673828125
15251.7958984375
15250.9375
15250.099609375
15249.2890625
15248.4921875
15247.71484375
15246.951171875
15246.205078125
15245.4775390625
15244.7646484375
15244.0625
15243.37890625
15242.70703125
15242.05078125
15241.4033203125
15240.775390625
15240.154296875
15239.546875
15238.9482421875
15238.359375
15237.78515625
15237.21875
15236.6611328125
15236.1123046875
15235.5751953125
15235.0419921875
15234.5224609375
15234.0078125
15233.501953125
15233.0048828125
15232.513671875
15232.029296875
15231.552734375
15231.08203125
15230.6181640625
15230.1630859375
15229.7109375
15229.2685546875
15228.830078125
15228.3974609375
15227.97265625
15227.5498046875
15227.134765625
15226.724609375
15226.318359375
15225.921875
15225.52734375
15225.1376953125
15224.75390625
15224.3740234375
15223.998046875
15223.62890625
15223.263671875
15222.9033203125
15222.546875
15222.193359375
15221.845703125
15221.5029296875
15221.1640625
15220.8251953125
15220.4970703125
15220.171875
15219.84765625
15219.52734375
15219.2119140625
15218.900390625
15218.5927734375
15218.287109375
15217.986328125
15217.6875
15217.390625
15217.099609375
15216.8095703125
15216.52734375
15216.244140625
15215.96875
15215.6923828125
15215.4208984375
15215.1484375
15214.8837890625
15214.6201171875
15214.359375
15214.1025390625
15213.84765625
15213.59375
15213.34765625
15213.1005859375
15212.857421875
15212.6171875
15212.37890625
15212.1416015625
15211.91015625
15211.677734375
15211.4482421875
15211.2236328125
15211.0
15210.779296875
15210.5595703125
15210.34375
15210.1298828125
15209.9130859375
15209.7041015625
15209.4970703125
15209.291015625
15209.087890625
15208.884765625
15208.685546875
15208.486328125
15208.29296875
15208.0966796875
15207.90625
15207.7158203125
15207.52734375
15207.337890625
15207.154296875
15206.9716796875
15206.791015625
15206.611328125
15206.4345703125
15206.259765625
15206.0849609375
15205.91015625
15205.73828125
15205.5703125
15205.4033203125
15205.234375
15205.0703125
15204.90625
15204.7412109375
15204.580078125
15204.423828125
15204.2626953125
15204.109375
15203.951171875
15203.798828125
15203.646484375
15203.4970703125
15203.345703125
15203.1953125
15203.046875
15202.8994140625
15202.755859375
15202.611328125
15202.46875
15202.3271484375
15202.185546875
15202.048828125
15201.91015625
15201.771484375
15201.634765625
15201.5
15201.3662109375
15201.232421875
341937024.0
118418112.0
208377.0625
4551892.0
83853.125
3217891.5
122636.4921875
150609.125
224483.734375
289014.34375
409767.21875
622920.4375
929689.0625
1326094.25
1749687.0
2074061.75
2165958.25
1987339.625
1631411.25
1235903.875
894051.125
636015.6875
454717.03125
331567.875
248835.953125
193234.671875
155459.484375
129354.828125
110922.9375
97603.015625
87745.140625
80274.828125
74497.734375
69935.6953125
66265.3671875
63255.546875
60741.3828125
58609.7734375
56773.48046875
55168.1953125
53743.953125
52462.390625
51299.2734375
50238.7265625
49280.671875
48402.0
47588.48046875
46831.453125
46121.23046875
45455.21875
44826.8203125
44237.1328125
43681.77734375
43154.3203125
42656.90234375
42184.90234375
41737.66796875
41308.8984375
40897.17578125
40501.21875
40124.8828125
39765.67578125
39421.78125
39090.91015625
38771.67578125
38465.8828125
38173.203125
37890.5390625
37618.484375
37356.14453125
37102.50390625
36855.5859375
36617.91796875
36387.94140625
36160.43359375
35944.94921875
35737.8671875
35526.6875
35322.890625
35120.12890625
34927.9375
34734.8828125
34553.234375
34372.703125
34193.7421875
34015.6640625
33847.0
33679.7890625
33517.73828125
33350.71484375
33203.3828125
33048.59765625
32909.359375
32775.9921875
32647.154296875
32513.015625
32350.005859375
32229.11328125
32091.703125
31958.759765625
31828.69140625
31708.99609375
31575.6171875
31458.865234375
31342.603515625
31216.828125
31108.21875
30995.95703125
30883.021484375
30768.771484375
30666.4140625
30560.765625
30455.44140625
30355.13671875
30254.70703125
30158.435546875
30059.095703125
29962.890625
29868.8828125
29775.796875
29682.05078125
29592.134765625
29504.078125
29416.23828125
29330.5234375
29245.5390625
29162.529296875
29079.76953125
28998.177734375
28918.052734375
28839.203125
28761.12109375
28684.125
28608.099609375
28533.0
28459.056640625
28385.5625
28313.78125
28242.314453125
28171.82421875
28102.5
28033.8359375
27965.580078125
27898.53515625
27832.40234375
27766.76953125
27701.8828125
27637.5625
27574.177734375
27511.4765625
27449.40234375
27387.58203125
27327.03515625
27266.69140625
27206.94921875
27147.904296875
27089.619140625
27032.0703125
26974.53125
26916.939453125
26859.7734375
26803.826171875
26748.732421875
26693.44921875
26638.23046875
26584.228515625
26530.580078125
26477.04296875
26423.80078125
26371.48828125
26319.388671875
26267.181640625
26215.57421875
26164.943359375
26114.06640625
26063.39453125
26013.5234375
25964.0390625
25914.26171875
25865.18359375
25816.4453125
25767.9609375
25719.673828125
25671.58984375
25623.86328125
25576.54296875
25529.3671875
25482.48046875
25435.86328125
25389.640625
25343.626953125
25298.08203125
25252.564453125
25207.48828125
25162.7109375
25118.140625
25073.8671875
25029.892578125
24986.3828125
24943.0625
24900.17578125
24857.6484375
24815.40625
24773.56640625
24731.896484375
24690.0234375
24648.41015625
24607.6796875
24567.37109375
24526.95703125
24486.888671875
24447.15625
24408.15625
24369.005859375
24330.33203125
24292.52734375
24254.125
24215.57421875
24177.525390625
24140.125
24103.43359375
24066.048828125
24028.7734375
23992.056640625
23956.234375
23920.265625
23884.01171875
23848.18359375
23812.810546875
23777.55078125
23742.4140625
23707.939453125
23673.2421875
23638.80078125
23604.37109375
23570.359375
23536.453125
23502.5234375
23469.15625
23435.841796875
23402.85546875
23369.828125
23337.234375
23304.66796875
23272.0
23239.71484375
23207.6328125
23175.828125
23144.078125
23112.283203125
23080.9375
23049.6328125
23018.53515625
22987.48828125
22956.63671875
22926.02734375
22895.3203125
22864.96875
22834.74609375
22804.724609375
22774.6953125
22745.02734375
22715.529296875
22686.0546875
22656.66015625
22627.548828125
22598.45703125
22569.556640625
22540.822265625
22511.845703125
22483.06640625
22454.775390625
22426.85546875
22398.94921875
22371.71484375
22344.8359375
22318.9609375
22291.828125
22261.998046875
22232.0078125
22204.88671875
22180.4375
22154.4765625
22126.1328125
22099.068359375
22073.421875
22046.48828125
22016.990234375
21990.33984375
21966.427734375
21941.671875
21912.716796875
21884.09375
21859.099609375
21835.05078125
21810.90625
21784.55859375
21758.642578125
21733.14453125
21707.333984375
21681.59375
21656.455078125
21631.25390625
21606.23828125
21581.79296875
21557.51953125
21532.2421875
21506.564453125
21482.67578125
21459.2421875
21435.20703125
21410.615234375
21387.078125
21363.990234375
21340.625
21317.103515625
21293.904296875
21270.986328125
21248.03125
21224.947265625
21201.8125
21178.421875
21154.90234375
21132.15625
21110.20703125
21088.58203125
21066.69140625
21044.908203125
21023.060546875
21001.390625
20979.65625
20957.7265625
20935.99609375
20914.609375
20893.517578125
20872.73828125
20851.744140625
20830.99609375
20810.36328125
20789.74609375
20769.306640625
20749.046875
20728.685546875
20708.43359375
20688.3671875
20668.49609375
20648.8125
20628.83203125
20608.779296875
20588.609375
20568.74609375
20549.046875
20529.31640625
20509.6953125
20490.39453125
20471.021484375
20451.55859375
20431.9921875
20412.291015625
20392.79296875
20373.625
20354.634765625
20335.5234375
20316.8828125
20298.1328125
20279.15625
20259.8203125
20239.673828125
20219.951171875
20201.515625
20183.171875
20164.6875
20145.9140625
20127.3359375
20109.03515625
20091.140625
20073.64453125
20055.91796875
20037.974609375
20020.044921875
20001.72265625
19982.91796875
19964.546875
19946.42578125
19929.294921875
19912.212890625
19894.44140625
19876.263671875
19858.2734375
19841.90625
19827.412109375
19812.876953125
19798.1171875
19782.16015625
19765.63671875
19748.271484375
19731.125
19714.556640625
19698.2578125
19682.1484375
19666.5546875
19650.953125
19634.421875
19617.732421875
19601.796875
19587.28515625
19572.9609375
19557.755859375
19541.787109375
19525.83984375
19511.01171875
19496.833984375
19482.34765625
19467.35546875
19452.1484375
19437.513671875
19423.4375
19409.171875
19394.697265625
19380.27734375
19365.98046875
19351.748046875
19337.44921875
19322.99609375
19308.810546875
19294.69140625
19280.70703125
19266.791015625
19252.86328125
19238.8359375
19224.671875
19210.73046875
19197.287109375
19184.15625
19171.33203125
19158.6875
19146.3203125
19134.17578125
19121.853515625
19108.650390625
19094.70703125
19081.40625
19070.853515625
19062.71875
19052.41796875
19034.865234375
19014.1796875
19000.6796875
18992.2421875
18978.6328125
18962.462890625
18951.802734375
18941.078125
18925.74609375
18911.33984375
18899.169921875
18885.8828125
18873.59375
18862.310546875
18848.2109375
18834.28125
18822.8984375
18810.939453125
18798.404296875
18786.689453125
18774.1796875
18760.765625
18748.12109375
18736.13671875
18724.169921875
18712.5
18700.2578125
18686.86328125
18674.15625
18662.748046875
18651.478515625
18640.2109375
18629.26171875
18618.0859375
18606.705078125
18595.9296875
18584.73828125
18573.1953125
18561.78125
18551.09375
18540.19140625
18529.236328125
18517.71484375
18506.125
18494.4921875
18483.640625
18472.78125
18462.03515625
18451.212890625
18440.212890625
18429.126953125
18418.3515625
18408.095703125
18398.359375
18388.47265625
18378.0546875
18367.35546875
18356.666015625
18346.423828125
18336.369140625
18326.150390625
18315.55078125
18304.8359375
18294.15234375
18283.88671875
18273.8515625
18264.119140625
18254.71484375
18245.1796875
18235.625
18225.70703125
18215.76953125
18205.90625
18196.310546875
18186.62890625
18177.171875
18167.6640625
18158.380859375
18149.140625
18139.875
18131.00390625
18121.9921875
18113.78125
18105.07421875
18096.595703125
18087.19921875
18077.6328125
18067.47265625
18057.55859375
18047.71875
18038.75390625
18030.201171875
18022.220703125
18014.482421875
18007.181640625
18000.44140625
17993.91796875
17987.40234375
17979.56640625
17969.296875
17957.0
17944.82421875
17935.796875
17929.580078125
17923.70703125
17914.85546875
17904.169921875
17894.0703125
17886.0390625
17878.1328125
17869.431640625
17860.025390625
17851.603515625
17843.7734375
17835.70703125
17826.091796875
17816.0546875
17806.24609375
17797.5390625
17788.76171875
17780.265625
17771.8046875
17763.146484375
17754.388671875
17745.01953125
17735.66015625
17726.12890625
17716.9609375
17708.927734375
17700.4140625
17691.87109375
17682.6640625
17673.82421875
17664.92578125
17656.1640625
17647.44140625
17638.96484375
17630.42578125
17622.421875
17613.265625
17604.357421875
17594.810546875
17585.701171875
17576.701171875
17568.505859375
17560.7421875
17553.25
17545.541015625
17538.0234375
17530.353515625
17523.4453125
17516.28515625
17509.87890625
17503.99609375
17498.669921875
17493.4921875
17486.02734375
17476.37109375
17464.494140625
17453.55078125
17444.8671875
17437.734375
17431.359375
17424.171875
17416.48828125
17408.42578125
17400.951171875
17393.3984375
17386.349609375
17379.318359375
17373.31640625
17366.716796875
17360.265625
17351.978515625
17343.513671875
17334.3359375
17325.7734375
17317.08984375
17309.236328125
17302.1328125
17296.87109375
17291.8359375
17285.6640625
17276.26171875
17265.462890625
17256.01953125
17249.44921875
17244.1171875
17238.578125
17231.732421875
17224.66015625
17218.7734375
17215.4375
17208.138671875
17200.931640625
17195.814453125
17185.6640625
17177.51953125
17170.76953125
17162.224609375
17157.15625
17148.966796875
17142.6953125
17135.5234375
17128.3046875
17122.1484375
17115.12109375
17109.48046875
17102.970703125
17096.36328125
17089.578125
17082.33203125
17076.64453125
17070.455078125
17065.19921875
17058.271484375
17050.828125
17042.5234375
17034.962890625
17028.8984375
17023.64453125
17018.9453125
17013.64453125
17008.1953125
17002.890625
16998.009765625
16993.447265625
16988.2265625
16983.03125
16977.591796875
16973.44921875
16971.12890625
16969.646484375
16967.88671875
16960.859375
16950.130859375
16938.01171875
16930.10546875
16928.560546875
16928.22265625
16921.86328125
16907.392578125
16892.88671875
16886.0078125
16885.01171875
16882.29296875
16873.9140625
16862.07421875
16853.0
16847.931640625
16844.58984375
16839.263671875
16832.34375
16826.1640625
16822.859375
16820.685546875
16817.412109375
16811.3359375
16803.4375
16794.849609375
16787.95703125
16782.57421875
16779.541015625
16775.794921875
16770.046875
16761.27734375
16753.33203125
16747.578125
16744.12890625
16740.380859375
16735.56640625
16729.521484375
16723.974609375
16719.080078125
16714.66015625
16709.9140625
16704.6015625
16698.7265625
16692.46875
16685.390625
16678.052734375
16671.26953125
16666.1640625
16662.009765625
16658.41796875
16652.904296875
16646.58984375
16639.9921875
16634.8203125
16630.0625
16625.361328125
16619.73046875
16614.541015625
16609.951171875
16606.416015625
16602.63671875
16598.1953125
16593.06640625
16587.48046875
16582.859375
16579.55859375
16577.033203125
16573.75390625
16567.306640625
16558.611328125
16549.6171875
16542.603515625
16537.126953125
16531.892578125
16525.8671875
16519.69921875
16514.37109375
16509.416015625
16503.771484375
16497.91015625
16492.79296875
16488.068359375
16483.5078125
16478.875
16473.943359375
16468.68359375
16463.544921875
16458.65625
16454.099609375
16448.8984375
16443.673828125
16438.25390625
16433.50390625
16428.69140625
16424.462890625
16419.69140625
16415.435546875
16410.48046875
16406.484375
16401.83203125
16398.01953125
16393.33203125
16389.025390625
16384.0234375
16379.3203125
16373.7763671875
16368.6845703125
16363.2568359375
16358.53515625
16354.1904296875
16350.552734375
16347.119140625
16344.1220703125
16341.63671875
16339.53515625
16337.208984375
16334.4541015625
16331.1005859375
16326.857421875
16321.9873046875
16316.548828125
16310.5458984375
16303.8408203125
16296.5859375
16289.4375
16283.3017578125
16279.357421875
16277.3154296875
16276.65625
16275.505859375
16273.0078125
16268.212890625
16261.728515625
16253.873046875
16245.6640625
16237.103515625
16230.1953125
16226.16796875
16226.5
16228.625
16228.0478515625
16219.185546875
16206.8662109375
16200.0048828125
16199.427734375
16196.9033203125
16192.3251953125
16187.943359375
16184.2119140625
16179.3369140625
16172.54296875
16165.0986328125
16158.662109375
16154.712890625
16151.73046875
16147.5966796875
16142.6484375
16137.904296875
16133.1171875
16128.2421875
16125.419921875
16122.65234375
16119.845703125
16116.115234375
16113.7099609375
16109.794921875
16105.3486328125
16099.7998046875
16095.900390625
16092.6435546875
16089.6669921875
16085.626953125
16081.3994140625
16077.634765625
16074.8203125
16072.4208984375
16070.724609375
16068.5078125
16065.876953125
16061.291015625
16055.314453125
16047.5
16040.9990234375
16036.9287109375
16035.80859375
16035.740234375
16034.9638671875
16033.091796875
16030.708984375
16029.921875
16028.2880859375
16025.23046875
16017.037109375
16006.587890625
15996.9833984375
15991.33984375
15989.490234375
15988.3798828125
15985.7900390625
15980.322265625
15974.1845703125
15967.6513671875
15962.55078125
15958.0576171875
15954.87890625
15951.83984375
15950.1669921875
15947.76953125
15945.57421875
15941.97265625
15938.7998046875
15935.201171875
15932.40234375
15928.703125
15925.3310546875
15921.0478515625
15917.1767578125
15913.1328125
15909.5576171875
15905.720703125
15902.123046875
15898.3388671875
15894.8330078125
15891.44921875
15888.23828125
15884.5615234375
15880.083984375
15874.826171875
15870.369140625
15866.9453125
15866.4462890625
15865.376953125
15863.7412109375
15859.619140625
15854.05078125
15847.04296875
15840.48828125
15835.1923828125
15832.349609375
15831.021484375
15830.13671875
15827.8076171875
15823.9482421875
15819.3779296875
15815.1533203125
15811.513671875
15808.16015625
15803.9169921875
15798.830078125
15792.5205078125
15787.0029296875
15782.3291015625
15779.6162109375
15777.1875
15774.58984375
15770.427734375
15765.970703125
15761.79296875
15759.2353515625
15757.2626953125
15755.51171875
15753.4873046875
15751.8046875
15750.236328125
15748.189453125
15744.18359375
15738.6904296875
15732.5078125
15727.90234375
15724.83203125
15723.189453125
15721.11328125
15719.16796875
15716.9775390625
15716.09765625
15716.1875
15717.4970703125
15718.9765625
15719.681640625
15718.595703125
15715.7919921875
15711.623046875
15706.6953125
15702.076171875
15697.7255859375
15694.54296875
15691.7431640625
15688.8955078125
15685.63671875
15681.69140625
15678.2578125
15674.5703125
15670.6923828125
15664.7197265625
15657.9384765625
15650.1298828125
15643.2939453125
15637.45703125
15633.259765625
15629.982421875
15627.345703125
15624.609375
15621.826171875
15618.82421875
15615.671875
15612.3818359375
15608.6533203125
15604.376953125
15600.384765625
15596.8466796875
15594.453125
15592.55078125
15591.060546875
15588.984375
15586.67578125
15583.9453125
15581.3271484375
15578.337890625
15574.927734375
15570.7958984375
15566.8984375
15548.974609375
15551.4130859375
15553.7578125
15540.44140625
15546.8388671875
15541.5244140625
15535.19140625
15539.462890625
15532.1904296875
15530.330078125
15531.1220703125
15525.029296875
15524.642578125
15523.0703125
15518.791015625
15518.0576171875
15515.56640625
15512.6318359375
15511.2509765625
15508.7158203125
15506.396484375
15504.4443359375
15502.193359375
15500.048828125
15497.8017578125
15495.7998046875
15493.638671875
15491.38671875
15489.529296875
15487.375
15485.15234375
15483.259765625
15481.09375
15479.060546875
15477.119140625
15474.982421875
15472.986328125
15470.970703125
15468.919921875
15466.9345703125
15464.943359375
15462.916015625
15460.8740234375
15458.900390625
15456.8916015625
15454.8857421875
15452.923828125
15450.943359375
15448.9560546875
15446.8994140625
15444.9072265625
15442.955078125
15441.0009765625
15438.9765625
15437.0009765625
15434.98046875
15433.02734375
15431.0517578125
15429.1142578125
15427.126953125
15425.19921875
15423.166015625
15421.2216796875
15419.28125
15417.271484375
15415.3173828125
15413.328125
15411.3681640625
15409.4306640625
15407.4765625
15405.5
15403.544921875
15401.5751953125
15399.591796875
15397.708984375
15395.75390625
15393.7666015625
15391.830078125
15389.88671875
15387.912109375
15386.0537109375
15384.078125
15382.140625
15380.193359375
15378.244140625
15376.29296875
15374.390625
15372.427734375
15370.494140625
15368.5634765625
15366.61328125
15364.7607421875
15362.7587890625
15360.8427734375
15358.8984375
15356.978515625
15355.01953125
15353.1103515625
15351.2080078125
15349.298828125
15347.380859375
15345.4501953125
15343.5556640625
15341.68359375
15339.716796875
15337.791015625
15335.8486328125
15333.947265625
15332.05078125
15330.1611328125
15328.21484375
15326.2646484375
15324.392578125
15322.4365234375
15320.5712890625
15318.662109375
15316.708984375
15314.8515625
15312.92578125
15311.013671875
15309.142578125
15307.22265625
15305.2421875
15303.3935546875
15301.4921875
15299.5751953125
15297.6796875
15295.7890625
15293.8115234375
15291.8896484375
15290.0009765625
15288.1484375
15286.224609375
15284.29296875
15282.390625
15280.5009765625
15278.580078125
15276.7265625
15274.7978515625
15272.8525390625
15270.951171875
15269.0341796875
15267.1767578125
15265.2578125
15263.328125
15261.3720703125
15259.474609375
15257.5458984375
15255.673828125
15253.794921875
15251.8359375
15249.890625
15247.962890625
15246.04296875
15244.171875
15242.1962890625
15240.24609375
15238.3193359375
15236.3583984375
15234.4296875
15232.5078125
15230.5517578125
15228.5888671875
15226.6318359375
15224.6591796875
15222.646484375
15220.720703125
15218.7265625
15216.73046875
15214.76953125
15212.8037109375
15210.8818359375
15208.8447265625
15206.8603515625
15204.890625
15202.9580078125
15201.03515625
15199.19140625
15197.478515625
15196.0087890625
15194.9833984375
15194.1357421875
15192.640625
15189.7744140625
15186.1552734375
15183.578125
15182.349609375
15181.220703125
15179.1982421875
15176.392578125
15174.0263671875
15172.548828125
15171.19140625
15169.0927734375
15166.5966796875
15164.654296875
15163.171875
15161.46875
15159.345703125
15157.21484375
15155.451171875
15153.880859375
15152.017578125
15149.9765625
15148.046875
15146.33203125
15144.6181640625
15142.7900390625
15140.818359375
15138.9658203125
15137.28515625
15135.4658203125
15133.5771484375
15131.6826171875
15129.9228515625
15128.2119140625
15126.345703125
15124.5439453125
15122.7158203125
15120.8798828125
15119.14453125
15117.3232421875
15115.513671875
15113.7490234375
15111.974609375
15110.2138671875
15108.380859375
15106.5537109375
15104.8212890625
15103.041015625
15101.24609375
15099.4697265625
15097.716796875
15095.9130859375
15094.134765625
15092.37109375
15090.638671875
15088.80859375
15087.0849609375
15085.3544921875
15083.56640625
15081.859375
15080.08984375
15078.3037109375
15076.57421875
15074.7734375
15073.0908203125
15071.361328125
15069.611328125
15067.869140625
15066.142578125
15064.3583984375
15062.64453125
15060.92578125
15059.2265625
15057.537109375
15055.8154296875
15054.138671875
15052.4365234375
15050.73046875
15049.0068359375
15047.330078125
15045.6162109375
15043.9287109375
15042.23828125
15040.6015625
15038.916015625
15037.236328125
15035.59375
15033.9375
15032.2646484375
15030.55859375
15028.921875
15027.265625
15025.6064453125
15023.9921875
15022.32421875
15020.6611328125
15019.005859375
15017.3740234375
15015.7373046875
15014.1220703125
15012.4423828125
15010.818359375
15009.15625
15007.55078125
15005.947265625
15004.3046875
15002.677734375
15001.0458984375
14999.43359375
14997.787109375
14996.189453125
14994.5712890625
14992.9462890625
14991.3349609375
14989.740234375
14988.1142578125
14986.525390625
14984.943359375
14983.341796875
14981.74609375
14980.1162109375
14978.51953125
14976.8779296875
14975.3349609375
14973.7109375
14972.083984375
14970.591796875
14968.96484375
14967.34375
14965.740234375
14964.173828125
14962.609375
14961.044921875
14959.4912109375
14957.9580078125
14956.3896484375
14954.943359375
14953.509765625
14952.1640625
14950.978515625
14950.12109375
14949.1708984375
14948.560546875
14946.8759765625
14944.9482421875
14942.2841796875
14939.9892578125
14938.154296875
14936.5859375
14935.208984375
14933.853515625
14932.49609375
14931.0302734375
14929.4755859375
14927.701171875
14925.77734375
14923.99609375
14922.3994140625
14921.123046875
14919.861328125
14918.384765625
14916.7578125
14915.0615234375
14913.35546875
14911.826171875
14910.3349609375
14908.8447265625
14907.365234375
14905.787109375
14904.37890625
14902.873046875
14901.310546875
14899.78125
14898.2412109375
14896.734375
14895.2568359375
14893.8125
14892.3564453125
14890.853515625
14889.369140625
14887.904296875
14886.373046875
14884.9033203125
14883.494140625
14882.0966796875
14880.7802734375
14879.525390625
14878.470703125
14877.6494140625
14876.9404296875
14875.845703125
14874.103515625
14871.373046875
14868.951171875
14867.5732421875
14866.83203125
14865.7109375
14863.759765625
14861.6875
14860.30078125
14859.19921875
14857.86328125
14856.1240234375
14854.3974609375
14853.138671875
14851.875
14850.3583984375
14848.724609375
14847.3427734375
14846.0771484375
14844.6572265625
14843.11328125
14841.6806640625
14840.3896484375
14838.96875
14837.4189453125
14835.99609375
14834.5791015625
14833.177734375
14831.8310546875
14830.486328125
14829.177734375
14828.0546875
14826.869140625
14825.859375
14824.888671875
14824.064453125
14823.2568359375
14822.4267578125
14821.4296875
14820.3994140625
14818.8359375
14817.2470703125
14815.119140625
14813.048828125
14810.748046875
14808.4892578125
14806.3984375
14804.546875
14803.025390625
14801.5751953125
14800.314453125
14799.0009765625
14797.6064453125
14795.9375
14794.3203125
14792.720703125
14791.1181640625
14789.5556640625
14788.1484375
14786.798828125
14785.4921875
14784.359375
14783.1943359375
14782.21484375
14780.96484375
14779.9091796875
14778.857421875
14778.1416015625
14777.29296875
14776.2490234375
14774.029296875
14771.140625
14768.3125
14766.2958984375
14765.12890625
14764.134765625
14762.7509765625
14760.900390625
14758.80078125
14757.021484375
14755.626953125
14754.32421875
14752.8564453125
14751.26953125
14749.74609375
14748.2197265625
14746.82421875
14745.357421875
14743.81640625
14742.34375
14740.9248046875
14739.6103515625
14738.2353515625
14736.7041015625
14735.2265625
14733.7490234375
14732.4169921875
14731.171875
14729.880859375
14728.671875
14727.546875
14726.744140625
14726.48828125
14727.001953125
14728.375
14731.029296875
14734.134765625
14736.833984375
14737.125
14736.27734375
14733.0712890625
14728.9951171875
14724.22265625
14719.4375
14715.810546875
14713.7578125
14712.4443359375
14710.8623046875
14708.8232421875
14706.61328125
14704.65625
14703.052734375
14701.482421875
14699.5947265625
14697.880859375
14696.6328125
14695.935546875
14694.841796875
14693.6181640625
14692.376953125
14691.6220703125
14690.9462890625
14690.52734375
14690.30078125
14690.658203125
14690.8037109375
14690.50390625
14689.337890625
14687.80078125
14685.8681640625
14683.861328125
14681.6611328125
14679.6357421875
14678.2587890625
14677.263671875
14676.2705078125
14674.703125
14672.654296875
14670.8603515625
14669.490234375
14668.29296875
14666.7265625
14664.7666015625
14662.89453125
14661.8642578125
14661.666015625
14661.74609375
14661.689453125
14661.205078125
14660.8583984375
14660.41796875
14659.92578125
14659.18359375
14658.060546875
14656.220703125
14654.07421875
14651.18359375
14648.8125
14646.73828125
14646.0107421875
14646.3447265625
14647.4208984375
14648.31640625
14648.5732421875
14647.6767578125
14645.767578125
14643.1064453125
14640.353515625
14637.8173828125
14636.07421875
14635.25
14635.2373046875
14635.14453125
14634.0341796875
14631.712890625
14628.5244140625
14625.1044921875
14622.05859375
14619.4443359375
14617.5390625
14616.1728515625
14615.400390625
14614.8232421875
14613.7392578125
14612.1796875
14610.435546875
14608.7548828125
14607.3818359375
14606.3330078125
14605.759765625
14605.3330078125
14604.431640625
14602.990234375
14600.892578125
14598.625
14596.5771484375
14595.095703125
14594.1591796875
14593.71875
14593.3095703125
14592.7646484375
14591.890625
14590.91796875
14590.296875
14590.22265625
14590.673828125
14591.41796875
14592.154296875
14592.6396484375
14592.59765625
14591.9052734375
14590.2265625
14587.9970703125
14585.646484375
14584.0263671875
14583.630859375
14582.4833984375
14579.037109375
14573.59765625
14569.4921875
14568.8916015625
14569.6025390625
14568.888671875
14566.5791015625
14564.552734375
14563.3828125
14562.2314453125
14560.8994140625
14559.6923828125
14558.9765625
14559.04296875
14559.337890625
14560.099609375
14560.259765625
14559.89453125
14559.583984375
14559.255859375
14559.005859375
14557.6669921875
14556.044921875
14554.826171875
14554.5498046875
14553.4072265625
14550.1376953125
14545.26171875
14540.5107421875
14536.6982421875
14533.8056640625
14531.482421875
14529.51953125
14527.693359375
14525.7421875
14523.6474609375
14521.7685546875
14520.173828125
14518.591796875
14516.90625
14515.341796875
14514.041015625
14512.802734375
14511.333984375
14510.087890625
14509.0546875
14508.4326171875
14507.7734375
14507.2880859375
14506.791015625
14506.29296875
14505.6025390625
14504.76953125
14503.595703125
14502.5146484375
14501.6689453125
14501.2548828125
14501.109375
14500.7998046875
14499.83203125
14498.15234375
14495.6953125
14492.890625
14490.3212890625
14488.404296875
14487.2421875
14486.724609375
14486.357421875
14485.9853515625
14485.0703125
14483.6552734375
14481.5927734375
14478.984375
14476.162109375
14473.796875
14472.14453125
14471.6708984375
14472.6318359375
14475.2080078125
14478.9111328125
14482.6259765625
14483.181640625
14481.2265625
14476.46875
14471.26171875
14472.27734375
14473.568359375
14468.052734375
14464.7158203125
14465.1689453125
14465.0400390625
14465.990234375
14465.005859375
14460.87109375
14458.595703125
14455.814453125
14452.15234375
14448.7197265625
14444.013671875
14439.67578125
14436.5927734375
14433.37890625
14431.4658203125
14430.248046875
14428.919921875
14427.5986328125
14424.8466796875
14421.8125
14419.4072265625
14417.8369140625
14416.7578125
14416.435546875
14415.771484375
14415.1015625
14414.1103515625
14413.458984375
14412.646484375
14411.490234375
14409.83984375
14408.416015625
14407.2919921875
14406.6875
14406.515625
14406.630859375
14406.76953125
14406.7890625
14407.8173828125
14408.533203125
14409.44921875
14401.3828125
14395.7861328125
14397.31640625
14397.03515625
14392.697265625
14389.6171875
14389.8388671875
14387.048828125
14382.7734375
14383.328125
14384.0947265625
14380.359375
14379.4091796875
14379.9072265625
14378.12109375
14375.4833984375
14375.5869140625
14374.654296875
14372.0576171875
14369.1103515625
14367.0439453125
14364.14453125
14360.5595703125
14357.765625
14356.744140625
14355.841796875
14354.5634765625
14352.8076171875
14350.8916015625
14348.9716796875
14347.1201171875
14345.0966796875
14343.5283203125
14342.22265625
14340.873046875
14339.83203125
14339.23828125
14340.05078125
14342.865234375
14352.673828125
14357.150390625
14351.982421875
14336.3310546875
14349.28125
14348.091796875
14338.4990234375
14351.412109375
14341.583984375
14343.4248046875
14340.2626953125
14333.900390625
14333.4013671875
14324.908203125
14324.71484375
14318.9921875
14319.65234375
14316.96875
14317.6796875
14317.1533203125
14317.2509765625
14317.576171875
14317.1826171875
14316.669921875
14315.40234375
14314.0791015625
14312.4462890625
14311.419921875
14310.318359375
14309.7255859375
14308.26953125
14307.2353515625
14306.0869140625
14306.46484375
14308.123046875
14310.88671875
14312.9716796875
14312.7626953125
14308.537109375
14300.830078125
14292.7470703125
14287.21484375
14285.9130859375
14286.751953125
14287.9150390625
14287.251953125
14285.51171875
14282.90234375
14280.7353515625
14278.447265625
14276.458984375
14274.4794921875
14272.927734375
14271.666015625
14270.951171875
14270.6318359375
14270.9853515625
14271.2021484375
14271.4716796875
14270.56640625
14269.16015625
14266.982421875
14265.197265625
14263.462890625
14262.265625
14260.876953125
14259.904296875
14258.583984375
14257.8466796875
14257.0234375
14256.966796875
14256.837890625
14257.4482421875
14257.560546875
14257.7265625
14257.359375
14257.0703125
14256.7880859375
14257.056640625
14257.20703125
14257.216796875
14255.6884765625
14252.400390625
14247.267578125
14241.88671875
14237.7431640625
14235.9716796875
14235.623046875
14235.5087890625
14234.5400390625
14233.212890625
14232.15625
14231.9951171875
14231.587890625
14230.767578125
14228.6015625
14226.41015625
14224.5244140625
14223.607421875
14222.771484375
14221.8291015625
14220.46484375
14219.302734375
14218.2236328125
14217.435546875
14216.50390625
14215.447265625
14214.369140625
14213.20703125
14212.189453125
14210.94140625
14209.46484375
14207.693359375
14205.794921875
14204.0234375
14202.41015625
14201.21484375
14199.8955078125
14199.0341796875
14198.216796875
14197.9697265625
14197.7939453125
14197.8017578125
14197.3525390625
14196.5234375
14195.3095703125
14194.2197265625
14193.236328125
14192.7607421875
14192.4462890625
14192.091796875
14191.0283203125
14189.5517578125
14187.3359375
14185.0546875
14182.7578125
14180.89453125
14179.4072265625
14178.44921875
14177.6943359375
14176.9970703125
14176.03515625
14174.650390625
14172.9287109375
14170.947265625
14169.205078125
14168.01953125
14167.525390625
14167.9921875
14168.974609375
14170.4560546875
14172.0869140625
14173.29296875
14173.5859375
14172.890625
14170.849609375
14168.1328125
14165.30859375
14162.9033203125
14161.283203125
14160.412109375
14160.03125
14159.546875
14158.6005859375
14156.8720703125
14154.5556640625
14151.607421875
14148.6083984375
14145.8916015625
14143.8525390625
14143.087890625
14143.22265625
14144.01171875
14144.7080078125
14145.1103515625
14144.4453125
14142.9013671875
14140.3486328125
14137.638671875
14134.9921875
14132.94921875
14131.15234375
14129.744140625
14127.96875
14126.2802734375
14124.453125
14123.033203125
14121.771484375
14120.8115234375
14119.6826171875
14118.412109375
14116.888671875
14115.435546875
14114.0322265625
14112.87109375
14111.85546875
14111.0390625
14110.408203125
14109.8798828125
14109.4228515625
14108.828125
14108.123046875
14107.146484375
14106.013671875
14104.5703125
14103.048828125
14101.755859375
14100.666015625
14099.533203125
14098.056640625
14096.509765625
14095.201171875
14094.6884765625
14094.8740234375
14095.6689453125
14096.1669921875
14096.482421875
14096.099609375
14095.376953125
14093.814453125
14091.54296875
14088.77734375
14086.333984375
14084.8486328125
14084.60546875
14085.24609375
14085.8154296875
14086.1552734375
14085.81640625
14085.271484375
14084.56640625
