15428.9921875
15411.2734375
15396.5537109375
15384.19140625
15373.53125
15363.998046875
15355.2890625
15347.30078125
15340.029296875
15333.423828125
15327.474609375
15322.142578125
15317.3671875
15313.0927734375
15309.240234375
15305.74609375
15302.541015625
15299.56640625
15296.78125
15294.1396484375
15291.619140625
15289.216796875
15286.9150390625
15284.712890625
15282.59765625
15280.5810546875
15278.6484375
15276.7978515625
15275.025390625
15273.330078125
15271.6982421875
15270.125
15268.6171875
15267.162109375
15265.76953125
15264.42578125
15263.138671875
15261.908203125
15260.724609375
15259.591796875
15258.498046875
15257.443359375
15256.4296875
15255.4501953125
15254.5
15253.57421875
15252.673828125
15251.7958984375
15250.9375
15250.099609375
15249.2890625
15248.4921875
15247.71484375
15246.951171875
15246.205078125
15245.4775390625
15244.7646484375
15244.0625
15243.37890625
15242.70703125
15242.05078125
15241.4033203125
15240.775390625
15240.154296875
15239.546875
15238.9482421875
15238.359375
15237.78515625
15237.21875
15236.6611328125
15236.1123046875
15235.5751953125
15235.04296875
15234.5224609375
15234.0078125
15233.501953125
15233.00390625
15232.513671875
15232.029296875
15231.5537109375
15231.08203125
15230.6181640625
15230.1630859375
15229.712890625
15229.2685546875
15228.8310546875
15228.3974609375
15227.97265625
15227.5498046875
15227.1337890625
15226.724609375
15226.318359375
15225.923828125
15225.52734375
15225.1357421875
15224.75390625
15224.3740234375
15224.0
15223.62890625
15223.263671875
15222.9033203125
15222.546875
15222.193359375
15221.845703125
15221.5029296875
15221.1630859375
15220.828125
15220.4970703125
15220.169921875
15219.84765625
15219.5283203125
15219.2119140625
15218.900390625
15218.59375
15218.287109375
15217.984375
15217.6865234375
15217.390625
15217.099609375
15216.8125
15216.52734375
15216.244140625
15215.9677734375
15215.6923828125
15215.41796875
15215.150390625
15214.8837890625
15214.62109375
15214.359375
15214.103515625
15213.8447265625
15213.5947265625
15213.345703125
15213.099609375
15212.85546875
15212.615234375
15212.37890625
15212.1416015625
15211.91015625
15211.677734375
15211.44921875
15211.22265625
15211.0
15210.7802734375
15210.560546875
15210.34375
15210.12890625
15209.9150390625
15209.705078125
15209.49609375
15209.291015625
15209.0859375
15208.884765625
15208.685546875
15208.4873046875
15208.29296875
15208.09765625
15207.90625
15207.71484375
15207.525390625
15207.33984375
15207.154296875
15206.97265625
15206.7900390625
15206.611328125
15206.4365234375
15206.259765625
15206.0849609375
15205.91015625
15205.736328125
15205.5703125
15205.4013671875
15205.2353515625
15205.0703125
15204.90625
15204.7421875
15204.5810546875
15204.421875
15204.263671875
15204.107421875
15203.955078125
15203.798828125
15203.6455078125
15203.494140625
15203.345703125
15203.1962890625
15203.0478515625
15202.900390625
15202.75390625
15202.6103515625
15202.4697265625
15202.328125
15202.185546875
15202.048828125
15201.9091796875
15201.7724609375
15201.6357421875
15201.5009765625
15201.3671875
15201.232421875
1093936384.0
165834864.0
162655.890625
229756464.0
5207154688.0
9863347.0
265956.03125
72238.046875
66600.0859375
67809.5859375
72045.1015625
82299.296875
110259.6640625
182565.90625
353771.34375
721058.875
1416547.0
2523225.25
3862416.75
4838678.5
4878069.0
4142505.75
3295684.5
2811891.0
2845176.75
3347237.75
4107950.75
4752914.5
4900742.5
4452195.5
3650191.25
2808800.0
2112169.5
1599972.125
1243337.75
1000046.125
833114.5625
716118.9375
631842.5
568977.5625
520215.625
481205.1875
448849.625
421404.625
397481.84375
376478.25
357636.40625
340714.25
325367.71875
311437.4375
298697.84375
287053.3125
276420.65625
266558.96875
257532.296875
249207.953125
241527.65625
234428.109375
227860.328125
221772.578125
216179.015625
210912.578125
206001.21875
201482.765625
197203.921875
193245.515625
189513.15625
186029.125
182758.375
179686.359375
176741.5
173976.234375
171395.359375
168898.296875
166572.0625
164349.453125
162234.109375
160213.671875
158285.546875
156429.625
154656.375
152981.921875
151345.59375
149780.765625
148290.09375
146829.765625
145427.234375
144081.65625
142774.703125
141501.734375
140279.15625
139088.5625
137929.171875
136810.28125
135706.828125
134654.875
133604.796875
132599.71875
131609.453125
130634.8359375
129691.4765625
128779.328125
127873.4140625
126981.9296875
126125.3203125
125284.390625
124464.2578125
123650.9609375
122852.0625
122070.90625
121307.6796875
120547.8359375
119801.65625
119079.984375
118358.1171875
117653.078125
116949.6796875
116264.1015625
115593.6875
114934.5703125
114285.7890625
113639.3828125
112993.46875
112366.09375
111747.3359375
111143.0234375
110537.2890625
109938.0
109348.234375
108765.765625
108192.8515625
107620.6171875
107063.9765625
106508.3125
105961.890625
105420.265625
104885.703125
104354.8125
103831.84375
103313.8125
102807.3359375
102297.7734375
101798.265625
101305.875
100818.859375
100345.0703125
99856.65625
99381.015625
98912.421875
98457.609375
98000.015625
97541.03125
97085.359375
96644.0234375
96205.1875
95767.703125
95338.640625
94911.1875
94490.7109375
94068.7421875
93655.1953125
93239.78125
92828.46875
92428.46875
92025.890625
91629.8828125
91234.625
90850.828125
90465.28125
90081.0546875
89705.2578125
89330.4375
88958.765625
88585.7421875
88227.171875
87866.9609375
87504.9765625
87142.34375
86797.109375
86452.453125
86094.09375
85758.4921875
85423.09375
85087.1171875
84748.40625
84409.5390625
84079.9453125
83748.1328125
83420.640625
83099.375
82778.109375
82459.71875
82143.15625
81834.46875
81517.7421875
81209.03125
80899.8359375
80596.5703125
80303.359375
80000.21875
79707.921875
79411.3359375
79119.875
78827.5703125
78544.3359375
78259.5546875
77976.46875
77697.421875
77418.890625
77141.7109375
76868.609375
76597.171875
76331.03125
76065.3671875
75799.28125
75536.3671875
75275.5546875
75013.21875
74755.8515625
74502.4921875
74247.3671875
73993.8359375
73738.265625
73491.6796875
73246.2890625
73000.5390625
72755.4375
72519.0234375
72273.484375
72033.2578125
71801.984375
71566.34375
71336.921875
71102.21875
70875.828125
70645.6328125
70422.0859375
70198.25
69971.90625
69749.3046875
69529.2265625
69309.65625
69084.234375
68869.6015625
68650.7109375
68438.546875
68222.859375
68011.1328125
67802.921875
67592.4765625
67379.6171875
67174.7890625
66969.875
66764.6015625
66565.3359375
66359.8203125
66161.3125
65962.96875
65763.515625
65568.0234375
65374.30859375
65177.90625
64985.6171875
64787.60546875
64598.17578125
64406.1796875
64215.95703125
64031.2890625
63841.49609375
63656.7109375
63477.765625
63290.921875
63115.9765625
62932.0
62753.21875
62575.51953125
62391.90625
62217.99609375
62038.1953125
61865.53125
61696.44140625
61526.40625
61359.05859375
61189.140625
61019.92578125
60855.875
60690.8984375
60528.375
60361.67578125
60195.453125
60036.13671875
59872.63671875
59711.2578125
59549.85546875
59388.609375
59231.82421875
59077.08984375
58918.8984375
58762.03515625
58606.24609375
58452.9140625
58301.0859375
58148.5234375
57995.359375
57846.2578125
57692.4921875
57547.4609375
57397.78125
57252.046875
57101.68359375
56957.8828125
56808.5546875
56666.4296875
56523.55078125
56381.71875
56240.10546875
56096.7109375
55958.50390625
55817.8125
55681.31640625
55541.234375
55399.515625
55262.2421875
55126.28515625
54994.88671875
54856.8359375
54721.9453125
54587.84375
54454.43359375
54323.19921875
54191.0859375
54058.12890625
53930.8515625
53804.77734375
53679.421875
53553.80078125
53430.7109375
53306.37890625
53183.2890625
53059.46484375
52934.83203125
52813.81640625
52688.67578125
52569.43359375
52450.58984375
52330.390625
52209.2421875
52088.7734375
51975.04296875
51857.2578125
51738.90234375
51621.41015625
51505.29296875
51388.765625
51276.25
51161.390625
51048.62109375
50937.4609375
50821.84375
50710.8984375
50597.46484375
50484.3046875
50373.28125
50261.5078125
50151.10546875
50045.3359375
49936.6484375
49831.8046875
49718.90625
49612.88671875
49505.73046875
49398.13671875
49293.5625
49187.46484375
49081.07421875
48977.46875
48872.4296875
48766.56640625
48665.875
48561.90234375
48460.2734375
48359.9765625
48260.93359375
48156.5625
48054.765625
47956.88671875
47857.97265625
47760.9453125
47661.9375
47567.2734375
47467.85546875
47368.55078125
47274.828125
47179.171875
47082.98828125
46987.5703125
46891.09765625
46798.37890625
46702.96875
46613.34375
46517.9296875
46428.390625
46338.0390625
46247.99609375
46153.26171875
46059.734375
45968.3828125
45878.28515625
45788.140625
45699.9140625
45609.9453125
45523.95703125
45435.60546875
45350.7109375
45262.3515625
45174.14453125
45088.234375
45003.3203125
44917.2890625
44830.40234375
44745.24609375
44660.3984375
44575.1015625
44489.3828125
44405.171875
44318.44140625
44235.53125
44151.70703125
44067.05859375
43984.8828125
43903.72265625
43818.1953125
43738.82421875
43654.9609375
43575.5859375
43493.08984375
43412.36328125
43331.54296875
43251.625
43173.671875
43096.8359375
43019.61328125
42940.30078125
42865.3359375
42788.65625
42712.53125
42636.24609375
42559.90625
42483.62890625
42409.5625
42334.45703125
42261.43359375
42188.3125
42114.1484375
42039.8203125
41965.75390625
41894.796875
41820.7109375
41748.125
41674.67578125
41604.71875
41532.14453125
41461.33984375
41390.71875
41319.2109375
41249.05859375
41178.4375
41107.4609375
41033.48046875
40964.41796875
40892.26953125
40824.484375
40755.01953125
40687.2578125
40618.1953125
40547.94140625
40479.1953125
40413.7578125
40350.69921875
40283.8125
40216.97265625
40150.51953125
40083.34765625
40014.921875
39947.9609375
39881.6953125
39816.359375
39751.72265625
39689.10546875
39626.1640625
39560.3984375
39498.625
39438.2109375
39373.4921875
39310.73046875
39244.1328125
39180.734375
39117.05078125
39054.38671875
38993.265625
38930.70703125
38868.1484375
38806.09375
38743.6328125
38681.984375
38619.875
38558.0859375
38496.7265625
38436.1015625
38376.15625
38315.7109375
38256.6484375
38196.6328125
38136.77734375
38078.6953125
38020.3671875
37961.9296875
37904.47265625
37844.76171875
37787.28515625
37730.28125
37673.4140625
37615.52734375
37558.9140625
37503.28515625
37448.0625
37392.6875
37339.26171875
37282.54296875
37228.8515625
37172.42578125
37119.09375
37065.56640625
37011.77734375
36957.4296875
36905.546875
36852.66015625
36801.19921875
36750.59375
36697.85546875
36644.59765625
36590.6484375
36535.7109375
36482.484375
36431.92578125
36382.19140625
36330.19921875
36279.5234375
36227.81640625
36177.9375
36130.1171875
36084.66796875
36037.125
35987.21484375
35934.04296875
35877.9765625
35823.35546875
35770.4296875
35718.5234375
35668.9453125
35618.421875
35568.7578125
35517.9296875
35467.59375
35416.3984375
35367.609375
35319.390625
35272.3046875
35226.28125
35177.50390625
35127.77734375
35077.4765625
35027.8984375
34980.43359375
34933.578125
34887.59375
34840.5390625
34794.25
34744.75390625
34698.27734375
34652.1875
34604.08203125
34559.46875
34513.7578125
34465.875
34419.62109375
34373.890625
34328.5390625
34282.73046875
34238.2734375
34193.9609375
34149.5625
34103.90625
34059.671875
34016.921875
33972.328125
33928.40625
33884.703125
33841.60546875
33799.6640625
33756.359375
33713.6015625
33671.84375
33628.67578125
33585.9765625
33543.2578125
33500.71875
33459.328125
33416.4765625
33374.78515625
33330.3515625
33288.14453125
33245.63671875
33203.80859375
33161.515625
33124.1171875
33084.0625
33046.15234375
33006.71875
32968.40234375
32925.54296875
32882.3671875
32840.5546875
32800.0625
32761.3125
32721.541015625
32680.51171875
32637.5703125
32597.384765625
32557.44140625
32518.86328125
32481.484375
32442.28515625
32402.767578125
32362.7578125
32323.0546875
32281.345703125
32242.146484375
32202.49609375
32164.529296875
32125.986328125
32087.638671875
32049.0078125
32011.580078125
31974.01953125
31936.248046875
31898.537109375
31861.697265625
31823.75
31788.59765625
31753.826171875
31718.2578125
31683.52734375
31648.06640625
31610.177734375
31570.94140625
31533.734375
31496.7890625
31464.52734375
31433.083984375
31400.1875
31365.169921875
31329.267578125
31289.625
31249.11328125
31210.7578125
31171.11328125
31135.56640625
31101.056640625
31064.748046875
31028.392578125
30991.787109375
30956.9453125
30921.837890625
30888.015625
30854.24609375
30818.439453125
30783.935546875
30749.056640625
30714.9609375
30680.265625
30645.9375
30610.8828125
30577.326171875
30544.82421875
30514.17578125
30481.181640625
30448.953125
30414.58984375
30380.97265625
30345.40625
30312.291015625
30278.15625
30246.66015625
30216.921875
30184.56640625
30151.890625
30121.4453125
30088.533203125
30056.0
30022.837890625
29989.978515625
29954.7421875
29922.54296875
29890.89453125
29860.623046875
29829.22265625
29796.95703125
29765.78515625
29733.236328125
29702.61328125
29671.64453125
29640.4140625
29608.4609375
29578.185546875
29546.236328125
29514.841796875
29484.578125
29453.896484375
29425.94140625
29396.9453125
29368.794921875
29338.53125
29307.6171875
29276.73046875
29247.552734375
29215.63671875
29185.9921875
29154.60546875
29123.232421875
29093.65234375
29063.880859375
29034.73828125
29004.90625
28975.779296875
28946.86328125
28918.11328125
28890.05078125
28861.25390625
28833.28125
28804.63671875
28775.580078125
28745.748046875
28718.67578125
28690.69140625
28662.60546875
28635.63671875
28609.00390625
28581.921875
28556.541015625
28529.2734375
28501.17578125
28470.52734375
28439.87890625
28411.70703125
28383.3046875
28356.453125
28330.3515625
28301.6328125
28272.5703125
28240.435546875
28210.96875
28181.72265625
28154.29296875
28126.16015625
28097.7265625
28068.0234375
28038.8515625
28011.7890625
27985.087890625
27958.810546875
27933.876953125
27905.54296875
27879.3671875
27853.11328125
27826.4765625
27799.6640625
27771.69921875
27743.98828125
27714.931640625
27689.501953125
27662.97265625
27638.021484375
27613.28515625
27586.19140625
27559.72265625
27533.05078125
27506.75
27482.876953125
27458.79296875
27434.9921875
27410.568359375
27386.5703125
27361.486328125
27335.2109375
27311.08203125
27285.802734375
27259.056640625
27232.88671875
27207.939453125
27180.26171875
27153.48046875
27128.3203125
27103.80859375
27079.943359375
27056.98828125
27032.48828125
27008.943359375
26983.958984375
26961.716796875
26939.69921875
26916.765625
26893.462890625
26868.203125
26844.572265625
26820.259765625
26795.78125
26772.9921875
26750.111328125
26726.62109375
26703.546875
26680.189453125
26655.19921875
26630.7890625
26606.4921875
26585.908203125
26562.671875
26540.466796875
26516.96875
26492.76171875
26468.267578125
26444.26171875
26421.0078125
26396.734375
26372.8984375
26349.765625
26326.708984375
26305.48828125
26281.953125
26261.2890625
26239.59375
26216.50390625
26194.83984375
26172.1328125
26149.65234375
26126.884765625
26105.234375
26085.66796875
26064.234375
26042.755859375
26022.400390625
25999.48828125
25976.818359375
25953.859375
25932.7109375
25910.86328125
25890.03515625
25870.708984375
25849.5390625
25829.623046875
25807.826171875
25787.0625
25766.517578125
25746.51171875
25725.93359375
25708.353515625
25688.998046875
25670.43359375
25651.80078125
25633.3828125
25614.095703125
25596.49609375
25577.15625
25555.75390625
25531.4140625
25505.119140625
25479.986328125
25458.64453125
25437.69921875
25417.400390625
25397.625
25374.15234375
25351.302734375
25328.625
25307.076171875
25289.015625
25270.1875
25251.322265625
25230.7578125
25207.5546875
25184.828125
25163.9765625
25143.7890625
25124.416015625
25105.837890625
25087.05859375
25066.357421875
25047.466796875
25026.79296875
25007.4609375
24988.0625
24966.6875
24946.50390625
24925.39453125
24904.54296875
24885.404296875
24867.5078125
24849.8828125
24831.41796875
24812.6328125
24793.43359375
24774.78125
24754.84765625
24737.083984375
24717.69921875
24700.03125
24682.73046875
24665.142578125
24649.05078125
24632.7109375
24615.08984375
24596.470703125
24575.6328125
24556.58203125
24536.8984375
24518.08203125
24498.98828125
24481.4375
24462.0546875
24445.2421875
24429.16796875
24415.123046875
24402.01171875
24386.109375
24367.46484375
24347.599609375
24325.052734375
24303.333984375
24282.763671875
24264.72265625
24246.798828125
24230.931640625
24214.984375
24197.41796875
24179.509765625
24161.453125
24143.5078125
24127.47265625
24111.92578125
24096.8046875
24082.0625
24066.111328125
24048.6171875
24031.32421875
24010.60546875
23989.146484375
23970.4140625
23952.89453125
23937.53515625
23922.904296875
23906.3828125
23888.86328125
23870.43359375
23854.62890625
23840.5703125
23825.93359375
23811.185546875
23795.595703125
23779.697265625
23765.8359375
23752.546875
23739.517578125
23727.04296875
23714.65234375
23699.421875
23685.623046875
23668.671875
23652.611328125
23636.6015625
23623.36328125
23610.3046875
23597.01953125
23580.73046875
23563.33203125
23542.6328125
23520.59375
23499.24609375
23482.02734375
23466.63671875
23451.5625
23437.125
23423.6796875
23409.345703125
23394.890625
23380.70703125
23364.77734375
23344.220703125
23325.5546875
23309.513671875
23295.994140625
23279.921875
23248.1171875
23245.3828125
23237.673828125
23214.17578125
23215.166015625
23196.12109375
23185.703125
23178.35546875
23162.345703125
23154.60546875
23143.5703125
23131.177734375
23121.953125
23110.087890625
23099.712890625
23088.498046875
23077.806640625
23067.587890625
23057.4921875
23047.111328125
23036.421875
23026.666015625
23016.0078125
23006.22265625
22995.421875
22984.7890625
22974.3359375
22963.4375
22953.716796875
22943.4296875
22933.3125
22922.25390625
22912.96875
22902.884765625
22892.19140625
22882.408203125
22871.54296875
22861.40234375
22851.162109375
22840.421875
22830.388671875
22821.111328125
22810.8828125
22800.341796875
22790.919921875
22780.900390625
22771.06640625
22761.095703125
22750.46484375
22740.806640625
22729.96484375
22721.107421875
22710.5859375
22701.396484375
22690.96484375
22681.3359375
22671.318359375
22661.5546875
22652.23046875
22642.5859375
22632.265625
22622.10546875
22612.380859375
22602.244140625
22592.71484375
22583.2265625
22573.705078125
22563.51171875
22554.28125
22544.15625
22534.8671875
22524.87109375
22514.6953125
22505.193359375
22495.84375
22486.134765625
22476.1328125
22467.033203125
22456.94140625
22448.1328125
22437.8828125
22428.419921875
22418.935546875
22409.01953125
22398.521484375
22389.71875
22380.158203125
22370.919921875
22360.74609375
22351.810546875
22342.12890625
22333.140625
22323.1484375
22314.234375
22304.69140625
22295.4296875
22285.328125
22275.453125
22266.44921875
22257.03515625
22247.625
22238.1953125
22228.1875
22219.119140625
22209.4140625
22200.41015625
22191.46875
22181.6953125
22172.50390625
22162.431640625
22153.794921875
22144.353515625
22135.3359375
22125.76171875
22116.486328125
22107.27734375
22098.185546875
22089.32421875
22079.943359375
22070.599609375
22061.236328125
22051.40625
22041.873046875
22033.3046875
22024.17578125
22014.58203125
22005.953125
21997.24609375
21987.875
21979.171875
21970.125
21960.34765625
21951.4765625
21942.513671875
21932.98828125
21924.404296875
21915.17578125
21905.9140625
21897.23046875
21887.92578125
21879.26171875
21869.75390625
21861.140625
21852.513671875
21842.7890625
21833.1171875
21824.251953125
21815.609375
21806.939453125
21797.748046875
21788.9453125
21780.26171875
21771.6328125
21762.892578125
21753.6953125
21745.125
21736.19140625
21726.556640625
21717.3984375
21708.98828125
21700.4296875
21691.1953125
21682.48046875
21673.689453125
21664.94921875
21656.064453125
21647.6640625
21639.01171875
21630.423828125
21621.06640625
21612.06640625
21603.373046875
21595.333984375
21586.45703125
21578.138671875
21569.1171875
21560.44140625
21551.5703125
21542.9296875
21534.533203125
21525.9453125
21517.1328125
21507.70703125
21499.109375
21490.6171875
21482.21875
21473.45703125
21464.896484375
21456.53515625
21448.40625
21440.3671875
21431.984375
21423.94140625
21415.5859375
21406.8515625
21398.4453125
21390.255859375
21381.6953125
21373.3515625
21365.3671875
21357.26953125
21349.0703125
21340.953125
21332.57421875
21324.09375
21315.71484375
21308.38671875
21299.1015625
21290.78515625
21282.66015625
21274.65234375
21266.359375
21258.76171875
21250.55859375
21242.67578125
21234.421875
21226.255859375
21218.59765625
21210.205078125
21202.2421875
21193.40625
21185.13671875
21177.640625
21169.47265625
21161.294921875
21153.38671875
21145.64453125
21137.58203125
21129.205078125
21121.037109375
21113.076171875
21105.30078125
21096.50390625
21088.6875
21080.87890625
21072.884765625
21064.8671875
21056.9609375
21049.3984375
21041.2109375
21032.953125
21024.9140625
21017.359375
21009.376953125
21001.560546875
20993.12890625
20984.94921875
20977.21484375
20969.3359375
20961.80078125
20954.10546875
20946.208984375
20938.21875
20930.6484375
20922.884765625
20915.12109375
20907.71875
20899.185546875
20891.4921875
20883.79296875
20875.5390625
20867.9609375
20859.97265625
20852.4609375
20845.037109375
20837.0078125
20829.642578125
20822.12109375
20814.623046875
20806.1953125
20798.73046875
20791.044921875
20783.4765625
20775.73828125
20767.9765625
20760.90625
20752.912109375
20745.5546875
20738.408203125
20730.328125
20723.232421875
20715.3125
20707.61328125
20699.568359375
20692.548828125
20684.37890625
20677.23046875
20669.4375
20661.927734375
20654.794921875
20647.080078125
20639.8515625
20632.6484375
20624.681640625
20617.373046875
20609.2890625
20601.9140625
20594.5390625
20586.65625
20579.466796875
20571.662109375
20564.921875
20557.42578125
20549.78125
20542.49609375
20534.5546875
20527.658203125
20520.166015625
20513.03125
20505.47265625
20497.87109375
20490.708984375
20483.513671875
20475.7890625
20468.71875
20461.533203125
20454.017578125
20446.8984375
20439.947265625
20432.09765625
20424.732421875
20417.4765625
20410.1484375
20402.841796875
20395.50390625
20388.640625
20381.51953125
20374.201171875
20366.87109375
20359.97265625
20352.83203125
20345.576171875
20337.931640625
20330.732421875
20323.771484375
20316.23828125
20308.982421875
20301.41015625
20294.5625
20287.71484375
20280.189453125
20273.466796875
20266.35546875
20259.685546875
20251.95703125
20245.203125
20238.109375
20230.486328125
20223.81640625
20215.9375
20208.77734375
20202.353515625
20195.095703125
20188.283203125
20181.1171875
20174.677734375
20167.166015625
20160.01953125
20152.95703125
20146.01171875
20139.140625
20131.162109375
20124.751953125
20117.98828125
20110.7265625
20103.935546875
20096.71875
20090.17578125
20083.23046875
20076.12109375
20068.84765625
20062.345703125
20055.380859375
20048.546875
20041.703125
20034.205078125
20027.517578125
20020.7265625
20013.658203125
20007.1875
19999.8359375
19993.265625
19986.5078125
19979.296875
19972.796875
19965.80078125
19959.091796875
19952.33984375
19945.27734375
19938.779296875
19931.857421875
19925.453125
19918.6484375
19912.046875
19905.595703125
19898.76171875
19891.875
19885.625
19878.37890625
19871.56640625
19863.970703125
19857.169921875
19850.796875
19844.0390625
19838.26171875
19831.943359375
19825.921875
19819.8046875
19812.875
19806.078125
19799.724609375
19792.93359375
19787.08203125
19780.484375
19774.94140625
19769.123046875
19762.298828125
19756.1875
19748.3203125
19741.8046875
19735.19921875
19728.56640625
19722.3984375
19716.259765625
19710.998046875
19703.5703125
19696.900390625
19690.18359375
19683.3046875
19676.986328125
19671.07421875
19664.71484375
19659.24609375
19652.927734375
19646.0703125
19639.7421875
19633.0390625
19627.23828125
19619.92578125
19613.763671875
19607.927734375
19601.375
19595.408203125
19589.01953125
19582.943359375
19576.921875
19570.580078125
19564.1953125
19557.734375
19551.5703125
19545.76171875
19539.09375
19533.212890625
19526.798828125
19521.0234375
19514.798828125
19508.8046875
19502.9921875
19497.078125
19490.8828125
19485.11328125
19478.544921875
19472.54296875
19465.78515625
19458.6171875
19452.544921875
19446.296875
19440.67578125
19435.13671875
19428.974609375
19423.42578125
19416.51171875
19410.4375
19404.06640625
19397.95703125
19391.76953125
19385.2734375
19379.0078125
19372.87109375
19367.328125
19361.33984375
19355.599609375
19350.037109375
19344.56640625
19339.103515625
19333.7265625
19328.931640625
19323.48046875
19318.162109375
19311.587890625
19304.197265625
19297.0078125
19291.1015625
19285.595703125
19280.78515625
19275.939453125
19271.09765625
19264.720703125
19258.646484375
19252.4609375
19246.884765625
19241.44140625
19235.271484375
19229.75390625
19223.96875
19218.66015625
19213.25
19208.15234375
19203.333984375
19198.14453125
19193.109375
19186.80078125
19180.92578125
19174.0703125
19167.232421875
19160.19140625
19152.751953125
19145.677734375
19139.90234375
19133.9140625
19128.4453125
19122.85546875
19117.078125
19111.34765625
19104.90234375
19100.32421875
19095.23828125
19090.58203125
19085.55859375
19080.083984375
19074.4921875
19069.177734375
19062.931640625
19057.84375
19052.158203125
19047.083984375
19041.75
19037.28125
19033.07421875
19029.2578125
19024.779296875
19019.544921875
19013.533203125
19007.5078125
19001.2890625
18994.806640625
18988.76171875
18982.98046875
18977.73046875
18972.44140625
18966.41015625
18960.4140625
18953.93359375
18947.21875
18939.98046875
18933.125
18927.359375
18922.31640625
18917.94921875
18913.1953125
18907.333984375
18901.37109375
18895.380859375
18888.8984375
18881.771484375
18875.048828125
18869.419921875
18864.51953125
18858.609375
18852.490234375
18846.3125
18840.546875
18834.556640625
18827.890625
18822.0859375
18816.37890625
18810.41796875
18804.8359375
18799.171875
18792.92578125
18788.029296875
18782.412109375
18777.5390625
18772.42578125
18767.05859375
18762.20703125
18757.00390625
18752.8828125
18747.8359375
18742.48046875
18737.490234375
18732.509765625
18727.107421875
18722.955078125
18717.55859375
18712.68359375
18707.01171875
18701.7734375
18696.29296875
18690.765625
18685.55859375
18681.224609375
18675.81640625
18671.79296875
18667.49609375
18662.064453125
18657.197265625
18651.9140625
18645.521484375
18640.0625
18634.15234375
18629.109375
18623.701171875
18618.5546875
18613.3203125
18608.0703125
18602.94921875
18598.08984375
18593.517578125
18588.9453125
18584.712890625
18580.8046875
18576.255859375
18572.126953125
18567.625
18563.04296875
18558.443359375
18553.25390625
18548.5859375
18543.603515625
18538.017578125
18533.244140625
18528.119140625
18522.923828125
18517.740234375
18512.69140625
18508.517578125
18503.84765625
18498.68359375
18492.97265625
18486.478515625
18479.9765625
18474.1015625
18468.734375
18464.75
18460.40625
18455.2109375
18449.31640625
18444.123046875
18438.28515625
18433.68359375
18428.408203125
18422.658203125
18417.0234375
18410.78125
18404.484375
18398.2578125
18392.478515625
18387.16796875
18382.9453125
18378.287109375
18373.794921875
18369.306640625
18365.361328125
18360.91796875
18356.017578125
18351.021484375
18346.25
18340.24609375
18334.73828125
18329.140625
18324.44921875
18319.91015625
18316.0625
18312.455078125
18309.3359375
18305.18359375
18300.9921875
18296.2421875
18290.9140625
18286.345703125
18280.19140625
18274.943359375
18270.359375
18265.435546875
18260.654296875
18255.73828125
18250.712890625
18245.33203125
18240.87109375
18236.21875
18232.984375
18229.048828125
18226.14453125
18221.7421875
18217.7109375
18212.240234375
18206.015625
18199.400390625
18193.638671875
18188.775390625
18186.041015625
18183.6796875
18181.13671875
18176.7578125
18171.25390625
18163.8984375
18157.51171875
18151.05078125
18146.63671875
18141.60546875
18136.330078125
18130.625
18126.138671875
18122.2734375
18118.01953125
18112.755859375
18106.060546875
18099.09765625
18093.3671875
18087.533203125
18083.00390625
18077.609375
18072.75
18067.923828125
18062.751953125
18057.83203125
18052.37109375
18046.859375
18041.431640625
18036.439453125
18031.734375
18027.767578125
18022.98828125
18018.35546875
18013.27734375
18008.01171875
18003.453125
17998.234375
17994.171875
17989.9296875
17986.228515625
17982.564453125
17979.12109375
17975.28515625
17971.078125
17966.771484375
17963.1484375
17958.896484375
17954.529296875
17950.20703125
17945.509765625
17940.04296875
17934.21875
17928.5546875
17923.00390625
17918.2578125
17915.25
17911.56640625
17908.73828125
17904.8828125
17900.34375
17895.69140625
17891.23046875
17887.17578125
17883.02734375
17878.078125
17873.53515625
17868.59765625
17864.1015625
17859.30859375
17854.37109375
17850.13671875
17846.294921875
17842.89453125
17839.4921875
17835.2265625
17830.103515625
17824.044921875
17817.66796875
17811.6328125
17807.0859375
17803.08203125
17799.46875
17795.103515625
17789.6328125
17784.419921875
17779.3515625
17774.216796875
17769.810546875
17764.759765625
17760.259765625
17756.013671875
17751.3515625
17747.15234375
17742.75
17738.478515625
17734.697265625
17731.248046875
17728.87109375
17726.912109375
17725.462890625
17723.78515625
17721.958984375
17718.35546875
17714.21875
17708.17578125
17702.11328125
17696.8359375
17692.140625
17688.37890625
17684.455078125
17678.86328125
17673.556640625
17667.30859375
17661.953125
17656.44140625
17651.318359375
17645.8671875
17641.013671875
17636.212890625
17631.9453125
17627.8046875
17623.4140625
17619.09765625
17614.8984375
17609.966796875
17605.34375
17600.30078125
17594.826171875
17589.955078125
17584.6875
17580.205078125
17575.681640625
17571.44921875
17567.19921875
17562.146484375
17557.4921875
17552.80859375
17548.3203125
17544.01171875
17539.96875
17535.646484375
17531.240234375
17527.119140625
17523.197265625
17519.61328125
17515.796875
17511.78515625
17508.798828125
17505.416015625
17502.724609375
17499.58984375
17495.728515625
17491.267578125
17486.072265625
17480.515625
17476.240234375
17473.2421875
17469.994140625
17466.90625
17462.7265625
17458.388671875
17454.08984375
17449.73046875
17445.91796875
17441.6015625
17436.833984375
17432.673828125
17428.490234375
17424.58203125
17421.00390625
17417.279296875
17413.12890625
17408.69921875
17403.392578125
17398.009765625
17392.91015625
17388.20703125
17383.91796875
17379.94140625
17375.29296875
17370.609375
17366.029296875
17360.599609375
17355.541015625
17350.294921875
17345.39453125
17340.953125
17336.984375
17332.91796875
17329.515625
17325.86328125
17321.9921875
17317.775390625
17313.3984375
17309.568359375
17305.5234375
17301.669921875
17298.255859375
17294.84375
17291.751953125
17288.53515625
17284.984375
17281.93359375
17279.083984375
17275.73828125
17273.232421875
17269.15625
17265.16796875
17260.515625
17255.62890625
17250.5078125
17245.96875
17241.578125
17237.859375
17233.828125
17229.9375
17225.6796875
17221.9609375
17217.3046875
17213.169921875
17208.23828125
17204.341796875
17199.76953125
17195.443359375
17191.033203125
17186.75390625
17183.375
17180.388671875
17177.47265625
17175.083984375
17172.8125
17170.146484375
17166.265625
17161.689453125
17155.8046875
17149.79296875
17143.51953125
17138.62890625
17134.05859375
17130.6796875
17126.837890625
17123.2890625
17119.50390625
17115.62109375
17112.3671875
17109.248046875
17105.994140625
17102.58203125
17099.40625
17096.1640625
17092.869140625
17089.509765625
17086.248046875
17083.138671875
17079.296875
17075.775390625
17071.6484375
17067.63671875
17063.375
17060.0546875
17056.4609375
17053.0078125
17050.375
17046.341796875
17042.2578125
17038.052734375
17034.8359375
17032.78125
17029.52734375
17026.447265625
17022.73046875
17019.2109375
17014.69921875
17009.34375
17003.83984375
16999.240234375
16994.93359375
16991.234375
16987.23828125
16983.6875
16979.822265625
16975.7578125
16970.734375
16965.43359375
16960.8984375
16956.701171875
16952.6328125
16949.09375
16945.185546875
16941.302734375
16937.625
16934.142578125
16930.65234375
16927.6875
16923.986328125
16921.462890625
16917.72265625
