15428.9921875
15411.2734375
15396.5537109375
15384.19140625
15373.53125
15363.998046875
15355.2890625
15347.30078125
15340.029296875
15333.423828125
15327.47265625
15322.142578125
15317.3671875
15313.0908203125
15309.240234375
15305.74609375
15302.541015625
15299.56640625
15296.78125
15294.1396484375
15291.619140625
15289.216796875
15286.9150390625
15284.712890625
15282.59765625
15280.5810546875
15278.6484375
15276.7978515625
15275.025390625
15273.330078125
15271.6982421875
15270.125
15268.6171875
15267.162109375
15265.76953125
15264.42578125
15263.138671875
15261.908203125
15260.724609375
15259.591796875
15258.498046875
15257.443359375
15256.4296875
15255.4501953125
15254.5
15253.57421875
15252.673828125
15251.7958984375
15250.9375
15250.099609375
15249.2890625
15248.4921875
15247.71484375
15246.951171875
15246.205078125
15245.4775390625
15244.7646484375
15244.0625
15243.37890625
15242.70703125
15242.05078125
15241.4033203125
15240.775390625
15240.154296875
15239.546875
15238.9482421875
15238.359375
15237.78515625
15237.21875
15236.6611328125
15236.1123046875
15235.5751953125
15235.0419921875
15234.5224609375
15234.0078125
15233.501953125
15233.0048828125
15232.513671875
15232.029296875
15231.552734375
15231.08203125
15230.6181640625
15230.1630859375
15229.7109375
15229.2685546875
15228.830078125
15228.3974609375
15227.97265625
15227.5498046875
15227.134765625
15226.724609375
15226.318359375
15225.921875
15225.52734375
15225.1376953125
15224.75390625
15224.3740234375
15223.998046875
15223.62890625
15223.263671875
15222.9033203125
15222.546875
15222.193359375
15221.845703125
15221.5029296875
15221.1640625
15220.8251953125
15220.4970703125
15220.171875
15219.84765625
15219.52734375
15219.2119140625
15218.900390625
15218.5927734375
15218.287109375
15217.986328125
15217.6875
15217.390625
15217.099609375
15216.8095703125
15216.52734375
15216.244140625
15215.96875
15215.6923828125
15215.4208984375
15215.1484375
15214.8837890625
15214.6201171875
15214.359375
15214.1025390625
15213.84765625
15213.59375
15213.34765625
15213.1005859375
15212.857421875
15212.6171875
15212.37890625
15212.1416015625
15211.91015625
15211.677734375
15211.4482421875
15211.2236328125
15211.0
15210.779296875
15210.5595703125
15210.34375
15210.1298828125
15209.9130859375
15209.7041015625
15209.4970703125
15209.291015625
15209.087890625
15208.884765625
15208.685546875
15208.486328125
15208.29296875
15208.0966796875
15207.90625
15207.7158203125
15207.52734375
15207.337890625
15207.154296875
15206.9716796875
15206.791015625
15206.611328125
15206.4345703125
15206.259765625
15206.0849609375
15205.91015625
15205.73828125
15205.5703125
15205.4033203125
15205.234375
15205.0703125
15204.90625
15204.7412109375
15204.580078125
15204.423828125
15204.2626953125
15204.109375
15203.951171875
15203.798828125
15203.646484375
15203.4970703125
15203.345703125
15203.1953125
15203.046875
15202.8994140625
15202.755859375
15202.611328125
15202.46875
15202.3271484375
15202.185546875
15202.048828125
15201.91015625
15201.771484375
15201.634765625
15201.5
15201.3662109375
15201.232421875
4619257.0
141468.8125
109712.5625
70976.3828125
96910.203125
66850.40625
62843.87109375
61542.45703125
62904.60546875
65255.6328125
64257.88671875
60045.33203125
56466.7421875
54014.96484375
51879.24609375
49736.96484375
47639.7734375
45702.453125
43931.75390625
42250.73828125
40626.04296875
39081.84765625
37661.2890625
36409.40234375
35261.09375
34126.1328125
32972.4453125
31828.591796875
30746.83984375
29759.6953125
28865.21484375
28044.595703125
27277.4296875
26543.33984375
25838.6328125
25170.771484375
24542.580078125
23953.716796875
23403.107421875
22878.5234375
22366.0234375
21862.04296875
21379.33203125
20933.21875
20527.173828125
20152.806640625
19799.67578125
19464.728515625
19147.759765625
18841.97265625
18546.349609375
18265.77734375
18004.552734375
17760.482421875
17528.6640625
17309.55078125
17100.361328125
16899.03515625
16708.11328125
16527.09375
16353.255859375
16185.8984375
16024.724609375
15869.533203125
15719.3935546875
15573.779296875
15433.267578125
15297.953125
15167.900390625
15042.96875
14922.884765625
14807.373046875
14696.189453125
14589.2470703125
14486.140625
14386.57421875
14290.1708984375
14196.5185546875
14105.5615234375
14017.208984375
13931.015625
13846.75
13764.568359375
13684.515625
13606.384765625
13529.9912109375
13455.2314453125
13382.041015625
13310.2431640625
13239.54296875
13169.994140625
13101.470703125
13034.126953125
12968.21484375
12903.982421875
12841.41796875
12780.548828125
12721.580078125
12664.48828125
12609.0673828125
12554.962890625
12501.798828125
12449.685546875
12398.689453125
12348.8447265625
12300.1240234375
12252.4306640625
12205.8681640625
12160.375
12115.8623046875
12072.2236328125
12029.4189453125
11987.353515625
11946.07421875
11905.509765625
11865.6279296875
11826.412109375
11787.853515625
11749.931640625
11712.697265625
11676.076171875
11640.044921875
11604.5546875
11569.564453125
11535.15625
11501.3984375
11468.3125
11435.587890625
11403.939453125
11371.4013671875
11339.8203125
11308.4814453125
11278.0107421875
11248.283203125
11218.6025390625
11189.3779296875
11160.169921875
11131.609375
11103.5673828125
11075.7978515625
11048.419921875
11021.048828125
10994.134765625
10967.8359375
10941.943359375
10916.4580078125
10891.17578125
10866.3818359375
10842.080078125
10818.18359375
10794.6298828125
10771.236328125
10748.1396484375
10725.2822265625
10702.734375
10680.4130859375
10658.2578125
10636.36328125
10614.6396484375
10593.181640625
10571.982421875
10551.04296875
10530.349609375
10509.8330078125
10489.5283203125
10469.4375
10449.583984375
10429.9453125
10410.59375
10391.4521484375
10372.53515625
10353.8408203125
10335.33984375
10317.0595703125
10298.9208984375
10280.974609375
10263.1455078125
10245.5
10227.962890625
10210.5791015625
10193.3427734375
10176.2470703125
10159.287109375
10142.5859375
10125.9755859375
10109.9267578125
10093.498046875
10078.064453125
10061.0576171875
10044.8720703125
10028.947265625
10013.3603515625
9998.2197265625
9983.177734375
9969.357421875
9953.47265625
9938.833984375
9923.044921875
9908.185546875
9893.986328125
9880.0322265625
9867.884765625
9851.603515625
9836.8525390625
9822.6513671875
9808.90234375
9795.923828125
9782.9833984375
9774.4443359375
9757.3369140625
9744.9609375
9738.54296875
9719.8837890625
9703.32421875
9691.6767578125
9680.2841796875
9671.4453125
9655.138671875
9645.419921875
9634.103515625
9630.720703125
9610.30859375
9640.9375
9699.94140625
9721.9111328125
9722.8076171875
9686.2470703125
9691.763671875
9663.2890625
9647.3251953125
9635.9638671875
9621.40625
9605.2939453125
9587.7373046875
9574.0703125
9558.75
9537.884765625
9526.06640625
9519.66796875
9507.384765625
9495.3896484375
9482.83203125
9469.8896484375
9457.404296875
9446.291015625
9435.134765625
9425.462890625
9413.900390625
9401.0478515625
9388.716796875
9377.21875
9365.5732421875
9353.109375
9341.0576171875
9329.220703125
9316.935546875
9304.4287109375
9292.0224609375
9278.232421875
9263.2109375
9251.7314453125
9244.890625
9233.4609375
9226.6259765625
9216.044921875
9205.37109375
9197.34375
9185.564453125
9174.9765625
9165.6201171875
9156.4404296875
9147.681640625
9139.0478515625
9130.19140625
9122.142578125
9114.103515625
9105.375
9097.4697265625
9088.8095703125
9080.78515625
9072.927734375
9065.1806640625
9056.68359375
9048.3818359375
9040.5078125
9032.4560546875
9024.2890625
9016.2080078125
9007.90234375
8999.5703125
8991.10546875
8982.3984375
8973.3125
8964.6083984375
8956.5615234375
8948.931640625
8941.7626953125
8934.693359375
8927.4052734375
8920.287109375
8913.2392578125
8906.4140625
8900.013671875
8894.876953125
8888.111328125
8882.2177734375
8876.05078125
8870.25390625
8864.4912109375
8856.685546875
8850.1572265625
8842.8759765625
8838.94921875
8838.63671875
8827.0625
8831.4765625
8847.056640625
8848.677734375
8826.9716796875
8829.697265625
8819.72265625
8828.1181640625
8810.5341796875
8805.9697265625
8802.8291015625
8785.876953125
8781.9072265625
8773.3115234375
8758.1435546875
8753.6875
8743.3935546875
8734.126953125
8733.236328125
8726.734375
8724.4697265625
8725.1845703125
8723.109375
8710.02734375
8704.1474609375
8698.3408203125
8693.029296875
8683.5302734375
8677.626953125
8673.4541015625
8667.87890625
8658.8076171875
8649.5458984375
8646.525390625
8643.162109375
8636.41015625
8629.939453125
8624.4482421875
8618.814453125
8611.5087890625
8606.6884765625
8602.970703125
8598.025390625
8592.4990234375
8587.236328125
8581.2353515625
8575.95703125
8572.3203125
8567.890625
8563.4248046875
8561.1962890625
8563.748046875
8574.2529296875
8560.802734375
8540.6328125
8547.267578125
8535.9736328125
8530.3828125
8527.310546875
8519.802734375
8515.7509765625
8510.9892578125
8505.009765625
8500.2744140625
8496.0703125
8490.8837890625
8487.9248046875
8482.7333984375
8480.041015625
8475.51171875
8470.521484375
8465.052734375
8459.3271484375
8456.4189453125
8451.9033203125
8448.501953125
8443.3828125
8439.5810546875
8435.818359375
8432.7080078125
8429.80078125
8426.642578125
8423.724609375
8420.0517578125
8415.6044921875
8410.1796875
8405.4833984375
8402.541015625
8399.7578125
8395.806640625
8390.65234375
8386.42578125
8383.6826171875
8380.9736328125
8377.0400390625
8372.580078125
8369.0078125
8366.119140625
8362.7587890625
8359.03125
8355.4990234375
8352.515625
8349.2265625
8345.5498046875
8342.0146484375
8338.9423828125
8335.9267578125
8332.5703125
8329.25
8326.6181640625
8324.95703125
8325.62109375
8325.6259765625
8323.8544921875
8312.2939453125
8307.3828125
8310.314453125
8305.86328125
8298.79296875
8297.1591796875
8300.3974609375
8301.9345703125
8299.2138671875
8294.9794921875
8285.1328125
8276.66015625
8280.150390625
8279.255859375
8269.24609375
8266.802734375
8269.103515625
8263.435546875
8257.7568359375
8254.7099609375
8249.5224609375
8246.015625
8242.3837890625
8237.28515625
8235.927734375
8233.26171875
8227.478515625
8225.6787109375
8224.0205078125
8218.9462890625
8216.001953125
8213.701171875
8209.5517578125
8206.375
8203.0244140625
8198.916015625
8196.93359375
8195.1630859375
8191.798828125
8189.1376953125
8185.55419921875
8180.58642578125
8177.154296875
8174.9091796875
8171.80078125
8168.7470703125
8165.373046875
8161.2490234375
8157.845703125
8155.29931640625
8152.7568359375
8150.28271484375
8148.65283203125
8147.0673828125
8144.77294921875
8140.7314453125
8135.8466796875
8131.3564453125
8127.9033203125
8125.60009765625
8123.46484375
8120.68115234375
8117.01513671875
8113.1953125
8110.404296875
8108.380859375
8105.78662109375
8101.9443359375
8098.21923828125
8095.81298828125
8093.96533203125
8091.38671875
8088.21875
8085.548828125
8083.408203125
8081.14697265625
8078.544921875
8075.9921875
8073.703125
8071.72021484375
8070.505859375
8070.73486328125
8072.66796875
8071.6103515625
8063.88720703125
8058.283203125
8060.125
8059.005859375
8052.634765625
8051.0771484375
8050.01953125
8045.5029296875
8044.4072265625
8047.0869140625
8049.1240234375
8059.8037109375
8051.8125
8038.275390625
8041.83349609375
8044.626953125
8040.0986328125
8032.2568359375
8036.50390625
8031.9091796875
8028.14794921875
8029.04541015625
8025.30126953125
8021.3466796875
8021.7705078125
8019.0537109375
8013.0390625
8013.40625
8014.39892578125
8012.22607421875
8016.2099609375
8014.06640625
8011.62890625
8006.439453125
8001.923828125
7999.80126953125
7998.7822265625
7994.9130859375
7989.390625
7985.4150390625
7984.03125
7983.408203125
7980.6005859375
7976.5458984375
7972.84375
7970.9501953125
7968.9609375
7965.5810546875
7961.94580078125
7958.896484375
7956.8017578125
7955.599609375
7953.4443359375
7950.26806640625
7947.6806640625
7945.6748046875
7944.16845703125
7942.36669921875
7940.13037109375
7938.212890625
7936.75830078125
7935.310546875
7933.8544921875
7932.642578125
7931.5234375
7930.84619140625
7930.77490234375
7931.2685546875
7932.1591796875
7932.2412109375
7930.17578125
7925.5498046875
7921.126953125
7919.9208984375
7921.37060546875
7922.68017578125
7924.25244140625
7929.0478515625
7928.451171875
7916.15576171875
7911.0341796875
7915.96142578125
7911.31103515625
7907.978515625
7910.44677734375
7906.49951171875
7906.0703125
7903.171875
7897.068359375
7897.6875
7894.830078125
7894.642578125
7895.9208984375
7892.6220703125
7891.37353515625
7889.09228515625
7886.6748046875
7885.3896484375
7883.37841796875
7884.0068359375
7883.552734375
7882.5673828125
7881.59130859375
7879.0771484375
7877.51416015625
7876.6650390625
7876.8916015625
7877.9501953125
7877.1630859375
7875.40771484375
7870.51318359375
7866.3388671875
7866.10546875
7868.267578125
7869.6513671875
7868.03271484375
7865.9951171875
7864.873046875
7862.59228515625
7858.95361328125
7855.3251953125
7853.716796875
7852.9775390625
7851.89892578125
7850.45263671875
7849.1533203125
7847.4052734375
7845.49365234375
7843.7041015625
7841.9775390625
7839.6181640625
7837.61376953125
7836.994140625
7836.6845703125
7835.40234375
7833.4990234375
7831.65087890625
7829.22802734375
7826.12451171875
7822.9873046875
7820.5
7818.638671875
7817.12353515625
7815.74072265625
7814.37744140625
7813.33544921875
7812.52880859375
7811.59619140625
7810.462890625
7809.3271484375
7808.03369140625
7806.46875
7804.84765625
7803.365234375
7801.89453125
7800.41259765625
7799.01611328125
7797.720703125
7796.6416015625
7795.953125
7795.9208984375
7796.3359375
7797.2744140625
7798.060546875
7798.45703125
7797.244140625
7794.9306640625
7791.572265625
7789.0888671875
7787.5078125
7787.0849609375
7786.640625
7785.931640625
7784.69140625
7783.181640625
7781.39404296875
7779.470703125
7777.814453125
7776.8994140625
7776.63232421875
7776.36669921875
7775.57470703125
7773.916015625
7772.0927734375
7770.8505859375
7771.841796875
7775.24853515625
7773.2490234375
7767.80029296875
7769.140625
7767.90966796875
7766.89501953125
7766.4169921875
7763.86083984375
7767.341796875
7766.4208984375
7768.953125
7771.22021484375
7769.0751953125
7767.2587890625
7761.685546875
7761.3359375
7763.11767578125
7766.0068359375
7766.3515625
7765.78466796875
7766.5400390625
7765.41748046875
7763.712890625
7760.0185546875
7758.0908203125
7756.0771484375
7753.3251953125
7750.1611328125
7748.4599609375
7747.5849609375
7746.091796875
7743.9716796875
7741.916015625
7740.7197265625
7739.1796875
7737.521484375
7736.2919921875
7736.103515625
7736.734375
7736.78857421875
7736.5888671875
7736.2822265625
7736.7265625
7736.201171875
7734.3837890625
7731.021484375
7728.02392578125
7726.103515625
7725.24365234375
7724.8623046875
7724.61328125
7724.47900390625
7724.318359375
7724.162109375
7723.9052734375
7723.64892578125
7723.10693359375
7722.1767578125
7721.029296875
7719.919921875
7719.302734375
7719.0986328125
7719.7265625
7720.44580078125
7721.5361328125
7721.783203125
7721.552734375
7720.400390625
7719.2265625
7718.49169921875
7719.1650390625
7720.85400390625
7723.068359375
7724.59228515625
7725.1259765625
7724.1943359375
7722.203125
7719.1884765625
7715.2646484375
7710.77587890625
7706.583984375
7703.77490234375
7702.609375
7702.4970703125
7702.19091796875
7701.4814453125
7699.935546875
7698.49560546875
7696.9814453125
7696.0029296875
7695.1357421875
7694.4521484375
7693.4287109375
7691.919921875
7690.0322265625
7688.3779296875
7687.3525390625
7686.927734375
7686.78173828125
7687.06689453125
7687.40478515625
7688.16259765625
7688.91015625
7689.439453125
7691.64599609375
7691.6357421875
7692.14794921875
7690.0068359375
7687.3759765625
7683.97998046875
7682.03466796875
7681.34765625
7681.9541015625
7682.685546875
7682.65234375
7681.9921875
7681.4677734375
7681.349609375
7682.111328125
7682.60693359375
7681.8134765625
7680.03759765625
7676.953125
7674.1591796875
7672.14697265625
7671.318359375
7671.4619140625
7671.82177734375
7672.015625
7671.9365234375
7671.9462890625
7672.56494140625
7673.9873046875
7676.556640625
7678.95654296875
7680.95556640625
7680.546875
7679.3671875
7678.24609375
7678.2412109375
7677.64013671875
7675.76953125
7672.9306640625
7670.5205078125
7669.537109375
7669.28662109375
7668.646484375
7667.17578125
7665.3271484375
7663.5947265625
7662.3125
7661.18505859375
7660.55810546875
7660.18359375
7659.84765625
7658.36962890625
7655.76171875
7652.40576171875
7649.8486328125
7648.4013671875
7648.251953125
7648.53369140625
7649.3251953125
7650.43994140625
7652.23193359375
7653.93359375
7654.6591796875
7653.3232421875
7650.037109375
7645.9345703125
7642.05810546875
7639.57861328125
7637.814453125
7636.8828125
7636.0947265625
7635.97607421875
7636.20361328125
7636.5185546875
7636.21875
7635.27587890625
7634.1513671875
7633.33544921875
7633.35498046875
7633.51220703125
7634.03173828125
7634.103515625
7634.560546875
7634.84033203125
7635.4853515625
7635.52783203125
7635.267578125
7634.02099609375
7632.302734375
7630.0693359375
7628.27294921875
7627.69775390625
7628.45263671875
7630.134765625
7631.33740234375
7631.4970703125
7629.7197265625
7627.65087890625
7626.1318359375
7626.9482421875
7629.22802734375
7632.7353515625
7636.3369140625
7640.03564453125
7642.916015625
7643.6083984375
7639.982421875
7632.80322265625
7625.587890625
7622.07958984375
7623.1787109375
7623.291015625
7624.255859375
7620.59375
7618.34765625
7616.4208984375
7618.69140625
7620.4423828125
7622.28125
7621.03515625
7618.6962890625
7615.357421875
7611.9345703125
7608.349609375
7604.6826171875
7601.4912109375
7599.4150390625
7598.60400390625
7598.5390625
7598.6279296875
7597.998046875
7596.90869140625
7595.3125
7593.7900390625
7592.373046875
7591.51806640625
7591.072265625
7591.1669921875
7591.3115234375
7591.5703125
7591.4111328125
7591.623046875
7591.76171875
7592.7216796875
7593.34423828125
7594.1630859375
7593.81787109375
7592.96484375
7590.9267578125
7589.05615234375
7587.3525390625
7586.5341796875
7585.9541015625
7585.6181640625
7584.89599609375
7584.3037109375
7583.97021484375
7584.869140625
7586.767578125
7589.6123046875
7593.13671875
7596.04833984375
7598.6650390625
7598.0859375
7595.70361328125
7590.796875
7586.10400390625
7582.3154296875
7581.3720703125
7582.396484375
7584.79052734375
7586.0576171875
7585.1591796875
7582.60986328125
7580.23046875
7579.34326171875
7580.32763671875
7582.244140625
7583.57177734375
7583.5625
7581.0966796875
7578.05029296875
7574.3935546875
7572.26123046875
7570.923828125
7570.708984375
7570.23291015625
7569.615234375
7568.56103515625
7567.70166015625
7567.146484375
7566.740234375
7566.681640625
7566.3359375
7566.31494140625
7565.7412109375
7565.2646484375
7564.5
7564.20703125
7545.37841796875
7549.9541015625
7554.6767578125
7541.18115234375
7550.84033203125
7545.7861328125
7541.5234375
7547.68994140625
7540.5771484375
7542.0830078125
7543.03857421875
7538.54248046875
7541.03076171875
7539.20263671875
7537.6875
7538.8369140625
7536.7900390625
7536.6982421875
7536.529296875
7535.2578125
7535.3134765625
7534.63671875
7533.984375
7533.78125
7533.13818359375
7532.7392578125
7532.45166015625
7532.40869140625
7532.375
7531.9609375
7531.1142578125
7530.68115234375
7530.4052734375
7529.560546875
7529.42041015625
7528.79296875
7528.314453125
7528.05615234375
7527.451171875
7527.14208984375
7526.7265625
7526.2529296875
7525.89208984375
7525.4736328125
7525.0107421875
7524.63623046875
7524.22509765625
7523.791015625
7523.40673828125
7522.98583984375
7522.5458984375
7522.1630859375
7521.734375
7521.30859375
7520.8984375
7520.47509765625
7520.046875
7519.6376953125
7519.203125
7518.77587890625
7518.3564453125
7517.916015625
7517.4873046875
7517.06005859375
7516.62255859375
7516.18896484375
7515.75244140625
7515.310546875
7514.8701171875
7514.42431640625
7513.96875
7513.5166015625
7513.0654296875
7512.5986328125
7512.13671875
7511.6708984375
7511.201171875
7510.72607421875
7510.244140625
7509.76025390625
7509.2607421875
7508.7626953125
7508.2529296875
7507.73779296875
7507.2177734375
7506.69873046875
7506.16552734375
7505.62939453125
7505.0810546875
7504.533203125
7503.97802734375
7503.41455078125
7502.84521484375
7502.2783203125
7501.7080078125
7501.1318359375
7500.556640625
7499.9892578125
7499.42041015625
7498.85205078125
7498.3056640625
7497.7646484375
7497.2509765625
7496.74072265625
7496.255859375
7495.78369140625
7495.33740234375
7494.89892578125
7494.4765625
7494.06689453125
7493.65966796875
7493.2666015625
7492.8798828125
7492.49072265625
7492.103515625
7491.724609375
7491.353515625
7490.974609375
7490.5986328125
7490.22119140625
7489.85205078125
7489.48095703125
7489.115234375
7488.74365234375
7488.380859375
7488.00341796875
7487.63427734375
7487.2685546875
7486.9033203125
7486.53271484375
7486.15869140625
7485.7841796875
7485.419921875
7485.037109375
7484.65869140625
7484.267578125
7483.8837890625
7483.4892578125
7483.09228515625
7482.685546875
7482.26708984375
7481.84375
7481.4072265625
7480.96435546875
7480.509765625
7480.0380859375
7479.56201171875
7479.09765625
7478.74609375
7478.75927734375
7480.3642578125
7485.00537109375
7500.5185546875
7495.630859375
7479.4501953125
7480.7705078125
7488.0986328125
7478.0849609375
7477.22265625
7481.77392578125
7475.18115234375
7476.66259765625
7479.55224609375
7473.7392578125
7475.2998046875
7473.857421875
7471.55322265625
7472.626953125
7469.7216796875
7470.2861328125
7469.5244140625
7467.892578125
7468.6513671875
7467.2666015625
7466.83203125
7467.53125
7468.7236328125
7472.77587890625
7479.921875
7475.4951171875
7464.9365234375
7469.1865234375
7476.5361328125
7466.86474609375
7471.7890625
7501.93603515625
7499.41845703125
7498.86376953125
7493.73193359375
7487.130859375
7479.56591796875
7488.4208984375
7512.255859375
7510.3662109375
7526.986328125
7517.5810546875
7514.455078125
7504.2861328125
7507.3369140625
7498.7958984375
7495.193359375
7488.115234375
7478.52734375
7471.59326171875
7476.0966796875
7478.38427734375
7472.12255859375
7471.27099609375
7468.04931640625
7464.578125
7463.0478515625
7461.7607421875
7459.73876953125
7456.63134765625
7457.2001953125
7453.7685546875
7454.90234375
7451.82470703125
7451.66943359375
7449.88525390625
7448.919921875
7448.01806640625
7446.2138671875
7445.994140625
7444.94921875
7443.9130859375
7443.3115234375
7442.51953125
7442.044921875
7440.6298828125
7440.2060546875
7439.31689453125
7438.8818359375
7438.3251953125
7437.49853515625
7436.9140625
7436.076171875
7435.736328125
7435.13916015625
7434.64453125
7434.0947265625
7433.55810546875
7433.0966796875
7432.61669921875
7432.2119140625
7431.849609375
7431.31640625
7430.96533203125
7430.51171875
7430.2109375
7429.8076171875
7429.4697265625
7429.083984375
7428.7080078125
7428.392578125
7428.03369140625
7427.70263671875
7427.36572265625
7427.0263671875
7426.68310546875
7426.34912109375
7426.0361328125
7425.69287109375
7425.365234375
7425.033203125
7424.70751953125
7424.3720703125
7424.0439453125
7423.716796875
7423.38232421875
7423.0537109375
7422.72265625
7422.4013671875
7422.068359375
7421.744140625
7421.416015625
7421.08154296875
7420.7626953125
7420.43212890625
7420.1025390625
7419.77294921875
7419.43798828125
7419.1103515625
7418.77734375
7418.4423828125
7418.11083984375
7417.7744140625
7417.4345703125
7417.09765625
7416.7587890625
7416.41796875
7416.0810546875
7415.73681640625
7415.390625
7415.0400390625
7414.6943359375
7414.34765625
7413.994140625
7413.6455078125
7413.2900390625
7412.9345703125
7412.57177734375
7412.2275390625
7411.9111328125
7411.68359375
7411.6376953125
7411.82763671875
7411.5107421875
7410.490234375
7409.638671875
7409.58154296875
7409.53955078125
7408.830078125
7408.185546875
7408.2626953125
7408.32958984375
7408.12060546875
7408.453125
7410.49462890625
7413.453125
7418.4072265625
7418.0302734375
7410.27783203125
7404.34765625
7407.90576171875
7410.59375
7405.861328125
7403.2001953125
7405.1513671875
7404.64990234375
7402.9423828125
7402.3916015625
7402.44775390625
7401.662109375
7400.0966796875
7399.7822265625
7399.6650390625
7398.4140625
7397.46630859375
7397.4482421875
7397.09521484375
7396.439453125
7396.009765625
7395.5107421875
7395.14599609375
7394.923828125
7394.30029296875
7393.7568359375
7393.6982421875
7393.3251953125
7392.7333984375
7392.5546875
7392.3544921875
7391.8837890625
7391.50390625
7391.23876953125
7390.95556640625
7390.587890625
7390.2158203125
7389.96484375
7389.71044921875
7389.3330078125
7389.02734375
7388.7880859375
7388.4658203125
7388.1357421875
7387.84375
7387.54736328125
7387.25244140625
7386.9501953125
7386.62744140625
7386.3447265625
7386.0712890625
7385.74658203125
7385.44091796875
7385.1728515625
7384.87890625
7384.572265625
7384.275390625
7383.990234375
7383.69921875
7383.40234375
7383.107421875
7382.82421875
7382.544921875
7382.25341796875
7381.9677734375
7381.6904296875
7381.41552734375
7381.13330078125
7380.857421875
7380.58984375
7380.3134765625
7380.04541015625
7379.76904296875
7379.5048828125
7379.23876953125
7378.9755859375
7378.71142578125
7378.4541015625
7378.1962890625
7377.935546875
7377.67578125
7377.4111328125
7377.16015625
7376.90234375
7376.6494140625
7376.38525390625
7376.138671875
7375.8828125
7375.62890625
7375.3916015625
7375.1552734375
7374.9384765625
7374.767578125
7374.65625
7374.67919921875
7374.3779296875
7373.927734375
7373.61328125
7373.45751953125
7373.19384765625
7373.0615234375
7372.85009765625
7372.56640625
7372.36474609375
7372.0693359375
7371.77783203125
7371.388671875
7371.07470703125
7370.76611328125
7370.5205078125
7370.271484375
7370.07177734375
7369.865234375
7369.65576171875
7369.42919921875
7369.1572265625
7368.890625
7368.62890625
7368.36572265625
7368.1162109375
7367.86767578125
7367.63818359375
7367.42333984375
7367.20654296875
7366.9873046875
7366.76904296875
7366.55078125
7366.3486328125
7366.1533203125
7365.9716796875
7365.8134765625
7365.646484375
7365.453125
7365.1806640625
7364.84765625
7364.5009765625
7364.1943359375
7363.96142578125
7363.78173828125
7363.619140625
7363.43798828125
7363.21728515625
7362.9716796875
7362.7412109375
7362.5703125
7362.501953125
7362.50927734375
7362.6455078125
7362.822265625
7363.107421875
7363.1689453125
7363.0380859375
7362.41748046875
7361.703125
7361.2587890625
7361.2744140625
7361.74609375
7362.150390625
7362.376953125
7361.82763671875
7360.96533203125
7359.9111328125
7359.16796875
7358.82666015625
7358.78466796875
7358.8720703125
7358.9541015625
7359.072265625
7359.15771484375
7359.30908203125
7359.4638671875
7359.7314453125
7359.861328125
7359.8984375
7359.65234375
7359.3271484375
7359.3486328125
7359.7802734375
7360.9619140625
7362.28515625
7363.9287109375
7364.5888671875
7365.05322265625
7363.62109375
7362.30810546875
7359.9775390625
7358.796875
7358.2353515625
7358.6904296875
7359.32177734375
7359.8876953125
7359.9462890625
7359.8017578125
7359.7109375
7359.990234375
7360.7724609375
7361.88134765625
7362.91357421875
7363.2744140625
7363.0126953125
7361.9365234375
7360.6083984375
7359.24365234375
7358.255859375
7357.81201171875
7357.99609375
7358.7841796875
7359.935546875
7361.1875
7362.16455078125
7362.69140625
7362.62646484375
7362.05517578125
7361.16259765625
7360.1533203125
7359.443359375
7359.1611328125
7359.5615234375
7360.171875
7360.7646484375
7360.43359375
7360.28369140625
7359.66357421875
7360.171875
7359.8935546875
7359.40966796875
7358.06396484375
7356.6962890625
7355.94970703125
7356.23095703125
7357.30517578125
7358.0244140625
7357.88818359375
7356.46142578125
7354.802734375
7353.65625
7353.5615234375
7354.16162109375
7354.6630859375
7354.529296875
7353.5966796875
7352.41259765625
7351.466796875
7351.1767578125
7351.40625
7352.0556640625
7352.6435546875
7353.18408203125
7353.29931640625
7353.5908203125
7353.6455078125
7354.31982421875
7354.43994140625
7354.6435546875
7353.650390625
7352.29541015625
7350.47509765625
7349.0771484375
7348.275390625
7348.12939453125
7348.314453125
7348.48828125
7348.44140625
7347.951171875
7347.3955078125
7346.78515625
7346.45068359375
7346.2958984375
7346.18994140625
7346.15576171875
7346.05029296875
7346.09619140625
7346.216796875
7346.544921875
7346.67919921875
7346.63671875
7346.009765625
7345.0791015625
7343.81884765625
7342.7041015625
7341.7685546875
7341.48828125
7341.7470703125
7342.9609375
7344.7783203125
7347.1416015625
7348.64013671875
7348.21484375
7345.09814453125
7341.6748046875
7340.5087890625
7342.52099609375
7345.63720703125
7347.53564453125
7347.24609375
7345.94970703125
7345.603515625
7346.6044921875
7348.1220703125
7349.26171875
7349.8369140625
7350.67041015625
7351.4462890625
7351.79736328125
7350.94873046875
7349.119140625
7346.82275390625
7344.71484375
7343.03662109375
7341.87890625
7340.95751953125
7340.10009765625
7338.97265625
7337.4541015625
7335.72705078125
7333.947265625
7332.5546875
7331.64990234375
7331.14501953125
7330.70263671875
7330.05224609375
7329.1142578125
7328.05908203125
7327.27294921875
7326.98095703125
7327.19189453125
7327.6318359375
7328.08203125
7328.3046875
7328.53564453125
7328.5966796875
7329.12109375
7329.2490234375
7330.09619140625
7330.203125
7331.107421875
7331.4677734375
7332.49609375
7332.953125
7333.5498046875
7333.29638671875
7332.8798828125
7331.9208984375
7331.408203125
7331.375
7332.39013671875
7334.091796875
7335.8310546875
7337.0166015625
7336.47705078125
7334.7880859375
7331.9541015625
7329.4833984375
7327.7001953125
7326.9248046875
7326.8017578125
7326.77197265625
7326.681640625
7326.2119140625
7325.90185546875
7325.7744140625
7326.20263671875
7326.830078125
7327.3984375
7327.263671875
7326.40478515625
7325.052734375
7324.11328125
7324.263671875
7325.431640625
7327.1484375
7328.4130859375
7328.67578125
7327.509765625
7325.27587890625
7322.79931640625
7321.01611328125
7320.2314453125
7320.20263671875
7320.3076171875
7320.24755859375
7320.05029296875
7319.9775390625
7320.38623046875
7321.029296875
7321.82568359375
7322.1298828125
7322.26806640625
7322.0615234375
7322.1650390625
7322.3935546875
7323.0
7323.46484375
7323.53271484375
7322.8974609375
7321.609375
7320.17822265625
7318.6220703125
7317.4462890625
7316.2353515625
7315.32177734375
7314.45703125
7313.7666015625
7313.080078125
7312.39892578125
7311.7470703125
7311.2822265625
7311.0556640625
7311.0654296875
7311.22705078125
7311.46630859375
7311.81640625
7312.17822265625
7312.689453125
7313.0322265625
7313.55859375
7313.7412109375
7314.275390625
7314.4482421875
7314.986328125
7315.1552734375
7315.42333984375
7315.259765625
7314.7490234375
7313.9638671875
7312.970703125
7312.36962890625
7311.9853515625
7312.10400390625
7312.1865234375
7312.330078125
7312.1025390625
7311.78564453125
7311.01611328125
7310.17626953125
7309.12646484375
7308.3271484375
7307.75439453125
7307.6337890625
7307.701171875
7307.97314453125
7308.21337890625
7308.5859375
7309.0439453125
7309.89013671875
7310.875
7312.3037109375
7313.3427734375
7314.3662109375
7314.4365234375
7314.2138671875
7313.521484375
7313.05712890625
7313.11865234375
7313.869140625
7315.171875
7316.49853515625
7317.388671875
7317.4677734375
7316.857421875
7315.9716796875
7315.0048828125
7314.3994140625
7313.8115234375
7313.751953125
7313.7666015625
7314.48974609375
7315.46484375
7316.5458984375
7316.8662109375
7315.91650390625
7313.97412109375
7311.83056640625
7310.46630859375
7310.1123046875
7310.5478515625
7311.05615234375
7311.2177734375
7310.9638671875
7310.71875
7310.73779296875
7311.2236328125
7311.98193359375
7312.92578125
7313.5361328125
7313.71533203125
7312.9775390625
7311.73974609375
7310.1005859375
7308.76220703125
7307.6650390625
7307.03955078125
7306.671875
7306.380859375
7305.79296875
7304.625
7303.01318359375
7301.1298828125
7299.5068359375
7298.38916015625
7297.939453125
7297.98388671875
7298.1591796875
7298.169921875
7297.9306640625
7297.62060546875
7297.4638671875
7297.63623046875
7298.037109375
7298.693359375
7299.42431640625
7300.45654296875
7301.3681640625
7302.404296875
7303.0009765625
7303.67919921875
7304.05810546875
7304.658203125
7305.1533203125
7305.767578125
7306.1669921875
7306.412109375
7306.2958984375
7305.888671875
7305.17333984375
7304.3564453125
7303.63232421875
7303.4326171875
7303.81640625
7304.9560546875
7306.560546875
7308.474609375
7310.609375
7312.51953125
7314.068359375
7314.40234375
7313.83251953125
7312.373046875
7310.99267578125
7309.85400390625
7309.12109375
7308.25537109375
7306.95947265625
7304.935546875
7302.62646484375
7300.435546875
7298.96240234375
7297.97021484375
7297.24169921875
7296.1357421875
7294.7822265625
7293.330078125
7292.341796875
7291.91796875
7292.001953125
7292.2568359375
7292.384765625
7292.30810546875
7292.029296875
7291.7294921875
7291.40234375
7291.09228515625
7290.7470703125
7290.451171875
7290.1923828125
7290.0029296875
7289.84228515625
7289.703125
7289.6083984375
7289.5771484375
7289.60302734375
7289.7021484375
7289.86767578125
7290.15185546875
7290.5068359375
7291.064453125
7291.81982421875
7292.87890625
7294.0048828125
7295.06689453125
7295.4072265625
7295.2646484375
7294.3671875
7293.80810546875
7293.53466796875
7294.3662109375
7295.4697265625
7297.07666015625
7298.2041015625
7299.0654296875
7299.24951171875
7298.9833984375
7298.203125
7297.21728515625
7296.333984375
7296.1748046875
7296.8662109375
7298.51025390625
7300.4287109375
7302.234375
7303.1083984375
7303.421875
7303.14599609375
7303.15283203125
7303.4736328125
7303.8251953125
7303.87109375
7302.7666015625
7301.142578125
7298.826171875
7297.228515625
7295.9423828125
7295.6982421875
7295.20556640625
7294.7060546875
7293.1748046875
7291.341796875
7289.33642578125
7287.896484375
7287.2568359375
7287.3935546875
7288.3076171875
7289.70751953125
7291.34130859375
7292.365234375
7291.9326171875
7290.0126953125
7287.748046875
7286.2255859375
7285.58740234375
7285.01171875
7283.9287109375
7282.55859375
7281.798828125
7281.98046875
7282.4970703125
7282.4697265625
7281.658203125
7280.7041015625
7280.236328125
7280.35107421875
7280.48583984375
7280.39404296875
7280.076171875
7280.0078125
7280.1982421875
7280.51171875
7280.8017578125
7281.2001953125
7282.0361328125
7283.31396484375
7284.99609375
7286.71484375
7288.76708984375
7290.7607421875
7293.24267578125
7295.212890625
7297.462890625
7298.93310546875
7300.7734375
7302.15869140625
7303.498046875
7303.9169921875
7303.216796875
7301.34765625
7298.69580078125
7295.9169921875
7293.30859375
7291.0498046875
7289.0302734375
7287.19140625
7285.767578125
7284.76123046875
7284.49169921875
7284.37109375
7284.3076171875
7283.7841796875
