15428.9921875
15411.2734375
15396.5537109375
15384.19140625
15373.53125
15363.998046875
15355.2890625
15347.30078125
15340.029296875
15333.423828125
15327.47265625
15322.142578125
15317.3671875
15313.0908203125
15309.240234375
15305.74609375
15302.541015625
15299.56640625
15296.78125
15294.1396484375
15291.619140625
15289.216796875
15286.9150390625
15284.712890625
15282.59765625
15280.5810546875
15278.6484375
15276.7978515625
15275.025390625
15273.330078125
15271.6982421875
15270.125
15268.6171875
15267.162109375
15265.76953125
15264.42578125
15263.138671875
15261.908203125
15260.724609375
15259.591796875
15258.498046875
15257.443359375
15256.4296875
15255.4501953125
15254.5
15253.57421875
15252.673828125
15251.7958984375
15250.9375
15250.099609375
15249.2890625
15248.4921875
15247.71484375
15246.951171875
15246.205078125
15245.4775390625
15244.7646484375
15244.0625
15243.37890625
15242.70703125
15242.05078125
15241.4033203125
15240.775390625
15240.154296875
15239.546875
15238.9482421875
15238.359375
15237.78515625
15237.21875
15236.6611328125
15236.1123046875
15235.5751953125
15235.0419921875
15234.5224609375
15234.0078125
15233.501953125
15233.0048828125
15232.513671875
15232.029296875
15231.552734375
15231.08203125
15230.6181640625
15230.1630859375
15229.7109375
15229.2685546875
15228.830078125
15228.3974609375
15227.97265625
15227.5498046875
15227.134765625
15226.724609375
15226.318359375
15225.921875
15225.52734375
15225.1376953125
15224.75390625
15224.3740234375
15223.998046875
15223.62890625
15223.263671875
15222.9033203125
15222.546875
15222.193359375
15221.845703125
15221.5029296875
15221.1640625
15220.8251953125
15220.4970703125
15220.171875
15219.84765625
15219.52734375
15219.2119140625
15218.900390625
15218.5927734375
15218.287109375
15217.986328125
15217.6875
15217.390625
15217.099609375
15216.8095703125
15216.52734375
15216.244140625
15215.96875
15215.6923828125
15215.4208984375
15215.1484375
15214.8837890625
15214.6201171875
15214.359375
15214.1025390625
15213.84765625
15213.59375
15213.34765625
15213.1005859375
15212.857421875
15212.6171875
15212.37890625
15212.1416015625
15211.91015625
15211.677734375
15211.4482421875
15211.2236328125
15211.0
15210.779296875
15210.5595703125
15210.34375
15210.1298828125
15209.9130859375
15209.7041015625
15209.4970703125
15209.291015625
15209.087890625
15208.884765625
15208.685546875
15208.486328125
15208.29296875
15208.0966796875
15207.90625
15207.7158203125
15207.52734375
15207.337890625
15207.154296875
15206.9716796875
15206.791015625
15206.611328125
15206.4345703125
15206.259765625
15206.0849609375
15205.91015625
15205.73828125
15205.5703125
15205.4033203125
15205.234375
15205.0703125
15204.90625
15204.7412109375
15204.580078125
15204.423828125
15204.2626953125
15204.109375
15203.951171875
15203.798828125
15203.646484375
15203.4970703125
15203.345703125
15203.1953125
15203.046875
15202.8994140625
15202.755859375
15202.611328125
15202.46875
15202.3271484375
15202.185546875
15202.048828125
15201.91015625
15201.771484375
15201.634765625
15201.5
15201.3662109375
15201.232421875
276502368.0
165228.578125
415437.25
93633.015625
85456.015625
78117.0859375
84685.390625
170754.859375
108212.8984375
91938.5625
95276.953125
101145.3828125
104490.3046875
97005.625
89436.3046875
85324.5625
82972.0625
81577.09375
80605.234375
79685.8046875
78709.375
77743.0859375
76839.0625
75992.0546875
75162.46875
74282.984375
73351.6015625
72416.4296875
71502.0625
70600.1796875
69688.40625
68761.2265625
67839.5078125
66932.46875
66050.875
65216.1015625
64437.046875
63711.109375
63025.703125
62367.98828125
61727.59765625
61094.984375
60468.68359375
59851.3359375
59251.3125
58669.35546875
58106.91015625
57556.375
57010.234375
56479.17578125
55967.6640625
55470.03125
54984.94140625
54510.23046875
54045.42578125
53590.9921875
53147.1484375
52714.46484375
52293.5234375
51882.30859375
51479.3515625
51088.13671875
50709.30078125
50343.03125
49989.5234375
49647.3203125
49313.765625
48989.14453125
48670.8515625
48359.25390625
48054.8359375
47755.9453125
47463.34375
47177.6484375
46897.3046875
46622.73828125
46354.27734375
46090.734375
45832.4296875
45579.1171875
45330.01171875
45085.17578125
44845.03125
44608.64453125
44376.7890625
44148.77734375
43924.5859375
43703.78125
43486.56640625
43272.41015625
43060.5234375
42852.3125
42646.94140625
42444.43359375
42245.1484375
42048.81640625
41855.04296875
41663.66015625
41476.51953125
41287.4453125
41104.640625
40928.04296875
40745.56640625
40583.98828125
40434.9375
40292.9453125
40120.4609375
39938.75
39761.046875
39588.7890625
39444.48828125
39258.2265625
39114.73046875
38959.87890625
38791.16015625
38627.26171875
38512.96484375
38368.90625
38259.3671875
38138.1953125
37995.6015625
37848.890625
37714.78125
37581.66796875
37427.015625
37277.71484375
37133.99609375
36996.11328125
36834.62890625
36712.296875
36569.66015625
36406.9609375
36334.9140625
36210.0703125
36143.60546875
36057.578125
35933.1328125
35796.5859375
35662.05078125
35537.6875
35416.7890625
35289.8125
35152.6484375
35018.45703125
34896.7109375
34776.8671875
34653.03125
34529.08984375
34409.5078125
34292.98046875
34177.640625
34061.79296875
33949.3828125
33838.57421875
33727.25
33616.24609375
33507.29296875
33400.49609375
33295.8671875
33192.0859375
33088.9375
32987.7109375
32888.15625
32789.578125
32692.177734375
32595.23828125
32498.791015625
32404.54296875
32311.91015625
32220.076171875
32128.654296875
32037.232421875
31947.125
31858.220703125
31769.703125
31682.62109375
31596.75390625
31512.359375
31429.890625
31348.26953125
31266.1171875
31184.8046875
31104.056640625
31023.8203125
30944.501953125
30866.17578125
30788.033203125
30710.435546875
30633.369140625
30557.0078125
30481.17578125
30406.294921875
30331.85546875
30257.96484375
30184.169921875
30110.8828125
30038.21875
29965.890625
29894.3125
29823.029296875
29752.3046875
29681.884765625
29611.91796875
29542.279296875
29473.203125
29404.515625
29336.208984375
29268.14453125
29200.6328125
29133.419921875
29066.48828125
29000.2734375
28934.578125
28869.12890625
28804.36328125
28739.8515625
28675.982421875
28612.3046875
28549.240234375
28486.638671875
28424.3515625
28362.38671875
28300.9609375
28239.82421875
28178.9765625
28118.64453125
28058.556640625
27999.0703125
27939.578125
27880.591796875
27821.931640625
27763.580078125
27705.1640625
27647.31640625
27589.654296875
27532.666015625
27476.064453125
27419.72265625
27363.69921875
27308.490234375
27253.67578125
27199.388671875
27145.55859375
27092.076171875
27037.6171875
26983.4609375
26930.41015625
26878.314453125
26826.34765625
26774.08984375
26722.291015625
26672.05859375
26626.30078125
26575.6796875
26535.28125
26479.8203125
26432.98828125
26377.546875
26332.556640625
26299.25390625
26310.32421875
26285.392578125
26212.46875
26170.841796875
26119.078125
26068.732421875
26023.05859375
25974.248046875
25912.9765625
25859.173828125
25821.4609375
25765.50390625
25718.302734375
25677.935546875
25634.4765625
25583.45703125
25535.1796875
25493.248046875
25448.36328125
25402.7421875
25359.859375
25315.72265625
25272.12109375
25228.228515625
25184.87109375
25142.091796875
25100.58203125
25060.0546875
25018.62109375
24975.6171875
24933.69921875
24892.296875
24851.623046875
24809.181640625
24764.9609375
24722.37890625
24681.265625
24640.40625
24603.8671875
24563.28125
24523.77734375
24484.3671875
24446.08984375
24405.75390625
24367.296875
24328.474609375
24292.0546875
24254.20703125
24216.53515625
24178.09765625
24142.125
24105.064453125
24068.296875
24031.638671875
23995.587890625
23959.0
23922.513671875
23886.375
23850.451171875
23815.0078125
23778.83203125
23742.7890625
23706.40625
23671.13671875
23635.79296875
23601.91796875
23567.42578125
23533.3671875
23499.259765625
23465.75390625
23432.080078125
23398.7890625
23365.173828125
23332.12890625
23299.99609375
23268.109375
23236.208984375
23204.314453125
23172.701171875
23140.72265625
23108.09375
23075.880859375
23044.57421875
23013.95703125
22983.587890625
22952.509765625
22921.5078125
22891.189453125
22861.521484375
22831.94921875
22802.263671875
22772.98046875
22743.654296875
22714.294921875
22684.12890625
22653.96484375
22624.77734375
22596.421875
22567.99609375
22539.103515625
22510.04296875
22481.42578125
22453.5
22425.53125
22397.203125
22369.12109375
22341.84765625
22314.859375
22287.7421875
22261.22265625
22234.400390625
22207.236328125
22178.28515625
22149.19140625
22121.6015625
22095.51171875
22069.0859375
22040.857421875
22012.24609375
21984.63671875
21957.69140625
21929.724609375
21900.904296875
21872.1875
21844.4765625
21816.830078125
21788.68359375
21760.06640625
21731.763671875
21703.90234375
21675.880859375
21647.927734375
21620.55078125
21593.673828125
21567.25
21541.0703125
21514.890625
21489.001953125
21463.591796875
21438.2265625
21413.08984375
21388.271484375
21363.556640625
21338.5546875
21313.80859375
21289.515625
21265.73828125
21242.484375
21219.2890625
21196.1171875
21173.271484375
21150.775390625
21128.69140625
21107.111328125
21085.119140625
21062.158203125
21037.1171875
21013.71484375
20992.896484375
20972.5078125
20950.041015625
20926.05078125
20904.095703125
20883.962890625
20862.59375
20839.919921875
20818.060546875
20797.52734375
20776.44140625
20754.28515625
20732.90625
20712.82421875
20692.810546875
20673.021484375
20652.900390625
20634.640625
20614.36328125
20592.384765625
20568.69921875
20547.15625
20528.09375
20509.3984375
20489.5234375
20468.390625
20447.96875
20427.884765625
20409.560546875
20388.96484375
20367.6171875
20345.95703125
20325.1953125
20306.18359375
20288.580078125
20271.8984375
20254.140625
20236.3515625
20214.921875
20194.484375
20176.1796875
20159.671875
20142.36328125
20122.6796875
20102.87890625
20084.58203125
20068.873046875
20051.26953125
20034.3046875
20017.732421875
20001.34375
19982.625
19964.041015625
19948.25
19932.36328125
19914.75390625
19893.67578125
19874.828125
19859.6640625
19843.71875
19827.2265625
19810.203125
19794.765625
19775.95703125
19758.7109375
19743.98046875
19727.8515625
19712.17578125
19692.6796875
19679.87890625
19678.91796875
19656.6484375
19653.78125
19688.62109375
19691.91796875
19678.5859375
19657.83203125
19634.302734375
19605.369140625
19599.60546875
19636.578125
19570.857421875
19582.490234375
19510.453125
19558.8203125
19538.169921875
19642.009765625
19591.572265625
19575.09375
19527.93359375
19527.896484375
19515.09375
19483.6015625
19473.431640625
19433.2734375
19417.3828125
19390.24609375
19357.25390625
19341.26171875
19316.580078125
19292.67578125
19271.4921875
19243.06640625
19220.25390625
19201.12890625
19182.220703125
19159.60546875
19141.283203125
19123.68359375
19107.21484375
19092.55078125
19079.173828125
19059.396484375
19043.658203125
19028.22265625
19014.171875
19000.228515625
18983.8046875
18968.048828125
18953.5390625
18937.369140625
18923.708984375
18910.90625
18898.08203125
18884.701171875
18869.107421875
18855.08203125
18842.55859375
18830.654296875
18818.00390625
18804.705078125
18790.75
18776.734375
18762.423828125
18748.9765625
18736.306640625
18724.015625
18711.65234375
18700.158203125
18689.60546875
18679.642578125
18668.662109375
18656.16015625
18642.75
18629.375
18616.740234375
18604.7734375
18592.64453125
18578.984375
18564.3203125
18549.673828125
18536.6328125
18525.57421875
18515.171875
18503.830078125
18490.837890625
18477.2265625
18464.244140625
18452.53125
18441.537109375
18430.728515625
18419.640625
18408.412109375
18397.095703125
18385.66796875
18373.70703125
18361.10546875
18348.3046875
18336.314453125
18325.453125
18315.177734375
18304.3671875
18292.439453125
18279.884765625
18267.701171875
18256.623046875
18246.31640625
18236.015625
18224.765625
18213.05078125
18201.328125
18190.357421875
18179.5703125
18168.939453125
18157.822265625
18146.70703125
18135.80078125
18125.052734375
18114.55078125
18104.359375
18094.37890625
18084.3359375
18073.361328125
18061.51953125
18049.234375
18037.53125
18026.869140625
18017.087890625
18007.8828125
17998.30078125
17988.59375
17978.46484375
17967.62109375
17955.828125
17943.28515625
17931.46484375
17920.484375
17910.669921875
17900.94140625
17890.458984375
17879.328125
17868.60546875
17858.984375
17850.04296875
17841.0703125
17831.611328125
17821.9609375
17813.107421875
17804.419921875
17795.9296875
17786.8203125
17777.31640625
17767.271484375
17756.36328125
17745.015625
17733.419921875
17722.57421875
17712.71484375
17703.482421875
17694.12109375
17683.794921875
17672.978515625
17662.185546875
17652.0234375
17642.50390625
17632.798828125
17623.083984375
17612.9765625
17603.0390625
17593.18359375
17583.64453125
17574.36328125
17565.828125
17558.1484375
17551.06640625
17543.78125
17535.25390625
17526.06640625
17516.16796875
17505.984375
17494.640625
17482.3671875
17470.43359375
17459.765625
17451.107421875
17442.150390625
17432.86328125
17421.85546875
17412.3671875
17404.37890625
17397.1171875
17390.23828125
17377.892578125
17366.82421875
17362.47265625
17353.01171875
17342.849609375
17335.859375
17325.32421875
17318.04296875
17306.67578125
17300.6953125
17305.7734375
17298.748046875
17285.5078125
17273.443359375
17273.552734375
17292.638671875
17314.7109375
17308.34765625
17290.7421875
17279.375
17269.46875
17256.76953125
17245.056640625
17230.052734375
17221.044921875
17209.466796875
17195.3203125
17179.8828125
17159.94140625
17164.8359375
17205.20703125
17327.546875
17340.232421875
17276.3984375
17277.1875
17269.2421875
17226.8359375
17217.1015625
17212.40234375
17193.59375
17156.6015625
17148.853515625
17132.884765625
17109.453125
17101.08984375
17086.666015625
17073.7265625
17051.544921875
17049.46875
17042.505859375
17027.6015625
17016.83203125
17011.4296875
16999.47265625
16982.58203125
16971.93359375
16960.294921875
16951.3515625
16943.072265625
16935.572265625
16925.35546875
16912.171875
16903.57421875
16896.56640625
16887.51171875
16876.76171875
16867.009765625
16856.775390625
16848.875
16840.6328125
16831.564453125
16821.65234375
16813.521484375
16806.58984375
16799.869140625
16793.111328125
16786.42578125
16780.115234375
16771.962890625
16761.640625
16750.888671875
16741.458984375
16733.3203125
16725.15234375
16716.88671875
16709.458984375
16702.91015625
16695.44140625
16686.921875
16678.205078125
16670.2734375
16663.453125
16657.20703125
16651.427734375
16644.91015625
16637.59375
16628.39453125
16617.96875
16607.578125
16599.09375
16592.392578125
16586.076171875
16578.69921875
16570.18359375
16561.255859375
16552.39453125
16544.048828125
16536.70703125
16529.65234375
16522.6328125
16514.90234375
16507.0625
16499.484375
16492.244140625
16485.37109375
16478.2890625
16470.71875
16462.716796875
16454.921875
16447.32421875
16440.21484375
16433.861328125
16428.19921875
16423.8671875
16419.939453125
16417.10546875
16410.77734375
16400.890625
16387.078125
16373.1884765625
16361.830078125
16354.3984375
16349.6611328125
16344.7294921875
16338.0419921875
16328.0546875
16317.474609375
16308.625
16302.685546875
16298.662109375
16294.21875
16288.4208984375
16281.53515625
16274.6865234375
16268.052734375
16261.015625
16253.640625
16246.7607421875
16239.45703125
16231.388671875
16221.46875
16211.146484375
16202.478515625
16196.84765625
16192.4091796875
16186.970703125
16180.0380859375
16172.8125
16167.0478515625
16161.916015625
16155.2109375
16146.068359375
16135.5009765625
16125.537109375
16117.640625
16110.9345703125
16104.6962890625
16097.931640625
16090.9541015625
16083.3544921875
16075.447265625
16067.287109375
16059.7265625
16052.7109375
16046.1611328125
16039.4375
16032.353515625
16024.9794921875
16017.7548828125
16011.0380859375
16004.873046875
15998.8994140625
15993.166015625
15987.263671875
15981.232421875
15974.6708984375
15967.9326171875
15961.341796875
15955.6640625
15950.5322265625
15945.3125
15939.421875
15932.6767578125
15925.59765625
15918.669921875
15912.46875
15905.9609375
15899.0341796875
15891.263671875
15883.84765625
15877.1201171875
15871.21484375
15865.4609375
15859.4658203125
15853.41796875
15847.6015625
15842.900390625
15839.353515625
15836.7060546875
15834.525390625
15831.1767578125
15825.3955078125
15816.3203125
15805.525390625
15795.3525390625
15787.36328125
15780.98828125
15774.208984375
15766.2314453125
15758.05078125
15751.2490234375
15746.3544921875
15742.521484375
15738.275390625
15731.8935546875
15723.4970703125
15712.93359375
15701.369140625
15690.349609375
15681.36328125
15675.1025390625
15670.4892578125
15666.064453125
15660.291015625
15653.08203125
15645.69921875
15639.3642578125
15634.6396484375
15631.1689453125
15627.875
15623.8447265625
15617.2275390625
15608.53125
15598.7119140625
15590.177734375
15584.1484375
15580.0166015625
15576.15234375
15570.671875
15563.271484375
15554.99609375
15548.076171875
15543.1083984375
15539.6123046875
15536.5478515625
15532.9072265625
15529.154296875
15525.82421875
15523.283203125
15519.82421875
15514.2392578125
15506.005859375
15496.900390625
15488.974609375
15483.650390625
15480.931640625
15478.6953125
15475.568359375
15469.6025390625
15461.2177734375
15451.5517578125
15441.8388671875
15433.0419921875
15425.056640625
15418.0068359375
15411.6103515625
15405.6826171875
15400.4267578125
15395.552734375
15390.33203125
15384.43359375
15377.51953125
15369.84765625
15362.0126953125
15354.7265625
15348.435546875
15343.759765625
15341.2060546875
15340.8466796875
15342.212890625
15342.802734375
15340.361328125
15332.0849609375
15320.091796875
15306.626953125
15294.9375
15286.7734375
15281.30859375
15275.68359375
15268.013671875
15259.939453125
15252.93359375
15246.7802734375
15240.55859375
15234.345703125
15228.591796875
15223.31640625
15218.25390625
15213.203125
15207.5048828125
15201.4677734375
15195.6767578125
15190.56640625
15185.8779296875
15181.08984375
15175.783203125
15170.3046875
15164.845703125
15159.576171875
15154.4052734375
15149.087890625
15130.876953125
15131.36328125
15130.75390625
15117.1708984375
15121.3369140625
15113.021484375
15107.224609375
15107.8212890625
15098.544921875
15097.2138671875
15093.203125
15086.8134765625
15085.4326171875
15079.607421875
15075.974609375
15072.7255859375
15067.5751953125
15064.626953125
15060.134765625
15056.2646484375
15052.5859375
15048.318359375
15044.802734375
15040.564453125
15036.798828125
15033.10546875
15028.890625
15025.412109375
15021.3173828125
15017.404296875
15013.869140625
15009.6953125
15006.1083984375
15002.1943359375
14998.2431640625
14994.6572265625
14990.6494140625
14986.8740234375
14983.1552734375
14979.25
14975.607421875
14971.7802734375
14967.904296875
14964.23046875
14960.36328125
14956.62890625
14952.810546875
14948.978515625
14945.255859375
14941.5302734375
14937.7177734375
14933.98046875
14930.162109375
14926.4482421875
14922.625
14918.8671875
14915.130859375
14911.458984375
14907.68359375
14903.90625
14900.1611328125
14896.419921875
14892.697265625
14888.9111328125
14885.1787109375
14881.4765625
14877.6953125
14874.0341796875
14870.2978515625
14866.5458984375
14862.814453125
14859.0703125
14855.4130859375
14851.654296875
14847.9443359375
14844.236328125
14840.49609375
14836.849609375
14833.1650390625
14829.41796875
14825.7509765625
14822.0341796875
14818.375
14814.65625
14810.9365234375
14807.193359375
14803.607421875
14799.8828125
14796.234375
14792.6025390625
14788.8486328125
14785.2275390625
14781.572265625
14777.9111328125
14774.14453125
14770.53515625
14766.857421875
14763.193359375
14759.517578125
14755.8564453125
14752.2607421875
14748.5888671875
14744.99609375
14741.2607421875
14737.59765625
14733.947265625
14730.3662109375
14726.7265625
14723.140625
14719.46875
14715.8232421875
14712.19140625
14708.5830078125
14704.8994140625
14701.2802734375
14697.6982421875
14694.08203125
14690.4072265625
14686.80859375
14683.25390625
14679.5546875
14676.0146484375
14672.40234375
14668.728515625
14665.138671875
14661.5537109375
14657.888671875
14654.3291015625
14650.697265625
14647.0537109375
14644.3017578125
14641.4130859375
14637.06640625
14633.8759765625
14630.306640625
14626.697265625
14623.1376953125
14619.517578125
14615.96484375
14612.3203125
14608.78515625
14605.1943359375
14601.5732421875
14598.0546875
14594.3984375
14590.75390625
14587.1640625
14583.58203125
14579.9560546875
14576.3154296875
14572.630859375
14569.029296875
14565.4375
14561.8515625
14558.1923828125
14554.568359375
14550.95703125
14547.283203125
14543.7275390625
14540.0859375
14536.412109375
14532.8818359375
14529.19140625
14525.5791015625
14521.9765625
14518.326171875
14514.671875
14511.078125
14507.4189453125
14503.7529296875
14500.1181640625
14496.525390625
14492.853515625
14489.1962890625
14485.55859375
14481.9775390625
14478.3173828125
14474.64453125
14470.986328125
14467.376953125
14463.7265625
14460.123046875
14456.455078125
14452.8232421875
14449.181640625
14445.5498046875
14441.9296875
14438.3046875
14434.6455078125
14431.046875
14427.4013671875
14423.771484375
14420.1708984375
14416.408203125
14412.89453125
14409.259765625
14405.61328125
14401.94921875
14398.2919921875
14394.681640625
14391.119140625
14387.462890625
14383.76953125
14380.173828125
14376.513671875
14372.85546875
14369.2685546875
14365.591796875
14361.9365234375
14358.3505859375
14354.6494140625
14351.013671875
14347.3330078125
14343.62109375
14340.033203125
14336.29296875
14332.7451171875
14333.701171875
14328.830078125
14322.7744140625
14318.6591796875
14314.0771484375
14309.572265625
14305.119140625
14300.69921875
14296.2734375
14291.9580078125
14287.5966796875
14283.2568359375
14278.92578125
14274.6416015625
14270.37109375
14266.0869140625
14261.7412109375
14257.4775390625
14253.203125
14248.8720703125
14244.5634765625
14240.2431640625
14235.9619140625
14231.60546875
14227.2890625
14223.0107421875
14218.68359375
14214.33203125
14210.037109375
14205.6533203125
14201.2919921875
14196.97265625
14192.630859375
14188.3369140625
14183.9755859375
14179.6806640625
14175.376953125
14171.111328125
14166.873046875
14162.87109375
14159.361328125
14157.2333984375
14158.173828125
14163.923828125
14170.283203125
14157.8427734375
14135.29296875
14135.2265625
14139.47265625
14124.59765625
14118.765625
14121.55859375
14111.123046875
14106.8505859375
14105.02734375
14096.21484375
14093.19921875
14089.181640625
14082.267578125
14080.2236328125
14075.013671875
14069.3515625
14066.2685546875
14060.296875
14055.595703125
14051.8046875
14046.185546875
14042.134765625
14037.794921875
14032.3046875
14028.1044921875
14023.25
14017.9091796875
14013.921875
14008.8212890625
14004.12890625
13999.943359375
13994.73046875
13990.4150390625
13985.900390625
13981.013671875
13976.96484375
13972.482421875
13968.080078125
13964.052734375
13959.60546875
13955.501953125
13951.341796875
13947.0390625
13942.9169921875
13938.7158203125
13934.234375
13929.39453125
13923.3642578125
13914.7734375
13901.51953125
13883.7900390625
13866.36328125
13853.5625
13846.7744140625
13846.9638671875
13847.185546875
13845.0859375
13840.3046875
13832.392578125
13822.892578125
13815.392578125
13810.814453125
13807.6572265625
13805.482421875
13802.330078125
13798.0244140625
13792.9130859375
13787.1376953125
13781.625
13777.505859375
13773.9541015625
13769.970703125
13765.927734375
13761.69921875
13757.5
13753.19140625
13748.62890625
13744.44921875
13740.537109375
13736.5400390625
13732.55078125
13728.642578125
13724.6083984375
13720.5869140625
13716.44140625
13712.4794921875
13708.541015625
13704.599609375
13700.6494140625
13696.8212890625
13692.919921875
13688.888671875
13684.876953125
13680.9169921875
13677.029296875
13673.244140625
13669.404296875
13665.697265625
13662.1162109375
13658.654296875
13655.6005859375
13653.3818359375
13651.69140625
13647.806640625
13640.1171875
13634.6591796875
13632.865234375
13628.4462890625
13623.1484375
13620.9921875
13616.5146484375
13610.77734375
13607.46484375
13603.1728515625
13598.2509765625
13595.1953125
13590.693359375
13585.8671875
13582.294921875
13577.7421875
13573.38671875
13569.9990234375
13565.6533203125
13561.37109375
13557.681640625
13553.283203125
13549.3984375
13545.8046875
13541.6865234375
13537.763671875
13534.083984375
13530.103515625
13526.201171875
13522.630859375
13518.859375
13515.09765625
13511.5595703125
13507.8349609375
13504.251953125
13500.8203125
13497.23046875
13493.83203125
13490.5419921875
13487.193359375
13483.8369140625
13480.5625
13477.271484375
13474.1669921875
13471.423828125
13468.673828125
13465.0009765625
13460.302734375
13454.9521484375
13450.4912109375
13447.4462890625
13444.80078125
13441.626953125
13437.654296875
13433.46484375
13429.861328125
13427.154296875
13424.5341796875
13421.1962890625
13417.1484375
13412.484375
13407.8984375
13403.728515625
13400.1318359375
13397.0166015625
13394.21875
13391.623046875
13388.759765625
13384.685546875
13379.5126953125
13373.71875
13369.052734375
13365.2890625
13362.091796875
13358.52734375
13354.59375
13350.31640625
13346.287109375
13342.7470703125
13339.5234375
13336.298828125
13332.5419921875
13328.50390625
13324.7060546875
13321.4140625
13318.3232421875
13315.158203125
13311.8447265625
13308.3408203125
13304.974609375
13301.693359375
13298.4384765625
13295.244140625
13292.087890625
13289.091796875
13286.138671875
13283.48046875
13280.9423828125
13278.427734375
13275.703125
13272.94921875
13270.783203125
13269.814453125
13268.904296875
13266.4384765625
13259.103515625
13251.6513671875
13248.033203125
13247.34375
13245.31640625
13239.9541015625
13234.7763671875
13232.4140625
13231.14453125
13228.5830078125
13225.099609375
13222.7236328125
13220.65234375
13217.0625
13211.5146484375
13206.1884765625
13202.892578125
13200.955078125
13198.6328125
13194.931640625
13190.8828125
13187.68359375
13185.107421875
13182.0263671875
13178.25
13174.6923828125
13171.767578125
13168.9990234375
13166.197265625
13163.236328125
13160.306640625
13157.4384765625
13154.67578125
13151.8125
13148.671875
13145.3232421875
13142.1171875
13139.2490234375
13136.6865234375
13134.037109375
13131.5185546875
13128.849609375
13126.271484375
13123.9013671875
13121.77734375
13119.818359375
13117.6484375
13115.4775390625
13112.935546875
13110.587890625
13108.44921875
13106.8662109375
13105.8515625
13104.810546875
13103.12109375
13099.998046875
13095.4853515625
13089.7451171875
13084.5625
13081.068359375
13079.2861328125
13078.56640625
13077.220703125
13074.611328125
13070.19921875
13064.80078125
13059.19140625
13054.1083984375
13049.998046875
13046.658203125
13043.91015625
13041.1181640625
13038.1201171875
13034.61328125
13030.96484375
13027.564453125
13024.7138671875
13022.501953125
13020.650390625
13018.6279296875
13016.4560546875
13013.791015625
13011.1337890625
13008.0654296875
13004.978515625
13001.3134765625
12997.4697265625
12993.103515625
12987.9580078125
12982.423828125
12977.73046875
12974.279296875
12971.451171875
12968.302734375
12964.2421875
12959.81640625
12955.60546875
12952.099609375
12949.197265625
12946.2607421875
12943.03515625
12939.537109375
12936.248046875
12933.3251953125
12930.7646484375
12927.798828125
12924.4599609375
12920.6494140625
12917.138671875
12913.5380859375
12910.158203125
12906.5234375
12902.966796875
12899.244140625
12895.943359375
12892.595703125
12889.216796875
12885.4296875
12881.3310546875
12877.0625
12872.8857421875
12869.23828125
12866.24609375
12863.9921875
12862.111328125
12860.73046875
12859.5673828125
12858.154296875
12854.8642578125
12850.2294921875
12846.603515625
12844.046875
12840.814453125
12837.56640625
12834.2900390625
12829.990234375
12824.736328125
12820.0341796875
12815.6953125
12812.0634765625
12809.7421875
12807.337890625
12804.4931640625
12801.7451171875
12798.4658203125
12794.5703125
12791.173828125
12788.267578125
12785.3076171875
12782.7939453125
12780.3544921875
12777.3623046875
12774.44140625
12771.771484375
12769.0458984375
12766.5517578125
12764.259765625
12762.33203125
12760.232421875
12758.31640625
12756.2998046875
12754.35546875
12752.0830078125
12749.642578125
12746.892578125
12744.09375
12741.345703125
12738.841796875
12736.4970703125
12734.380859375
12732.224609375
12730.087890625
12727.5029296875
12724.9052734375
12721.9375
12718.9912109375
12716.07421875
12713.244140625
12710.5791015625
12707.6796875
12704.8759765625
12702.1494140625
12699.728515625
12697.2412109375
12694.412109375
12691.1923828125
12687.705078125
12684.2734375
12681.2177734375
12678.623046875
12676.349609375
12674.115234375
12671.568359375
12668.603515625
12665.2275390625
12661.65625
12658.5419921875
12656.0986328125
12654.0703125
12652.076171875
12650.1005859375
12648.23828125
12646.6201171875
12644.916015625
12642.8125
12640.228515625
12637.322265625
12634.556640625
12632.1015625
12629.642578125
12626.876953125
12623.8203125
12620.74609375
12617.81640625
12615.0859375
12612.6640625
12610.63671875
12608.810546875
12606.8212890625
12604.361328125
12601.43359375
12598.212890625
12595.095703125
12592.1240234375
12589.333984375
12586.447265625
12583.369140625
12580.359375
12577.2880859375
12574.5087890625
12571.9111328125
12569.69921875
12567.6416015625
12565.841796875
12563.802734375
12561.775390625
12559.412109375
12556.9150390625
12554.3115234375
12551.658203125
12549.267578125
12546.96484375
12545.1484375
12543.6591796875
12542.576171875
12541.333984375
12539.7880859375
12537.146484375
12534.0166015625
12530.1953125
12527.166015625
12524.4091796875
12522.458984375
12520.068359375
12517.330078125
12514.126953125
12511.142578125
12508.498046875
12506.123046875
12503.482421875
12500.6171875
12497.427734375
12494.39453125
12491.3779296875
12488.6865234375
12485.685546875
12482.4814453125
12478.9580078125
12475.7529296875
12473.173828125
12471.2734375
12469.8134765625
12468.33984375
12466.72265625
12466.4267578125
12465.23046875
12468.080078125
12463.033203125
12461.091796875
12462.765625
12461.607421875
12463.333984375
12458.29296875
12459.6513671875
12463.1298828125
12449.3271484375
12452.6533203125
12458.6513671875
12438.0078125
12447.701171875
12454.0634765625
12439.537109375
12443.99609375
12429.876953125
12439.0859375
12421.00390625
12426.6083984375
12418.703125
12415.455078125
12417.30078125
12413.33203125
12411.6650390625
12404.69140625
12402.8466796875
12398.330078125
12398.2880859375
12396.3154296875
12396.455078125
12394.365234375
12389.470703125
12386.755859375
12382.9541015625
12380.296875
12380.0546875
12373.671875
12366.890625
12361.43359375
12354.263671875
12352.662109375
12350.7578125
12349.322265625
12347.8193359375
12345.619140625
12344.423828125
12342.91015625
12341.453125
12340.001953125
12337.416015625
12333.392578125
12329.1416015625
12326.228515625
12324.876953125
12323.208984375
12320.701171875
12316.771484375
12313.5625
12310.955078125
12307.923828125
12304.66015625
12302.1630859375
12300.5361328125
12299.6171875
12303.505859375
12304.416015625
12319.298828125
12299.01953125
12305.490234375
12312.4013671875
12293.6103515625
12298.0283203125
12290.208984375
12288.923828125
12285.2158203125
12283.869140625
12281.701171875
12278.6298828125
12278.07421875
12274.28125
12274.7783203125
12271.544921875
12270.5087890625
12267.1826171875
12263.51953125
12258.673828125
12254.4296875
12251.1484375
12249.3046875
12247.8193359375
12246.208984375
12243.33984375
12240.537109375
12236.791015625
12233.22265625
12229.5859375
12225.6953125
12222.296875
12218.9375
12216.5771484375
12214.2490234375
12212.302734375
12209.931640625
12207.462890625
12204.94921875
12202.658203125
12200.318359375
12198.4619140625
12196.3046875
12194.69921875
12192.892578125
12191.501953125
12190.1015625
12189.0576171875
12188.037109375
12187.0791015625
12185.7177734375
12184.173828125
12181.875
12179.08203125
12175.68359375
12172.5908203125
12169.814453125
12167.4580078125
12165.3564453125
12163.3212890625
12161.216796875
12159.0419921875
12156.89453125
12155.310546875
12153.76953125
12152.873046875
12151.703125
12150.5009765625
12148.9853515625
12147.0478515625
12145.1708984375
12143.2939453125
12141.509765625
12139.607421875
12137.744140625
12135.5185546875
12133.091796875
12130.11328125
12127.033203125
12124.017578125
12121.4140625
12119.5625
12118.09375
12116.94921875
12114.9443359375
12112.6357421875
12109.3212890625
12106.7783203125
12102.97265625
12099.255859375
12094.7060546875
12090.32421875
12086.24609375
12082.5673828125
12079.638671875
12077.15234375
12075.2099609375
12073.18359375
12071.458984375
12069.560546875
12067.90625
12066.1455078125
12064.5732421875
12063.056640625
12061.2333984375
12058.8701171875
12055.8828125
12052.697265625
12049.2919921875
12046.0009765625
12042.8115234375
12039.94921875
12037.3896484375
12035.3662109375
12033.7666015625
12032.6640625
12032.1044921875
12031.125
12029.32421875
12025.921875
12023.2060546875
12022.2158203125
12021.431640625
12019.5751953125
12016.7109375
12014.39453125
12013.376953125
12012.291015625
12010.7666015625
12007.763671875
12004.853515625
12002.236328125
12000.072265625
11998.296875
11996.943359375
11995.697265625
11993.4169921875
11990.095703125
11985.89453125
11982.244140625
11979.380859375
11977.552734375
11976.1435546875
11974.939453125
11973.416015625
11971.4921875
11968.857421875
11965.82421875
11962.248046875
11958.6044921875
11954.8359375
11951.244140625
11947.916015625
11945.18359375
11942.9765625
11941.0419921875
11939.3046875
11937.46484375
11935.521484375
11933.283203125
11931.0244140625
11928.728515625
11926.708984375
11924.935546875
11923.771484375
11922.7880859375
11921.775390625
11920.482421875
11918.859375
11916.75
11914.1494140625
11911.2265625
11908.431640625
11906.107421875
11904.4765625
11903.55078125
11903.080078125
11902.689453125
11901.947265625
11900.609375
11898.91015625
11896.951171875
11895.4296875
