15428.9921875
15411.2734375
15396.5537109375
15384.19140625
15373.53125
15363.998046875
15355.2890625
15347.30078125
15340.029296875
15333.423828125
15327.47265625
15322.142578125
15317.3671875
15313.0908203125
15309.240234375
15305.74609375
15302.541015625
15299.56640625
15296.78125
15294.1396484375
15291.619140625
15289.216796875
15286.9150390625
15284.712890625
15282.59765625
15280.5810546875
15278.6484375
15276.7978515625
15275.025390625
15273.330078125
15271.6982421875
15270.125
15268.6171875
15267.162109375
15265.76953125
15264.42578125
15263.138671875
15261.908203125
15260.724609375
15259.591796875
15258.498046875
15257.443359375
15256.4296875
15255.4501953125
15254.5
15253.57421875
15252.673828125
15251.7958984375
15250.9375
15250.099609375
15249.2890625
15248.4921875
15247.71484375
15246.951171875
15246.205078125
15245.4775390625
15244.7646484375
15244.0625
15243.37890625
15242.70703125
15242.05078125
15241.4033203125
15240.775390625
15240.154296875
15239.546875
15238.9482421875
15238.359375
15237.78515625
15237.21875
15236.6611328125
15236.1123046875
15235.5751953125
15235.0419921875
15234.5224609375
15234.0078125
15233.501953125
15233.0048828125
15232.513671875
15232.029296875
15231.552734375
15231.08203125
15230.6181640625
15230.1630859375
15229.7109375
15229.2685546875
15228.830078125
15228.3974609375
15227.97265625
15227.5498046875
15227.134765625
15226.724609375
15226.318359375
15225.921875
15225.52734375
15225.1376953125
15224.75390625
15224.3740234375
15223.998046875
15223.62890625
15223.263671875
15222.9033203125
15222.546875
15222.193359375
15221.845703125
15221.5029296875
15221.1640625
15220.8251953125
15220.4970703125
15220.171875
15219.84765625
15219.52734375
15219.2119140625
15218.900390625
15218.5927734375
15218.287109375
15217.986328125
15217.6875
15217.390625
15217.099609375
15216.8095703125
15216.52734375
15216.244140625
15215.96875
15215.6923828125
15215.4208984375
15215.1484375
15214.8837890625
15214.6201171875
15214.359375
15214.1025390625
15213.84765625
15213.59375
15213.34765625
15213.1005859375
15212.857421875
15212.6171875
15212.37890625
15212.1416015625
15211.91015625
15211.677734375
15211.4482421875
15211.2236328125
15211.0
15210.779296875
15210.5595703125
15210.34375
15210.1298828125
15209.9130859375
15209.7041015625
15209.4970703125
15209.291015625
15209.087890625
15208.884765625
15208.685546875
15208.486328125
15208.29296875
15208.0966796875
15207.90625
15207.7158203125
15207.52734375
15207.337890625
15207.154296875
15206.9716796875
15206.791015625
15206.611328125
15206.4345703125
15206.259765625
15206.0849609375
15205.91015625
15205.73828125
15205.5703125
15205.4033203125
15205.234375
15205.0703125
15204.90625
15204.7412109375
15204.580078125
15204.423828125
15204.2626953125
15204.109375
15203.951171875
15203.798828125
15203.646484375
15203.4970703125
15203.345703125
15203.1953125
15203.046875
15202.8994140625
15202.755859375
15202.611328125
15202.46875
15202.3271484375
15202.185546875
15202.048828125
15201.91015625
15201.771484375
15201.634765625
15201.5
15201.3662109375
15201.232421875
2349979.0
316577.875
203396.984375
192296.21875
69556.765625
65687.390625
63657.83984375
63102.375
63830.6796875
64912.80859375
65263.671875
64171.9609375
62972.6796875
61839.26953125
60819.921875
59898.76171875
58989.11328125
58035.515625
57089.8671875
56179.7265625
55328.84765625
54467.8515625
53560.140625
52607.0
51594.92578125
50489.4296875
49325.6640625
48164.6328125
47043.859375
45960.80078125
44883.54296875
43811.265625
42771.62890625
41802.00390625
40898.40234375
40025.15234375
39162.6875
38322.7890625
37522.98046875
36767.85546875
36050.078125
35359.47265625
34694.1328125
34058.25390625
33454.52734375
32881.92578125
32335.9375
31809.0
31296.76171875
30798.38671875
30314.5859375
29847.650390625
29396.36328125
28962.13671875
28545.640625
28143.55078125
27755.041015625
27379.58984375
27020.17578125
26678.2265625
26351.125
26036.6015625
25732.0546875
25435.79296875
25148.1328125
24870.6484375
24604.072265625
24347.494140625
24099.501953125
23859.798828125
23628.91015625
23406.04296875
23190.072265625
22980.802734375
22778.09375
22580.623046875
22387.83984375
22199.919921875
22017.125
21839.23828125
21665.931640625
21497.0078125
21332.443359375
21171.64453125
21014.369140625
20860.55859375
20709.953125
20563.19140625
20420.99609375
20281.64453125
20145.0859375
20014.1953125
19884.40234375
19757.6015625
19634.31640625
19513.7578125
19395.359375
19279.6796875
19167.17578125
19056.568359375
18948.4140625
18843.30078125
18740.2265625
18639.61328125
18541.70703125
18445.3671875
18350.890625
18258.390625
18167.359375
18077.80859375
17990.09375
17903.923828125
17819.08984375
17735.73046875
17653.79296875
17573.119140625
17493.705078125
17415.546875
17338.4765625
17262.5625
17187.609375
17113.7734375
17040.890625
16968.982421875
16898.05859375
16828.01171875
16758.845703125
16690.46484375
16622.95703125
16556.34375
16490.9609375
16427.48828125
16364.9267578125
16297.6240234375
16236.4765625
16196.62890625
16141.71484375
16102.548828125
16025.8349609375
15960.62109375
15906.7294921875
15828.6708984375
15780.2578125
15730.77734375
15659.6796875
15603.3671875
15550.3408203125
15494.775390625
15440.3046875
15385.296875
15331.1328125
15280.51953125
15224.48046875
15173.826171875
15123.41796875
15071.7080078125
15020.904296875
14971.29296875
14921.873046875
14873.580078125
14824.3388671875
14776.2646484375
14730.109375
14683.0068359375
14636.056640625
14590.462890625
14545.515625
14500.9560546875
14456.3310546875
14412.68359375
14369.6865234375
14326.763671875
14284.1953125
14242.5029296875
14201.3671875
14160.2548828125
14119.6728515625
14079.6357421875
14039.8974609375
14000.5986328125
13961.5908203125
13923.068359375
13884.94921875
13847.09765625
13809.67578125
13772.59765625
13735.8125
13699.392578125
13663.2470703125
13627.423828125
13591.958984375
13556.7666015625
13521.9345703125
13487.412109375
13453.154296875
13419.076171875
13385.2529296875
13351.732421875
13318.515625
13285.5810546875
13252.802734375
13220.2490234375
13188.111328125
13156.474609375
13125.380859375
13095.5322265625
13066.4208984375
13039.6455078125
13006.8896484375
12974.005859375
12951.142578125
12930.587890625
12923.7880859375
12902.3955078125
12884.556640625
12839.16796875
12823.361328125
12784.353515625
12738.71484375
12712.296875
12680.666015625
12668.150390625
12619.3466796875
12596.5625
12574.65625
12550.068359375
12520.228515625
12491.48828125
12461.63671875
12440.9013671875
12414.5146484375
12388.9140625
12363.08984375
12338.41015625
12316.6669921875
12288.998046875
12266.939453125
12242.1240234375
12219.7060546875
12196.681640625
12172.751953125
12150.5615234375
12127.6328125
12106.1865234375
12083.19140625
12061.34765625
12039.521484375
12018.6455078125
11996.5009765625
11975.361328125
11953.8798828125
11934.0029296875
11913.6171875
11895.197265625
11871.90234375
11851.607421875
11833.04296875
11812.9033203125
11793.5537109375
11772.7470703125
11754.1552734375
11737.8359375
11716.2958984375
11698.2080078125
11684.380859375
11660.97265625
11651.2294921875
11653.1044921875
11636.189453125
11606.8125
11589.009765625
11569.001953125
11548.4794921875
11535.544921875
11513.662109375
11491.8232421875
11477.787109375
11458.76171875
11442.1787109375
11422.3916015625
11407.1982421875
11391.951171875
11374.3232421875
11358.6376953125
11341.0810546875
11326.380859375
11308.30078125
11293.50390625
11277.33203125
11261.3935546875
11247.2109375
11230.318359375
11217.517578125
11200.078125
11186.228515625
11170.5791015625
11156.251953125
11142.2900390625
11127.498046875
11113.7919921875
11099.173828125
11085.099609375
11071.6865234375
11057.90625
11044.2509765625
11030.8203125
11017.2822265625
11004.3828125
10991.048828125
10978.3515625
10965.423828125
10952.5791015625
10940.03125
10927.4228515625
10914.9736328125
10902.29296875
10890.052734375
10877.8828125
10865.974609375
10853.97265625
10842.0166015625
10830.2666015625
10818.5771484375
10807.267578125
10795.8857421875
10784.58984375
10773.11328125
10761.693359375
10750.4140625
10739.1689453125
10728.091796875
10717.0830078125
10706.365234375
10696.025390625
10686.96484375
10679.859375
10670.8447265625
10654.216796875
10648.80859375
10633.158203125
10626.43359375
10612.521484375
10603.908203125
10593.060546875
10583.2958984375
10572.8916015625
10563.63671875
10553.0087890625
10543.115234375
10532.298828125
10522.67578125
10512.24609375
10503.220703125
10492.982421875
10483.6640625
10473.1875
10463.869140625
10454.251953125
10445.11328125
10435.1142578125
10425.2177734375
10416.017578125
10406.953125
10397.857421875
10388.322265625
10379.3046875
10370.0283203125
10361.01171875
10351.796875
10342.6875
10333.4990234375
10324.4892578125
10315.7001953125
10306.9609375
10298.169921875
10289.2705078125
10280.4599609375
10271.666015625
10263.068359375
10254.611328125
10246.39453125
10238.3662109375
10230.47265625
10222.46875
10214.064453125
10205.099609375
10196.1455078125
10187.8203125
10180.267578125
10173.21875
10165.779296875
10158.00390625
10148.7890625
10139.5830078125
10130.3525390625
10122.205078125
10114.7568359375
10107.2109375
10099.3447265625
10090.783203125
10082.4267578125
10074.443359375
10066.8203125
10059.267578125
10051.4833984375
10043.5859375
10035.654296875
10027.92578125
10020.41015625
10012.96875
10005.466796875
9997.7265625
9989.994140625
9982.3583984375
9974.86328125
9967.439453125
9960.005859375
9952.53515625
9945.087890625
9937.7890625
9930.6005859375
9923.4130859375
9916.173828125
9908.8623046875
9901.564453125
9894.3349609375
9887.171875
9880.0771484375
9873.09765625
9866.1767578125
9859.287109375
9852.294921875
9845.1572265625
9837.9765625
9830.9501953125
9824.20703125
9817.806640625
9811.6630859375
9805.8603515625
9799.943359375
9793.779296875
9786.125
9777.9541015625
9770.298828125
9764.1650390625
9758.958984375
9753.2333984375
9746.5615234375
9739.0791015625
9731.8408203125
9724.89453125
9718.0830078125
9711.1416015625
9704.32421875
9697.83984375
9691.447265625
9684.755859375
9677.919921875
9671.4140625
9665.3515625
9659.3642578125
9652.9296875
9646.3291015625
9640.013671875
9634.2080078125
9628.650390625
9622.888671875
9616.8125
9610.5634765625
9604.3525390625
9598.3173828125
9592.41796875
9586.818359375
9581.576171875
9577.091796875
9572.740234375
9568.77734375
9562.9140625
9556.0390625
9549.6796875
9543.7216796875
9539.5263671875
9533.8076171875
9526.8955078125
9518.240234375
9511.064453125
9506.177734375
9502.236328125
9497.2744140625
9490.28515625
9483.505859375
9478.7421875
9475.916015625
9471.3505859375
9464.544921875
9456.421875
9450.07421875
9446.1982421875
9443.349609375
9438.615234375
9432.095703125
9425.01953125
9419.857421875
9415.98828125
9411.84765625
9407.1484375
9401.48828125
9396.1298828125
9390.984375
9385.775390625
9380.4306640625
9375.15625
9370.28515625
9365.1796875
9359.3759765625
9352.9931640625
9346.6982421875
9341.53515625
9337.353515625
9333.1494140625
9327.7783203125
9321.904296875
9316.646484375
9312.517578125
9308.4296875
9303.98828125
9299.2705078125
9294.76171875
9290.1484375
9285.341796875
9280.6142578125
9276.7275390625
9273.02734375
9269.1044921875
9263.875
9258.087890625
9252.32421875
9247.28515625
9242.7724609375
9238.681640625
9234.5068359375
9230.2412109375
9225.8271484375
9221.38671875
9217.072265625
9213.30078125
9210.1025390625
9207.5361328125
9204.888671875
9201.94140625
9198.1279296875
9193.341796875
9187.5087890625
9181.55859375
9176.408203125
9172.8046875
9170.0478515625
9167.29296875
9163.3046875
9158.42578125
9153.2294921875
9149.01171875
9145.755859375
9143.09375
9139.943359375
9136.5380859375
9132.5048828125
9128.7509765625
9124.740234375
9120.2412109375
9115.125
9110.0771484375
9106.12890625
9103.4384765625
9101.6630859375
9099.5107421875
9097.6572265625
9094.685546875
9092.5810546875
9088.888671875
9086.1494140625
9084.072265625
9081.0478515625
9077.01171875
9070.51171875
9064.85546875
9061.34765625
9059.7734375
9057.1025390625
9052.5419921875
9046.1162109375
9040.4189453125
9035.703125
9031.8076171875
9028.380859375
9025.212890625
9022.2978515625
9018.8828125
9015.30859375
9012.091796875
9009.416015625
9006.435546875
9002.861328125
8999.0078125
8995.44140625
8991.2783203125
8986.470703125
8981.37109375
8977.322265625
8974.6484375
8972.5390625
8969.8623046875
8966.140625
8961.88671875
8957.8837890625
8954.61328125
8951.958984375
8949.3525390625
8946.62890625
8943.91796875
8941.5390625
8939.6171875
8937.134765625
8933.87890625
8928.90234375
8923.4873046875
8918.7685546875
8915.603515625
8914.0576171875
8913.3125
8913.373046875
8912.833984375
8906.1015625
8897.0830078125
8895.2392578125
8892.69921875
8887.953125
8887.29296875
8883.7509765625
8879.775390625
8878.927734375
8874.8154296875
8871.6162109375
8867.751953125
8863.384765625
8861.7880859375
8858.779296875
8856.7197265625
8854.498046875
8851.341796875
8848.21875
8843.9375
8840.3525390625
8838.73828125
8836.6240234375
8835.244140625
8832.04296875
8829.271484375
8827.025390625
8825.2998046875
8824.337890625
8822.6298828125
8820.8515625
8817.4423828125
8813.28515625
8809.4873046875
8805.6005859375
8801.70703125
8797.4072265625
8793.783203125
8790.2958984375
8787.724609375
8785.31640625
8783.0634765625
8780.716796875
8778.5087890625
8776.8232421875
8775.115234375
8773.322265625
8770.7314453125
8767.2314453125
8762.31640625
8756.74609375
8751.6591796875
8748.453125
8746.5751953125
8745.1455078125
8742.5205078125
8738.6796875
8734.072265625
8729.7236328125
8726.0478515625
8722.7021484375
8719.40625
8715.60546875
8711.693359375
8707.57421875
8703.5390625
8699.6171875
8695.9091796875
8692.720703125
8690.056640625
8687.912109375
8685.5703125
8682.8818359375
8679.6826171875
8676.7080078125
8674.021484375
8671.5078125
8668.384765625
8664.2275390625
8659.60546875
8655.6005859375
8652.650390625
8649.84375
8646.8837890625
8643.900390625
8641.365234375
8638.4697265625
8635.21875
8631.7119140625
8628.7353515625
8625.951171875
8623.71875
8621.611328125
8619.62890625
8617.125
8614.130859375
8610.8408203125
8607.7578125
8605.361328125
8603.7587890625
8602.88671875
8601.83203125
8599.3720703125
8594.6689453125
8589.91796875
8586.9794921875
8586.984375
8586.376953125
8584.541015625
8582.1953125
8579.796875
8577.7763671875
8576.220703125
8574.5390625
8573.5546875
8571.6220703125
8570.513671875
8566.4306640625
8562.1728515625
8556.6640625
8552.4619140625
8549.404296875
8546.63671875
8544.7890625
8542.2666015625
8539.44140625
8536.486328125
8533.404296875
8530.109375
8526.220703125
8522.171875
8519.0390625
8517.5185546875
8517.517578125
8517.337890625
8516.30859375
8513.494140625
8510.1484375
8507.044921875
8505.083984375
8503.103515625
8500.37890625
8497.00390625
8493.8720703125
8491.66796875
8489.87890625
8488.203125
8486.28515625
8484.4384765625
8482.984375
8481.599609375
8480.3798828125
8477.869140625
8474.96484375
8470.9521484375
8467.6142578125
8465.0390625
8463.48828125
8462.150390625
8460.490234375
8457.8837890625
8455.080078125
8451.93359375
8449.7666015625
8448.0078125
8447.3349609375
8446.3994140625
8445.908203125
8444.1474609375
8442.2900390625
8439.263671875
8436.3046875
8433.2431640625
8430.2744140625
8427.14453125
8423.9267578125
8420.8876953125
8418.2392578125
8416.205078125
8414.564453125
8413.25
8412.021484375
8410.72265625
8409.3349609375
8407.8916015625
8406.671875
8406.21484375
8406.908203125
8408.0634765625
8408.455078125
8405.90625
8402.3291015625
8399.4599609375
8400.7900390625
8402.794921875
8403.9658203125
8402.4267578125
8399.1484375
8396.216796875
8394.326171875
8392.5595703125
8390.8291015625
8388.26953125
8386.837890625
8385.1435546875
8382.861328125
8379.060546875
8374.6455078125
8371.5458984375
8370.2763671875
8370.306640625
8369.2880859375
8366.802734375
8362.23828125
8358.89453125
8356.375
8355.5849609375
8354.958984375
8354.1279296875
8352.87109375
8351.5517578125
8349.703125
8347.59765625
8345.2216796875
8343.255859375
8341.60546875
8340.453125
8339.42578125
8338.53125
8337.052734375
8335.373046875
8333.349609375
8331.40625
8329.728515625
8328.05078125
8326.7109375
8325.1376953125
8322.8662109375
8319.5947265625
8315.3935546875
8311.16796875
8307.7109375
8305.029296875
8303.046875
8301.5625
8300.376953125
8299.33203125
8298.3466796875
8297.28515625
8296.123046875
8294.322265625
8292.337890625
8290.224609375
8288.8681640625
8288.224609375
8288.03515625
8287.3603515625
8285.7734375
8283.072265625
8280.111328125
8277.3623046875
8275.4609375
8274.05078125
8273.1044921875
8272.0751953125
8271.041015625
8270.1796875
8269.2861328125
8268.6513671875
8267.62109375
8266.44921875
8264.5673828125
8262.46875
8259.982421875
8257.859375
8255.796875
8254.0654296875
8252.232421875
8250.0927734375
8247.6083984375
8244.7578125
8241.87890625
8239.39453125
8237.4921875
8236.419921875
8235.7529296875
8235.87109375
8235.96484375
8237.3544921875
8238.09375
8238.142578125
8235.833984375
8232.591796875
8230.0947265625
8229.701171875
8230.220703125
8230.93359375
8231.818359375
8230.880859375
8228.34375
8224.80078125
8222.3935546875
8220.4208984375
8218.1328125
8215.515625
8213.2919921875
8211.7431640625
8210.568359375
8210.236328125
8209.888671875
8209.736328125
8208.794921875
8208.58984375
8207.8115234375
8206.77734375
8204.314453125
8201.4423828125
8198.7294921875
8196.77734375
8195.8427734375
8195.5234375
8195.3408203125
8194.224609375
8192.40234375
8189.9736328125
8188.05224609375
8187.68212890625
8186.943359375
8186.4599609375
8184.4052734375
8182.54345703125
8182.06298828125
8182.35009765625
8183.10107421875
8182.46875
8180.990234375
8177.3671875
8174.494140625
8173.29833984375
8174.029296875
8175.4306640625
8175.90380859375
8174.373046875
8171.04736328125
8166.84521484375
8162.951171875
8160.2705078125
8157.99853515625
8156.3369140625
8154.556640625
8152.9921875
8151.7626953125
8151.138671875
8150.61865234375
8149.8408203125
8148.01904296875
8145.46728515625
8142.68017578125
8140.765625
8139.60888671875
8138.875
8137.5888671875
8135.521484375
8132.82275390625
8130.5087890625
8129.197265625
8129.28369140625
8130.4404296875
8132.3408203125
8112.05615234375
8114.697265625
8121.3857421875
8105.02880859375
8114.5830078125
8110.35302734375
8103.00537109375
8110.537109375
8102.40673828125
8102.02978515625
8104.376953125
8097.6875
8099.86669921875
8098.3583984375
8094.763671875
8096.3857421875
8093.5185546875
8092.1904296875
8092.33740234375
8089.7666015625
8089.3203125
8088.4228515625
8086.61181640625
8086.16455078125
8084.87451171875
8083.60986328125
8082.91552734375
8081.611328125
8080.583984375
8079.6953125
8078.49853515625
8077.5439453125
8076.5595703125
8075.4609375
8074.4873046875
8073.4833984375
8072.4306640625
8071.44970703125
8070.4375
8069.41796875
8068.41357421875
8067.4140625
8066.41015625
8065.396484375
8064.41064453125
8063.41064453125
8062.40478515625
8061.43359375
8060.42578125
8059.42529296875
8058.46533203125
8057.45166015625
8056.4609375
8055.4970703125
8054.490234375
8053.5087890625
8052.5380859375
8051.5380859375
8050.568359375
8049.5869140625
8048.59326171875
8047.63525390625
8046.64453125
8045.6708984375
8044.7041015625
8043.71728515625
8042.748046875
8041.78173828125
8040.8046875
8039.8330078125
8038.86328125
8037.884765625
8036.9248046875
8035.94921875
8034.98046875
8034.01123046875
8033.0390625
8032.06787109375
8031.09375
8030.130859375
8029.1572265625
8028.1767578125
8027.2109375
8026.24658203125
8025.2646484375
8024.29150390625
8023.3203125
8022.35546875
8021.3955078125
8020.43115234375
8019.47509765625
8018.51953125
8017.5546875
8016.5966796875
8015.6376953125
8014.681640625
8013.732421875
8012.78369140625
8011.83447265625
8010.88671875
8009.94921875
8009.0107421875
8008.0703125
8007.13330078125
8006.2001953125
8005.267578125
8004.33984375
8003.40478515625
8002.4736328125
8001.5546875
8000.61865234375
7999.6982421875
7998.7763671875
7997.86474609375
7996.94384765625
7996.0146484375
7995.09130859375
7994.1708984375
7993.25048828125
7992.337890625
7991.41455078125
7990.50830078125
7989.5888671875
7988.67236328125
7987.7626953125
7986.85498046875
7985.94140625
7985.0302734375
7984.12060546875
7983.2138671875
7982.29931640625
7981.3955078125
7980.490234375
7979.580078125
7978.6767578125
7977.77392578125
7976.87060546875
7975.9677734375
7975.0693359375
7974.16064453125
7973.27099609375
7972.3623046875
7971.4677734375
7970.5703125
7969.67333984375
7968.783203125
7967.884765625
7966.9853515625
7966.08984375
7965.1865234375
7964.29833984375
7963.4052734375
7962.517578125
7961.62060546875
7960.7275390625
7959.833984375
7958.94287109375
7958.0546875
7957.1689453125
7956.2783203125
7955.3916015625
7954.50927734375
7953.6240234375
7952.73828125
7951.8583984375
7950.98095703125
7950.099609375
7949.2158203125
7948.3369140625
7947.46484375
7946.5849609375
7945.7138671875
7944.833984375
7943.958984375
7943.087890625
7942.2197265625
7941.35009765625
7940.48388671875
7939.6044921875
7938.7412109375
7937.875
7937.0146484375
7936.15234375
7935.29541015625
7934.4296875
7933.58056640625
7932.7177734375
7931.8662109375
7931.01416015625
7930.16455078125
7929.31396484375
7928.466796875
7927.6171875
7926.7763671875
7925.93212890625
7925.091796875
7924.2509765625
7923.40625
7922.57421875
7921.7392578125
7920.9072265625
7920.07275390625
7919.23876953125
7918.4091796875
7917.58447265625
7916.7646484375
7915.947265625
7915.12890625
7914.3076171875
7913.494140625
7912.68017578125
7911.8701171875
7911.060546875
7910.25830078125
7909.4501953125
7908.64453125
7907.84716796875
7907.0517578125
7906.25390625
7905.4599609375
7904.673828125
7903.892578125
7903.1181640625
7902.35693359375
7901.63330078125
7900.9580078125
7900.3857421875
7899.9384765625
7899.51220703125
7898.744140625
7897.4794921875
7896.18994140625
7895.4306640625
7895.0166015625
7894.36767578125
7893.3349609375
7892.3310546875
7891.67431640625
7891.10400390625
7890.29296875
7889.3623046875
7888.57421875
7887.95849609375
7887.2587890625
7886.41845703125
7885.6181640625
7884.98876953125
7884.4072265625
7883.7890625
7883.2744140625
7883.02490234375
7882.732421875
7882.07763671875
7880.6708984375
7879.18798828125
7878.2607421875
7877.92578125
7877.5703125
7876.69189453125
7875.5048828125
7874.5703125
7874.048828125
7873.56103515625
7872.7216796875
7871.71435546875
7870.9033203125
7870.34033203125
7869.7294921875
7868.90185546875
7868.02294921875
7867.3125
7866.728515625
7866.06103515625
7865.2783203125
7864.521484375
7863.86767578125
7863.2705078125
7862.59814453125
7861.8740234375
7861.18359375
7860.54931640625
7859.9267578125
7859.26611328125
7858.5654296875
7857.9013671875
7857.2685546875
7856.634765625
7855.9619140625
7855.29150390625
7854.6337890625
7854.00146484375
7853.37109375
7852.7197265625
7852.0703125
7851.42431640625
7850.80517578125
7850.1708984375
7849.5322265625
7848.89990234375
7848.26513671875
7847.6396484375
7847.013671875
7846.38232421875
7845.74462890625
7845.11669921875
7844.4912109375
7843.8642578125
7843.2392578125
7842.6142578125
7841.99072265625
7841.3701171875
7840.7392578125
7840.1142578125
7839.494140625
7838.86328125
7838.23876953125
7837.6142578125
7836.98779296875
7836.361328125
7835.7265625
7835.1015625
7834.47265625
7833.8447265625
7833.208984375
7832.5712890625
7831.931640625
7831.30908203125
7830.6669921875
7830.02978515625
7829.388671875
7828.740234375
7828.1083984375
7827.453125
7826.81005859375
7826.1650390625
7825.5166015625
7824.8720703125
7824.224609375
7823.5830078125
7822.935546875
7822.2958984375
7821.66650390625
7821.0263671875
7820.400390625
7819.77783203125
7819.14794921875
7818.53173828125
7817.91796875
7817.298828125
7816.68603515625
7816.0751953125
7815.4755859375
7814.8623046875
7814.25244140625
7813.64697265625
7813.04296875
7812.4404296875
7811.841796875
7811.2392578125
7810.64990234375
7810.06396484375
7809.47509765625
7808.900390625
7808.33203125
7807.77978515625
7807.2294921875
7806.6865234375
7806.1494140625
7805.607421875
7805.044921875
7804.45556640625
7803.84423828125
7803.22412109375
7802.59619140625
7801.95654296875
7801.3193359375
7800.6611328125
7800.0126953125
7799.375
7798.7685546875
7798.17919921875
7797.619140625
7797.06884765625
7796.5302734375
7795.9931640625
7795.4443359375
7794.89599609375
7794.3427734375
7793.798828125
7793.267578125
7792.77587890625
7792.4033203125
7792.013671875
7791.962890625
7791.6474609375
7792.01171875
7791.21142578125
7790.93310546875
7789.24609375
7787.97265625
7787.00244140625
7786.568359375
7786.541015625
7786.44482421875
7786.474609375
7785.4755859375
7784.4521484375
7783.3701171875
7782.6787109375
7782.3369140625
7782.04443359375
7781.7490234375
7780.96630859375
7780.169921875
7779.45751953125
7778.93212890625
7778.5322265625
7778.0908203125
7777.583984375
7776.890625
7776.22705078125
7775.64208984375
7775.1298828125
7774.6591796875
7774.12646484375
7773.5400390625
7772.90283203125
7772.287109375
7771.720703125
7771.18798828125
7770.6650390625
7770.1162109375
7769.544921875
7768.951171875
7768.375
7767.8173828125
7767.3017578125
7766.78466796875
7766.2763671875
7765.7734375
7765.27197265625
7764.8037109375
7764.38916015625
7764.0068359375
7763.6494140625
7763.2529296875
7762.755859375
7762.11474609375
7761.40234375
7760.76513671875
7760.32763671875
7760.14453125
7760.15625
7760.32958984375
7760.4091796875
7760.390625
7759.81640625
7758.837890625
7757.61669921875
7756.74462890625
7756.61572265625
7756.97998046875
7757.45703125
7757.3203125
7756.73095703125
7755.7080078125
7754.5888671875
7753.66748046875
7752.869140625
7752.3935546875
7752.2470703125
7752.26953125
7752.10888671875
7751.41796875
7750.35205078125
7749.1015625
7748.04248046875
7747.2861328125
7746.880859375
7746.71044921875
7746.724609375
7746.7705078125
7746.97314453125
7747.11328125
7747.5380859375
7747.4296875
7747.1171875
7745.66064453125
7743.869140625
7742.01708984375
7740.68798828125
7739.9619140625
7739.72998046875
7739.7529296875
7739.6806640625
7739.4111328125
7738.6640625
7737.80029296875
7736.9814453125
7736.4609375
7736.3125
7736.3896484375
7736.5625
7736.546875
7736.369140625
7735.974609375
7735.6533203125
7735.41455078125
7735.17431640625
7734.61572265625
7733.779296875
7732.876953125
7732.3095703125
7732.2275390625
7732.50732421875
7732.875
7733.07080078125
7733.0673828125
7732.951171875
7733.0322265625
7733.33642578125
7734.27685546875
7735.2294921875
7737.21923828125
7738.2265625
7740.2255859375
7740.3662109375
7740.7138671875
7739.88525390625
7738.71533203125
7736.693359375
7734.56494140625
7732.533203125
7730.7646484375
7729.7236328125
7728.9697265625
7728.533203125
7728.203125
7728.10888671875
7728.51806640625
7729.44921875
7730.658203125
7731.5
7731.3125
7731.111328125
7728.9287109375
7727.67041015625
7724.33154296875
7721.97998046875
7720.373046875
7719.73828125
7719.7216796875
7719.8720703125
7720.46875
7719.9228515625
7719.19970703125
7717.3251953125
7715.09521484375
7713.0087890625
7711.6845703125
7711.5263671875
7712.021484375
7712.47314453125
7712.07666015625
7710.48046875
7708.396484375
7706.67333984375
7705.96533203125
7705.8115234375
7705.7021484375
7705.4423828125
7705.337890625
7705.892578125
7706.84130859375
7707.80859375
7708.03759765625
7707.80078125
7707.201171875
7706.60302734375
7705.7529296875
7704.7060546875
7703.53466796875
7702.8515625
7702.6474609375
7703.1376953125
7703.439453125
7703.64111328125
7703.19921875
7702.6728515625
7701.9150390625
7701.25146484375
7700.3876953125
7699.37060546875
7698.2177734375
7696.99560546875
7695.724609375
7694.34521484375
7693.0458984375
7692.1064453125
7691.80517578125
7692.14990234375
7692.74462890625
7693.25244140625
7693.3662109375
7693.17138671875
7692.97021484375
7692.9609375
7693.3984375
7693.9775390625
7694.70947265625
7695.10107421875
7695.25390625
7694.88916015625
7694.08740234375
7693.0205078125
7691.921875
7691.34375
7691.21484375
7691.52001953125
7691.85546875
7691.86279296875
7691.66162109375
7691.126953125
7690.8740234375
7690.8798828125
7691.43603515625
7692.23193359375
7692.9326171875
7693.38818359375
7693.25341796875
7693.509765625
7693.86669921875
7695.6123046875
7696.8779296875
7697.30029296875
7695.13720703125
7691.43408203125
7687.986328125
7686.4619140625
7686.8994140625
7687.71533203125
7687.4462890625
7685.62353515625
7683.26708984375
7681.37939453125
7680.275390625
7679.49365234375
7678.70849609375
7678.0927734375
7677.8916015625
7678.19970703125
7678.2978515625
7677.81787109375
7676.34521484375
7674.58740234375
7672.94580078125
7671.7099609375
7670.7392578125
7669.7978515625
7668.9521484375
7668.2705078125
7667.84228515625
7667.5380859375
7667.345703125
7667.13232421875
7666.9677734375
7666.662109375
7666.34375
7666.0478515625
7665.970703125
7666.04541015625
7666.3212890625
7666.64697265625
7667.271484375
7668.068359375
7669.38427734375
7670.8056640625
7672.65185546875
7674.04296875
7675.44873046875
7675.73779296875
7675.806640625
7675.23583984375
7674.7333984375
7673.73486328125
7672.27001953125
7670.28662109375
7668.634765625
7667.7431640625
7667.9833984375
7668.60205078125
7669.208984375
7668.76708984375
7667.8623046875
7666.3447265625
7665.2724609375
7664.39599609375
7664.1904296875
7664.2880859375
7664.8359375
7665.4541015625
7666.0810546875
7666.34033203125
7666.427734375
7666.10546875
7666.06689453125
7666.0224609375
7666.45361328125
7666.44287109375
7665.85400390625
7664.28076171875
7661.796875
7659.27197265625
7657.34033203125
7656.2666015625
7655.3408203125
7654.068359375
7652.38818359375
7650.9072265625
7649.873046875
7649.07861328125
7647.95947265625
7646.4453125
7644.83203125
7643.6318359375
7642.994140625
7642.6611328125
7642.31298828125
7641.7998046875
7641.28125
7641.03173828125
7641.03759765625
7641.18115234375
7641.095703125
7640.72705078125
7640.19384765625
7639.8173828125
7639.9228515625
7640.521484375
7641.46728515625
7642.3779296875
7642.93603515625
7643.048828125
7642.6865234375
7642.0361328125
7641.24560546875
7640.5126953125
7639.9404296875
7639.69677734375
7639.6318359375
7639.70703125
7639.71533203125
7639.6142578125
7639.49951171875
7639.43115234375
7639.5751953125
7639.826171875
7639.9697265625
7639.609375
7638.607421875
7636.90087890625
7634.818359375
7632.6240234375
7630.79541015625
7629.568359375
7629.1533203125
7629.4921875
7630.25146484375
7631.2734375
7631.953125
7632.30126953125
7631.6455078125
7630.3154296875
7627.85546875
7625.2236328125
7622.734375
7621.3115234375
7620.62109375
7620.2177734375
7619.44482421875
7618.20751953125
7616.9443359375
7616.1875
7616.2275390625
7616.71044921875
7617.33740234375
7617.88037109375
7618.85107421875
7620.466796875
7623.234375
7626.279296875
7629.109375
7629.9228515625
7628.92431640625
7626.5859375
7624.58837890625
7624.06298828125
7624.46826171875
7625.60888671875
7625.82958984375
7625.482421875
7624.57275390625
7624.13037109375
7624.0869140625
7624.0791015625
7623.4775390625
7622.30810546875
7621.14111328125
7620.3388671875
7619.919921875
7619.73828125
7619.52880859375
7619.4189453125
7618.791015625
7618.25830078125
7616.78369140625
7616.4755859375
7614.37890625
7614.08740234375
7612.41357421875
7612.49609375
7612.14453125
7610.94091796875
7607.5302734375
7603.638671875
7600.7783203125
7599.25146484375
7598.9501953125
7598.51806640625
7597.380859375
7595.28515625
7593.14599609375
7591.8447265625
7591.7236328125
7592.283203125
7592.4384765625
7591.9677734375
7591.3046875
7591.38232421875
7591.58349609375
7591.49560546875
7590.931640625
7590.619140625
7590.3837890625
7590.06298828125
7589.2578125
7588.4033203125
7587.7080078125
7587.3583984375
7587.1181640625
7586.9814453125
7586.84716796875
7586.85546875
7587.08984375
7587.6044921875
7588.4228515625
7589.359375
7590.2568359375
7590.74560546875
7590.80419921875
7590.4384765625
7589.9375
7589.302734375
7588.7861328125
7588.220703125
7587.8994140625
7587.46923828125
7587.078125
7586.384765625
7585.578125
7584.6630859375
7583.7568359375
7583.185546875
7582.67529296875
7582.70849609375
7582.658203125
7583.0458984375
7583.345703125
7583.880859375
7584.1162109375
7584.25634765625
7583.6591796875
7582.9150390625
7581.662109375
7580.47119140625
7579.22265625
7577.95166015625
7576.8564453125
7575.8759765625
7575.4189453125
7575.1474609375
7575.3564453125
7575.23046875
7574.923828125
7573.5244140625
7571.6162109375
7569.32568359375
7567.58837890625
7566.6875
7566.67724609375
7567.05078125
7567.30078125
7567.0859375
7566.4111328125
7565.60498046875
7565.09033203125
7565.2939453125
7566.1572265625
7567.6513671875
7569.04541015625
7570.3046875
7570.66650390625
7570.5107421875
7569.462890625
7568.07861328125
7566.533203125
7565.220703125
7564.287109375
7563.60205078125
7563.0244140625
7562.40380859375
7561.7255859375
7560.92529296875
7560.2060546875
7559.416015625
7558.8583984375
7558.47216796875
7558.4697265625
7558.662109375
7558.919921875
7559.0
7558.7021484375
7558.162109375
7557.4990234375
7557.048828125
7556.84521484375
7556.99267578125
7557.18310546875
7557.37109375
7557.267578125
7557.068359375
7556.7392578125
7556.55419921875
7556.38671875
7556.310546875
7556.255859375
7556.14599609375
7556.2490234375
7556.119140625
7556.361328125
7556.18017578125
7556.2841796875
7556.26171875
7556.7021484375
7557.6064453125
7558.78076171875
7559.9013671875
7560.388671875
7560.267578125
7559.3544921875
7558.208984375
7556.95556640625
7556.09228515625
7555.1630859375
7553.8544921875
7551.5166015625
7548.53369140625
7545.57861328125
7543.67724609375
7543.3828125
7544.47265625
7546.17236328125
7547.318359375
7547.46240234375
7546.611328125
7545.474609375
7544.474609375
7543.6162109375
7542.6767578125
7541.390625
7539.970703125
7538.6171875
7537.69921875
7537.1357421875
7536.8544921875
7536.68603515625
7536.666015625
7536.79736328125
7537.0400390625
7537.2431640625
7537.36376953125
7537.4638671875
7537.7314453125
7538.3515625
7539.35888671875
7540.70361328125
7542.16552734375
7543.6337890625
7544.86181640625
