15428.9921875
15411.2734375
15396.5537109375
15384.19140625
15373.53125
15363.998046875
15355.2890625
15347.30078125
15340.029296875
15333.423828125
15327.47265625
15322.142578125
15317.3671875
15313.0908203125
15309.240234375
15305.74609375
15302.541015625
15299.56640625
15296.78125
15294.1396484375
15291.619140625
15289.216796875
15286.9150390625
15284.712890625
15282.59765625
15280.5810546875
15278.6484375
15276.7978515625
15275.025390625
15273.330078125
15271.6982421875
15270.125
15268.6171875
15267.162109375
15265.76953125
15264.42578125
15263.138671875
15261.908203125
15260.724609375
15259.591796875
15258.498046875
15257.443359375
15256.4296875
15255.4501953125
15254.5
15253.57421875
15252.673828125
15251.7958984375
15250.9375
15250.099609375
15249.2890625
15248.4921875
15247.71484375
15246.951171875
15246.205078125
15245.4775390625
15244.7646484375
15244.0625
15243.37890625
15242.70703125
15242.05078125
15241.4033203125
15240.775390625
15240.154296875
15239.546875
15238.9482421875
15238.359375
15237.78515625
15237.21875
15236.6611328125
15236.1123046875
15235.5751953125
15235.0419921875
15234.5224609375
15234.0078125
15233.501953125
15233.0048828125
15232.513671875
15232.029296875
15231.552734375
15231.08203125
15230.6181640625
15230.1630859375
15229.7109375
15229.2685546875
15228.830078125
15228.3974609375
15227.97265625
15227.5498046875
15227.134765625
15226.724609375
15226.318359375
15225.921875
15225.52734375
15225.1376953125
15224.75390625
15224.3740234375
15223.998046875
15223.62890625
15223.263671875
15222.9033203125
15222.546875
15222.193359375
15221.845703125
15221.5029296875
15221.1640625
15220.8251953125
15220.4970703125
15220.171875
15219.84765625
15219.52734375
15219.2119140625
15218.900390625
15218.5927734375
15218.287109375
15217.986328125
15217.6875
15217.390625
15217.099609375
15216.8095703125
15216.52734375
15216.244140625
15215.96875
15215.6923828125
15215.4208984375
15215.1484375
15214.8837890625
15214.6201171875
15214.359375
15214.1025390625
15213.84765625
15213.59375
15213.34765625
15213.1005859375
15212.857421875
15212.6171875
15212.37890625
15212.1416015625
15211.91015625
15211.677734375
15211.4482421875
15211.2236328125
15211.0
15210.779296875
15210.5595703125
15210.34375
15210.1298828125
15209.9130859375
15209.7041015625
15209.4970703125
15209.291015625
15209.087890625
15208.884765625
15208.685546875
15208.486328125
15208.29296875
15208.0966796875
15207.90625
15207.7158203125
15207.52734375
15207.337890625
15207.154296875
15206.9716796875
15206.791015625
15206.611328125
15206.4345703125
15206.259765625
15206.0849609375
15205.91015625
15205.73828125
15205.5703125
15205.4033203125
15205.234375
15205.0703125
15204.90625
15204.7412109375
15204.580078125
15204.423828125
15204.2626953125
15204.109375
15203.951171875
15203.798828125
15203.646484375
15203.4970703125
15203.345703125
15203.1953125
15203.046875
15202.8994140625
15202.755859375
15202.611328125
15202.46875
15202.3271484375
15202.185546875
15202.048828125
15201.91015625
15201.771484375
15201.634765625
15201.5
15201.3662109375
15201.232421875
18230378.0
7769234.5
565321.625
7122191.0
204046320.0
182974.75
112201.59375
105407.4609375
104233.953125
7990418.5
7901099.0
94298.8203125
160138.0625
4043699.0
2253896.75
246422.859375
90948.984375
72573.671875
69119.1640625
68376.0
68281.8828125
68248.828125
68101.5390625
67826.4765625
67424.3828125
66888.40625
66221.28125
65481.62109375
64725.1171875
63969.421875
63205.8125
62453.0
61741.796875
61081.33203125
60478.71875
59940.296875
59450.5078125
58990.48828125
58557.140625
58149.72265625
57759.71875
57374.68359375
56979.67578125
56577.9453125
56169.2890625
55750.578125
55313.55859375
54857.9921875
54387.5859375
53913.25
53435.609375
52952.23828125
52468.8828125
51996.7421875
51544.53125
51106.140625
50684.5078125
50278.03125
49886.6640625
49514.2890625
49154.5
48812.9453125
48486.71875
48173.98046875
47875.2265625
47587.41015625
47311.859375
47049.2109375
46798.03125
46557.36328125
46323.0078125
46097.98046875
45883.19921875
45675.6640625
45475.94921875
45282.2578125
45093.36328125
44910.859375
44733.51171875
44558.625
44390.6640625
44227.52734375
44062.703125
43901.3359375
43740.3125
43585.90234375
43431.31640625
43279.71875
43129.609375
42980.58984375
42832.046875
42683.90625
42538.26171875
42391.7734375
42246.1171875
42100.92578125
41957.27734375
41813.0078125
41670.8203125
41530.34375
41390.37890625
41252.7734375
41116.2578125
40981.3203125
40848.421875
40717.265625
40588.078125
40460.5
40335.171875
40211.703125
40089.9921875
39970.3359375
39852.20703125
39735.93359375
39621.40234375
39508.1875
39396.92578125
39287.203125
39178.65625
39071.84765625
38966.2265625
38862.00390625
38759.10546875
38657.27734375
38556.5625
38457.1953125
38358.7734375
38261.40234375
38164.9453125
38069.37109375
37974.69140625
37881.08984375
37788.51953125
37696.72265625
37605.87890625
37515.828125
37426.12109375
37336.58984375
37247.984375
37160.8515625
37073.9375
36987.328125
36901.671875
36817.05078125
36732.73046875
36648.8125
36565.90625
36483.65625
36401.66796875
36320.453125
36239.77734375
36159.7109375
36080.234375
36001.50390625
35923.16015625
35845.53515625
35768.6171875
35692.06640625
35615.796875
35540.0546875
35464.79296875
35390.0
35315.62890625
35241.62109375
35168.40625
35095.4921875
35022.98828125
34951.22265625
34880.140625
34809.7421875
34740.1171875
34671.0625
34602.484375
34534.33203125
34466.671875
34399.5546875
34333.1640625
34266.96875
34201.67578125
34135.56640625
34070.46875
34006.5703125
33942.4609375
33878.84375
33814.8671875
33752.921875
33692.87109375
33629.015625
33569.171875
33512.16796875
33445.25
33389.1015625
33330.3203125
33266.98828125
33212.25
33146.5625
33091.7421875
33032.2421875
32973.2265625
32916.7265625
32857.26953125
32803.36328125
32745.705078125
32689.822265625
32633.0703125
32577.353515625
32523.734375
32465.53515625
32413.35546875
32356.056640625
32302.552734375
32247.67578125
32193.3671875
32139.638671875
32085.55859375
32032.8984375
31979.349609375
31926.486328125
31873.3203125
31821.02734375
31768.83203125
31716.462890625
31664.892578125
31613.08203125
31562.18359375
31511.271484375
31460.83203125
31410.83984375
31360.703125
31311.46875
31261.8828125
31212.9140625
31163.98828125
31114.953125
31066.625
31017.9609375
30969.7890625
30921.466796875
30873.458984375
30825.578125
30777.689453125
30730.01171875
30681.994140625
30634.4609375
30586.654296875
30538.771484375
30490.2265625
30442.005859375
30394.265625
30347.720703125
30301.5546875
30255.140625
30208.94921875
30162.84765625
30116.71484375
30070.626953125
30025.134765625
29979.8671875
29934.515625
29889.177734375
29844.24609375
29799.5546875
29755.01953125
29710.5
29666.6015625
29622.845703125
29578.40234375
29533.1875
29488.044921875
29443.90625
29400.53515625
29356.853515625
29312.33203125
29267.796875
29223.517578125
29179.69921875
29135.404296875
29090.724609375
29046.4375
29002.8359375
28959.751953125
28916.8515625
28874.30078125
28832.552734375
28790.994140625
28749.6484375
28708.451171875
28667.935546875
28627.7421875
28587.71875
28547.78515625
28508.462890625
28469.521484375
28430.4453125
28391.20703125
28352.443359375
28314.099609375
28276.251953125
28238.296875
28200.1875
28162.330078125
28125.486328125
28088.646484375
28052.783203125
28013.53125
27974.744140625
27935.82421875
27899.07421875
27863.228515625
27827.3125
27790.9921875
27754.8671875
27720.060546875
27684.13671875
27647.9453125
27610.814453125
27574.58984375
27539.83984375
27505.890625
27471.541015625
27436.09375
27401.19921875
27366.88671875
27333.189453125
27298.7734375
27264.546875
27230.83984375
27197.8046875
27164.630859375
27131.3984375
27098.69140625
27066.09765625
27033.7109375
27001.10546875
26968.919921875
26936.52734375
26904.78515625
26873.115234375
26841.673828125
26810.08984375
26778.466796875
26746.75
26714.9375
26683.62890625
26653.109375
26622.703125
26592.33984375
26562.1875
26532.30078125
26503.03125
26474.57421875
26445.265625
26414.4921875
26383.36328125
26355.93359375
26325.5078125
26295.220703125
26264.81640625
26236.072265625
26207.833984375
26178.69140625
26150.35546875
26121.92578125
26094.05859375
26063.37109375
26034.2890625
26006.08984375
25977.60546875
25949.736328125
25922.0234375
25893.95703125
25865.47265625
25838.1875
25810.388671875
25783.92578125
25756.697265625
25730.2109375
25703.806640625
25677.078125
25649.357421875
25620.5546875
25591.734375
25563.91015625
25537.59375
25511.91015625
25486.08984375
25459.42578125
25432.708984375
25406.46875
25381.81640625
25357.05859375
25332.20703125
25304.68359375
25277.78515625
25251.326171875
25225.89453125
25200.623046875
25174.9453125
25149.5625
25123.828125
25098.44921875
25073.224609375
25047.98828125
25022.947265625
24997.7890625
24972.94921875
24948.216796875
24924.3203125
24899.5546875
24875.61328125
24850.25390625
24825.72265625
24801.1953125
24777.21484375
24753.66015625
24730.013671875
24706.3671875
24682.44140625
24658.640625
24634.7734375
24610.94140625
24587.0546875
24564.02734375
24540.39453125
24518.04296875
24494.521484375
24471.51953125
24448.15234375
24425.130859375
24402.060546875
24379.58984375
24357.2421875
24334.765625
24312.220703125
24289.443359375
24266.509765625
24243.1015625
24219.76953125
24196.77734375
24174.353515625
24152.671875
24131.3984375
24111.234375
24089.7890625
24069.515625
24046.59375
24024.349609375
24001.6796875
23979.32421875
23957.794921875
23937.185546875
23917.431640625
23897.42578125
23878.26953125
23858.080078125
23840.259765625
23818.599609375
23797.326171875
23774.1640625
23752.359375
23732.236328125
23712.96875
23693.787109375
23674.21875
23655.681640625
23636.58984375
23618.193359375
23596.2890625
23573.68359375
23550.48046875
23528.81640625
23509.671875
23491.533203125
23473.1953125
23453.55859375
23434.61328125
23415.17578125
23397.064453125
23376.484375
23356.7734375
23337.568359375
23319.22265625
23300.369140625
23281.88671875
23262.80078125
23245.083984375
23227.85546875
23213.59375
23201.36328125
23181.29296875
23157.078125
23145.19921875
23127.091796875
23105.490234375
23091.203125
23069.28515625
23048.85546875
23030.01171875
23009.09765625
22993.609375
22974.970703125
22958.26171875
22941.00390625
22922.068359375
22905.470703125
22887.046875
22869.51953125
22853.3046875
22835.44921875
22819.24609375
22802.01953125
22784.6171875
22768.322265625
22750.796875
22734.203125
22717.546875
22700.80078125
22684.90625
22667.97265625
22650.814453125
22633.333984375
22616.63671875
22601.421875
22586.828125
22572.06640625
22556.736328125
22540.291015625
22523.86328125
22506.296875
22489.322265625
22470.91015625
22454.21484375
22437.890625
22422.328125
22406.05078125
22389.09765625
22371.982421875
22355.78515625
22340.72265625
22326.310546875
22311.65234375
22296.630859375
22281.29296875
22264.900390625
22248.23046875
22230.224609375
22212.30859375
22194.265625
22177.046875
22160.294921875
22144.1171875
22128.109375
22112.513671875
22096.712890625
22081.1640625
22065.01953125
22049.71484375
22036.44140625
22023.65625
22009.21875
21991.109375
21974.849609375
21961.87109375
21948.328125
21932.580078125
21914.638671875
21897.958984375
21882.43359375
21866.53515625
21852.328125
21837.14453125
21823.720703125
21810.376953125
21795.12109375
21779.642578125
21765.419921875
21753.19140625
21740.1953125
21726.65625
21712.119140625
21696.2109375
21678.876953125
21662.724609375
21648.08984375
21634.2421875
21620.6640625
21607.05859375
21592.8671875
21578.11328125
21563.65625
21549.658203125
21536.51171875
21523.306640625
21509.984375
21495.3828125
21481.40234375
21467.80859375
21455.36328125
21443.41015625
21430.587890625
21418.1796875
21403.87109375
21390.8046875
21378.32421875
21366.51953125
21354.41015625
21340.62890625
21325.6875
21311.21875
21298.212890625
21287.70703125
21276.109375
21264.595703125
21251.4765625
21239.5234375
21228.51171875
21219.080078125
21209.08203125
21199.2890625
21186.00390625
21170.52734375
21152.9765625
21136.173828125
21122.025390625
21111.1953125
21102.8046875
21094.548828125
21084.751953125
21070.525390625
21054.453125
21037.626953125
21023.1171875
21011.017578125
21000.96875
20992.04296875
20981.43359375
20968.0234375
20951.78125
20938.12890625
20926.765625
20916.0546875
20902.09375
20887.421875
20874.345703125
20863.9140625
20854.015625
20843.06640625
20831.0390625
20819.291015625
20807.515625
20796.826171875
20785.7734375
20774.171875
20762.48828125
20751.78515625
20743.1640625
20734.650390625
20723.990234375
20712.0234375
20698.533203125
20686.2265625
20674.970703125
20665.1640625
20655.5390625
20645.6015625
20635.8203125
20622.5234375
20610.439453125
20596.2578125
20582.52734375
20570.37890625
20559.5703125
20551.03125
20539.78125
20527.2578125
20513.677734375
20502.1328125
20492.21875
20482.1953125
20471.685546875
20458.548828125
20446.966796875
20435.548828125
20424.4921875
20413.404296875
20402.51953125
20392.626953125
20382.1328125
20371.1328125
20359.8671875
20349.3125
20338.615234375
20327.990234375
20318.07421875
20308.966796875
20300.25390625
20291.1484375
20280.826171875
20271.603515625
20262.654296875
20254.95703125
20246.13671875
20241.1640625
20224.595703125
20203.85546875
20195.31640625
20185.8984375
20177.87890625
20161.74609375
20151.8984375
20145.98046875
20141.25
20125.23828125
20112.91796875
20102.208984375
20094.7578125
20082.279296875
20075.416015625
20064.015625
20056.326171875
20039.99609375
20027.3046875
20013.515625
20005.171875
19994.150390625
19985.677734375
19975.0234375
19966.833984375
19957.109375
19949.236328125
19938.80078125
19928.8828125
19918.2578125
19908.10546875
19897.873046875
19888.47265625
19880.046875
19871.94921875
19864.33984375
19856.44921875
19848.416015625
19838.646484375
19830.080078125
19820.6171875
19812.64453125
19802.1953125
19790.6015625
19777.783203125
19766.63671875
19757.44921875
19749.453125
19741.419921875
19732.3984375
19723.369140625
19714.509765625
19707.15625
19700.02734375
19692.85546875
19684.625
19675.66796875
19665.794921875
19655.23828125
19644.01171875
19632.1796875
19620.8671875
19609.5625
19600.146484375
19591.337890625
19583.4921875
19575.794921875
19568.126953125
19560.412109375
19552.69921875
19544.703125
19536.79296875
19527.81640625
19518.630859375
19508.12890625
19498.728515625
19489.763671875
19482.669921875
19475.73828125
19468.908203125
19460.9453125
19452.322265625
19442.6328125
19432.3515625
19421.765625
19412.0546875
19403.189453125
19395.72265625
19388.12109375
19380.484375
19372.490234375
19364.375
19355.86328125
19346.21484375
19335.5859375
19324.9296875
19314.81640625
19305.90234375
19297.154296875
19288.81640625
19279.8671875
19271.37109375
19263.123046875
19255.68359375
19248.2265625
19240.771484375
19232.58203125
19224.03125
19215.046875
19206.58984375
19198.630859375
19191.880859375
19185.90234375
19181.328125
19176.62109375
19172.548828125
19166.693359375
19160.806640625
19153.962890625
19147.73046875
19141.77734375
19135.23828125
19127.82421875
19118.6875
19109.234375
19099.32421875
19090.392578125
19082.005859375
19074.2265625
19065.236328125
19055.73828125
19045.638671875
19036.625
19027.583984375
19019.244140625
19010.6484375
19002.98046875
18995.34765625
18988.724609375
18981.703125
18974.892578125
18966.671875
18957.921875
18947.880859375
18937.693359375
18927.7109375
18918.3671875
18910.125
18902.86328125
18896.01953125
18889.048828125
18881.390625
18873.421875
18865.724609375
18858.7890625
18852.94140625
18847.8359375
18843.013671875
18838.529296875
18834.234375
18831.115234375
18825.76171875
18816.984375
18803.01953125
18787.71484375
18774.568359375
18765.783203125
18760.150390625
18755.59765625
18749.140625
18740.10546875
18730.322265625
18722.04296875
18716.068359375
18710.21875
18703.58203125
18694.98828125
18686.361328125
18678.49609375
18672.62109375
18667.318359375
18661.697265625
18654.798828125
18647.72265625
18640.48828125
18634.025390625
18628.80859375
18625.03515625
18621.9296875
18618.203125
18612.27734375
18604.365234375
18593.802734375
18583.87890625
18574.95703125
18568.208984375
18561.775390625
18554.966796875
18547.044921875
18539.52734375
18532.70703125
18526.57421875
18519.673828125
18511.578125
18502.140625
18492.994140625
18485.17578125
18479.615234375
18475.48828125
18472.2578125
18468.32421875
18464.546875
18459.568359375
18454.29296875
18446.9921875
18438.390625
18429.109375
18421.109375
18415.642578125
18411.796875
18408.408203125
18403.80078125
18397.4375
18389.431640625
18380.43359375
18371.6015625
18363.37109375
18356.02734375
18349.17578125
18342.677734375
18336.6796875
18331.3203125
18326.375
18321.349609375
18315.71875
18309.078125
18301.5625
18293.4296875
18285.83203125
18277.8359375
18270.337890625
18261.486328125
18252.8671875
18244.779296875
18238.109375
18232.650390625
18228.255859375
18223.7578125
18218.568359375
18212.0390625
18204.51953125
18196.546875
18188.3984375
18181.5625
18175.4296875
18171.0078125
18166.390625
18162.384765625
18157.49609375
18152.89453125
18148.515625
18144.60546875
18140.36328125
18134.08203125
18125.6328125
18115.9453125
18108.11328125
18102.328125
18098.9765625
18095.25390625
18091.0
18084.857421875
18077.51953125
18069.236328125
18060.5078125
18052.013671875
18044.787109375
18039.046875
18035.03125
18031.912109375
18028.990234375
18025.88671875
18021.69921875
18016.388671875
18009.837890625
18002.341796875
17995.375
17989.8203125
17986.55859375
17984.833984375
17983.603515625
17981.181640625
17975.96875
17967.703125
17956.3671875
17945.2421875
17936.10546875
17930.240234375
17907.798828125
17908.53515625
17910.2265625
17892.576171875
17898.8671875
17890.40625
17882.1015625
17885.177734375
17874.265625
17872.0078125
17869.8359375
17861.37109375
17860.52734375
17855.39453125
17849.916015625
17848.05078125
17842.29296875
17838.486328125
17835.22265625
17830.0625
17826.796875
17822.822265625
17818.3359375
17814.96875
17810.76171875
17806.765625
17803.07421875
17798.943359375
17795.099609375
17791.33984375
17787.296875
17783.515625
17779.705078125
17775.767578125
17771.927734375
17768.1640625
17764.24609375
17760.427734375
17756.603515625
17752.765625
17749.00390625
17745.205078125
17741.41796875
17737.6328125
17733.8046875
17730.037109375
17726.25390625
17722.4296875
17718.70703125
17714.91796875
17711.1953125
17707.392578125
17703.625
17699.89453125
17696.1640625
17692.380859375
17688.6640625
17684.921875
17681.14453125
17677.42578125
17673.669921875
17669.978515625
17666.212890625
17662.49609375
17658.77734375
17655.08203125
17651.3359375
17647.609375
17643.908203125
17640.193359375
17636.521484375
17632.859375
17629.15625
17625.5
17621.76953125
17618.048828125
17614.33203125
17610.61328125
17606.97265625
17603.32421875
17599.6484375
17595.96484375
17592.2890625
17588.56640625
17584.87890625
17581.169921875
17577.52734375
17573.84375
17570.146484375
17566.419921875
17562.68359375
17558.9453125
17555.25
17551.4921875
17547.8046875
17544.025390625
17540.2421875
17536.48828125
17532.7109375
17528.955078125
17525.185546875
17521.41796875
17517.671875
17513.8671875
17510.09765625
17506.390625
17502.671875
17498.9921875
17495.29296875
17491.625
17488.009765625
17484.3203125
17480.734375
17477.05859375
17473.408203125
17469.740234375
17466.1171875
17462.49609375
17458.921875
17455.291015625
17451.74609375
17448.169921875
17444.6328125
17441.0390625
17437.490234375
17433.90234375
17430.408203125
17426.884765625
17423.419921875
17419.94140625
17416.443359375
17412.853515625
17409.248046875
17405.640625
17402.078125
17398.72265625
17395.16015625
17391.701171875
17388.109375
17384.537109375
17381.015625
17377.599609375
17374.09765625
17370.583984375
17367.015625
17363.5546875
17360.08203125
17356.625
17353.14453125
17349.6875
17346.212890625
17342.76171875
17339.322265625
17335.81640625
17332.3671875
17328.9296875
17325.48046875
17322.0625
17318.595703125
17315.140625
17311.7109375
17308.28125
17304.869140625
17301.46484375
17298.048828125
17294.556640625
17291.171875
17287.744140625
17284.396484375
17280.970703125
17277.552734375
17274.123046875
17270.677734375
17267.279296875
17263.859375
17260.45703125
17257.033203125
17253.640625
17250.232421875
17246.849609375
17243.41015625
17240.01953125
17236.65234375
17233.28125
17229.94140625
17226.51171875
17223.21484375
17219.890625
17216.546875
17213.25
17209.88671875
17206.51171875
17203.23046875
17199.9375
17196.6171875
17193.3203125
17190.015625
17186.75390625
17183.44921875
17180.1875
17176.8671875
17173.59375
17170.34375
17167.03515625
17163.765625
17160.53515625
17157.26171875
17154.033203125
17150.755859375
17147.541015625
17144.349609375
17141.091796875
17137.85546875
17134.625
17131.412109375
17128.212890625
17124.98828125
17121.79296875
17118.568359375
17115.3828125
17112.16015625
17108.986328125
17105.77734375
17102.544921875
17099.42578125
17096.20703125
17093.013671875
17089.87109375
17086.666015625
17083.48828125
17080.35546875
17077.19140625
17074.0546875
17070.84375
17067.75
17064.587890625
17061.453125
17058.26171875
17055.14453125
17052.01171875
17048.88671875
17045.740234375
17042.595703125
17039.45703125
17036.3359375
17033.23046875
17030.13671875
17027.03125
17023.94140625
17020.80859375
17017.69921875
17014.58984375
17011.482421875
17008.3984375
17005.28515625
17002.26171875
16999.103515625
16996.015625
16992.8984375
16989.798828125
16986.73828125
16983.65234375
16980.552734375
16977.51171875
16974.375
16971.33984375
16968.27734375
16965.22265625
16962.123046875
16959.09375
16956.01953125
16952.982421875
16949.9375
16946.958984375
16943.9453125
16940.90625
16937.951171875
16934.94921875
16932.08203125
16929.125
16926.33203125
16923.455078125
16920.43359375
16917.232421875
16913.90234375
16910.5703125
16907.5
16904.6171875
16901.759765625
16898.814453125
16895.7578125
16892.60546875
16889.482421875
16886.44921875
16883.583984375
16880.60546875
16877.669921875
16874.54296875
16871.49609375
16868.482421875
16865.49609375
16862.572265625
16859.57421875
16856.58984375
16853.52734375
16850.51953125
16847.515625
16844.537109375
16841.552734375
16838.58203125
16835.595703125
16832.61328125
16829.60546875
16826.671875
16823.67578125
16820.73046875
16817.857421875
16815.0234375
16812.26171875
16809.72265625
16807.173828125
16804.65234375
16801.609375
16798.185546875
16794.302734375
16790.51171875
16787.322265625
16784.685546875
16782.1328125
16779.25390625
16775.91015625
16772.5078125
16769.25
16766.423828125
16763.6171875
16760.734375
16757.56640625
16754.333984375
16751.240234375
16748.3671875
16745.541015625
16742.6171875
16739.548828125
16736.412109375
16733.4140625
16730.51171875
16727.599609375
16724.638671875
16721.69921875
16718.658203125
16715.6875
16712.75
16709.91015625
16707.00390625
16704.02734375
16701.064453125
16698.13671875
16695.28125
16692.375
16689.537109375
16686.5859375
16683.69921875
16680.80078125
16677.900390625
16675.0546875
16672.228515625
16669.369140625
16666.53515625
16663.7421875
16660.984375
16658.296875
16655.54296875
16652.98046875
16650.146484375
16647.482421875
16644.41015625
16641.50390625
16638.39453125
16635.3984375
16632.53515625
16629.802734375
16627.126953125
16624.59765625
16622.12109375
16619.6328125
16617.095703125
16614.44921875
16611.515625
16608.46484375
16605.185546875
16601.85546875
16598.662109375
16595.814453125
16593.23046875
16590.763671875
16588.17578125
16585.375
16582.42578125
16579.439453125
16576.42578125
16573.62890625
16570.96484375
16568.296875
16565.712890625
16563.0859375
16560.439453125
16557.671875
16554.93359375
16552.1171875
16549.359375
16546.48046875
16543.673828125
16540.84765625
16538.01953125
16535.2421875
16532.50390625
16529.798828125
16527.1328125
16524.421875
16521.765625
16519.0078125
16516.3203125
16513.52734375
16510.783203125
16508.05859375
16505.328125
16502.6484375
16499.94140625
16497.216796875
16494.5234375
16491.85546875
16489.1796875
16486.5078125
16483.837890625
16481.15234375
16478.478515625
16475.853515625
16473.1953125
16470.591796875
16467.90234375
16465.330078125
16462.486328125
16459.9140625
16456.859375
16454.021484375
16450.931640625
16448.03515625
16445.146484375
16442.376953125
16439.6484375
16436.8984375
16434.35546875
16431.61328125
16429.0859375
16426.4375
16424.01171875
16421.27734375
16418.84375
16416.0546875
16413.392578125
16410.736328125
16408.46484375
16406.439453125
16403.9453125
16400.703125
16396.6796875
16392.681640625
16389.412109375
16386.94921875
16384.78125
16382.404296875
16379.419921875
16376.0654296875
16372.9765625
16370.9755859375
16370.552734375
16369.302734375
16366.412109375
16361.18359375
16357.4169921875
16353.734375
16349.3212890625
16346.041015625
16343.2880859375
16339.88671875
16336.0556640625
16332.650390625
16329.0
16324.681640625
16321.3974609375
16319.2578125
16316.69140625
16313.642578125
16311.15625
16308.787109375
16305.9326171875
16303.21875
16300.76953125
16297.916015625
16295.083984375
16292.70703125
16290.3662109375
16287.45703125
16284.5400390625
16280.916015625
16277.140625
16273.6357421875
16271.099609375
16269.123046875
16267.658203125
16266.22265625
16264.748046875
16263.08203125
16261.587890625
16260.2333984375
16259.197265625
16257.4912109375
16254.900390625
16250.32421875
16245.19921875
16240.4267578125
16236.7939453125
16234.6298828125
16233.4267578125
16231.796875
16229.1572265625
16225.59765625
16222.49609375
16220.4873046875
16218.8173828125
16216.650390625
16213.904296875
16211.41796875
16209.140625
16206.6708984375
16203.8056640625
16200.669921875
16197.6044921875
16195.052734375
16193.0595703125
16191.357421875
16189.9287109375
16188.205078125
16186.322265625
16183.84375
16180.92578125
16177.5009765625
16174.2314453125
16171.63671875
16170.2314453125
16169.689453125
16169.9404296875
16169.55078125
16167.998046875
16164.603515625
16160.8828125
16157.2900390625
16154.326171875
16151.146484375
16147.4423828125
16143.2822265625
16139.15234375
16135.876953125
16133.58984375
16131.96875
16130.33984375
16127.900390625
16124.595703125
16120.791015625
16117.31640625
16114.37109375
16112.072265625
16109.79296875
16107.458984375
16104.873046875
16102.3212890625
16100.0556640625
16098.04296875
16096.25390625
16094.5166015625
16092.865234375
16091.197265625
16089.2734375
16086.908203125
16083.880859375
16079.98828125
16075.748046875
16071.4638671875
16068.072265625
16065.4970703125
16063.818359375
16062.28125
16060.4248046875
16058.08984375
16055.599609375
16053.4296875
16051.8994140625
16050.7197265625
16049.6279296875
16048.005859375
16045.74609375
16043.080078125
16040.3408203125
16037.6640625
16035.337890625
16033.4111328125
16031.826171875
16030.48828125
16029.2783203125
16027.7216796875
16025.9404296875
16023.5888671875
16020.82421875
16017.525390625
16014.1728515625
16010.72265625
16007.2861328125
16003.919921875
16000.75
15997.9921875
15995.525390625
15993.4130859375
15991.40234375
15989.625
15987.6376953125
15985.3623046875
15982.5517578125
15979.4765625
15976.4404296875
15973.88671875
15971.6796875
15969.6162109375
15967.3828125
15964.802734375
15961.78125
15958.486328125
15955.18359375
15952.2021484375
15949.5625
15947.2216796875
15944.92578125
15942.703125
15940.314453125
15938.0546875
15935.68359375
15933.716796875
15931.7822265625
15930.3740234375
15929.23046875
15928.908203125
15928.7958984375
15929.546875
15930.193359375
15931.2587890625
15931.5537109375
15931.490234375
15929.65234375
15926.669921875
15921.9931640625
15916.845703125
15911.5390625
15907.1484375
15903.2890625
15900.076171875
15896.85546875
15893.6748046875
15890.642578125
15888.146484375
15886.208984375
15884.677734375
15883.091796875
15881.1796875
15879.0029296875
15876.587890625
15874.345703125
15872.212890625
15870.58984375
15868.912109375
15867.1259765625
15864.8203125
15862.125
15859.2353515625
15856.615234375
15854.33203125
15852.5966796875
15851.259765625
15850.2568359375
15849.443359375
15848.642578125
15847.5458984375
15846.2314453125
15844.37890625
15842.505859375
15839.845703125
15837.33203125
15833.7646484375
15830.431640625
15826.8564453125
15824.1796875
15821.8193359375
15820.12890625
15818.20703125
15815.9912109375
15813.4345703125
15810.5537109375
15807.220703125
15803.857421875
15800.8984375
15798.45703125
15796.3828125
15794.125
15791.4873046875
15788.421875
15785.525390625
15783.2900390625
15781.8896484375
15781.0244140625
15779.7001953125
15777.314453125
15773.8203125
15770.44921875
15768.15625
15767.25
15766.943359375
15766.5908203125
15765.7177734375
15764.2392578125
15762.38671875
15760.3232421875
15758.0107421875
15755.3984375
15751.8662109375
15748.1953125
15743.931640625
15740.7470703125
15737.720703125
15735.830078125
15733.77734375
15731.8974609375
15729.5009765625
15727.19140625
15724.73828125
15722.7265625
15720.8984375
15719.4296875
15718.03515625
15716.712890625
15715.3681640625
15713.84375
15712.4892578125
15711.294921875
15710.62109375
15710.1474609375
15710.208984375
15710.3037109375
15710.5224609375
15710.443359375
15709.78125
15708.3076171875
15705.66015625
15702.12890625
15697.5595703125
15692.7685546875
15688.2529296875
15684.6376953125
15681.8251953125
15679.4326171875
15676.85546875
15673.87109375
15670.865234375
15668.01171875
15665.681640625
15663.6865234375
15661.48828125
15659.037109375
15656.4013671875
15653.947265625
15651.6796875
15649.41015625
15647.07421875
15644.8359375
15642.666015625
15640.666015625
15638.673828125
15636.5693359375
15634.404296875
15632.193359375
15630.068359375
15628.1875
15626.4970703125
15624.96875
15623.0849609375
15621.001953125
15618.296875
15615.5322265625
15612.404296875
15609.8154296875
15607.2666015625
15605.404296875
15603.548828125
15601.916015625
15599.994140625
15598.111328125
15595.95703125
15593.8994140625
15591.712890625
15589.765625
15587.8369140625
15586.322265625
15584.921875
15583.974609375
15583.25
15582.861328125
15582.494140625
15582.1083984375
15581.169921875
15580.10546875
15578.541015625
15577.16796875
15575.83203125
15575.109375
15574.673828125
15574.650390625
15574.2470703125
15573.3017578125
15570.9462890625
15567.287109375
15562.71484375
15558.6494140625
15556.017578125
15555.40234375
15555.935546875
15556.7939453125
15556.775390625
15555.47265625
15552.7705078125
15549.1123046875
15544.5625
15539.8525390625
15534.896484375
15530.546875
15526.720703125
15523.8583984375
15521.466796875
15519.361328125
15516.810546875
15514.052734375
15510.93359375
15508.265625
15506.296875
15505.5234375
15505.41796875
15505.412109375
15504.673828125
15502.796875
15499.9560546875
15496.591796875
15493.3583984375
15490.755859375
15488.6767578125
15487.21875
15485.7314453125
15484.171875
15482.28125
15480.18359375
15477.900390625
15475.748046875
15473.619140625
15471.9765625
15470.572265625
15469.59765625
15468.74609375
15467.8349609375
15466.8232421875
15465.431640625
15463.8193359375
15461.64453125
15459.61328125
15457.33984375
15455.7529296875
15454.134765625
15453.2666015625
15452.3203125
15451.6279296875
15450.4296875
15449.12890625
15447.171875
15445.0029296875
15442.48046875
15440.087890625
15437.9814453125
15436.5380859375
15435.73046875
15435.134765625
15434.2001953125
15431.7138671875
15427.767578125
15422.880859375
15418.861328125
15416.361328125
15415.138671875
15413.8134765625
15411.9462890625
15408.7763671875
15406.203125
15403.9453125
15402.78125
15401.482421875
15399.552734375
15396.89453125
15393.783203125
15390.583984375
15387.486328125
15384.697265625
15382.3779296875
15380.8349609375
15379.4716796875
15378.4560546875
15376.9453125
15375.439453125
15374.0361328125
15372.9580078125
15372.330078125
15371.876953125
15371.4580078125
15370.7822265625
15370.029296875
15369.0576171875
15368.203125
15367.03125
15365.7578125
15364.0556640625
15362.181640625
15359.7890625
15357.181640625
15354.39453125
15351.791015625
15349.966796875
15348.3837890625
15347.447265625
15346.0546875
15344.09765625
15341.3564453125
15337.7236328125
15333.9873046875
15330.458984375
15327.5751953125
15325.1474609375
15322.8916015625
15320.2919921875
15317.8466796875
15315.47265625
15313.673828125
15312.267578125
15311.146484375
15310.138671875
15309.857421875
15309.853515625
15310.568359375
15310.783203125
15310.5634765625
15308.6953125
15305.74609375
15301.703125
15297.943359375
15294.76171875
15292.673828125
15291.3359375
15290.6220703125
15289.890625
15289.0556640625
15287.732421875
15286.2548828125
15284.8125
15283.5771484375
15282.3779296875
15281.048828125
15279.220703125
15277.119140625
15274.9404296875
15273.037109375
15271.6201171875
15270.4033203125
15268.9296875
15266.88671875
15264.0927734375
15261.08203125
15258.30859375
15256.1611328125
15254.7734375
15254.099609375
15253.9404296875
15253.0908203125
15250.83203125
15246.615234375
15241.75
15237.513671875
15234.53515625
15232.650390625
