15244.130859375
15238.12890625
15232.44921875
15227.0771484375
15222.0009765625
15217.17578125
15212.6025390625
15208.25
15204.0966796875
15200.115234375
15196.30078125
15192.638671875
15189.1015625
15185.6953125
15182.404296875
15179.2236328125
15176.13671875
15173.15234375
15170.251953125
15167.443359375
15164.720703125
15162.0712890625
15159.5107421875
15157.0224609375
15154.5986328125
15152.2421875
15149.9541015625
15147.720703125
15145.5556640625
15143.447265625
15141.3896484375
15139.384765625
15137.4384765625
15135.5322265625
15133.677734375
15131.861328125
15130.107421875
15128.388671875
15126.7060546875
15125.0751953125
15123.484375
15121.923828125
15120.404296875
15118.92578125
15117.474609375
15116.060546875
15114.6796875
15113.3271484375
15112.005859375
15110.712890625
15109.451171875
15108.2158203125
15107.0029296875
15105.814453125
15104.6572265625
15103.521484375
15102.41015625
15101.3212890625
15100.251953125
15099.2099609375
15098.185546875
15097.189453125
15096.2158203125
15095.255859375
15094.31640625
15093.3984375
15092.4990234375
15091.6171875
15090.751953125
15089.90234375
15089.078125
15088.267578125
15087.4697265625
15086.697265625
15085.9287109375
15085.1806640625
15084.4453125
15083.728515625
15083.0234375
15082.330078125
15081.65625
15080.9921875
15080.345703125
15079.70703125
15079.078125
15078.4658203125
15077.865234375
15077.2783203125
15076.703125
15076.1376953125
15075.5849609375
15075.0400390625
15074.5078125
15073.986328125
15073.4765625
15072.9716796875
15072.482421875
15071.9970703125
15071.5234375
15071.0625
15070.607421875
15070.1640625
15069.7275390625
15069.3017578125
15068.884765625
15068.470703125
15068.0703125
15067.6767578125
15067.2919921875
15066.912109375
15066.5390625
15066.1767578125
15065.8203125
15065.470703125
15065.1318359375
15064.7998046875
15064.470703125
15064.1474609375
15063.8359375
15063.5244140625
15063.2216796875
15062.92578125
15062.6376953125
15062.3544921875
15062.07421875
15061.8037109375
15061.5380859375
15061.275390625
15061.0166015625
15060.767578125
15060.521484375
15060.2822265625
15060.044921875
15059.81640625
15059.591796875
15059.3701171875
15059.1533203125
15058.94140625
15058.734375
15058.529296875
15058.330078125
15058.1357421875
15057.9482421875
15057.7607421875
15057.5771484375
15057.3984375
15057.22265625
15057.052734375
15056.8857421875
15056.72265625
15056.5595703125
15056.4033203125
15056.251953125
15056.1005859375
15055.953125
15055.810546875
15055.669921875
15055.53125
15055.396484375
15055.265625
15055.138671875
15055.01171875
15054.888671875
15054.76953125
15054.6513671875
15054.537109375
15054.421875
15054.3125
15054.203125
15054.099609375
15053.998046875
15053.89453125
15053.796875
15053.701171875
15053.60546875
15053.51171875
15053.4208984375
15053.33203125
15053.248046875
15053.1630859375
15053.0810546875
15053.0009765625
15052.921875
15052.845703125
15052.7705078125
15052.6982421875
15052.625
15052.5546875
15052.48828125
15052.421875
15052.357421875
15052.29296875
15052.23046875
15052.169921875
15052.107421875
15052.05078125
15051.9921875
15051.939453125
15051.8828125
15051.83203125
6179087.0
481520.59375
612828.5
188022.21875
124515.65625
97488.515625
120260.78125
131042.9453125
100873.671875
81726.890625
84423.96875
95760.0234375
95361.203125
93873.625
94406.1953125
88990.234375
78225.5078125
68394.7421875
61577.6796875
57124.23828125
54063.48828125
51780.24609375
49954.38671875
48418.765625
47075.390625
45870.765625
44784.96875
43794.83203125
42866.41796875
41962.76171875
41057.25
40142.37890625
39243.0
38396.11328125
37608.37109375
36862.4609375
36133.0859375
35412.67578125
34716.66015625
34058.78515625
33437.4140625
32843.3671875
32268.80078125
31713.0
31181.408203125
30671.810546875
30176.265625
29697.455078125
29241.671875
28806.74609375
28386.615234375
27980.02734375
27590.77734375
27221.50390625
26869.875
26532.291015625
26208.78515625
25898.9296875
25601.970703125
25316.546875
25040.6796875
24779.421875
24516.861328125
24287.84375
24061.1953125
23854.349609375
23630.15234375
23397.73828125
23168.416015625
22949.984375
22765.896484375
22548.3359375
22366.23828125
22186.845703125
22005.34375
21829.015625
21663.443359375
21501.6171875
21343.625
21190.6171875
21041.49609375
20895.328125
20757.486328125
20619.484375
20485.708984375
20355.91796875
20230.01953125
20105.0546875
19985.046875
19866.919921875
19751.3671875
19638.2421875
19527.1171875
19418.7890625
19313.27734375
19210.25390625
19109.8359375
19011.7734375
18915.275390625
18821.28515625
18729.0078125
18638.89453125
18550.662109375
18463.8515625
18378.779296875
18295.802734375
18214.330078125
18134.7109375
18057.501953125
17982.32421875
17908.490234375
17835.884765625
17764.53125
17694.7578125
17626.373046875
17559.2578125
17493.279296875
17428.5859375
17365.05859375
17302.703125
17241.443359375
17181.42578125
17122.458984375
17064.453125
17007.359375
16951.078125
16895.640625
16840.9453125
16787.068359375
16733.94140625
16681.478515625
16629.8203125
16578.806640625
16528.53515625
16478.912109375
16429.939453125
16381.63671875
16333.98828125
16286.9296875
16240.4755859375
16194.599609375
16149.1533203125
16104.2666015625
16059.7578125
16015.6875
15971.953125
15928.4580078125
15885.4140625
15842.6171875
15800.068359375
15757.6953125
15715.51171875
15673.5244140625
15631.7060546875
15590.0537109375
15548.701171875
15507.71484375
15467.18359375
15427.169921875
15387.11328125
15346.939453125
15307.546875
15269.4306640625
15231.83984375
15194.212890625
15157.142578125
15121.2275390625
15085.650390625
15050.2021484375
15015.587890625
14981.7060546875
14948.068359375
14914.5390625
14881.724609375
14849.474609375
14817.416015625
14785.5615234375
14754.267578125
14723.365234375
14692.849609375
14662.548828125
14632.7353515625
14603.2802734375
14574.119140625
14545.2109375
14516.5498046875
14488.0361328125
14459.806640625
14431.7890625
14403.857421875
14375.98828125
14348.357421875
14320.748046875
14293.17578125
14265.779296875
14238.7578125
14212.255859375
14186.4794921875
14161.623046875
14136.9501953125
14112.3955078125
14088.291015625
14064.3974609375
14040.7041015625
14017.375
13994.328125
13971.349609375
13948.427734375
13925.689453125
13903.130859375
13880.779296875
13858.57421875
13836.60546875
13814.7509765625
13793.0908203125
13771.5927734375
13750.228515625
13728.966796875
13707.9482421875
13687.162109375
13666.49609375
13645.939453125
13625.40234375
13604.9169921875
13584.578125
13564.46875
13544.615234375
13524.9013671875
13505.294921875
13485.8037109375
13466.1865234375
13446.77734375
13427.408203125
13407.99609375
13388.556640625
13369.4970703125
13350.83984375
13332.1015625
13313.4052734375
13295.0546875
13276.783203125
13257.65625
13238.119140625
13219.4931640625
13201.203125
13182.6015625
13162.90625
13144.1162109375
13126.5859375
13109.548828125
13092.28125
13074.966796875
13057.9990234375
13040.501953125
13023.02734375
13006.091796875
12989.5166015625
12972.91796875
12955.86328125
12939.1533203125
12922.6708984375
12906.427734375
12890.3720703125
12874.271484375
12858.109375
12841.861328125
12825.8515625
12810.10546875
12794.36328125
12778.3671875
12762.41015625
12746.6533203125
12731.0107421875
12715.3203125
12699.68359375
12684.13671875
12668.60546875
12652.986328125
12637.46484375
12622.15234375
12606.947265625
12591.783203125
12576.7119140625
12561.796875
12546.935546875
12532.08203125
12517.2998046875
12502.646484375
12488.033203125
12473.4033203125
12458.876953125
12444.39453125
12429.970703125
12415.5791015625
12401.40625
12387.6591796875
12374.6484375
12362.2275390625
12349.55078125
12336.2138671875
12322.357421875
12309.0078125
12296.583984375
12284.5439453125
12272.1826171875
12259.408203125
12246.7373046875
12234.98828125
12224.0859375
12211.76171875
12198.0302734375
12186.1318359375
12174.603515625
12161.7060546875
12149.5986328125
12136.865234375
12123.693359375
12112.1396484375
12099.970703125
12087.40234375
12074.9833984375
12062.08203125
12050.1015625
12038.71484375
12027.201171875
12016.8642578125
12005.6357421875
11994.9189453125
11983.560546875
11972.142578125
11961.25
11950.27734375
11939.3056640625
11928.2294921875
11917.650390625
11907.375
11897.541015625
11887.30859375
11875.9638671875
11864.6484375
11854.7255859375
11845.806640625
11835.5625
11824.0537109375
11813.3291015625
11804.1669921875
11795.173828125
11785.2880859375
11775.3515625
11765.8564453125
11756.185546875
11746.0849609375
11736.2939453125
11727.080078125
11717.595703125
11707.6484375
11697.8310546875
11688.5556640625
11679.34765625
11669.8837890625
11660.2841796875
11650.791015625
11641.69140625
11632.7890625
11623.794921875
11614.486328125
11605.18359375
11596.19140625
11587.509765625
11578.6904296875
11569.810546875
11561.0458984375
11552.4833984375
11543.8642578125
11535.2001953125
11526.556640625
11518.01171875
11509.4052734375
11500.8056640625
11492.2412109375
11483.939453125
11475.732421875
11467.6591796875
11459.2890625
11451.0390625
11442.6484375
11434.6240234375
11426.46875
11418.353515625
11410.1171875
11401.8203125
11393.466796875
11385.1806640625
11376.8828125
11368.9169921875
11361.033203125
11353.3759765625
11345.623046875
11337.748046875
11329.443359375
11321.21875
11313.306640625
11306.2744140625
11299.6083984375
11293.505859375
11286.8388671875
11279.7109375
11270.361328125
11260.107421875
11250.208984375
11242.6484375
11236.177734375
11229.1962890625
11220.4404296875
11211.2939453125
11203.166015625
11196.65234375
11190.083984375
11182.671875
11174.6865234375
11167.486328125
11160.806640625
11152.96484375
11143.0625
11133.369140625
11125.8330078125
11120.232421875
11113.34375
11104.76953125
11096.0146484375
11089.16796875
11083.16796875
11076.12890625
11068.1875
11060.4697265625
11053.2626953125
11045.8125
11037.716796875
11030.1376953125
11023.1904296875
11016.6279296875
11009.4169921875
11002.04296875
10995.7978515625
10989.966796875
10986.79296875
10973.955078125
10965.0263671875
10960.31640625
10952.365234375
10944.826171875
10938.68359375
10931.376953125
10923.70703125
10917.1171875
10910.13671875
10902.9150390625
10896.3359375
10890.55859375
10883.76171875
10877.123046875
10870.3876953125
10863.7333984375
10856.4716796875
10849.4033203125
10841.8525390625
10834.79296875
10827.71484375
10820.7646484375
10814.06640625
10808.01953125
10801.8984375
10796.4921875
10791.193359375
10785.9072265625
10778.9462890625
10771.064453125
10763.640625
10757.1015625
10751.619140625
10746.1591796875
10741.25
10734.255859375
10727.0576171875
10719.9208984375
10714.8466796875
10710.005859375
10704.9921875
10698.814453125
10691.3203125
10684.904296875
10680.3115234375
10675.9091796875
10669.20703125
10660.98828125
10652.7041015625
10645.9423828125
10640.2958984375
10634.8076171875
10629.0517578125
10622.3212890625
10616.5244140625
10610.8935546875
10605.6015625
10599.17578125
10592.7939453125
10587.71484375
10581.26171875
10575.724609375
10570.814453125
10566.8232421875
10560.87109375
10553.55078125
10548.6044921875
10542.130859375
10537.404296875
10533.8740234375
10528.0146484375
10520.4609375
10514.9609375
10510.7412109375
10506.88671875
10498.3447265625
10495.060546875
10500.423828125
10492.3359375
10480.630859375
10480.0517578125
10466.564453125
10468.349609375
10457.9365234375
10453.1435546875
10447.9404296875
10442.94140625
10438.732421875
10435.455078125
10432.4736328125
10424.4775390625
10415.12890625
10408.380859375
10401.150390625
10397.9921875
10394.0849609375
10388.783203125
10384.076171875
10376.2470703125
10370.58203125
10369.9921875
10367.189453125
10363.6171875
10353.7587890625
10345.78125
10342.6396484375
10337.853515625
10331.3203125
10326.33984375
10321.83984375
10315.857421875
10311.166015625
10308.1904296875
10302.41796875
10295.30078125
10291.431640625
10287.9765625
10280.220703125
10276.1591796875
10274.869140625
10267.224609375
10264.0771484375
10263.0419921875
10254.166015625
10253.3876953125
10254.5654296875
10245.2197265625
10243.7744140625
10236.353515625
10229.740234375
10228.92578125
10224.5263671875
10220.5966796875
10217.5556640625
10213.14453125
10208.431640625
10199.6962890625
10196.533203125
10193.65625
10183.90234375
10180.203125
10173.05078125
10171.01953125
10169.4453125
10164.66015625
10159.685546875
10151.84375
10146.6025390625
10139.9482421875
10133.169921875
10131.689453125
10128.8046875
10123.01953125
10117.11328125
10110.357421875
10107.240234375
10098.73828125
10095.7646484375
10088.5703125
10086.1640625
10081.6572265625
10077.4453125
10071.9609375
10066.6005859375
10062.703125
10057.880859375
10054.94921875
10050.5810546875
10047.26953125
10042.978515625
10039.67578125
10035.1982421875
10030.4560546875
10024.7900390625
10018.892578125
10014.0400390625
10009.0693359375
10005.58984375
10000.8671875
9997.1298828125
9991.7666015625
9987.736328125
9983.23046875
9980.1728515625
9976.4873046875
9972.529296875
9967.798828125
9962.259765625
9957.2421875
9952.5458984375
9948.623046875
9944.796875
9941.0263671875
9937.0751953125
9933.3515625
9929.5166015625
9925.73828125
9921.68359375
9918.2783203125
9915.84765625
9914.609375
9913.451171875
9911.2763671875
9907.279296875
9901.7197265625
9895.701171875
9889.720703125
9884.640625
9880.3408203125
9876.232421875
9872.0771484375
9867.986328125
9864.1962890625
9860.8818359375
9858.216796875
9856.2607421875
9854.771484375
9852.9189453125
9849.998046875
9845.32421875
9839.4599609375
9832.0859375
9825.849609375
9821.2578125
9819.3349609375
9817.845703125
9815.5693359375
9811.759765625
9807.271484375
9803.095703125
9800.48046875
9796.595703125
9793.4541015625
9787.361328125
9782.033203125
9777.9853515625
9773.8359375
9771.267578125
9765.4873046875
9760.650390625
9757.01953125
9754.359375
9752.52734375
9748.134765625
9743.8203125
9740.28125
9737.171875
9734.244140625
9729.66015625
9725.8623046875
9722.7919921875
9719.8369140625
9715.9404296875
9711.697265625
9707.86328125
9703.93359375
9700.255859375
9696.765625
9693.14453125
9689.44140625
9685.376953125
9681.8330078125
9678.3359375
9675.486328125
9673.341796875
9671.3515625
9668.88671875
9665.322265625
9660.90234375
9654.802734375
9649.607421875
9646.447265625
9645.224609375
9644.076171875
9641.8271484375
9638.2470703125
9634.38671875
9630.6806640625
9627.546875
9623.517578125
9619.85546875
9617.880859375
9618.037109375
9618.71484375
9617.3759765625
9613.32421875
9607.267578125
9600.50390625
9595.0888671875
9591.271484375
9588.6455078125
9585.1103515625
9580.2080078125
9574.69921875
9569.9736328125
9566.4873046875
9563.666015625
9560.744140625
9557.5107421875
9553.990234375
9550.505859375
9546.8671875
9543.423828125
9539.9365234375
9537.083984375
9534.052734375
9531.1611328125
9527.2880859375
9523.34375
9519.044921875
9515.3037109375
9511.8271484375
9508.7109375
9505.4521484375
9502.5244140625
9499.83203125
9498.095703125
9496.3701171875
9495.607421875
9493.9140625
9492.056640625
9488.5595703125
9483.65625
9478.25
9473.3994140625
9470.1640625
9468.435546875
9466.7919921875
9464.482421875
9460.7373046875
9456.75
9453.076171875
9450.548828125
9448.88671875
9447.3662109375
9445.37109375
9442.8642578125
9439.919921875
9436.724609375
9432.8203125
9428.6376953125
9424.5146484375
9421.197265625
9418.212890625
9415.10546875
9410.84765625
9406.3896484375
9402.24609375
9400.01953125
9399.1484375
9398.9970703125
9397.7685546875
9395.26171875
9392.08984375
9389.482421875
9388.798828125
9389.25390625
9389.8544921875
9387.640625
9380.734375
9369.24609375
9357.5439453125
9349.1943359375
9345.5869140625
9344.3193359375
9342.4921875
9338.7373046875
9332.779296875
9326.6103515625
9320.8173828125
9316.3056640625
9312.2001953125
9308.544921875
9306.056640625
9305.2724609375
9306.123046875
9306.0380859375
9303.802734375
9296.166015625
9285.994140625
9276.923828125
9272.318359375
9271.3896484375
9270.3203125
9267.7236328125
9262.689453125
9258.279296875
9254.9921875
9253.7568359375
9252.455078125
9251.08203125
9249.0068359375
9247.4833984375
9246.52734375
9245.98828125
9245.1171875
9243.94140625
9241.71875
9238.224609375
9232.6279296875
9226.5341796875
9221.078125
9217.326171875
9214.443359375
9211.3408203125
9207.919921875
9204.7119140625
9202.373046875
9200.69140625
9199.27734375
9197.859375
9196.1923828125
9193.97265625
9190.9990234375
9187.82421875
9185.30859375
9183.345703125
9181.130859375
9177.2890625
9172.0888671875
9166.72265625
9162.888671875
9160.9521484375
9160.5703125
9160.533203125
9159.908203125
9157.3828125
9152.3330078125
9145.908203125
9139.22265625
9133.904296875
9129.7646484375
9126.814453125
9124.0234375
9121.1298828125
9117.900390625
9114.732421875
9111.60546875
9108.85546875
9106.0498046875
9103.2705078125
9100.2353515625
9097.2841796875
9094.44921875
9091.81640625
9089.345703125
9087.1513671875
9085.470703125
9084.759765625
9085.369140625
9087.748046875
9090.7236328125
9091.6640625
9088.375
9083.27734375
9077.89453125
9073.07421875
9068.0537109375
9064.7578125
9061.025390625
9056.1142578125
9050.9765625
9048.546875
9047.765625
9046.138671875
9043.208984375
9040.9482421875
9040.060546875
9039.572265625
9038.7822265625
9037.216796875
9034.873046875
9031.1259765625
9026.728515625
9022.091796875
9017.8271484375
9014.197265625
9011.21484375
9008.67578125
9006.3828125
9004.55078125
9003.685546875
9003.861328125
9004.5869140625
9005.0244140625
9004.685546875
9002.994140625
8999.9296875
8996.107421875
8992.5078125
8989.693359375
8987.859375
8986.15625
8984.4267578125
8981.53515625
8978.107421875
8973.8134765625
8970.0498046875
8967.0419921875
8965.322265625
8964.201171875
8962.9970703125
8960.6220703125
8957.1845703125
8953.3955078125
8950.46484375
8948.701171875
8947.705078125
8946.517578125
8944.2802734375
8940.62890625
8936.0556640625
8931.6943359375
8928.5478515625
8927.12890625
8926.5322265625
8925.98046875
8924.3359375
8921.359375
8917.5498046875
8913.255859375
8909.5947265625
8905.8837890625
8902.720703125
8899.2939453125
8895.91796875
8892.8603515625
8890.14453125
8888.1669921875
8886.4375
8885.228515625
8883.884765625
8882.814453125
8881.287109375
8879.9853515625
8878.2216796875
8876.82421875
8875.201171875
8873.734375
8871.9716796875
8869.9853515625
8867.984375
8866.525390625
8864.921875
8863.7578125
8861.859375
8860.4580078125
8858.560546875
8857.3955078125
8855.140625
8852.4765625
8848.318359375
8844.16015625
8840.607421875
8820.783203125
8824.2138671875
8827.833984375
8813.2841796875
8821.283203125
8815.869140625
8809.7666015625
8814.9482421875
8807.11328125
8806.6953125
8807.2607421875
8801.2607421875
8802.46875
8800.119140625
8796.77734375
8797.2509765625
8794.13671875
8792.43359375
8791.802734375
8789.0068359375
8787.865234375
8786.5263671875
8784.2685546875
8783.171875
8781.51953125
8779.63671875
8778.41796875
8776.7138671875
8775.0341796875
8773.7138671875
8772.0166015625
8770.4619140625
8769.0830078125
8767.427734375
8765.9375
8764.5078125
8762.876953125
8761.431640625
8759.93359375
8758.3623046875
8756.94140625
8755.408203125
8753.89453125
8752.451171875
8750.9287109375
8749.4208984375
8747.966796875
8746.4609375
8744.9814453125
8743.4912109375
8741.998046875
8740.5234375
8739.0390625
8737.548828125
8736.0625
8734.58984375
8733.1015625
8731.630859375
8730.146484375
8728.662109375
8727.19921875
8725.708984375
8724.240234375
8722.763671875
8721.271484375
8719.7978515625
8718.322265625
8716.845703125
8715.365234375
8713.88671875
8712.41015625
8710.9365234375
8709.4619140625
8707.970703125
8706.5107421875
8705.0244140625
8703.548828125
8702.0771484375
8700.5927734375
8699.119140625
8697.6357421875
8696.146484375
8694.6826171875
8693.1923828125
8691.7255859375
8690.216796875
8688.7431640625
8687.26171875
8685.77734375
8684.2890625
8682.798828125
8681.3173828125
8679.8193359375
8678.34765625
8676.869140625
8675.376953125
8673.89453125
8672.400390625
8670.9228515625
8669.451171875
8667.958984375
8666.484375
8665.0107421875
8663.5126953125
8662.0419921875
8660.5517578125
8659.0625
8657.578125
8656.0830078125
8654.59375
8653.103515625
8651.61328125
8650.11328125
8648.6083984375
8647.11328125
8645.607421875
8644.10546875
8642.611328125
8641.09375
8639.5859375
8638.0771484375
8636.5546875
8635.03515625
8633.53125
8632.0078125
8630.48828125
8628.947265625
8627.419921875
8625.8857421875
8624.33984375
8622.794921875
8621.2451171875
8619.69140625
8618.126953125
8616.55078125
8614.98046875
8613.41796875
8611.8359375
8610.2548828125
8608.6513671875
8607.0498046875
8605.439453125
8603.8212890625
8602.2158203125
8600.5986328125
8598.978515625
8597.35546875
8595.732421875
8594.125
8592.517578125
8590.9130859375
8589.318359375
8587.7265625
8586.150390625
8584.556640625
8582.98828125
8581.400390625
8579.8330078125
8578.2626953125
8576.697265625
8575.1337890625
8573.568359375
8572.0107421875
8570.46484375
8568.9013671875
8567.365234375
8565.814453125
8564.2763671875
8562.7412109375
8561.2060546875
8559.673828125
8558.1357421875
8556.61328125
8555.0830078125
8553.552734375
8552.03125
8550.505859375
8548.9951171875
8547.48046875
8545.9736328125
8544.4794921875
8542.95703125
8541.455078125
8539.9443359375
8538.4443359375
8536.9482421875
8535.447265625
8533.9521484375
8532.4638671875
8530.9697265625
8529.4716796875
8527.978515625
8526.4921875
8524.998046875
8523.5068359375
8522.0224609375
8520.5263671875
8519.033203125
8517.548828125
8516.060546875
8514.572265625
8513.0859375
8511.59375
8510.1103515625
8508.6298828125
8507.126953125
8505.638671875
8504.14453125
8502.654296875
8501.16015625
8499.6708984375
8498.17578125
8496.69140625
8495.193359375
8493.6962890625
8492.2080078125
8490.708984375
8489.2177734375
8487.7109375
8486.2119140625
8484.7158203125
8483.205078125
8481.7021484375
8480.19140625
8478.6748046875
8477.181640625
8475.673828125
8474.16796875
8472.66796875
8471.1494140625
8469.634765625
8468.109375
8466.6015625
8465.078125
8463.5546875
8462.0205078125
8460.5087890625
8458.958984375
8457.4423828125
8455.8984375
8454.373046875
8452.8349609375
8451.2978515625
8449.75390625
8448.2265625
8446.6748046875
8445.1279296875
8443.591796875
8442.048828125
8440.50390625
8438.96875
8437.421875
8435.884765625
8434.330078125
8432.8134765625
8431.2802734375
8429.7548828125
8428.220703125
8426.6982421875
8425.173828125
8423.6708984375
8422.1513671875
8420.6494140625
8419.15234375
8417.66015625
8416.173828125
8414.6953125
8413.21875
8411.759765625
8410.2744140625
8408.83203125
8407.369140625
8405.927734375
8404.486328125
8403.05859375
8401.619140625
8400.2001953125
8398.78125
8397.369140625
8395.947265625
8394.55078125
8393.1513671875
8391.75390625
8390.3623046875
8388.986328125
8387.595703125
8386.2265625
8384.8603515625
8383.5
8382.1318359375
8380.775390625
8379.435546875
8378.08984375
8376.736328125
8375.404296875
8374.0693359375
8372.748046875
8371.43359375
8370.103515625
8368.794921875
8367.490234375
8366.1796875
8364.880859375
8363.5908203125
8362.306640625
8361.0078125
8359.7275390625
8358.447265625
8357.1728515625
8355.9033203125
8354.630859375
8353.37890625
8352.1201171875
8350.8515625
8349.6201171875
8348.34765625
8347.11328125
8345.869140625
8344.6220703125
8343.3759765625
8342.1533203125
8340.9189453125
8339.689453125
8338.466796875
8337.2451171875
8336.0302734375
8334.814453125
8333.62109375
8332.4072265625
8331.2060546875
8330.005859375
8328.796875
8327.611328125
8326.4169921875
8325.2294921875
8324.037109375
8322.8701171875
8321.6875
8320.5234375
8319.3359375
8318.1748046875
8317.0068359375
8315.841796875
8314.703125
8313.54296875
8312.3837890625
8311.25
8310.099609375
8308.96484375
8307.8388671875
8306.712890625
8305.58203125
8304.458984375
8303.3564453125
8302.265625
8301.1826171875
8300.1298828125
8299.1142578125
8298.2021484375
8297.234375
8296.4033203125
8295.0712890625
8293.7109375
8292.337890625
8291.33203125
8290.4814453125
8289.3310546875
8288.05859375
8286.94921875
8285.98046875
8284.9296875
8283.7568359375
8282.677734375
8281.6611328125
8280.564453125
8279.458984375
8278.439453125
8277.3828125
8276.294921875
8275.2373046875
8274.2265625
8273.1572265625
8272.0693359375
8271.05078125
8270.01171875
8268.958984375
8267.9072265625
8266.884765625
8265.83984375
8264.794921875
8263.767578125
8262.7294921875
8261.685546875
8260.662109375
8259.6396484375
8258.607421875
8257.5673828125
8256.5419921875
8255.5087890625
8254.470703125
8253.462890625
8252.42578125
8251.396484375
8250.36328125
8249.3359375
8248.294921875
8247.263671875
8246.224609375
8245.1875
8244.146484375
8243.12890625
8242.1171875
8241.1396484375
8240.1953125
8239.3349609375
8238.5126953125
8237.8798828125
8237.1328125
8236.4375
8235.16796875
8233.7109375
8231.8603515625
8230.150390625
8228.6953125
8227.552734375
8226.6337890625
8225.8388671875
8225.0986328125
8224.17578125
8223.1220703125
8221.833984375
8220.5478515625
8219.3369140625
8218.2802734375
8217.3623046875
8216.515625
8215.68359375
8214.767578125
8213.732421875
8212.537109375
8211.3037109375
8210.099609375
8208.96875
8207.94921875
8206.990234375
8206.076171875
8205.15625
8204.177734375
8203.154296875
8202.0908203125
8201.0107421875
8199.9248046875
8198.8662109375
8197.837890625
8196.830078125
8195.8271484375
8194.8408203125
8193.830078125
8192.833984375
8191.814453125
8190.7919921875
8189.759765625
8188.7275390625
8187.69189453125
8186.671875
8185.62890625
8184.5947265625
8183.5693359375
8182.53662109375
8181.533203125
8180.55126953125
8179.548828125
8178.62109375
8177.724609375
8176.89306640625
8176.1884765625
8175.650390625
8175.3291015625
8175.0673828125
8174.626953125
8173.67431640625
8172.64306640625
8172.21875
8172.9091796875
8173.6103515625
8173.5654296875
8171.68603515625
8168.8662109375
8165.92529296875
8163.953125
8163.181640625
8163.1279296875
8162.87109375
8161.630859375
8159.58056640625
8157.4306640625
8155.90625
8155.107421875
8154.6123046875
8154.162109375
8153.4697265625
8152.521484375
8151.267578125
8149.99365234375
8148.9609375
8148.3115234375
8147.869140625
8147.44482421875
8146.931640625
8146.4091796875
8145.970703125
8145.8447265625
8145.8828125
8146.6142578125
8147.11328125
8148.18603515625
8148.74609375
8149.0048828125
8148.384765625
8146.861328125
8145.17578125
8143.474609375
8142.80078125
8142.43505859375
8142.763671875
8142.8134765625
8143.087890625
8142.78173828125
8142.6796875
8141.8046875
8140.7958984375
8139.0732421875
8137.3720703125
8135.740234375
8134.56787109375
8133.7158203125
8133.1533203125
8132.80859375
8132.93017578125
8133.609375
8134.779296875
8135.291015625
8134.568359375
8132.4541015625
8130.849609375
8130.6884765625
8131.53076171875
8131.640625
8129.8125
8126.65673828125
8123.84619140625
8122.2880859375
8121.5419921875
8120.2783203125
8118.57177734375
8116.92236328125
8116.33984375
8116.171875
8115.8193359375
8114.546875
8112.9140625
8111.06982421875
8109.27001953125
8107.2568359375
8105.3037109375
8103.7548828125
8102.9033203125
8102.41455078125
8102.04296875
8101.5068359375
8100.9716796875
8100.31396484375
8099.6142578125
8098.64990234375
8097.76953125
8096.962890625
8096.5244140625
8095.98974609375
8095.4189453125
8094.5771484375
8093.7666015625
8092.85400390625
8091.8916015625
8090.603515625
8089.1953125
8087.689453125
8086.4697265625
8085.4091796875
8084.5546875
8083.7529296875
8083.029296875
8082.3408203125
8081.67578125
8080.974609375
8080.083984375
8079.0419921875
8077.8662109375
8076.73779296875
8075.78271484375
8075.06201171875
8074.6015625
8074.36669921875
8074.3046875
8074.4267578125
8074.7724609375
8075.39111328125
8076.376953125
8077.6123046875
8079.3046875
8081.0498046875
8082.90673828125
8084.2451171875
8084.99365234375
8084.8193359375
8083.21142578125
8080.1923828125
8076.1826171875
8072.57080078125
8070.326171875
8069.498046875
8069.59619140625
8069.4365234375
8068.7294921875
8067.07421875
8065.2626953125
8063.48291015625
8062.619140625
8062.228515625
8062.578125
8062.7587890625
8063.2578125
8063.4619140625
8063.85498046875
8063.90966796875
8063.60302734375
8062.9130859375
8062.05810546875
8061.17431640625
8060.1630859375
8058.89453125
8057.5576171875
8056.451171875
8055.8857421875
8055.6318359375
8055.2216796875
8054.23828125
8052.705078125
8050.9228515625
8049.240234375
8047.927734375
8046.9814453125
8046.40625
8045.99755859375
8045.544921875
8044.8251953125
8043.7158203125
8042.61083984375
8041.50390625
8041.0703125
8040.66796875
8041.14892578125
8041.2802734375
8042.0244140625
8041.5751953125
8040.60546875
8037.859375
8034.728515625
8031.8857421875
8030.537109375
8030.4345703125
8030.86376953125
8030.599609375
8028.9462890625
8026.4931640625
8024.314453125
8023.4326171875
8023.71533203125
8024.51171875
8024.9208984375
8024.6611328125
8024.046875
8023.52734375
8023.44384765625
8023.4111328125
8023.189453125
8022.39306640625
8021.41162109375
8020.5390625
8020.2138671875
8020.3505859375
8020.9306640625
8021.583984375
8022.2978515625
8022.46533203125
8022.017578125
8020.49609375
8018.6103515625
8016.677734375
8015.67236328125
8015.32666015625
8015.6982421875
8016.0205078125
8016.3037109375
8016.06494140625
8015.630859375
8015.08642578125
8014.85888671875
8014.6474609375
8014.20947265625
8013.0966796875
8011.8232421875
8010.6328125
8010.16845703125
8009.9609375
8009.8798828125
8009.0654296875
8007.69091796875
8005.60205078125
8003.3896484375
8001.1572265625
7999.26025390625
7997.44873046875
7995.70458984375
7993.8876953125
7992.28076171875
7991.07373046875
7990.5576171875
7990.392578125
7990.40625
7989.955078125
7989.140625
7987.77587890625
7986.50732421875
7985.341796875
7984.7841796875
7984.44580078125
7984.4130859375
7984.126953125
7983.77685546875
7983.1328125
7982.7626953125
7982.49609375
7982.72998046875
7983.140625
7983.77685546875
7984.4033203125
7984.83544921875
7984.9462890625
7984.388671875
7983.1826171875
7981.4833984375
7979.69482421875
7978.40087890625
7977.73779296875
7978.0263671875
7978.8134765625
7980.17919921875
7981.365234375
7982.4033203125
7982.48828125
7981.82861328125
7979.736328125
7976.9404296875
7973.470703125
7970.6533203125
7968.77880859375
7968.44921875
7969.05859375
7970.13232421875
7970.8369140625
7970.95751953125
7970.4892578125
7969.8623046875
7969.50927734375
7969.505859375
7969.751953125
7969.5576171875
7968.689453125
7967.12646484375
7964.8994140625
7962.5859375
7959.87255859375
7957.466796875
7955.251953125
7953.7724609375
7952.7861328125
7952.33984375
7952.18994140625
7952.328125
7952.41748046875
7952.23486328125
7951.73388671875
7951.19775390625
7951.0146484375
7951.5244140625
7952.6083984375
7953.97021484375
7955.2138671875
7956.373046875
7957.29296875
7958.390625
7959.10986328125
7960.05859375
7960.580078125
7961.71337890625
7962.74658203125
7964.15625
7964.955078125
7965.1396484375
7964.16650390625
7962.7529296875
7961.14501953125
7960.07958984375
7959.259765625
7958.8681640625
7958.0556640625
7956.93896484375
7954.49169921875
7951.2265625
7946.88330078125
7942.9521484375
7940.25048828125
7939.58642578125
7940.2216796875
7941.11572265625
7940.7822265625
7938.6513671875
7935.076171875
7931.3349609375
7928.76953125
7927.8271484375
7927.78515625
7927.60595703125
7926.7041015625
7925.244140625
7924.0126953125
7923.54833984375
7923.7392578125
7923.93408203125
7923.81689453125
7922.93310546875
7922.12109375
7921.1455078125
7921.00537109375
7921.0869140625
7921.6484375
7921.7958984375
7921.654296875
7920.9697265625
7920.3056640625
7919.5302734375
7918.83203125
7917.8798828125
7916.92041015625
7915.986328125
7915.42578125
7915.1455078125
7915.2373046875
7915.57421875
7916.24755859375
7917.11962890625
7918.0390625
7918.91259765625
7919.4638671875
7919.8212890625
7919.70947265625
7919.3466796875
7918.5390625
7917.6982421875
7916.9140625
7916.560546875
7916.59423828125
7916.87158203125
7916.8935546875
7916.4697265625
7915.52587890625
7914.46826171875
7913.90673828125
7913.96044921875
7914.58984375
7914.83056640625
7914.3515625
7912.912109375
7911.3701171875
7909.9794921875
7908.986328125
7907.91796875
7906.76318359375
7905.49560546875
7904.509765625
7903.5166015625
7902.396484375
7900.5009765625
7898.17578125
7895.720703125
7893.9375
7892.9755859375
7892.8427734375
7892.88427734375
7892.91845703125
7892.4228515625
7891.77587890625
7890.7412109375
7889.990234375
7889.1044921875
7888.533203125
7887.63037109375
7886.83203125
7885.740234375
7884.970703125
7884.35009765625
7884.33935546875
7884.6044921875
7885.2119140625
7885.583984375
7886.13623046875
7887.1171875
7888.8134765625
7890.45947265625
7891.529296875
7891.587890625
7891.25
7890.24365234375
7889.4892578125
7888.75830078125
7888.8486328125
7889.0009765625
7888.88818359375
7887.90478515625
7886.630859375
7885.3359375
7884.6220703125
7884.14501953125
7884.16845703125
7884.09130859375
7884.16650390625
7883.80712890625
7883.853515625
7883.486328125
7883.3642578125
7882.52392578125
7881.5185546875
7880.17578125
7879.2724609375
7879.0126953125
7879.57421875
7880.55419921875
7881.15771484375
7880.88134765625
7879.494140625
7877.5341796875
7875.33251953125
7873.169921875
7871.1962890625
7869.6591796875
7868.69580078125
7868.16650390625
7867.8037109375
7867.2666015625
7866.60107421875
7866.17041015625
7866.38720703125
7867.3046875
7868.5048828125
7869.3056640625
7869.2529296875
7868.3642578125
7866.93359375
7865.458984375
7864.03759765625
7862.51171875
7860.74609375
7858.6337890625
7856.62939453125
7854.96533203125
7854.00146484375
7853.552734375
7853.494140625
7853.5654296875
7853.775390625
7854.28125
7855.2099609375
7856.70068359375
7858.39404296875
7860.28173828125
7861.4921875
7862.19921875
7861.68359375
7860.6806640625
7859.07421875
7857.728515625
7857.00927734375
7857.1591796875
7858.5107421875
7860.05859375
7862.5224609375
7864.9619140625
7867.73681640625
7868.693359375
