15244.130859375
15238.12890625
15232.44921875
15227.0771484375
15222.0009765625
15217.17578125
15212.6025390625
15208.25
15204.0966796875
15200.115234375
15196.30078125
15192.638671875
15189.1015625
15185.6953125
15182.404296875
15179.2236328125
15176.13671875
15173.15234375
15170.251953125
15167.443359375
15164.720703125
15162.0712890625
15159.5107421875
15157.0224609375
15154.5986328125
15152.2421875
15149.9541015625
15147.720703125
15145.5556640625
15143.447265625
15141.3896484375
15139.384765625
15137.4384765625
15135.5322265625
15133.677734375
15131.861328125
15130.107421875
15128.388671875
15126.7060546875
15125.0751953125
15123.484375
15121.923828125
15120.404296875
15118.92578125
15117.474609375
15116.060546875
15114.6796875
15113.3271484375
15112.005859375
15110.712890625
15109.451171875
15108.2158203125
15107.0029296875
15105.814453125
15104.6572265625
15103.521484375
15102.41015625
15101.3212890625
15100.251953125
15099.2099609375
15098.185546875
15097.189453125
15096.2158203125
15095.255859375
15094.31640625
15093.3984375
15092.4990234375
15091.6171875
15090.751953125
15089.90234375
15089.078125
15088.267578125
15087.4697265625
15086.697265625
15085.9287109375
15085.1806640625
15084.4453125
15083.728515625
15083.0234375
15082.330078125
15081.65625
15080.9921875
15080.345703125
15079.70703125
15079.078125
15078.4658203125
15077.865234375
15077.2783203125
15076.703125
15076.1376953125
15075.5849609375
15075.0400390625
15074.5078125
15073.986328125
15073.4765625
15072.9716796875
15072.482421875
15071.9970703125
15071.5234375
15071.0625
15070.607421875
15070.1640625
15069.7275390625
15069.3017578125
15068.884765625
15068.470703125
15068.0703125
15067.6767578125
15067.2919921875
15066.912109375
15066.5390625
15066.1767578125
15065.8203125
15065.470703125
15065.1318359375
15064.7998046875
15064.470703125
15064.1474609375
15063.8359375
15063.5244140625
15063.2216796875
15062.92578125
15062.6376953125
15062.3544921875
15062.07421875
15061.8037109375
15061.5380859375
15061.275390625
15061.0166015625
15060.767578125
15060.521484375
15060.2822265625
15060.044921875
15059.81640625
15059.591796875
15059.3701171875
15059.1533203125
15058.94140625
15058.734375
15058.529296875
15058.330078125
15058.1357421875
15057.9482421875
15057.7607421875
15057.5771484375
15057.3984375
15057.22265625
15057.052734375
15056.8857421875
15056.72265625
15056.5595703125
15056.4033203125
15056.251953125
15056.1005859375
15055.953125
15055.810546875
15055.669921875
15055.53125
15055.396484375
15055.265625
15055.138671875
15055.01171875
15054.888671875
15054.76953125
15054.6513671875
15054.537109375
15054.421875
15054.3125
15054.203125
15054.099609375
15053.998046875
15053.89453125
15053.796875
15053.701171875
15053.60546875
15053.51171875
15053.4208984375
15053.33203125
15053.248046875
15053.1630859375
15053.0810546875
15053.0009765625
15052.921875
15052.845703125
15052.7705078125
15052.6982421875
15052.625
15052.5546875
15052.48828125
15052.421875
15052.357421875
15052.29296875
15052.23046875
15052.169921875
15052.107421875
15052.05078125
15051.9921875
15051.939453125
15051.8828125
15051.83203125
1292979.875
29744076.0
69905.484375
63147.95703125
67478.671875
135488.4375
1004164.125
1074427.25
396929.09375
590456.6875
936358.5
895847.625
678945.0625
436622.84375
272473.21875
189372.9375
146307.65625
122013.0859375
110162.1015625
113820.2265625
153682.078125
219766.828125
174491.234375
114972.859375
88422.8828125
75896.2890625
67934.21875
61827.49609375
56895.375
52878.0234375
49577.890625
46858.9375
44612.41796875
42751.88671875
41190.17578125
39850.54296875
38682.33203125
37660.015625
36754.6875
35950.5546875
35225.53125
34565.6015625
33960.0859375
33402.6328125
32883.81640625
32402.009765625
31960.62109375
31558.44140625
31186.51953125
30829.001953125
30484.12109375
30156.890625
29845.89453125
29549.61328125
29270.734375
29006.3359375
28752.12890625
28507.69140625
28274.71484375
28051.4296875
27835.0703125
27625.97265625
27424.8203125
27231.794921875
27046.130859375
26866.775390625
26692.81640625
26523.896484375
26360.154296875
26202.068359375
26046.853515625
25896.26171875
25750.431640625
25609.349609375
25473.1953125
25340.37109375
25211.0
25083.85546875
24959.45703125
24837.609375
24718.53515625
24602.640625
24489.296875
24378.716796875
24270.912109375
24166.103515625
24063.85546875
23963.78125
23866.14453125
23770.966796875
23678.15625
23587.392578125
23498.75
23412.265625
23327.5546875
23246.10546875
23163.66796875
23084.33203125
23005.3046875
22928.5546875
22853.546875
22779.96875
22707.888671875
22637.10546875
22567.62890625
22499.5234375
22432.4453125
22367.2421875
22303.38671875
22247.666015625
22177.265625
22156.748046875
22115.572265625
22110.958984375
22064.611328125
22002.447265625
21934.353515625
21880.173828125
21820.728515625
21759.853515625
21697.287109375
21635.81640625
21579.90625
21522.423828125
21465.58984375
21409.25
21353.1328125
21297.337890625
21243.63671875
21194.513671875
21146.689453125
21100.89453125
21050.39453125
21003.37890625
20956.3828125
20910.546875
20864.150390625
20815.62890625
20771.0703125
20730.591796875
20688.62890625
20647.42578125
20603.736328125
20563.66015625
20525.48828125
20487.025390625
20447.751953125
20408.6875
20370.953125
20333.318359375
20296.841796875
20259.771484375
20223.69140625
20187.421875
20152.0078125
20116.6015625
20081.89453125
20047.7578125
20013.53125
19980.158203125
19946.904296875
19914.2421875
19882.06640625
19850.189453125
19818.4296875
19787.2265625
19756.306640625
19725.55859375
19695.18359375
19665.099609375
19635.431640625
19605.796875
19576.50390625
19547.57421875
19518.796875
19490.17578125
19461.81640625
19433.58203125
19405.7421875
19378.130859375
19350.814453125
19323.869140625
19297.046875
19270.513671875
19244.17578125
19217.951171875
19192.1015625
19166.41796875
19141.046875
19115.998046875
19091.107421875
19066.369140625
19041.87890625
19017.701171875
18993.626953125
18969.75390625
18946.09765625
18922.62109375
18899.28515625
18876.12109375
18853.173828125
18830.482421875
18807.87109375
18785.3828125
18762.919921875
18740.51953125
18718.40625
18696.4921875
18674.591796875
18652.75390625
18631.03125
18609.51171875
18587.94921875
18566.37890625
18544.939453125
18523.6484375
18502.138671875
18480.76953125
18459.1953125
18437.6484375
18416.01171875
18394.333984375
18372.54296875
18350.5078125
18328.5
18306.392578125
18284.34375
18262.330078125
18240.25390625
18218.2578125
18196.48828125
18175.158203125
18154.1171875
18133.5546875
18113.4453125
18093.875
18074.875
18056.169921875
18037.90625
18019.78515625
18001.771484375
17983.8203125
17965.65234375
17947.349609375
17928.814453125
17910.087890625
17891.513671875
17872.859375
17854.1328125
17835.453125
17817.33203125
17799.63671875
17782.125
17764.59375
17747.291015625
17729.8515625
17712.1484375
17694.54296875
17677.33203125
17660.71875
17644.08984375
17627.41015625
17610.91015625
17594.4140625
17577.96875
17561.259765625
17544.34375
17527.732421875
17511.80859375
17495.91015625
17479.873046875
17463.533203125
17447.4453125
17431.96875
17416.6640625
17401.15625
17385.5
17370.044921875
17355.03125
17340.03125
17324.81640625
17309.646484375
17294.787109375
17280.205078125
17265.9609375
17251.72265625
17238.19140625
17225.02734375
17211.173828125
17195.46484375
17179.037109375
17164.01953125
17150.703125
17137.48046875
17123.109375
17108.185546875
17094.28125
17081.3046875
17067.90625
17053.84765625
17039.76171875
17026.365234375
17013.1015625
16999.3984375
16985.5546875
16972.53515625
16959.9765625
16947.14453125
16933.951171875
16920.908203125
16908.37109375
16896.06640625
16883.50390625
16870.8046875
16858.28125
16846.021484375
16833.82421875
16821.56640625
16809.41796875
16797.501953125
16785.765625
16773.892578125
16762.01953125
16750.109375
16738.150390625
16726.24609375
16714.419921875
16702.853515625
16691.3984375
16679.923828125
16668.19921875
16656.357421875
16644.609375
16633.201171875
16622.1328125
16611.138671875
16600.056640625
16588.87109375
16577.509765625
16566.208984375
16554.97265625
16543.93359375
16532.921875
16521.796875
16510.57421875
16499.63671875
16489.19921875
16479.26953125
16469.68359375
16459.494140625
16447.83203125
16434.978515625
16422.810546875
16412.5078125
16402.96484375
16392.30859375
16380.3701171875
16369.0986328125
16359.2373046875
16349.28125
16338.12109375
16326.6318359375
16316.0087890625
16306.03125
16295.4736328125
16284.41015625
16273.6005859375
16263.3876953125
16253.1123046875
16242.4560546875
16232.05078125
16222.130859375
16212.228515625
16201.9052734375
16191.359375
16181.0205078125
16171.0615234375
16161.5615234375
16152.2802734375
16143.4013671875
16134.55859375
16125.236328125
16114.8125
16103.8388671875
16093.2431640625
16083.7080078125
16075.08984375
16066.564453125
16056.912109375
16046.2890625
16035.798828125
16026.12890625
16016.33203125
16006.1025390625
15995.595703125
15985.552734375
15976.251953125
15967.71484375
15958.99609375
15949.119140625
15938.205078125
15927.7939453125
15918.3232421875
15909.2421875
15899.8310546875
15890.3603515625
15881.15234375
15872.125
15862.720703125
15853.2568359375
15844.06640625
15835.1357421875
15826.1884765625
15816.8515625
15807.208984375
15797.556640625
15788.1552734375
15779.134765625
15770.078125
15761.01953125
15751.8603515625
15742.6611328125
15733.52734375
15724.6923828125
15715.986328125
15707.439453125
15698.642578125
15689.4384765625
15680.0029296875
15670.732421875
15661.943359375
15653.4150390625
15645.07421875
15636.3349609375
15627.5
15618.486328125
15609.634765625
15600.8974609375
15592.12890625
15583.576171875
15575.12890625
15566.8486328125
15558.5556640625
15550.39453125
15542.19140625
15534.169921875
15526.30078125
15518.3564453125
15510.322265625
15501.7587890625
15493.18359375
15484.76171875
15476.41796875
15467.783203125
15458.671875
15449.814453125
15441.6826171875
15433.974609375
15426.255859375
15418.1806640625
15409.748046875
15401.3984375
15393.19921875
15385.2421875
15377.494140625
15369.78515625
15361.970703125
15354.046875
15346.013671875
15337.9208984375
15330.0029296875
15322.0556640625
15314.154296875
15306.22265625
15298.4775390625
15290.806640625
15283.3544921875
15275.853515625
15268.279296875
15260.78125
15253.634765625
15246.60546875
15239.4580078125
15231.5947265625
15223.806640625
15216.55859375
15209.669921875
15202.9345703125
15196.900390625
15191.767578125
15186.216796875
15179.1533203125
15170.96875
15163.701171875
15157.2548828125
15150.84375
15143.728515625
15136.435546875
15129.869140625
15124.3349609375
15117.904296875
15109.07421875
15098.9033203125
15090.220703125
15083.892578125
15077.86328125
15070.552734375
15062.1591796875
15054.1337890625
15047.4599609375
15040.6015625
15032.580078125
15023.4990234375
15014.9453125
15007.6796875
15001.2978515625
14994.5546875
14986.98046875
14979.3125
14972.2744140625
14965.77734375
14958.927734375
14951.79296875
14944.70703125
14938.162109375
14931.634765625
14924.77734375
14917.7509765625
14910.962890625
14904.2109375
14897.6162109375
14891.091796875
14884.6796875
14878.2294921875
14871.4033203125
14863.86328125
14855.904296875
14847.71875
14840.173828125
14833.4990234375
14827.57421875
14822.0888671875
14816.3740234375
14809.9365234375
14802.677734375
14794.66015625
14786.484375
14779.14453125
14772.732421875
14766.4248046875
14759.44921875
14752.392578125
14745.861328125
14738.4970703125
14730.3701171875
14724.2763671875
14719.3046875
14712.1328125
14704.04296875
14698.60546875
14693.6572265625
14686.841796875
14680.341796875
14674.5966796875
14667.96875
14660.943359375
14654.6748046875
14648.6689453125
14642.5693359375
14637.177734375
14632.611328125
14627.9130859375
14622.9140625
14617.1005859375
14609.82421875
14601.537109375
14593.17578125
14585.8701171875
14579.6376953125
14574.14453125
14568.8447265625
14563.19140625
14557.0498046875
14549.91015625
14542.8056640625
14537.529296875
14533.083984375
14527.5439453125
14521.3837890625
14515.916015625
14510.71875
14505.0625
14499.4287109375
14493.3115234375
14487.072265625
14481.06640625
14475.583984375
14470.1728515625
14463.357421875
14456.646484375
14450.9775390625
14447.353515625
14444.9853515625
14443.3671875
14438.59375
14429.3818359375
14418.2587890625
14413.66015625
14412.6328125
14407.6669921875
14401.3076171875
14397.5244140625
14393.271484375
14386.1533203125
14378.390625
14371.458984375
14365.3359375
14360.3935546875
14355.7236328125
14349.5048828125
14342.4423828125
14335.0595703125
14327.794921875
14321.849609375
14317.6220703125
14312.7060546875
14306.560546875
14300.3984375
14294.62109375
14288.8369140625
14283.494140625
14278.0146484375
14271.7587890625
14265.5
14259.9423828125
14254.7939453125
14249.912109375
14244.7421875
14238.904296875
14233.0078125
14227.6875
14223.25
14219.0712890625
14214.884765625
14208.9970703125
14202.158203125
14194.546875
14187.728515625
14181.9794921875
14177.0947265625
14172.4140625
14167.310546875
14161.798828125
14156.35546875
14151.5068359375
14147.4375
14143.63671875
14139.4375
14134.4375
14128.36328125
14121.9697265625
14115.4462890625
14109.587890625
14104.3369140625
14099.5830078125
14095.07421875
14090.419921875
14085.5009765625
14080.59765625
14075.8583984375
14071.23046875
14066.4462890625
14061.32421875
14056.0
14050.8251953125
14045.515625
14039.9775390625
14034.3251953125
14028.9677734375
14024.150390625
14019.89453125
14015.8916015625
14012.26953125
14008.525390625
14005.3525390625
14001.6884765625
13997.708984375
13992.3857421875
13986.34765625
13980.1240234375
13974.8154296875
13970.3603515625
13966.60546875
13962.736328125
13958.197265625
13952.771484375
13946.861328125
13942.01171875
13938.2939453125
13935.8876953125
13933.1103515625
13929.6484375
13924.892578125
13919.6015625
13913.8662109375
13907.5390625
13901.13671875
13895.224609375
13890.5908203125
13887.0087890625
13883.4765625
13878.9326171875
13872.783203125
13865.794921875
13859.021484375
13853.4267578125
13848.7529296875
13844.681640625
13840.34375
13835.919921875
13830.5576171875
13824.671875
13818.287109375
13811.984375
13806.330078125
13801.587890625
13797.6328125
13793.8818359375
13789.91796875
13785.548828125
13781.056640625
13777.009765625
13773.93359375
13771.578125
13769.59375
13765.5654296875
13759.98828125
13753.6103515625
13749.0205078125
13743.9462890625
13738.2412109375
13731.10546875
13725.2646484375
13720.5341796875
13716.6376953125
13712.99609375
13710.00390625
13706.607421875
13702.134765625
13696.703125
13691.29296875
13686.4375
13681.169921875
13676.146484375
13671.8076171875
13667.76953125
13663.7802734375
13659.607421875
13655.2197265625
13649.7763671875
13643.875
13638.0302734375
13633.392578125
13629.466796875
13625.7587890625
13621.880859375
13617.595703125
13613.7626953125
13610.20703125
13607.236328125
13603.37890625
13598.9658203125
13593.94921875
13589.2890625
13585.2841796875
13582.072265625
13578.9951171875
13575.6708984375
13572.22265625
13568.7216796875
13565.740234375
13562.912109375
13560.1669921875
13556.84375
13552.4189453125
13547.01953125
13541.0947265625
13536.1650390625
13532.873046875
13531.427734375
13530.55859375
13528.94140625
13525.306640625
13519.8173828125
13513.1259765625
13506.755859375
13501.767578125
13497.8994140625
13494.681640625
13490.9150390625
13486.392578125
13481.095703125
13475.9404296875
13471.9453125
13469.2548828125
13467.6708984375
13465.607421875
13461.9453125
13456.955078125
13451.541015625
13447.90234375
13444.2373046875
13440.4296875
13434.40625
13427.7431640625
13421.6552734375
13417.8232421875
13415.7607421875
13413.9296875
13410.4609375
13404.693359375
13397.72265625
13391.486328125
13386.8623046875
13383.634765625
13380.494140625
13376.9375
13372.8662109375
13369.109375
13365.9306640625
13363.2578125
13360.62890625
13357.5947265625
13354.056640625
13350.267578125
13346.853515625
13344.16015625
13342.318359375
13340.666015625
13337.974609375
13334.1015625
13329.1103515625
13324.4892578125
13320.3984375
13317.185546875
13314.3037109375
13311.998046875
13309.0126953125
13304.6337890625
13297.41796875
13288.986328125
13281.9169921875
13278.1826171875
13276.734375
13275.4287109375
13272.0703125
13267.2431640625
13262.0546875
13258.9150390625
13256.9609375
13255.04296875
13251.623046875
13246.677734375
13242.345703125
13238.5966796875
13235.98046875
13232.328125
13227.6630859375
13221.943359375
13216.76171875
13212.5546875
13209.51953125
13206.677734375
13203.71484375
13199.9736328125
13196.0009765625
13191.8134765625
13187.828125
13183.9580078125
13180.591796875
13177.4384765625
13174.470703125
13171.013671875
13167.345703125
13163.53125
13160.25
13157.572265625
13155.869140625
13154.056640625
13152.087890625
13148.6171875
13144.4619140625
13140.3115234375
13137.0498046875
13134.71484375
13132.9833984375
13131.138671875
13128.84375
13125.912109375
13122.509765625
13118.65625
13115.0830078125
13110.9541015625
13107.3203125
13102.822265625
13098.333984375
13093.365234375
13088.484375
13083.748046875
13078.865234375
13074.1826171875
13069.673828125
13065.5986328125
13062.5078125
13059.978515625
13058.498046875
13056.9296875
13056.4814453125
13056.814453125
13058.595703125
13059.5078125
13056.7783203125
13048.974609375
13039.998046875
13035.056640625
13034.46875
13034.7724609375
13031.251953125
13024.375
13016.2421875
13010.291015625
13006.595703125
13004.2265625
13000.9736328125
12996.54296875
12991.0869140625
12986.0703125
12981.3408203125
12976.357421875
12970.3955078125
12963.609375
12957.5556640625
12953.376953125
12950.85546875
12949.072265625
12946.806640625
12943.595703125
12939.314453125
12934.75
12931.19140625
12927.9443359375
12925.162109375
12920.8662109375
12916.716796875
12913.2265625
12911.001953125
12909.359375
12907.333984375
12905.01171875
12901.767578125
12897.6083984375
12891.876953125
12886.052734375
12881.287109375
12878.54296875
12876.740234375
12875.7421875
12874.0126953125
12871.9453125
12868.646484375
12864.1015625
12858.701171875
12853.5625
12849.59765625
12846.806640625
12845.2705078125
12844.431640625
12843.4443359375
12841.96875
12839.1728515625
12835.841796875
12832.693359375
12830.4111328125
12829.603515625
12829.58984375
12829.751953125
12827.7578125
12823.822265625
12818.3203125
12812.9208984375
12808.431640625
12805.2646484375
12802.431640625
12799.287109375
12795.0263671875
12790.61328125
12785.591796875
12780.75390625
12775.73828125
12770.748046875
12766.4765625
12749.9453125
12752.419921875
12753.365234375
12741.51953125
12747.3291015625
12741.171875
12736.2451171875
12739.140625
12731.7861328125
12730.8544921875
12729.984375
12724.521484375
12724.345703125
12721.52734375
12718.072265625
12717.1171875
12714.0078125
12711.638671875
12709.94921875
12707.0830078125
12704.9833984375
12703.033203125
12700.3994140625
12698.4365234375
12696.2568359375
12693.8671875
12691.837890625
12689.67578125
12687.375
12685.3876953125
12683.1376953125
12680.896484375
12678.923828125
12676.6875
12674.4697265625
12672.443359375
12670.2158203125
12668.083984375
12665.99609375
12663.8046875
12661.7001953125
12659.63671875
12657.4052734375
12655.330078125
12653.1669921875
12651.015625
12648.86328125
12646.6650390625
12644.515625
12642.3134765625
12640.0947265625
12637.830078125
12635.5546875
12633.216796875
12630.806640625
12628.298828125
12625.845703125
12623.26953125
12620.6171875
12617.9921875
12615.4228515625
12612.8974609375
12610.369140625
12607.978515625
12605.58203125
12603.27734375
12600.9716796875
12598.6513671875
12596.3251953125
12593.916015625
12591.55859375
12589.1748046875
12586.7685546875
12584.408203125
12582.0419921875
12579.712890625
12577.412109375
12575.146484375
12572.80859375
12570.552734375
12568.3017578125
12566.052734375
12563.8291015625
12561.6337890625
12559.4150390625
12557.2412109375
12555.0322265625
12552.90625
12550.6943359375
12548.544921875
12546.3740234375
12544.2109375
12542.0234375
12539.9013671875
12537.755859375
12535.58203125
12533.44921875
12531.234375
12529.140625
12527.01953125
12524.8740234375
12522.6748046875
12520.48828125
12518.392578125
12516.2763671875
12514.1357421875
12511.93359375
12509.7685546875
12507.615234375
12505.46875
12503.2841796875
12501.126953125
12499.0087890625
12496.830078125
12494.63671875
12492.5009765625
12490.3515625
12488.19921875
12486.1171875
12483.9443359375
12481.8447265625
12479.6845703125
12477.5703125
12475.44921875
12473.3115234375
12471.216796875
12469.17578125
12467.017578125
12464.96484375
12462.84765625
12460.6953125
12458.5634765625
12456.556640625
12454.4736328125
12452.349609375
12450.228515625
12448.158203125
12446.0400390625
12443.9765625
12441.876953125
12439.767578125
12437.697265625
12435.6064453125
12433.5087890625
12431.458984375
12429.353515625
12427.3125
12425.224609375
12423.15625
12421.056640625
12419.0078125
12416.9013671875
12414.8193359375
12412.783203125
12410.7109375
12408.5859375
12406.48828125
12404.505859375
12402.3916015625
12400.3037109375
12398.28125
12396.216796875
12394.1630859375
12392.0595703125
12390.013671875
12387.958984375
12385.9140625
12383.8046875
12381.767578125
12379.75
12377.6650390625
12375.640625
12373.5712890625
12371.5439453125
12369.525390625
12367.4716796875
12365.439453125
12363.3759765625
12361.3349609375
12359.291015625
12357.224609375
12355.193359375
12353.1865234375
12351.1162109375
12349.1162109375
12347.048828125
12345.029296875
12342.9814453125
12340.9970703125
12338.982421875
12336.919921875
12334.896484375
12332.91015625
12330.830078125
12328.8232421875
12326.828125
12324.8017578125
12322.794921875
12320.740234375
12318.7265625
12316.740234375
12314.697265625
12312.71875
12310.66015625
12308.654296875
12306.7314453125
12304.65625
12302.6298828125
12300.677734375
12298.630859375
12296.646484375
12294.591796875
12292.556640625
12290.6396484375
12288.560546875
12286.556640625
12284.5546875
12282.5498046875
12280.52734375
12278.5146484375
12276.474609375
12274.505859375
12272.4765625
12270.44140625
12268.498046875
12266.482421875
12264.4609375
12262.421875
12260.4423828125
12258.5029296875
12256.486328125
12254.4609375
12252.435546875
12250.4755859375
12248.4296875
12246.4716796875
12244.4814453125
12242.50390625
12240.443359375
12238.4755859375
12236.4951171875
12234.556640625
12232.6015625
12230.79296875
12229.146484375
12227.60546875
12226.1845703125
12224.4501953125
12222.3671875
12219.6630859375
12217.4208984375
12216.0556640625
12215.20703125
12213.9912109375
12211.6943359375
12208.583984375
12205.2421875
12202.3232421875
12199.9228515625
12197.791015625
12195.958984375
12194.1982421875
12191.9619140625
12189.2275390625
12186.486328125
12184.48046875
12182.8916015625
12181.365234375
12179.3740234375
12177.455078125
12175.9326171875
12175.791015625
12173.5537109375
12170.7451171875
12167.14453125
12165.0693359375
12164.2470703125
12162.2958984375
12159.759765625
12157.091796875
12155.251953125
12153.833984375
12151.4638671875
12148.8583984375
12146.94921875
12145.4375
12143.4697265625
12140.8486328125
12138.673828125
12137.01171875
12135.228515625
12133.0166015625
12130.8115234375
12128.9365234375
12126.998046875
12124.9208984375
12122.8916015625
12121.029296875
12119.09765625
12117.02734375
12115.033203125
12113.064453125
12111.16015625
12109.1943359375
12107.236328125
12105.2568359375
12103.365234375
12101.353515625
12099.31640625
12097.4287109375
12095.48046875
12093.560546875
12091.6240234375
12089.6181640625
12087.701171875
12085.7822265625
12083.818359375
12081.875
12079.9619140625
12078.046875
12076.123046875
12074.1787109375
12072.228515625
12070.2626953125
12068.333984375
12066.458984375
12064.505859375
12062.5263671875
12060.6337890625
12058.734375
12056.787109375
12054.8232421875
12052.9287109375
12051.0185546875
12049.107421875
12047.2109375
12045.275390625
12043.328125
12041.4296875
12039.478515625
12037.578125
12035.712890625
12033.7578125
12031.8916015625
12030.001953125
12028.033203125
12026.11328125
12024.212890625
12022.3447265625
12020.408203125
12018.482421875
12016.6142578125
12014.724609375
12012.845703125
12010.8916015625
12008.96875
12007.091796875
12005.177734375
12003.2919921875
12001.3828125
11999.5
11997.6259765625
11995.697265625
11993.765625
11991.8974609375
11990.021484375
11988.1171875
11986.208984375
11984.3359375
11982.4296875
11980.5361328125
11978.6494140625
11976.7109375
11974.853515625
11972.9541015625
11971.060546875
11969.2197265625
11967.3173828125
11965.423828125
11963.4892578125
11961.623046875
11959.7392578125
11957.830078125
11955.966796875
11954.078125
11952.232421875
11950.3349609375
11948.4326171875
11946.5546875
11944.6767578125
11942.78125
11940.9267578125
11939.05859375
11937.2421875
11935.37109375
11933.5322265625
11931.748046875
11930.0634765625
11928.2578125
11926.7109375
11924.83984375
11923.326171875
11921.154296875
11919.2802734375
11917.1474609375
11915.1259765625
11913.18359375
11911.322265625
11909.607421875
11908.078125
11906.6162109375
11905.333984375
11904.1953125
11903.1162109375
11901.8349609375
11899.9560546875
11897.66796875
11894.8798828125
11892.212890625
11889.9375
11887.880859375
11886.2216796875
11884.2978515625
11882.263671875
11880.1953125
11878.0517578125
11876.0478515625
11874.21484375
11872.515625
11870.8076171875
11869.060546875
11867.322265625
11865.576171875
11863.7880859375
11861.9833984375
11860.068359375
11858.224609375
11856.203125
11854.1865234375
11852.154296875
11850.2392578125
11848.3330078125
11846.4140625
11844.533203125
11842.7490234375
11840.99609375
11839.162109375
11837.39453125
11835.59765625
11833.8251953125
11832.03515625
11830.29296875
11828.4873046875
11826.802734375
11824.98046875
11823.2001953125
11821.4375
11819.59375
11817.81640625
11815.986328125
11814.32421875
11812.4560546875
11810.8017578125
11808.8671875
11807.1669921875
11805.1982421875
11803.4189453125
11801.47265625
11799.6474609375
11797.7119140625
11795.880859375
11794.060546875
11792.275390625
11790.4921875
11788.73046875
11787.013671875
11785.2958984375
11783.568359375
11781.9287109375
11780.2705078125
11778.6904296875
11776.9794921875
11775.5146484375
11773.982421875
11772.6884765625
11771.3974609375
11770.22265625
11768.927734375
11767.490234375
11765.75
11764.09375
11762.765625
11762.056640625
11761.34765625
11760.203125
11758.1064453125
11755.494140625
11752.7744140625
11750.8837890625
11749.62109375
11748.9931640625
11747.78515625
11746.40625
11744.0068359375
11741.85546875
11739.69140625
11738.1767578125
11737.31640625
11736.4716796875
11735.923828125
11734.83203125
11734.009765625
11732.515625
11730.921875
11728.6796875
11726.5869140625
11724.4130859375
11722.353515625
11720.0
11717.802734375
11715.572265625
11713.556640625
11711.4140625
11709.63671875
11707.5576171875
11705.876953125
11704.1064453125
11702.552734375
11700.8720703125
11699.037109375
11697.3193359375
11695.880859375
11695.0986328125
11694.5927734375
11694.6767578125
11694.7353515625
11695.376953125
11695.3759765625
11695.513671875
11694.2001953125
11692.107421875
11688.5166015625
11684.921875
11682.107421875
11680.935546875
11680.330078125
11679.7578125
11678.3671875
11676.458984375
11674.2470703125
11671.9208984375
11669.015625
11665.625
11662.4951171875
11659.95703125
11658.5107421875
11657.0927734375
11655.5771484375
11653.404296875
11651.279296875
11649.1328125
11647.1572265625
11644.9150390625
11642.4462890625
11639.849609375
11637.2919921875
11635.1357421875
11633.1533203125
11631.6240234375
11629.953125
11628.203125
11626.0400390625
11624.029296875
11622.0146484375
11620.431640625
11618.8837890625
11617.4208984375
11615.8642578125
11614.333984375
11612.90625
11611.66796875
11610.7001953125
11609.5322265625
11608.60546875
11607.6640625
11607.095703125
11606.4970703125
11605.64453125
11604.1171875
11601.712890625
11598.623046875
11595.2373046875
11592.1259765625
11589.6982421875
11587.8798828125
11586.48828125
11585.2666015625
11584.3125
11583.40234375
11582.82421875
11582.400390625
11581.98828125
11581.373046875
11580.345703125
11579.166015625
11577.7998046875
11576.86328125
11575.87109375
11575.384765625
11574.3876953125
11573.595703125
11572.126953125
11571.064453125
11569.583984375
11568.443359375
11566.755859375
11565.205078125
11563.330078125
11561.462890625
11559.283203125
11557.166015625
11554.669921875
11551.876953125
11548.5
11545.2099609375
11541.8974609375
11539.060546875
11536.482421875
11534.044921875
11531.73046875
11529.484375
11527.36328125
11525.4423828125
11523.619140625
11521.888671875
11520.3369140625
11518.8955078125
11517.6455078125
11516.1767578125
11514.619140625
11512.9228515625
11511.0703125
11509.0234375
11507.14453125
11505.6005859375
11504.509765625
11503.794921875
11502.775390625
11501.6455078125
11499.671875
11497.537109375
11495.123046875
11493.1640625
11491.546875
11490.4091796875
11489.4716796875
11488.765625
11488.052734375
11487.388671875
11486.53125
11485.5185546875
11484.115234375
11482.732421875
11481.5107421875
11480.9599609375
11481.02734375
11481.326171875
11481.0703125
11479.6591796875
11477.04296875
11473.544921875
11470.080078125
11466.9560546875
11464.4189453125
11462.2724609375
11460.48828125
11459.1806640625
11458.138671875
11457.3818359375
11456.4775390625
11455.6328125
11454.2294921875
11452.9951171875
11451.1591796875
11449.673828125
11448.22265625
11447.40625
11446.90234375
11446.65625
11445.69140625
11444.283203125
11441.9169921875
11439.6845703125
11437.1865234375
11435.1220703125
11433.0029296875
11431.3896484375
11430.119140625
11429.3037109375
11428.265625
11426.845703125
11424.595703125
11421.599609375
11418.298828125
11415.01171875
11412.0166015625
11409.212890625
11406.7138671875
11404.4921875
11402.6083984375
11400.9375
11399.62109375
11398.44140625
11397.298828125
11395.904296875
11394.3427734375
11392.4638671875
11390.359375
11387.7744140625
11385.4189453125
11382.845703125
11380.908203125
11378.953125
11377.5908203125
11376.029296875
11374.564453125
11372.9443359375
11371.5927734375
11370.251953125
11369.2763671875
11368.431640625
11367.6708984375
11366.8212890625
11365.916015625
11364.626953125
11362.93359375
11360.904296875
11358.94921875
11357.36328125
11356.5859375
11356.5615234375
11356.8486328125
11356.693359375
11355.357421875
11352.9716796875
11350.3623046875
11348.4248046875
11347.6376953125
11347.8984375
11347.982421875
11347.4423828125
11345.576171875
11343.4091796875
11341.216796875
11339.828125
11339.337890625
11339.421875
11340.0078125
11340.529296875
11341.841796875
11342.607421875
11343.51171875
11342.57421875
11340.7666015625
11337.234375
11333.474609375
11329.2900390625
11325.46875
11321.7705078125
11318.474609375
11315.5703125
11313.0966796875
11310.6767578125
11308.2880859375
11305.68359375
11303.099609375
11300.748046875
11298.689453125
11296.978515625
11295.0498046875
11292.947265625
11290.359375
11288.0537109375
11286.02734375
11284.53125
11283.51171875
11282.5693359375
11281.3974609375
11279.94140625
11278.1826171875
11276.1171875
11273.9931640625
11271.865234375
11269.6376953125
11267.1279296875
11264.4072265625
11261.755859375
11259.7490234375
11258.58203125
11257.8427734375
11257.0947265625
11255.80078125
11254.3466796875
11252.95703125
11252.1953125
11251.677734375
11251.193359375
11250.19140625
11248.962890625
11247.677734375
11246.841796875
11246.2001953125
11245.4140625
11244.525390625
11243.646484375
11243.7353515625
11243.689453125
11244.294921875
11244.00390625
11243.9912109375
11243.982421875
11244.8447265625
11246.40625
11248.107421875
11249.36328125
11248.9189453125
11246.880859375
11242.7880859375
11237.8486328125
11232.904296875
11228.912109375
11226.1572265625
11224.416015625
11222.94921875
11221.345703125
11219.3701171875
11217.13671875
11214.40234375
11211.625
11208.3720703125
11205.5419921875
11202.771484375
11200.4912109375
11198.193359375
11196.2451171875
11194.318359375
11192.9169921875
11191.763671875
11191.0458984375
11190.3525390625
11189.6630859375
11188.615234375
11187.2265625
11185.095703125
11182.2236328125
11179.158203125
11176.08203125
11173.85546875
11172.212890625
11171.5849609375
11171.109375
11171.083984375
11170.619140625
11170.115234375
11168.7763671875
11167.0322265625
11164.3828125
11161.625
11159.0078125
11157.4248046875
11156.68359375
11156.7001953125
11156.705078125
11156.638671875
11156.3515625
11156.2802734375
11156.341796875
11156.560546875
11156.064453125
11154.599609375
11151.9130859375
11148.58984375
11144.958984375
11141.80078125
11139.279296875
11137.56640625
11136.490234375
11136.09765625
11135.8427734375
11135.443359375
11134.2578125
11132.3115234375
11129.58984375
11126.8525390625
11124.462890625
11122.7353515625
11121.5302734375
11120.5263671875
11119.576171875
11118.53125
11117.431640625
11116.451171875
11115.794921875
11115.646484375
11115.806640625
11116.078125
11116.0048828125
11115.341796875
11113.541015625
11110.94140625
11107.564453125
11104.310546875
11101.5009765625
11099.7685546875
11098.5205078125
11097.5
11096.23828125
11094.634765625
11092.8583984375
11091.2666015625
11089.78515625
11088.2626953125
11086.59765625
11084.90625
11083.564453125
11082.71484375
11082.0029296875
11081.2236328125
11079.73828125
11077.66796875
11075.0185546875
11072.439453125
11070.111328125
11068.01953125
11066.1806640625
11064.5732421875
11063.173828125
11062.076171875
11061.1494140625
11060.296875
11059.52734375
11058.763671875
11058.1337890625
11057.6455078125
11057.4287109375
11057.0458984375
11056.4697265625
11054.931640625
11053.1328125
11050.61328125
11048.1484375
11045.306640625
11043.1328125
11041.5087890625
11041.08984375
11041.353515625
11042.12109375
11042.6806640625
11043.439453125
11044.4111328125
11046.037109375
11047.0546875
11047.21484375
11045.052734375
11041.3779296875
11036.201171875
11031.4716796875
11027.87890625
11026.072265625
11025.396484375
11025.158203125
11024.5263671875
11023.43359375
11021.9814453125
11020.55078125
11019.4755859375
11018.5634765625
11017.7490234375
11016.6748046875
11015.66796875
11014.5322265625
11013.279296875
11011.36328125
11008.3203125
11003.8388671875
10998.73046875
10994.0986328125
10991.201171875
10990.33203125
10990.6904296875
10990.978515625
10990.3095703125
10988.46484375
10986.392578125
10984.361328125
10983.0234375
10981.6923828125
10980.4111328125
10978.900390625
