15244.130859375
15238.12890625
15232.44921875
15227.0771484375
15222.0009765625
15217.17578125
15212.6025390625
15208.25
15204.0966796875
15200.115234375
15196.30078125
15192.638671875
15189.1015625
15185.6953125
15182.404296875
15179.2236328125
15176.13671875
15173.15234375
15170.251953125
15167.443359375
15164.720703125
15162.0712890625
15159.5107421875
15157.0224609375
15154.5986328125
15152.2421875
15149.9541015625
15147.720703125
15145.5556640625
15143.447265625
15141.3896484375
15139.384765625
15137.4384765625
15135.5322265625
15133.677734375
15131.861328125
15130.107421875
15128.388671875
15126.7060546875
15125.0751953125
15123.484375
15121.923828125
15120.404296875
15118.92578125
15117.474609375
15116.060546875
15114.6796875
15113.3271484375
15112.005859375
15110.712890625
15109.451171875
15108.2158203125
15107.0029296875
15105.814453125
15104.6572265625
15103.521484375
15102.41015625
15101.3212890625
15100.251953125
15099.2099609375
15098.185546875
15097.189453125
15096.2158203125
15095.255859375
15094.31640625
15093.3984375
15092.4990234375
15091.6171875
15090.751953125
15089.90234375
15089.078125
15088.267578125
15087.4697265625
15086.697265625
15085.9287109375
15085.1806640625
15084.4453125
15083.728515625
15083.0234375
15082.330078125
15081.65625
15080.9921875
15080.345703125
15079.70703125
15079.078125
15078.4658203125
15077.865234375
15077.2783203125
15076.703125
15076.1376953125
15075.5849609375
15075.0400390625
15074.5078125
15073.986328125
15073.4765625
15072.9716796875
15072.482421875
15071.9970703125
15071.5234375
15071.0625
15070.607421875
15070.1640625
15069.7275390625
15069.3017578125
15068.884765625
15068.470703125
15068.0703125
15067.6767578125
15067.2919921875
15066.912109375
15066.5390625
15066.1767578125
15065.8203125
15065.470703125
15065.1318359375
15064.7998046875
15064.470703125
15064.1474609375
15063.8359375
15063.5244140625
15063.2216796875
15062.92578125
15062.6376953125
15062.3544921875
15062.07421875
15061.8037109375
15061.5380859375
15061.275390625
15061.0166015625
15060.767578125
15060.521484375
15060.2822265625
15060.044921875
15059.81640625
15059.591796875
15059.3701171875
15059.1533203125
15058.94140625
15058.734375
15058.529296875
15058.330078125
15058.1357421875
15057.9482421875
15057.7607421875
15057.5771484375
15057.3984375
15057.22265625
15057.052734375
15056.8857421875
15056.72265625
15056.5595703125
15056.4033203125
15056.251953125
15056.1005859375
15055.953125
15055.810546875
15055.669921875
15055.53125
15055.396484375
15055.265625
15055.138671875
15055.01171875
15054.888671875
15054.76953125
15054.6513671875
15054.537109375
15054.421875
15054.3125
15054.203125
15054.099609375
15053.998046875
15053.89453125
15053.796875
15053.701171875
15053.60546875
15053.51171875
15053.4208984375
15053.33203125
15053.248046875
15053.1630859375
15053.0810546875
15053.0009765625
15052.921875
15052.845703125
15052.7705078125
15052.6982421875
15052.625
15052.5546875
15052.48828125
15052.421875
15052.357421875
15052.29296875
15052.23046875
15052.169921875
15052.107421875
15052.05078125
15051.9921875
15051.939453125
15051.8828125
15051.83203125
1864966.5
205877.75
67686.125
66682.125
70264.640625
67340.9375
65891.0
74095.2734375
87911.671875
70071.453125
58397.6796875
54262.421875
52171.97265625
50910.3359375
50571.19140625
51378.72265625
51358.39453125
48373.40625
45133.59375
43084.78125
41699.28515625
40502.74609375
39317.421875
38141.27734375
37005.05078125
35912.41015625
34852.30078125
33844.2890625
32880.08203125
31967.1875
31123.04296875
30329.16015625
29592.70703125
28904.80078125
28253.205078125
27627.029296875
27015.4140625
26421.8671875
25858.3984375
25330.79296875
24837.26953125
24369.986328125
23920.87890625
23489.345703125
23078.03515625
22682.79296875
22299.076171875
21928.67578125
21574.814453125
21241.25390625
20923.3828125
20615.265625
20318.703125
20038.951171875
19775.873046875
19525.1796875
19283.890625
19052.703125
18833.3984375
18626.109375
18428.5
18238.685546875
18056.0859375
17880.748046875
17712.4921875
17550.052734375
17392.3203125
17239.271484375
17091.51953125
16949.15625
16812.19921875
16679.93359375
16551.521484375
16427.37890625
16308.0546875
16193.1787109375
16082.3935546875
15975.8037109375
15872.7109375
15772.662109375
15675.5703125
15581.3359375
15489.48828125
15399.4453125
15311.095703125
15224.421875
15139.447265625
15056.1572265625
14974.3369140625
14893.9755859375
14815.072265625
14737.6181640625
14661.59375
14587.0625
14513.98046875
14442.2822265625
14371.859375
14302.67578125
14234.6767578125
14167.779296875
14101.939453125
14037.0390625
13973.2109375
13910.326171875
13848.408203125
13787.435546875
13727.384765625
13668.35546875
13610.2734375
13553.09765625
13496.8125
13441.431640625
13386.8828125
13333.16015625
13280.2529296875
13228.173828125
13176.900390625
13126.4443359375
13076.8046875
13028.0
12980.1005859375
12933.076171875
12886.802734375
12841.3076171875
12796.4560546875
12752.2734375
12708.6337890625
12665.6142578125
12623.2080078125
12581.41015625
12540.162109375
12499.46484375
12459.25390625
12419.5087890625
12380.2001953125
12341.27734375
12302.7138671875
12264.443359375
12226.3984375
12188.58984375
12150.9638671875
12113.4765625
12076.1181640625
12038.9580078125
12002.154296875
11965.869140625
11930.544921875
11896.7880859375
11864.1123046875
11831.109375
11798.5283203125
11766.2216796875
11734.482421875
11702.888671875
11671.65625
11640.755859375
11610.3740234375
11580.548828125
11550.916015625
11521.587890625
11492.6787109375
11464.2666015625
11436.2822265625
11408.671875
11381.794921875
11354.9765625
11328.939453125
11300.59765625
11275.763671875
11252.9609375
11225.099609375
11202.28125
11182.0498046875
11153.9931640625
11128.9404296875
11105.71875
11085.833984375
11059.294921875
11035.9267578125
11012.03515625
10992.8984375
10965.765625
10944.267578125
10921.6025390625
10898.529296875
10877.427734375
10851.212890625
10833.8515625
10808.357421875
10790.34765625
10767.728515625
10748.560546875
10727.443359375
10706.927734375
10687.345703125
10666.7763671875
10647.7978515625
10628.046875
10609.228515625
10589.5263671875
10571.125
10552.078125
10533.9697265625
10515.6572265625
10498.25
10481.365234375
10463.98046875
10448.6533203125
10432.0654296875
10415.56640625
10400.37109375
10383.890625
10368.5009765625
10352.818359375
10337.189453125
10322.609375
10307.14453125
10293.162109375
10278.0517578125
10263.701171875
10249.318359375
10234.79296875
10221.078125
10206.98046875
10193.544921875
10179.76953125
10166.1640625
10152.958984375
10139.587890625
10126.876953125
10114.138671875
10101.576171875
10089.171875
10076.533203125
10064.2470703125
10051.82421875
10039.765625
10027.8076171875
10015.892578125
10004.00390625
9992.0751953125
9980.41796875
9968.921875
9957.4404296875
9945.994140625
9934.5888671875
9923.45703125
9912.361328125
9901.1259765625
9889.888671875
9879.021484375
9868.1279296875
9857.046875
9845.818359375
9835.046875
9824.458984375
9813.7509765625
9803.1884765625
9792.783203125
9782.55859375
9772.4658203125
9762.404296875
9752.3466796875
9742.376953125
9732.607421875
9722.970703125
9713.35546875
9703.880859375
9694.5400390625
9685.2177734375
9675.939453125
9666.8017578125
9657.796875
9648.77734375
9639.6806640625
9630.546875
9621.587890625
9612.8193359375
9604.25
9595.783203125
9587.423828125
9579.177734375
9570.6904296875
9561.6875
9552.462890625
9543.615234375
9535.0986328125
9526.357421875
9517.251953125
9508.35546875
9499.966796875
9491.66015625
9482.9296875
9473.994140625
9465.3671875
9457.0908203125
9448.6884765625
9440.0908203125
9431.6171875
9423.4580078125
9415.49609375
9407.6884765625
9400.2080078125
9392.4482421875
9383.107421875
9372.849609375
9364.0966796875
9356.599609375
9347.732421875
9337.205078125
9327.74609375
9319.7548828125
9310.8017578125
9300.7021484375
9291.45703125
9283.0458984375
9274.20703125
9265.375
9257.2138671875
9249.1640625
9240.859375
9232.8984375
9225.3603515625
9217.5810546875
9209.623046875
9201.9560546875
9194.4384765625
9186.7119140625
9179.15234375
9172.0380859375
9165.060546875
9158.099609375
9151.3740234375
9144.7734375
9137.9521484375
9131.068359375
9124.3046875
9117.705078125
9111.193359375
9104.7998046875
9098.5546875
9092.3671875
9086.251953125
9080.35546875
9074.662109375
9068.9931640625
9063.1875
9057.0380859375
9050.65234375
9044.392578125
9038.64453125
9033.3818359375
9028.33984375
9023.111328125
9017.28515625
9010.666015625
9003.900390625
8997.923828125
8992.740234375
8987.5185546875
8981.65625
8975.4794921875
8969.8115234375
8964.7861328125
8959.8544921875
8954.416015625
8948.5146484375
8942.544921875
8936.873046875
8931.552734375
8926.3359375
8920.9921875
8915.537109375
8910.2236328125
8905.115234375
8900.048828125
8894.8193359375
8889.5654296875
8884.5234375
8879.76171875
8875.05078125
8870.25
8865.3623046875
8860.4921875
8855.376953125
8849.966796875
8844.484375
8839.35546875
8834.57421875
8829.8525390625
8824.96875
8819.982421875
8815.103515625
8810.373046875
8805.6484375
8800.7568359375
8795.7890625
8790.876953125
8786.060546875
8781.216796875
8776.2041015625
8771.03515625
8765.8603515625
8760.86328125
8756.16015625
8751.767578125
8747.404296875
8743.01171875
8738.498046875
8733.9560546875
8729.5458984375
8725.337890625
8721.392578125
8717.6416015625
8714.0458984375
8710.5927734375
8707.1748046875
8703.4765625
8699.328125
8694.8408203125
8690.658203125
8687.2998046875
8684.4130859375
8681.2109375
8676.63671875
8671.154296875
8666.12890625
8662.41796875
8659.4423828125
8655.8837890625
8651.4814453125
8646.8515625
8642.904296875
8639.517578125
8636.064453125
8632.4052734375
8628.958984375
8626.0810546875
8623.107421875
8619.400390625
8614.9921875
8610.654296875
8606.720703125
8603.255859375
8599.9443359375
8596.5986328125
8592.978515625
8589.029296875
8584.7802734375
8580.5625
8576.7138671875
8573.1875
8569.673828125
8565.9677734375
8562.2880859375
8558.765625
8555.3154296875
8551.60546875
8547.66015625
8543.8388671875
8540.5390625
8537.75390625
8535.158203125
8532.51171875
8529.7080078125
8526.783203125
8523.41796875
8519.203125
8514.0576171875
8508.337890625
8503.1279296875
8499.240234375
8496.642578125
8494.2744140625
8491.3828125
8487.876953125
8484.828125
8482.77734375
8481.9365234375
8480.81640625
8478.740234375
8474.68359375
8469.6044921875
8464.451171875
8461.0517578125
8458.9892578125
8457.7861328125
8455.6396484375
8452.0712890625
8447.39453125
8443.181640625
8440.232421875
8438.3037109375
8436.130859375
8433.3203125
8429.6513671875
8426.3974609375
8423.302734375
8420.615234375
8417.6474609375
8414.71875
8411.9140625
8409.4736328125
8407.021484375
8404.515625
8401.92578125
8399.4560546875
8397.29296875
8395.04296875
8392.51953125
8389.677734375
8386.52734375
8383.564453125
8380.8974609375
8378.255859375
8375.634765625
8373.0654296875
8370.6435546875
8368.4326171875
8366.3232421875
8364.18359375
8361.984375
8359.65625
8357.4921875
8355.0927734375
8353.1484375
8350.8818359375
8348.8701171875
8346.72265625
8345.0185546875
8343.5029296875
8342.568359375
8341.421875
8340.380859375
8339.158203125
8338.4755859375
8337.486328125
8336.7626953125
8333.9814453125
8330.4892578125
8325.9072265625
8322.1376953125
8319.51953125
8318.0341796875
8316.72265625
8315.056640625
8313.1162109375
8311.607421875
8311.029296875
8311.095703125
8311.3193359375
8309.458984375
8306.0078125
8300.0390625
8294.166015625
8290.3134765625
8288.40625
8287.517578125
8286.1474609375
8284.369140625
8282.3564453125
8280.8798828125
8278.46875
8275.6650390625
8271.828125
8268.462890625
8265.7109375
8263.5771484375
8261.4140625
8259.5263671875
8257.583984375
8256.123046875
8254.26171875
8252.125
8249.66796875
8247.0400390625
8244.853515625
8242.4912109375
8240.26171875
8238.0732421875
8236.076171875
8233.87890625
8231.89453125
8230.05859375
8228.486328125
8226.8662109375
8225.3173828125
8223.4365234375
8221.8154296875
8219.4248046875
8217.0205078125
8214.572265625
8212.728515625
8211.8017578125
8211.2294921875
8210.8955078125
8210.138671875
8209.40625
8208.0966796875
8205.9765625
8202.9921875
8199.5673828125
8196.908203125
8194.62890625
8192.853515625
8190.54931640625
8188.0166015625
8185.1796875
8182.7138671875
8180.646484375
8179.0205078125
8177.31201171875
8175.3798828125
8172.8818359375
8170.6806640625
8168.28125
8166.880859375
8164.591796875
8162.57177734375
8159.0419921875
8156.0517578125
8153.158203125
8151.24072265625
8149.68359375
8148.2958984375
8146.861328125
8145.2509765625
8144.1357421875
8142.90234375
8142.10986328125
8141.126953125
8139.671875
8138.53125
8136.66845703125
8135.3388671875
8133.9580078125
8132.9345703125
8131.62060546875
8130.5009765625
8129.72412109375
8129.90576171875
8130.8525390625
8131.67529296875
8130.4111328125
8126.9375
8122.3330078125
8118.84814453125
8118.18701171875
8118.525390625
8118.490234375
8116.37353515625
8112.77685546875
8108.76708984375
8105.603515625
8102.8974609375
8100.2470703125
8097.6689453125
8095.375
8094.23193359375
8093.21435546875
8091.7783203125
8089.56640625
8087.0234375
8085.17236328125
8084.3583984375
8083.380859375
8083.068359375
8082.45068359375
8083.17236328125
8083.15625
8081.46630859375
8078.71240234375
8076.56103515625
8075.8759765625
8074.5478515625
8073.458984375
8072.0634765625
8069.5712890625
8064.89892578125
8061.39453125
8059.3583984375
8058.89208984375
8057.9033203125
8057.357421875
8055.890625
8053.935546875
8051.5498046875
8050.109375
8048.10595703125
8046.96044921875
8045.4619140625
8045.0048828125
8043.16357421875
8040.9951171875
8037.8828125
8035.8642578125
8033.982421875
8033.43505859375
8032.00146484375
8030.728515625
8029.14599609375
8028.6376953125
8028.4755859375
8028.66015625
8027.892578125
8026.8125
8025.24755859375
8024.65185546875
8024.66259765625
8025.58740234375
8025.06396484375
8023.6142578125
8020.08984375
8017.109375
8014.68701171875
8014.4306640625
8014.126953125
8013.703125
8012.234375
8012.0458984375
8013.2392578125
8016.1328125
8018.4736328125
8018.55859375
8016.3291015625
8013.67333984375
8011.56298828125
8010.1484375
8007.8974609375
8004.6083984375
8000.8271484375
7998.4248046875
7997.23095703125
7997.2197265625
7996.50732421875
7995.298828125
7993.15185546875
7991.6728515625
7990.17333984375
7989.736328125
7988.40234375
7987.3916015625
7985.27294921875
7983.9306640625
7982.36474609375
7981.3115234375
7979.57421875
7977.46923828125
7974.7548828125
7972.4765625
7969.935546875
7967.92724609375
7965.2431640625
7963.2880859375
7962.02734375
7961.57421875
7961.423828125
7961.37841796875
7961.537109375
7962.0478515625
7962.7861328125
7963.5546875
7963.62109375
7963.6875
7963.7900390625
7965.91748046875
7969.1767578125
7973.43017578125
7973.869140625
7969.64794921875
7961.75048828125
7953.46484375
7949.5751953125
7949.5302734375
7951.05810546875
7951.77001953125
7947.763671875
7943.3720703125
7937.59375
7934.5234375
7932.7158203125
7930.1240234375
7927.51318359375
7920.8212890625
7919.943359375
7930.2724609375
7925.509765625
7924.32373046875
7922.41259765625
7920.984375
7920.2021484375
7916.63671875
7914.7734375
7909.93359375
7904.6875
7902.220703125
7898.3544921875
7897.28515625
7895.859375
7900.3876953125
7914.1708984375
7916.435546875
7912.87744140625
7910.177734375
7907.4853515625
7901.95556640625
7899.90771484375
7896.5537109375
7892.26953125
7890.08984375
7892.0947265625
7897.95703125
7897.578125
7897.84716796875
7895.236328125
7893.30419921875
7897.81005859375
7901.5712890625
7903.1923828125
7907.767578125
7899.46044921875
7897.9453125
7897.4775390625
7893.4296875
7892.29345703125
7885.640625
7885.97705078125
7888.61474609375
7882.74609375
7878.970703125
7883.515625
7882.576171875
7884.9404296875
7913.830078125
7898.0400390625
7903.27783203125
7895.3349609375
7884.9482421875
7885.611328125
7889.03125
7908.421875
7904.74951171875
7894.1484375
7890.92626953125
7879.09423828125
7877.0341796875
7867.06640625
7877.1796875
7878.916015625
7882.9365234375
7874.70166015625
7874.638671875
7868.7265625
7869.3662109375
7865.38134765625
7866.8828125
7866.0029296875
7868.060546875
7863.5771484375
7866.615234375
7860.892578125
7859.4560546875
7855.884765625
7852.42919921875
7848.248046875
7845.9404296875
7842.4599609375
7842.45263671875
7840.9609375
7838.1552734375
7840.07373046875
7841.8994140625
7834.126953125
7837.234375
7831.8388671875
7834.412109375
7833.716796875
7831.1630859375
7832.09619140625
7829.1171875
7826.1875
7824.66015625
7821.6044921875
7821.19140625
7821.7705078125
7822.90625
7824.0732421875
7825.53173828125
7826.0654296875
7828.0087890625
7828.56884765625
7829.3779296875
7829.765625
7828.08251953125
7826.103515625
7824.439453125
7822.09765625
7819.888671875
7818.5224609375
7816.376953125
7813.701171875
7813.2392578125
7812.0830078125
7812.037109375
7813.771484375
7814.13671875
7814.37890625
7814.87841796875
7813.3583984375
7811.5
7810.84326171875
7809.8828125
7810.6962890625
7813.75439453125
7816.25244140625
7817.7431640625
7817.15234375
7814.72900390625
7813.556640625
7814.6240234375
7815.2490234375
7814.876953125
7814.28271484375
7813.0791015625
7812.41259765625
7812.79931640625
7810.943359375
7807.3134765625
7804.42529296875
7801.669921875
7799.931640625
7799.8369140625
7798.48583984375
7796.08203125
7795.80078125
7795.2841796875
7795.576171875
7798.435546875
7799.30322265625
7798.0888671875
7796.822265625
7791.94580078125
7786.6103515625
7785.662109375
7784.8671875
7785.1943359375
7787.515625
7785.7646484375
7783.3701171875
7783.0517578125
7781.1875
7780.93798828125
7781.99609375
7779.51806640625
7776.47265625
7774.12744140625
7770.931640625
7769.908203125
7771.00537109375
7770.92578125
7771.3330078125
7771.82080078125
7771.4521484375
7771.576171875
7772.9130859375
7773.453125
7774.47900390625
7776.0791015625
7777.2451171875
7779.49462890625
7783.0107421875
7786.626953125
7789.6220703125
7791.6259765625
7790.404296875
7787.8896484375
7785.04736328125
7783.794921875
7783.859375
7785.7705078125
7785.9638671875
7785.0771484375
7782.44873046875
7779.1279296875
7774.865234375
7771.64013671875
7769.3232421875
7769.3291015625
7771.3720703125
7774.0966796875
7776.0693359375
7776.4013671875
7774.3955078125
7770.7578125
7766.3173828125
7761.5224609375
7757.55078125
7755.98876953125
7757.8515625
7761.45849609375
7765.3623046875
7737.22607421875
7745.2041015625
7750.82666015625
7732.26123046875
7746.8603515625
7737.2880859375
7734.6025390625
7740.2685546875
7731.9873046875
7734.5615234375
7734.0654296875
7730.412109375
7731.8759765625
7730.5419921875
7728.357421875
7729.654296875
7727.583984375
7726.91162109375
7727.39453125
7725.3056640625
7725.75390625
7724.8486328125
7724.0341796875
7723.93115234375
7723.095703125
7722.70556640625
7722.17822265625
7721.78125
7721.1025390625
7720.88037109375
7720.298828125
7719.755859375
7719.6044921875
7718.8330078125
7718.64208984375
7718.1875
7717.61669921875
7717.42236328125
7716.84326171875
7716.49609375
7716.1279296875
7715.6533203125
7715.3037109375
7714.9033203125
7714.5078125
7714.1083984375
7713.73828125
7713.33203125
7712.953125
7712.5849609375
7712.1806640625
7711.82666015625
7711.4404296875
7711.05908203125
7710.6943359375
7710.3154296875
7709.9443359375
7709.56884765625
7709.2021484375
7708.82861328125
7708.451171875
7708.0908203125
7707.71533203125
7707.34521484375
7706.9833984375
7706.6064453125
7706.24951171875
7705.8740234375
7705.5126953125
7705.14794921875
7704.77734375
7704.4208984375
7704.04931640625
7703.6865234375
7703.3232421875
7702.9599609375
7702.599609375
7702.240234375
7701.876953125
7701.517578125
7701.14794921875
7700.794921875
7700.431640625
7700.0703125
7699.70751953125
7699.34033203125
7698.9794921875
7698.6220703125
7698.26318359375
7697.908203125
7697.5439453125
7697.1865234375
7696.8291015625
7696.4736328125
7696.11669921875
7695.7548828125
7695.392578125
7695.03857421875
7694.68310546875
7694.32421875
7693.9609375
7693.6044921875
7693.2431640625
7692.890625
7692.525390625
7692.1669921875
7691.810546875
7691.453125
7691.0908203125
7690.734375
7690.37109375
7690.013671875
7689.65771484375
7689.298828125
7688.94189453125
7688.58154296875
7688.2197265625
7687.865234375
7687.505859375
7687.14990234375
7686.7841796875
7686.4267578125
7686.0673828125
7685.708984375
7685.345703125
7684.9912109375
7684.630859375
7684.26123046875
7683.91015625
7683.5498046875
7683.18798828125
7682.830078125
7682.470703125
7682.11181640625
7681.75390625
7681.388671875
7681.0263671875
7680.66357421875
7680.3017578125
7679.9443359375
7679.58154296875
7679.22021484375
7678.857421875
7678.4931640625
7678.13232421875
7677.76611328125
7677.4140625
7677.068359375
7676.744140625
7676.466796875
7676.2392578125
7675.9423828125
7675.44921875
7674.90478515625
7674.5380859375
7674.2734375
7673.89013671875
7673.43359375
7673.0595703125
7672.7265625
7672.3232421875
7671.90234375
7671.5537109375
7671.2060546875
7670.79345703125
7670.36328125
7669.986328125
7669.6318359375
7669.22314453125
7668.775390625
7668.36669921875
7667.96875
7667.5400390625
7667.08056640625
7666.62109375
7666.1630859375
7665.67919921875
7665.17822265625
7664.66552734375
7664.14453125
7663.615234375
7663.056640625
7662.48876953125
7661.927734375
7661.3603515625
7660.78564453125
7660.216796875
7659.66455078125
7659.12939453125
7658.6015625
7658.091796875
7657.5908203125
7657.10693359375
7656.63671875
7656.1875
7655.7490234375
7655.314453125
7654.88818359375
7654.47705078125
7654.0625
7653.6630859375
7653.2646484375
7652.87109375
7652.47705078125
7652.083984375
7651.6953125
7651.30517578125
7650.91357421875
7650.521484375
7650.1328125
7649.74609375
7649.3466796875
7648.95947265625
7648.56640625
7648.173828125
7647.7861328125
7647.3955078125
7647.0029296875
7646.607421875
7646.21630859375
7645.814453125
7645.41015625
7645.00439453125
7644.58984375
7644.1748046875
7643.7529296875
7643.33349609375
7642.89453125
7642.44921875
7642.0
7641.5341796875
7641.06640625
7640.58154296875
7640.078125
7639.572265625
7639.04296875
7638.50341796875
7637.9482421875
7637.37255859375
7636.77880859375
7636.17431640625
7635.55712890625
7634.9404296875
7634.3056640625
7633.6767578125
7633.0478515625
7632.4248046875
7631.8193359375
7631.2080078125
7630.6103515625
7630.0166015625
7629.435546875
7628.85546875
7628.28857421875
7627.7255859375
7627.16650390625
7626.619140625
7626.0810546875
7625.55322265625
7625.0263671875
7624.5078125
7624.001953125
7623.49462890625
7622.9970703125
7622.49609375
7621.9970703125
7621.50537109375
7621.01953125
7620.5322265625
7620.048828125
7619.568359375
7619.08935546875
7618.6142578125
7618.13671875
7617.6640625
7617.197265625
7616.7265625
7616.265625
7615.80078125
7615.33642578125
7614.8720703125
7614.4130859375
7613.95751953125
7613.50390625
7613.05126953125
7612.5986328125
7612.14990234375
7611.6943359375
7611.2451171875
7610.796875
7610.3447265625
7609.90087890625
7609.45556640625
7609.0078125
7608.56103515625
7608.1171875
7607.6748046875
7607.232421875
7606.7841796875
7606.33935546875
7605.8935546875
7605.4462890625
7605.005859375
7604.55908203125
7604.11669921875
7603.6728515625
7603.220703125
7602.77392578125
7602.3232421875
7601.875
7601.42626953125
7600.97607421875
7600.53076171875
7600.0751953125
7599.6240234375
7599.17578125
7598.71728515625
7598.26513671875
7597.8154296875
7597.359375
7596.90869140625
7596.4580078125
7596.005859375
7595.56982421875
7595.13037109375
7594.69091796875
7594.2353515625
7593.759765625
7593.26025390625
7592.732421875
7592.20849609375
7591.693359375
7591.1884765625
7590.689453125
7590.17578125
7589.64306640625
7589.09521484375
7588.53857421875
7587.97119140625
7587.41650390625
7586.87353515625
7586.33984375
7585.814453125
7585.283203125
7584.755859375
7584.2255859375
7583.69921875
7583.1806640625
7582.67333984375
7582.171875
7581.6708984375
7581.1884765625
7580.7080078125
7580.2275390625
7579.75390625
7579.28759765625
7578.826171875
7578.375
7577.92626953125
7577.4873046875
7577.05419921875
7576.6259765625
7576.203125
7575.783203125
7575.375
7574.9755859375
7574.591796875
7574.22265625
7573.87158203125
7573.541015625
7573.2333984375
7572.935546875
7572.634765625
7572.2939453125
7571.9130859375
7571.42724609375
7570.8583984375
7570.1982421875
7569.513671875
7568.869140625
7568.328125
7567.9326171875
7567.6806640625
7567.5771484375
7567.47509765625
7567.31591796875
7566.7705078125
7565.93798828125
7564.97998046875
7564.26171875
7563.87890625
7563.626953125
7563.27392578125
7562.70166015625
7562.0849609375
7561.63427734375
7561.34521484375
7561.068359375
7560.650390625
7560.125
7559.623046875
7559.2294921875
7558.87109375
7558.45654296875
7557.96484375
7557.4853515625
7557.0888671875
7556.732421875
7556.3515625
7555.931640625
7555.4912109375
7555.083984375
7554.7138671875
7554.3330078125
7553.92919921875
7553.505859375
7553.09130859375
7552.70703125
7552.333984375
7551.95703125
7551.5966796875
7551.24072265625
7550.9638671875
7550.67431640625
7550.57177734375
7550.2744140625
7550.3173828125
7549.7529296875
7549.4951171875
7548.607421875
7547.9033203125
7547.1943359375
7546.677734375
7546.3359375
7546.0869140625
7545.9052734375
7545.5703125
7545.2626953125
7544.6708984375
7544.1259765625
7543.5517578125
7543.0673828125
7542.673828125
7542.33837890625
7542.025390625
7541.6572265625
7541.283203125
7540.810546875
7540.3486328125
7539.87109375
7539.4306640625
7539.0224609375
7538.64306640625
7538.28564453125
7537.921875
7537.57568359375
7537.2275390625
7536.92333984375
7536.6767578125
7536.556640625
7536.609375
7536.8740234375
7537.40234375
7537.99169921875
7538.4345703125
7538.0966796875
7536.822265625
7534.8310546875
7533.0126953125
7532.0517578125
7531.94873046875
7532.15576171875
7532.03955078125
7531.3935546875
7530.4345703125
7529.6484375
7529.2919921875
7529.22900390625
7529.123046875
7528.74853515625
7528.080078125
7527.2822265625
7526.5361328125
7525.9794921875
7525.6015625
7525.26953125
7524.853515625
7524.30615234375
7523.70947265625
7523.18115234375
7522.763671875
7522.4306640625
7522.0849609375
7521.6982421875
7521.28125
7520.9423828125
7520.7294921875
7520.6953125
7520.810546875
7521.04443359375
7521.13134765625
7521.00244140625
7520.3251953125
7519.443359375
7518.49658203125
7518.22900390625
7518.18505859375
7518.6494140625
7518.5634765625
7518.4794921875
7518.10498046875
7518.1943359375
7518.8330078125
7520.083984375
7521.56982421875
7522.9052734375
7523.6181640625
7523.4482421875
7522.7763671875
7522.005859375
7522.0556640625
7522.8818359375
7524.13671875
7525.0595703125
7524.8505859375
7523.8359375
7522.61474609375
7522.5947265625
7523.31640625
7524.3623046875
7523.77294921875
7522.0869140625
7519.5615234375
7517.93603515625
7517.291015625
7517.8388671875
7518.55859375
7519.0517578125
7518.62890625
7517.3876953125
7515.49609375
7513.42724609375
7511.85205078125
7510.96923828125
7510.92626953125
7510.5908203125
7509.96240234375
7508.482421875
7507.05859375
7505.58251953125
7504.716796875
7503.943359375
7503.38525390625
7502.662109375
7501.94580078125
7501.314453125
7500.93017578125
7500.900390625
7501.078125
7501.357421875
7501.5302734375
7501.640625
7501.5009765625
7500.78515625
7499.48046875
7497.83056640625
7496.6689453125
7496.0478515625
7495.962890625
7495.5693359375
7494.95703125
7493.8251953125
7493.2734375
7493.1513671875
7494.318359375
7495.123046875
7496.361328125
7496.04296875
7495.7763671875
7495.04443359375
7494.7109375
7494.513671875
7494.24169921875
7493.68798828125
7492.80859375
7491.9736328125
7491.1201171875
7490.6591796875
7490.3505859375
7490.212890625
7490.2041015625
7490.3037109375
7490.609375
7490.9033203125
7490.9462890625
7490.392578125
7489.4482421875
7488.41650390625
7487.7978515625
7487.8623046875
7488.58984375
7489.6943359375
7490.75390625
7491.2265625
7490.6357421875
7489.00244140625
7486.8408203125
7485.1162109375
7484.458984375
7484.78515625
7485.52783203125
7485.85546875
7485.44384765625
7484.3974609375
7483.3779296875
7482.8662109375
7483.03564453125
7483.537109375
7483.96142578125
7483.91552734375
7483.3447265625
7482.30908203125
7481.00732421875
7479.615234375
7478.34033203125
7477.3720703125
7476.625
7476.0244140625
7475.375
7474.75390625
7474.20947265625
7473.8349609375
7473.51025390625
7473.1220703125
7472.6142578125
7472.0146484375
7471.54345703125
7471.384765625
7471.681640625
7472.36181640625
7473.341796875
7474.51171875
7475.82421875
7477.25341796875
7478.56201171875
7479.55029296875
7479.8564453125
7479.71435546875
7479.1171875
7478.79296875
7478.47412109375
7478.3798828125
7477.7158203125
7476.525390625
7474.45556640625
7471.9716796875
7469.57568359375
7467.8857421875
7467.2470703125
7467.45263671875
7468.11767578125
7468.599609375
7468.755859375
7468.3720703125
7467.884765625
7467.28515625
7466.876953125
7466.4453125
7465.9619140625
7465.212890625
7464.3017578125
7463.40380859375
7462.6826171875
7462.17724609375
7461.5927734375
7460.96533203125
7460.1044921875
7459.34375
7458.578125
7458.06005859375
7457.7041015625
7457.64013671875
7457.76171875
7458.08935546875
7458.4521484375
7458.87060546875
7459.1865234375
7459.5
7459.83056640625
7460.35986328125
7461.05859375
7461.88037109375
7462.5341796875
7463.01806640625
7463.37939453125
7463.9326171875
7464.83642578125
7466.0166015625
7467.291015625
7468.349609375
7469.11669921875
7469.6005859375
7469.91845703125
7470.1171875
7469.91796875
7468.98388671875
7466.99853515625
7464.45703125
7461.9921875
7460.5478515625
7460.203125
7460.955078125
7461.85888671875
7462.4560546875
7462.11767578125
7461.23388671875
7460.0341796875
7459.041015625
7458.17919921875
7457.373046875
7456.44287109375
7455.435546875
7454.66015625
7454.171875
7454.0341796875
7453.76953125
7453.39208984375
7452.6806640625
7452.0751953125
7451.4658203125
7451.19677734375
7450.8291015625
7450.5859375
7450.02099609375
7449.4765625
7448.830078125
7448.259765625
7447.80859375
7447.3701171875
7447.03125
7446.68994140625
7446.5361328125
7446.55810546875
7446.89794921875
7447.4326171875
7448.0966796875
7448.6865234375
7449.10693359375
7449.30078125
7449.302734375
7449.2744140625
7449.310546875
7449.64501953125
7450.189453125
7451.26611328125
7452.37890625
7453.83203125
7454.9521484375
7455.904296875
7456.224609375
7455.8701171875
7454.8818359375
7453.4150390625
7451.9921875
7450.82421875
7450.1572265625
7449.830078125
7449.72119140625
7449.4814453125
7448.9833984375
7448.119140625
7447.09033203125
7446.10693359375
7445.41259765625
7445.34619140625
7445.65234375
7446.4130859375
7446.90673828125
7447.03125
7446.1181640625
7444.78466796875
7443.4345703125
7443.61328125
7444.89501953125
7447.20751953125
7448.7734375
7449.6328125
7449.17138671875
7448.74365234375
7448.32421875
7448.322265625
7448.12841796875
7447.6884765625
7447.234375
7446.98486328125
7447.32861328125
7447.5625
7447.52685546875
7446.4951171875
7444.9052734375
7442.9375
7441.275390625
7439.8740234375
7438.9384765625
7438.0029296875
7437.40380859375
7436.71875
7436.47705078125
7436.1083984375
7436.04150390625
7435.7001953125
7435.49365234375
7434.96435546875
7434.5126953125
7433.9052734375
7433.53125
7433.236328125
7433.271484375
7433.39208984375
7433.6728515625
7433.876953125
7433.990234375
7433.7333984375
7433.27197265625
7432.67041015625
7432.56396484375
7432.62939453125
7433.255859375
7433.5859375
7434.3427734375
7434.16845703125
7434.056640625
7432.8125
7432.1640625
7431.6611328125
7432.23583984375
7432.95849609375
7433.9775390625
7434.3662109375
7434.43115234375
7433.77734375
7433.4462890625
7433.537109375
7434.7138671875
7436.33642578125
7438.37255859375
7439.75244140625
7440.8994140625
7441.14208984375
7441.4443359375
7441.185546875
7440.1240234375
7438.0439453125
7437.0791015625
7437.53125
7438.19580078125
7438.2060546875
7438.259765625
7437.7490234375
7435.1689453125
7431.9150390625
7430.576171875
7430.732421875
7431.10400390625
7431.345703125
7430.6806640625
7428.3232421875
7425.57470703125
7423.3671875
7422.373046875
7422.05712890625
7421.8505859375
7421.0078125
7419.72509765625
7418.28857421875
7417.390625
7417.00390625
7416.99169921875
7417.0986328125
7417.3369140625
7417.26806640625
7417.08349609375
7416.70849609375
7416.3623046875
7415.955078125
7415.95703125
7416.349609375
7417.1259765625
7418.0673828125
7418.7255859375
7418.96484375
7418.294921875
7417.076171875
7415.38427734375
7413.92626953125
7412.73046875
7412.25341796875
7412.08984375
7412.26171875
7412.4033203125
7412.509765625
7412.31298828125
7411.734375
7410.7529296875
7409.5537109375
7408.63623046875
7408.34375
7408.77587890625
7409.5625
7410.36181640625
7410.8603515625
7411.2080078125
7411.6005859375
7412.31494140625
7413.06689453125
7413.6669921875
7413.56005859375
7412.9482421875
7411.9619140625
7411.1142578125
7410.54345703125
7410.36328125
7410.50146484375
7411.0244140625
7411.9609375
7413.3798828125
7414.9296875
7416.6904296875
7418.03515625
7419.2880859375
7419.533203125
7418.978515625
7416.853515625
7413.998046875
7410.9833984375
7409.1513671875
7408.84765625
7410.072265625
7412.05908203125
7414.0888671875
7415.80078125
7417.021484375
7417.9091796875
7418.46875
7418.63134765625
7418.6025390625
7418.3447265625
7418.1640625
7417.69873046875
7417.0263671875
7415.68408203125
7414.52685546875
7414.0400390625
7414.9443359375
7416.341796875
7417.68994140625
7417.794921875
7417.00390625
7415.4296875
7413.869140625
7412.3525390625
7410.607421875
7408.921875
7407.17431640625
7406.1474609375
7405.62109375
7405.68017578125
7405.734375
7405.6279296875
7405.0185546875
7403.99658203125
7402.65234375
7401.2236328125
7400.0771484375
7399.0859375
7398.46533203125
7397.84765625
7397.412109375
7396.8984375
7396.564453125
7396.271484375
7396.27001953125
7396.3154296875
7396.62890625
7396.96044921875
7397.41845703125
7397.880859375
7398.5078125
7399.3779296875
7400.607421875
7402.2607421875
7404.091796875
7405.9365234375
7407.1611328125
7407.578125
7406.8916015625
7405.8759765625
7405.23046875
7405.50390625
