7931.3193359375
7906.3427734375
7883.24609375
7861.87353515625
7842.06005859375
7823.65478515625
7806.52880859375
7790.564453125
7775.63427734375
7761.63671875
7748.4814453125
7736.08056640625
7724.3759765625
7713.296875
7702.79296875
7692.81689453125
7683.32958984375
7674.29296875
7665.666015625
7657.4296875
7649.5546875
7642.00927734375
7634.78173828125
7627.8447265625
7621.18359375
7614.783203125
7608.6279296875
7602.705078125
7597.00048828125
7591.505859375
7586.20556640625
7581.09814453125
7576.17138671875
7571.4130859375
7566.8193359375
7562.37841796875
7558.087890625
7553.93896484375
7549.92578125
7546.04052734375
7542.2783203125
7538.63623046875
7535.1064453125
7531.6826171875
7528.3662109375
7525.14501953125
7522.017578125
7518.984375
7516.03369140625
7513.16796875
7510.3837890625
7507.67431640625
7505.0419921875
7502.47998046875
7499.9853515625
7497.556640625
7495.19189453125
7492.890625
7490.6455078125
7488.4580078125
7486.32666015625
7484.24609375
7482.21630859375
7480.236328125
7478.3017578125
7476.4130859375
7474.56787109375
7472.767578125
7471.009765625
7469.28955078125
7467.6064453125
7465.9619140625
7464.35400390625
7462.779296875
7461.2412109375
7459.73388671875
7458.2568359375
7456.8125
7455.39697265625
7454.009765625
7452.6513671875
7451.31982421875
7450.013671875
7448.734375
7447.4765625
7446.244140625
7445.037109375
7443.849609375
7442.685546875
7441.5419921875
7440.4169921875
7439.31396484375
7438.228515625
7437.1630859375
7436.11767578125
7435.08984375
7434.07861328125
7433.0830078125
7432.1044921875
7431.14697265625
7430.20263671875
7429.27197265625
7428.35546875
7427.4541015625
7426.56787109375
7425.697265625
7424.83935546875
7423.9921875
7423.15869140625
7422.33984375
7421.53173828125
7420.7373046875
7419.95361328125
7419.18212890625
7418.42236328125
7417.673828125
7416.935546875
7416.20849609375
7415.49365234375
7414.78662109375
7414.09130859375
7413.4052734375
7412.73046875
7412.0634765625
7411.40673828125
7410.7587890625
7410.119140625
7409.490234375
7408.8681640625
7408.25634765625
7407.6513671875
7407.0576171875
7406.4716796875
7405.892578125
7405.32177734375
7404.7587890625
7404.203125
7403.6533203125
7403.11279296875
7402.578125
7402.05078125
7401.5302734375
7401.02001953125
7400.51416015625
7400.0146484375
7399.52197265625
7399.0380859375
7398.55859375
7398.0849609375
7397.619140625
7397.15673828125
7396.7021484375
7396.25390625
7395.81103515625
7395.373046875
7394.9404296875
7394.515625
7394.0947265625
7393.6806640625
7393.271484375
7392.8671875
7392.46728515625
7392.07275390625
7391.6826171875
7391.2978515625
7390.919921875
7390.5439453125
7390.1728515625
7389.8095703125
7389.44775390625
7389.0908203125
7388.73779296875
7388.38916015625
7388.046875
7387.705078125
7387.36962890625
7387.0380859375
7386.7109375
7386.38818359375
7386.06689453125
7385.7509765625
7385.4404296875
7385.1318359375
7384.8251953125
7384.5244140625
7384.22705078125
7383.93505859375
7383.642578125
7383.353515625
7383.0703125
7382.7880859375
7382.51025390625
7382.23486328125
7381.96240234375
7381.6943359375
7381.427734375
7381.1650390625
7380.90478515625
7380.6474609375
7380.39208984375
12059602.0
11521600.0
213472.359375
119580.3125
122018.2421875
93810.203125
80808.796875
70611.84375
62636.55859375
61021.25390625
60163.1484375
59550.0390625
76104.40625
59918.5390625
59488.25
59083.80078125
57128.9609375
54607.1875
52565.08984375
50967.640625
49579.5546875
48293.83203125
47093.9453125
45909.56640625
44768.09375
43705.84375
42718.55078125
41793.53125
40911.828125
40076.6328125
39275.34375
38494.16015625
37718.95703125
36929.95703125
36129.77734375
35335.6875
34550.8359375
33771.28125
33001.96875
32257.94921875
31550.4140625
30875.880859375
30223.265625
29592.78515625
28991.60546875
28419.81640625
27869.341796875
27337.00390625
26826.4453125
26337.73046875
25865.619140625
25410.02734375
24974.646484375
24557.896484375
24157.9375
23776.3359375
23414.15625
23072.2734375
22750.46484375
22445.88671875
22156.69140625
21881.05859375
21616.44140625
21362.080078125
21118.015625
20883.498046875
20657.236328125
20438.30859375
20226.125
20020.61328125
19822.052734375
19630.36328125
19445.013671875
19265.6171875
19091.884765625
18923.4921875
18759.9375
18600.93359375
18446.544921875
18296.3515625
18149.69921875
18006.423828125
17866.37890625
17729.587890625
17596.005859375
17465.36328125
17337.515625
17212.3671875
17089.814453125
16969.802734375
16852.380859375
16737.408203125
16624.642578125
16514.0
16405.490234375
16299.068359375
16194.50390625
16091.736328125
15990.7734375
15891.541015625
15793.92578125
15697.890625
15603.5302734375
15510.8486328125
15419.84765625
15330.4658203125
15242.599609375
15155.49609375
15069.3251953125
14984.619140625
14901.5888671875
14819.734375
14738.365234375
14658.10546875
14579.236328125
14501.275390625
14423.9365234375
14347.310546875
14271.779296875
14197.099609375
14122.84765625
14049.341796875
13976.765625
13905.1015625
13834.2119140625
13764.158203125
13695.291015625
13627.69140625
13561.2998046875
13496.0947265625
13432.0302734375
13368.921875
13306.53515625
13244.7197265625
13183.4677734375
13122.91796875
13063.1337890625
13004.0458984375
12945.564453125
12887.681640625
12830.3916015625
12773.7060546875
12717.62890625
12662.15234375
12607.27734375
12553.037109375
12499.439453125
12446.515625
12394.21484375
12342.49609375
12291.3349609375
12240.720703125
12190.61328125
12141.048828125
12091.9912109375
12043.4638671875
11995.4150390625
11947.84765625
11900.7578125
11854.16015625
11808.0703125
11762.439453125
11717.14453125
11672.1396484375
11627.6396484375
11583.73046875
11540.2216796875
11496.958984375
11454.103515625
11411.78515625
11369.7958984375
11328.0615234375
11286.7470703125
11245.8203125
11205.2529296875
11164.849609375
11124.955078125
11084.9609375
11045.263671875
11005.6640625
10966.73046875
10928.404296875
10890.58203125
10853.34375
10816.115234375
10779.2490234375
10742.375
10706.16796875
10670.6396484375
10635.40625
10600.609375
10565.41796875
10530.5078125
10496.13671875
10462.6650390625
10430.115234375
10397.310546875
10362.935546875
10328.78125
10296.8583984375
10264.3251953125
10231.6533203125
10200.28125
10167.6923828125
10135.80859375
10105.185546875
10073.73828125
10042.8515625
10012.1982421875
9981.380859375
9951.427734375
9921.439453125
9891.3955078125
9861.9501953125
9832.3359375
9803.0263671875
9774.21484375
9745.2333984375
9716.4912109375
9688.07421875
9659.6826171875
9631.6728515625
9603.908203125
9576.2041015625
9548.79296875
9521.376953125
9494.185546875
9467.5234375
9440.943359375
9414.365234375
9388.16796875
9362.154296875
9336.162109375
9310.4345703125
9284.958984375
9259.630859375
9234.515625
9209.4130859375
9184.0517578125
9158.9423828125
9134.3798828125
9109.787109375
9085.025390625
9060.6220703125
9036.4970703125
9012.23828125
8988.130859375
8964.3818359375
8940.642578125
8916.984375
8893.6533203125
8870.443359375
8847.302734375
8824.443359375
8801.748046875
8779.1513671875
8756.751953125
8734.509765625
8712.2734375
8690.23828125
8668.4453125
8646.798828125
8625.31640625
8603.962890625
8582.7099609375
8561.625
8540.77734375
8520.0869140625
8499.53515625
8479.142578125
8458.9296875
8438.828125
8419.078125
8399.4384765625
8379.919921875
8359.8203125
8339.712890625
8319.93359375
8300.7314453125
8281.5390625
8262.0546875
8242.76953125
8224.1064453125
8205.78125
8187.14404296875
8168.14306640625
8149.1162109375
8130.4482421875
8112.05224609375
8093.654296875
8075.20556640625
8056.9208984375
8038.966796875
8021.125
8003.24609375
7985.32470703125
7967.5390625
7949.90625
7932.265625
7914.55712890625
7896.9814453125
7879.66064453125
7862.4033203125
7845.134765625
7827.9482421875
7811.0087890625
7794.1044921875
7777.060546875
7760.01953125
7743.22314453125
7726.654296875
7710.1484375
7693.70751953125
7677.3037109375
7661.0166015625
7644.896484375
7628.921875
7612.8369140625
7596.40966796875
7579.77490234375
7563.58203125
7547.9208984375
7532.37646484375
7516.59521484375
7500.76171875
7485.3125
7470.22314453125
7455.18310546875
7440.04931640625
7425.0537109375
7410.0888671875
7394.84326171875
7379.3271484375
7364.04931640625
7349.20703125
7334.451171875
7319.517578125
7304.4990234375
7289.6171875
7275.05126953125
7261.044921875
7247.666015625
7234.669921875
7220.97265625
7204.494140625
7186.5703125
7171.44287109375
7159.26171875
7145.66357421875
7129.1123046875
7113.43115234375
7100.35107421875
7086.83935546875
7071.6513671875
7057.2802734375
7044.3076171875
7030.3837890625
7015.31787109375
7001.091796875
6987.37890625
6972.3232421875
6956.6416015625
6942.3623046875
6929.0546875
6914.9384765625
6899.98681640625
6885.63720703125
6872.0
6858.123046875
6844.099609375
6830.6748046875
6817.767578125
6804.7333984375
6791.89208984375
6779.64111328125
6767.72412109375
6755.12841796875
6742.6748046875
6730.3115234375
6718.27197265625
6705.99951171875
6693.451171875
6679.9130859375
6664.94921875
6650.46484375
6638.43359375
6628.0546875
6616.173828125
6602.4501953125
6588.1396484375
6575.6689453125
6564.15625
6552.25048828125
6539.326171875
6526.2490234375
6514.2646484375
6502.5380859375
6490.9140625
6478.873046875
6467.1005859375
6456.04296875
6444.9326171875
6433.224609375
6420.017578125
6407.1328125
6395.884765625
6390.2666015625
6382.1005859375
6361.8115234375
6358.0283203125
6339.53564453125
6332.654296875
6318.662109375
6311.5712890625
6300.43701171875
6292.6416015625
6282.0478515625
6272.0234375
6258.345703125
6247.373046875
6234.3115234375
6225.1650390625
6215.455078125
6208.03515625
6196.9169921875
6183.841796875
6170.22216796875
6161.4951171875
6151.74609375
6142.794921875
6130.890625
6121.693359375
6112.544921875
6102.541015625
6091.6123046875
6081.5732421875
6071.41015625
6061.13818359375
6050.47900390625
6040.87744140625
6031.80029296875
6022.5322265625
6013.056640625
6003.72802734375
5994.47998046875
5985.28466796875
5976.498046875
5968.62109375
5961.501953125
5954.041015625
5945.9423828125
5936.9912109375
5927.9521484375
5918.2431640625
5907.7763671875
5896.2177734375
5884.91015625
5874.5869140625
5865.46142578125
5856.9677734375
5848.0615234375
5838.33984375
5828.39501953125
5819.29541015625
5811.1474609375
5803.083984375
5794.4443359375
5785.6220703125
5776.85595703125
5767.966796875
5758.052734375
5747.9375
5738.666015625
5730.6376953125
5723.0927734375
5714.9716796875
5706.314453125
5697.5703125
5689.07861328125
5680.7060546875
5672.501953125
5664.7119140625
5657.232421875
5649.69921875
5641.568359375
5633.4765625
5625.70703125
5618.25732421875
5610.02978515625
5601.0966796875
5591.48095703125
5581.47607421875
5571.97705078125
5563.4892578125
5555.609375
5547.359375
5538.685546875
5530.14697265625
5522.0830078125
5514.4482421875
5507.21923828125
5500.43310546875
5493.509765625
5486.638671875
5479.75341796875
5473.6806640625
5467.95849609375
5462.7626953125
5456.775390625
5449.8017578125
5440.7158203125
5430.7529296875
5420.4794921875
5411.166015625
5402.08251953125
5393.73974609375
5385.59228515625
5377.98486328125
5370.87353515625
5364.111328125
5356.859375
5349.345703125
5341.302734375
5334.60498046875
5328.11328125
5321.9462890625
5314.7509765625
5307.2490234375
5299.7626953125
5293.013671875
5285.916015625
5277.875
5269.3759765625
5261.06689453125
5254.1728515625
5247.10546875
5240.47998046875
5233.03125
5226.0498046875
5219.283203125
5212.8505859375
5206.38671875
5200.15869140625
5193.6669921875
5187.498046875
5179.06298828125
5172.28369140625
5163.328125
5156.3310546875
5149.7822265625
5142.30712890625
5134.9384765625
5125.9169921875
5119.7705078125
5112.22216796875
5105.4716796875
5097.90625
5089.1875
5082.30224609375
5074.12646484375
5068.1162109375
5062.0048828125
5055.29541015625
5047.90771484375
5040.53759765625
5034.232421875
5028.0185546875
5022.5732421875
5014.76123046875
5007.3974609375
4999.966796875
4993.4716796875
4987.0009765625
4980.3486328125
4975.3369140625
4969.4453125
4965.2470703125
4962.0986328125
4959.53271484375
4957.5283203125
4953.68896484375
4949.3330078125
4941.48046875
4931.8994140625
4921.59375
4912.1630859375
4904.94775390625
4898.345703125
4891.359375
4883.7392578125
4877.716796875
4872.724609375
4867.2265625
4859.53125
4851.11376953125
4842.65234375
4835.4755859375
4828.9521484375
4822.4892578125
4816.109375
4809.94873046875
4804.6259765625
4800.1279296875
4795.7392578125
4791.18310546875
4786.6005859375
4780.685546875
4773.27294921875
4764.802734375
4757.150390625
4750.94091796875
4745.3134765625
4739.697265625
4734.15234375
4729.705078125
4726.146484375
4723.6181640625
4719.5302734375
4713.9072265625
4706.7919921875
4699.349609375
4692.9072265625
4686.2802734375
4679.3046875
4672.091796875
4665.552734375
4661.212890625
4658.0283203125
4655.2509765625
4651.044921875
4644.7548828125
4637.419921875
4630.849609375
4626.11328125
4621.435546875
4614.6953125
4606.28173828125
4598.6279296875
4594.93505859375
4592.53955078125
4590.40869140625
4585.71923828125
4580.28271484375
4574.85888671875
4569.8916015625
4563.2724609375
4555.3828125
4547.09619140625
4540.8896484375
4535.72265625
4531.43310546875
4525.935546875
4520.20751953125
4514.5380859375
4510.408203125
4506.845703125
4503.0927734375
4498.1279296875
4492.5830078125
4486.2734375
4480.1279296875
4473.4765625
4467.2490234375
4461.7080078125
4456.7841796875
4452.08837890625
4447.25634765625
4442.1142578125
4437.7236328125
4434.27734375
4432.35107421875
4430.67578125
4428.623046875
4425.28515625
4420.3154296875
4413.4482421875
4405.412109375
4397.85595703125
4392.32568359375
4388.841796875
4386.02685546875
4381.978515625
4376.22119140625
4369.07763671875
4362.865234375
4357.892578125
4354.9462890625
4351.82666015625
4348.55517578125
4343.5244140625
4338.4423828125
4333.0
4328.11083984375
4322.7119140625
4316.90234375
4310.6484375
4305.0546875
4300.43798828125
4297.09375
4294.43896484375
4291.7978515625
4288.62451171875
4284.3935546875
4279.32958984375
4273.349609375
4266.8955078125
4259.9638671875
4253.37548828125
4247.9326171875
4244.099609375
4241.54736328125
4238.94384765625
4235.1845703125
4229.82421875
4223.8623046875
4218.82080078125
4214.4150390625
4211.11376953125
4207.4677734375
4204.4482421875
4201.423828125
4199.9990234375
4198.0302734375
4197.58349609375
4192.8251953125
4188.09130859375
4181.45166015625
4176.47119140625
4172.7763671875
4168.86865234375
4164.435546875
4158.4794921875
4153.19921875
4149.7919921875
4147.0966796875
4144.03515625
4138.716796875
4132.0576171875
4125.7080078125
4119.892578125
4115.86865234375
4113.30859375
4110.4228515625
4105.86767578125
4099.193359375
4092.49267578125
4087.28271484375
4084.4384765625
4082.7080078125
4080.5400390625
4077.0634765625
4072.314453125
4067.56640625
4061.9599609375
4056.70263671875
4050.9189453125
4045.955078125
4043.00341796875
4041.353515625
4040.93310546875
4040.0576171875
4038.615234375
4035.66064453125
4031.7919921875
4026.8564453125
4021.3173828125
4015.423828125
4009.6025390625
4004.15771484375
3998.73046875
3993.4619140625
3988.38134765625
3983.86962890625
3979.705078125
3975.935546875
3972.4501953125
3969.38232421875
3966.51123046875
3963.3603515625
3959.8974609375
3956.3896484375
3955.05712890625
3954.189453125
3954.53125
3952.4306640625
3942.03515625
3927.5439453125
3921.20458984375
3923.3037109375
3923.427734375
3916.95947265625
3911.7412109375
3908.5615234375
3902.31494140625
3895.0068359375
3892.13037109375
3890.4599609375
3886.12451171875
3880.2880859375
3876.416015625
3872.6064453125
3867.453125
3863.54296875
3861.1865234375
3858.17236328125
3853.998046875
3850.3818359375
3847.2548828125
3843.90966796875
3840.380859375
3837.51611328125
3834.3779296875
3830.2880859375
3825.30810546875
3820.06298828125
3814.7421875
3809.603515625
3804.75
3800.2548828125
3795.8076171875
3791.75244140625
3787.845703125
3784.9658203125
3782.44384765625
3780.80517578125
3779.6279296875
3778.671875
3776.998046875
3773.7646484375
3768.380859375
3762.302734375
3756.72265625
3753.255859375
3751.00439453125
3750.78173828125
3751.70068359375
3753.74609375
3753.515625
3750.2607421875
3746.40234375
3743.0263671875
3743.3173828125
3742.3642578125
3742.8212890625
3739.10302734375
3734.9619140625
3729.837890625
3725.5810546875
3722.18701171875
3717.3134765625
3711.69921875
3705.3955078125
3701.71826171875
3699.30615234375
3696.3212890625
3691.1865234375
3685.4111328125
3679.99267578125
3676.14013671875
3673.23779296875
3670.8310546875
3667.1259765625
3661.94775390625
3655.1689453125
3648.9560546875
3644.2529296875
3641.56005859375
3639.4033203125
3636.79833984375
3633.1376953125
3629.02978515625
3625.28662109375
3621.95703125
3619.1748046875
3615.64013671875
3611.29736328125
3606.0234375
3601.005859375
3597.03271484375
3594.2021484375
3592.009765625
3589.8779296875
3587.6689453125
3585.2333984375
3582.58935546875
3579.375
3575.68408203125
3571.8427734375
3568.9765625
3567.375
3566.98974609375
3566.400390625
3564.748046875
3560.94482421875
3555.1123046875
3547.65771484375
3540.53759765625
3535.16845703125
3532.083984375
3529.93310546875
3527.49755859375
3524.197265625
3520.982421875
3518.8681640625
3518.4375
3518.6337890625
3518.216796875
3516.208984375
3512.95263671875
3509.56396484375
3507.51953125
3507.28564453125
3508.30615234375
3509.240234375
3508.2197265625
3504.98779296875
3499.6435546875
3495.24853515625
3493.13818359375
3494.2392578125
3497.1064453125
3499.595703125
3499.921875
3496.44189453125
3489.02685546875
3479.1083984375
3470.79052734375
3465.52880859375
3462.86328125
3459.77734375
3455.23095703125
3449.4599609375
3443.78857421875
3438.48486328125
3432.5419921875
3426.0712890625
3419.951171875
3416.1650390625
3414.6669921875
3413.95654296875
3411.67431640625
3407.5537109375
3402.517578125
3398.3271484375
3395.29248046875
3392.87890625
3389.90283203125
3386.43603515625
3382.85400390625
3380.06640625
3377.69287109375
3375.291015625
3372.546875
3369.2197265625
3366.27392578125
3363.35009765625
3361.0888671875
3358.38427734375
3356.10009765625
3353.7734375
3352.76171875
3351.8447265625
3350.8876953125
3349.125
3346.59375
3345.00830078125
3343.69287109375
3343.916015625
3342.19677734375
3340.64697265625
3337.26904296875
3335.626953125
3334.20068359375
3334.0244140625
3333.2646484375
3332.279296875
3331.2431640625
3330.62060546875
3330.4326171875
3329.60791015625
3327.44580078125
3323.6015625
3319.28125
3314.60205078125
3309.98291015625
3303.9287109375
3296.94921875
3289.80029296875
3284.6357421875
3281.697265625
3280.48193359375
3279.22265625
3276.63037109375
3273.158203125
3269.03857421875
3265.50244140625
3262.837890625
3260.2890625
3258.63330078125
3256.33056640625
3254.33203125
3220.76123046875
3228.21630859375
3234.7451171875
3209.92529296875
3226.564453125
3215.8876953125
3207.05224609375
3217.95263671875
3202.8955078125
3204.8984375
3206.048828125
3195.30322265625
3199.8935546875
3194.92822265625
3190.30029296875
3192.47607421875
3186.34375
3185.42529296875
3184.484375
3179.8681640625
3179.82421875
3177.12353515625
3174.2880859375
3173.64111328125
3170.609375
3168.76171875
3167.318359375
3164.61865234375
3163.0517578125
3161.14501953125
3158.85205078125
3157.2333984375
3155.1884765625
3153.16796875
3151.4248046875
3149.3837890625
3147.4873046875
3145.66796875
3143.6943359375
3141.83349609375
3139.9794921875
3138.04345703125
3136.1875
3134.3251953125
3132.41650390625
3130.5703125
3128.70654296875
3126.81005859375
3124.95849609375
3123.083984375
3121.19189453125
3119.3408203125
3117.455078125
3115.57177734375
3113.708984375
3111.81298828125
3109.92919921875
3108.05322265625
3106.14599609375
3104.248046875
3102.349609375
3100.4287109375
3098.5185546875
3096.59619140625
3094.65625
3092.71484375
3090.7470703125
3088.77392578125
3086.77294921875
3084.76220703125
3082.7275390625
3080.66748046875
3078.583984375
3076.49169921875
3074.40771484375
3072.34765625
3070.349609375
3068.42822265625
3066.5419921875
3064.6650390625
3062.7744140625
3060.8896484375
3059.01220703125
3057.13623046875
3055.26904296875
3053.390625
3051.49267578125
3049.58251953125
3047.6572265625
3045.7314453125
3043.810546875
3041.904296875
3039.9912109375
3038.07861328125
3036.1669921875
3034.2587890625
3032.3623046875
3030.46826171875
3028.5869140625
3026.7177734375
3024.86962890625
3023.04296875
3021.23876953125
3019.453125
3017.681640625
3015.9228515625
3014.171875
3012.41943359375
3010.67431640625
3008.92529296875
3007.1787109375
3005.43701171875
3003.69384765625
3001.9462890625
3000.21142578125
2998.4736328125
2996.744140625
2995.01025390625
2993.28271484375
2991.560546875
2989.84423828125
2988.1328125
2986.42626953125
2984.72021484375
2983.02197265625
2981.31640625
2979.61962890625
2977.921875
2976.236328125
2974.548828125
2972.86376953125
2971.1787109375
2969.49462890625
2967.81982421875
2966.14501953125
2964.46875
2962.79736328125
2961.1240234375
2959.4560546875
2957.7998046875
2956.1396484375
2954.4970703125
2952.853515625
2951.2490234375
2949.6494140625
2948.14990234375
2946.607421875
2945.33740234375
2943.66796875
2942.39501953125
2940.35888671875
2938.62109375
2936.62060546875
2934.837890625
2933.0947265625
2931.4365234375
2929.8291015625
2928.25244140625
2926.73779296875
2925.17919921875
2923.712890625
2922.0537109375
2920.50830078125
2918.73486328125
2917.0673828125
2915.326171875
2913.65576171875
2912.0
2910.37890625
2908.77880859375
2907.19189453125
2905.61474609375
2904.0361328125
2902.48486328125
2900.900390625
2899.3466796875
2897.732421875
2896.16796875
2894.53515625
2892.9453125
2891.30126953125
2889.701171875
2888.0859375
2886.482421875
2884.87158203125
2883.27880859375
2881.68212890625
2880.09326171875
2878.505859375
2876.92431640625
2875.3408203125
2873.7685546875
2872.18896484375
2870.61376953125
2869.0380859375
2867.46533203125
2865.8916015625
2864.32080078125
2862.75146484375
2861.18603515625
2859.61376953125
2858.0595703125
2856.4970703125
2854.9482421875
2853.392578125
2851.859375
2850.322265625
2848.82666015625
2847.3017578125
2845.8759765625
2844.35009765625
2842.9833984375
2841.357421875
2839.951171875
2838.20703125
2836.638671875
2834.88134765625
2833.25146484375
2831.57958984375
2829.970703125
2828.373046875
2826.78662109375
2825.212890625
2823.646484375
2822.0810546875
2820.52294921875
2818.9697265625
2817.41943359375
2815.8759765625
2814.326171875
2812.8056640625
2811.24560546875
2809.7607421875
2808.1943359375
2806.72705078125
2805.134765625
2803.66064453125
2802.044921875
2800.5458984375
2798.9306640625
2797.40625
2795.82568359375
2794.283203125
2792.7275390625
2791.18701171875
2789.64599609375
2788.11767578125
2786.59130859375
2785.0673828125
2783.5576171875
2782.048828125
2780.544921875
2779.0400390625
2777.5419921875
2776.03515625
2774.54345703125
2773.04443359375
2771.552734375
2770.0625
2768.5703125
2767.08642578125
2765.60400390625
2764.1328125
2762.65283203125
2761.2001953125
2759.75537109375
2758.3466796875
2756.91845703125
2755.60791015625
2754.16845703125
2752.9345703125
2751.38623046875
2750.068359375
2748.3857421875
2746.89794921875
2745.21533203125
2743.65625
2742.05517578125
2740.5263671875
2739.01171875
2737.5302734375
2736.0576171875
2734.59912109375
2733.1357421875
2731.6787109375
2730.2373046875
2728.796875
2727.37744140625
2725.94580078125
2724.5478515625
2723.103515625
2721.73046875
2720.27587890625
2718.91259765625
2717.4365234375
2716.0546875
2714.54833984375
2713.12939453125
2711.6025390625
2710.15966796875
2708.6416015625
2707.189453125
2705.69384765625
2704.2470703125
2702.77587890625
2701.33935546875
2699.8955078125
2698.47412109375
2697.0615234375
2695.67578125
2694.3173828125
2692.96728515625
2691.65087890625
2690.27294921875
2688.86962890625
2687.33740234375
2685.7744140625
2684.20703125
2682.72607421875
2681.33056640625
2679.990234375
2678.68408203125
2677.31494140625
2675.9345703125
2674.4736328125
2673.1005859375
2671.68212890625
2670.4345703125
2669.03369140625
2667.796875
2666.29833984375
2664.91357421875
2663.326171875
2661.86328125
2660.31201171875
2658.86279296875
2657.390625
2655.9541015625
2654.51025390625
2653.0751953125
2651.62841796875
2650.197265625
2648.78271484375
2647.365234375
2645.96044921875
2644.552734375
2643.1279296875
2641.69482421875
2640.25634765625
2638.8017578125
2637.3466796875
2635.87890625
2634.41748046875
2632.935546875
2631.4736328125
2629.97216796875
2628.5380859375
2627.048828125
2625.68408203125
2624.19775390625
2622.875
2621.37255859375
2620.02587890625
2618.498046875
2617.087890625
2615.55615234375
2614.10888671875
2612.6142578125
2611.1650390625
2609.7060546875
2608.2763671875
2606.85205078125
2605.4482421875
2604.04443359375
2602.6533203125
2601.2705078125
2599.88720703125
2598.513671875
2597.1435546875
2595.78076171875
2594.42529296875
2593.068359375
2591.71435546875
2590.36865234375
2589.04052734375
2587.74658203125
2586.49609375
2585.31982421875
2584.22314453125
2583.1728515625
2581.9755859375
2580.5244140625
2578.8193359375
2577.3818359375
2576.13525390625
2575.2236328125
2573.89013671875
2572.55078125
2570.890625
2569.52001953125
2568.09765625
2566.74658203125
2565.259765625
2563.79345703125
2562.359375
2560.99853515625
2559.64404296875
2558.28662109375
2556.9189453125
2555.5654296875
2554.22021484375
2552.9052734375
2551.6171875
2550.3408203125
2549.07373046875
2547.80078125
2546.5888671875
2545.4111328125
2544.3154296875
2543.18212890625
2541.998046875
2540.5712890625
2539.0595703125
2537.4541015625
2536.11181640625
2534.826171875
2533.74365234375
2532.4365234375
2531.09912109375
2529.5439453125
2528.11181640625
2526.69970703125
2525.43212890625
2524.14501953125
2522.853515625
2521.54150390625
2520.283203125
2519.12353515625
2517.98681640625
2516.89794921875
2515.65234375
2514.37158203125
2512.884765625
2511.37451171875
2509.81005859375
2508.29345703125
2506.86669921875
2505.56689453125
2504.365234375
2503.16943359375
2501.89453125
2500.4638671875
2498.97607421875
2497.490234375
2496.11474609375
2494.8115234375
2493.6044921875
2492.3603515625
2491.2177734375
2489.9658203125
2488.91259765625
2487.66650390625
2486.6474609375
2485.36865234375
2484.28515625
2482.9833984375
2481.87548828125
2480.66259765625
2479.66796875
2478.5732421875
2477.58447265625
2476.23583984375
2474.69775390625
2472.84619140625
2471.12744140625
2469.744140625
2468.955078125
2468.40087890625
2468.064453125
2467.09765625
2465.71533203125
2463.5322265625
2461.15966796875
2458.73486328125
2456.607421875
2454.7578125
2453.28955078125
2452.03857421875
2450.95654296875
2449.845703125
2448.7578125
2447.51416015625
2446.369140625
2445.1865234375
2444.18994140625
2443.169921875
2442.11279296875
2440.642578125
2438.8486328125
2436.8115234375
2434.96630859375
2433.40478515625
2432.16796875
2431.076171875
2430.1162109375
2429.21484375
2428.17919921875
2426.85546875
2425.498046875
2424.50048828125
2423.7255859375
2422.57275390625
2421.00390625
2419.484375
2418.47119140625
2417.67626953125
2416.9716796875
2416.359375
2416.0419921875
2415.6298828125
2415.40625
2415.494140625
2416.27490234375
2417.2705078125
2418.48291015625
2419.8212890625
2421.63916015625
2423.875
2425.970703125
2427.818359375
2428.29052734375
2427.91357421875
2426.11328125
2423.42919921875
2419.896484375
2416.89306640625
2415.1328125
2414.75244140625
2414.85205078125
2414.513671875
2413.234375
2410.8642578125
2407.560546875
2403.89306640625
2400.296875
2397.1201171875
2394.6416015625
2393.02001953125
2392.09814453125
2391.14013671875
2390.0341796875
2388.810546875
2388.12158203125
2387.91259765625
2387.55126953125
2386.7607421875
2385.25537109375
2383.14697265625
2380.3193359375
2377.4404296875
2375.640625
2374.44287109375
2373.8037109375
2372.43359375
2370.80908203125
2368.4013671875
2366.1396484375
2364.44140625
2363.794921875
2363.6875
2363.4189453125
2362.72314453125
2361.12548828125
2359.0859375
2356.421875
2354.25
2352.40966796875
2351.7099609375
2351.27294921875
2351.564453125
2351.82275390625
2352.494140625
2352.68408203125
2352.7138671875
2351.6962890625
2350.4521484375
2348.70556640625
2347.482421875
2346.43896484375
2345.958984375
2345.46826171875
2345.10400390625
2344.48486328125
2343.6923828125
2342.4931640625
2340.91748046875
2338.9169921875
2336.50146484375
2333.74951171875
2330.8369140625
2328.13037109375
2325.91357421875
2324.3505859375
2323.23193359375
2322.2587890625
2321.16015625
2319.91552734375
2318.7109375
2317.69970703125
2316.95751953125
2316.369140625
2315.853515625
2315.2216796875
2314.51953125
2313.77392578125
2313.2158203125
2313.00634765625
2313.146484375
2313.08740234375
2312.2255859375
2310.1103515625
2307.25927734375
2304.42626953125
2302.767578125
2302.10888671875
2302.484375
2302.49072265625
2302.21435546875
2300.98046875
2299.68701171875
2298.37841796875
2297.46875
2296.9365234375
2296.380859375
2295.91064453125
2295.23779296875
2294.86865234375
2294.78173828125
2294.87890625
2294.43896484375
2292.8818359375
2289.9775390625
2286.36669921875
2282.955078125
2280.63671875
2279.40185546875
2278.9833984375
2278.43359375
2277.42919921875
2275.6484375
2273.5595703125
2271.4658203125
2269.82080078125
2268.81005859375
2268.3134765625
2268.1865234375
2268.021484375
2267.9716796875
2267.861328125
2268.00146484375
2268.27978515625
2268.3056640625
2267.80126953125
2266.22216796875
2263.71923828125
2260.576171875
2257.26806640625
2254.33740234375
2252.0869140625
2250.6806640625
2250.14697265625
2250.466796875
2251.7392578125
2253.4921875
2254.9189453125
2254.1923828125
2250.3896484375
2243.99658203125
2238.1220703125
2235.59033203125
2236.57470703125
2238.56787109375
2239.0859375
2237.8671875
2236.59765625
2237.2041015625
2239.39453125
2241.26611328125
2241.240234375
2239.46923828125
2237.28515625
2235.12890625
2232.63037109375
2229.35302734375
2225.79296875
2222.435546875
2220.01611328125
2218.30322265625
2217.1953125
2216.47021484375
2216.21044921875
2216.4775390625
2216.72216796875
2216.87451171875
2216.2412109375
2215.5322265625
2214.15966796875
2212.4404296875
2210.3564453125
2208.3056640625
2206.5361328125
2205.04296875
2203.85546875
2202.775390625
2201.72998046875
2200.77880859375
2200.08642578125
2199.6357421875
2199.21728515625
2198.46826171875
2197.1396484375
2195.36279296875
2193.34521484375
2191.47216796875
2190.03759765625
2189.013671875
2188.4091796875
2187.7587890625
2187.115234375
2186.23828125
2185.4443359375
2184.71044921875
2184.373046875
2184.30078125
2184.7744140625
2185.24609375
2185.86669921875
2185.75048828125
2185.16064453125
2183.25048828125
2180.671875
2177.32275390625
2174.34130859375
2171.83056640625
2170.21728515625
2169.10302734375
2168.43994140625
2167.9580078125
2167.42529296875
2166.587890625
2165.00244140625
2163.06640625
2160.88916015625
2159.2470703125
2158.08056640625
2157.564453125
2157.15283203125
2156.91455078125
2156.26171875
2155.908203125
2155.2587890625
2155.15869140625
2154.62109375
2153.8955078125
2152.55078125
2150.65869140625
2148.99609375
2147.4697265625
2146.5732421875
2145.4990234375
2144.1015625
2142.08642578125
2139.978515625
2138.1181640625
2136.7529296875
2135.6474609375
2134.5966796875
2133.2841796875
2131.78271484375
2130.35498046875
2129.38037109375
2129.1328125
2129.64794921875
2130.4013671875
2131.18994140625
2131.3193359375
2130.8544921875
2129.244140625
2126.828125
2123.8369140625
2121.19580078125
2119.30419921875
2118.47705078125
2118.08203125
2117.82421875
2117.15771484375
2116.09814453125
2114.62353515625
2112.734375
2110.7861328125
2108.2998046875
2105.861328125
2103.00830078125
2100.4921875
2098.09814453125
2096.1923828125
2094.63671875
2093.505859375
2092.94677734375
2092.7763671875
2093.21484375
2093.3515625
2093.4541015625
2093.0634765625
2093.45166015625
2095.47216796875
2100.48046875
2103.8349609375
2101.79638671875
2095.6787109375
2092.07421875
2089.1455078125
2084.02197265625
2081.087890625
2080.353515625
2078.72216796875
2076.69970703125
2076.81494140625
2076.13037109375
2073.13330078125
2071.3583984375
2071.82275390625
2072.6591796875
2072.94775390625
2072.6884765625
2072.3525390625
2072.20703125
2072.77294921875
2074.3642578125
2076.52685546875
2078.83203125
2080.90869140625
2081.56201171875
2080.6513671875
2078.7548828125
2076.15966796875
2072.80810546875
2069.65234375
2066.8779296875
2064.3056640625
2061.9736328125
2059.6923828125
2057.39697265625
2055.48974609375
2054.33251953125
2053.796875
2053.7275390625
2053.404296875
2052.8544921875
2051.53564453125
2049.9453125
2047.2705078125
2044.2041015625
2040.4619140625
2037.2939453125
2034.79443359375
2032.97607421875
2031.267578125
2029.26953125
2027.0703125
2024.734375
2022.80615234375
2021.021484375
2019.45068359375
2017.84326171875
2016.40234375
2015.06396484375
2013.81640625
2012.4404296875
2010.77685546875
2008.890625
2007.03759765625
2005.48486328125
2004.26904296875
2003.31298828125
2002.52197265625
2001.79736328125
2001.16357421875
2000.61328125
2000.28955078125
2000.2412109375
2000.49072265625
2000.86376953125
2001.17138671875
2001.07861328125
2000.49560546875
1999.30224609375
1997.90234375
1996.2001953125
1994.93212890625
1993.75
1993.5712890625
1993.95068359375
1995.27880859375
1996.94873046875
1998.5771484375
1999.861328125
2000.595703125
2001.12646484375
2001.66455078125
2002.52880859375
2002.93359375
2002.61279296875
2001.4443359375
2000.30078125
1999.0244140625
1996.8056640625
1993.54052734375
1990.05419921875
1987.4267578125
1985.54248046875
1983.9462890625
1982.02587890625
1980.583984375
1979.7353515625
1979.7392578125
1979.603515625
1979.19140625
1978.294921875
1977.08544921875
1975.43310546875
1973.2568359375
1970.935546875
1968.712890625
1967.3251953125
1966.41357421875
1966.1513671875
1965.7041015625
1965.01171875
1963.845703125
1962.849609375
1962.44970703125
1963.09375
1964.45703125
1966.39990234375
1968.33544921875
1970.0673828125
1970.84765625
1970.6669921875
1969.45654296875
1968.27880859375
1967.28125
1966.82373046875
1965.9091796875
1964.5830078125
1962.42041015625
1959.77880859375
1956.083984375
1950.8779296875
1945.2197265625
1941.2998046875
1939.66357421875
1938.81884765625
1937.20751953125
1934.89453125
1933.041015625
1932.17333984375
1932.0751953125
1932.20361328125
1932.9765625
1933.9775390625
1935.134765625
1935.5693359375
1935.62158203125
1935.091796875
1934.35205078125
1932.89453125
1931.171875
1929.048828125
1927.1826171875
1925.53759765625
1924.5087890625
1923.92333984375
1923.3759765625
1922.4345703125
1920.7509765625
1918.65869140625
1916.322265625
1914.1865234375
1912.3486328125
1911.0888671875
1910.28564453125
1910.09375
1910.20263671875
1910.85546875
1911.8984375
1913.53076171875
1915.52734375
1917.8291015625
