7931.3193359375
7906.3427734375
7883.24609375
7861.87353515625
7842.06005859375
7823.65478515625
7806.52880859375
7790.564453125
7775.63427734375
7761.63671875
7748.4814453125
7736.08056640625
7724.3759765625
7713.296875
7702.79296875
7692.81689453125
7683.32958984375
7674.29296875
7665.666015625
7657.4296875
7649.5546875
7642.00927734375
7634.78173828125
7627.8447265625
7621.18359375
7614.783203125
7608.6279296875
7602.705078125
7597.00048828125
7591.505859375
7586.20556640625
7581.09814453125
7576.17138671875
7571.4130859375
7566.8193359375
7562.37841796875
7558.087890625
7553.93896484375
7549.92578125
7546.04052734375
7542.2783203125
7538.63623046875
7535.1064453125
7531.6826171875
7528.3662109375
7525.14501953125
7522.017578125
7518.984375
7516.03369140625
7513.16796875
7510.3837890625
7507.67431640625
7505.0419921875
7502.47998046875
7499.9853515625
7497.556640625
7495.19189453125
7492.890625
7490.6455078125
7488.4580078125
7486.32666015625
7484.24609375
7482.21630859375
7480.236328125
7478.3017578125
7476.4130859375
7474.56787109375
7472.767578125
7471.009765625
7469.28955078125
7467.6064453125
7465.9619140625
7464.35400390625
7462.779296875
7461.2412109375
7459.73388671875
7458.2568359375
7456.8125
7455.39697265625
7454.009765625
7452.6513671875
7451.31982421875
7450.013671875
7448.734375
7447.4765625
7446.244140625
7445.037109375
7443.849609375
7442.685546875
7441.5419921875
7440.4169921875
7439.31396484375
7438.228515625
7437.1630859375
7436.11767578125
7435.08984375
7434.07861328125
7433.0830078125
7432.1044921875
7431.14697265625
7430.20263671875
7429.27197265625
7428.35546875
7427.4541015625
7426.56787109375
7425.697265625
7424.83935546875
7423.9921875
7423.15869140625
7422.33984375
7421.53173828125
7420.7373046875
7419.95361328125
7419.18212890625
7418.42236328125
7417.673828125
7416.935546875
7416.20849609375
7415.49365234375
7414.78662109375
7414.09130859375
7413.4052734375
7412.73046875
7412.0634765625
7411.40673828125
7410.7587890625
7410.119140625
7409.490234375
7408.8681640625
7408.25634765625
7407.6513671875
7407.0576171875
7406.4716796875
7405.892578125
7405.32177734375
7404.7587890625
7404.203125
7403.6533203125
7403.11279296875
7402.578125
7402.05078125
7401.5302734375
7401.02001953125
7400.51416015625
7400.0146484375
7399.52197265625
7399.0380859375
7398.55859375
7398.0849609375
7397.619140625
7397.15673828125
7396.7021484375
7396.25390625
7395.81103515625
7395.373046875
7394.9404296875
7394.515625
7394.0947265625
7393.6806640625
7393.271484375
7392.8671875
7392.46728515625
7392.07275390625
7391.6826171875
7391.2978515625
7390.919921875
7390.5439453125
7390.1728515625
7389.8095703125
7389.44775390625
7389.0908203125
7388.73779296875
7388.38916015625
7388.046875
7387.705078125
7387.36962890625
7387.0380859375
7386.7109375
7386.38818359375
7386.06689453125
7385.7509765625
7385.4404296875
7385.1318359375
7384.8251953125
7384.5244140625
7384.22705078125
7383.93505859375
7383.642578125
7383.353515625
7383.0703125
7382.7880859375
7382.51025390625
7382.23486328125
7381.96240234375
7381.6943359375
7381.427734375
7381.1650390625
7380.90478515625
7380.6474609375
7380.39208984375
3443368.25
7944681.5
129396.4921875
49437.67578125
49408.12890625
102486.15625
81079.8515625
57110.95703125
56685.46484375
47103.4296875
43200.78515625
40130.0625
38132.45703125
37102.921875
36348.1953125
35531.38671875
34662.5546875
33932.125
33403.4921875
32966.70703125
32443.228515625
31796.478515625
31125.2890625
30503.96484375
29921.953125
29359.53125
28809.33203125
28256.265625
27691.896484375
27090.041015625
26483.6875
25879.548828125
25292.87890625
24726.0546875
24173.61328125
23632.671875
23165.267578125
22649.671875
22204.482421875
21761.267578125
21334.82421875
20946.439453125
20587.732421875
20230.318359375
19881.419921875
19562.619140625
19263.544921875
18970.080078125
18685.59765625
18412.70703125
18144.45703125
17881.103515625
17632.505859375
17401.3828125
17179.892578125
16962.876953125
16752.751953125
16551.853515625
16359.326171875
16172.3291015625
15989.943359375
15814.373046875
15645.853515625
15482.189453125
15323.1171875
15169.7529296875
15022.01953125
14878.970703125
14740.19140625
14605.248046875
14473.1025390625
14343.494140625
14217.3134765625
14094.294921875
13974.169921875
13856.8232421875
13742.1796875
13630.154296875
13521.19140625
13412.13671875
13305.6923828125
13201.939453125
13099.94140625
12999.7421875
12901.0703125
12804.25
12709.0185546875
12615.58203125
12523.560546875
12432.89453125
12343.7578125
12256.0234375
12169.732421875
12084.5703125
12000.8486328125
11918.4921875
11837.419921875
11757.2578125
11678.84375
11599.7724609375
11521.779296875
11444.197265625
11367.8525390625
11292.6689453125
11217.99609375
11145.203125
11068.890625
10995.912109375
10925.884765625
10853.6572265625
10783.5107421875
10716.46875
10650.7353515625
10585.4833984375
10521.419921875
10459.94140625
10400.5185546875
10339.8818359375
10281.2568359375
10223.986328125
10165.568359375
10107.8818359375
10051.267578125
9995.3857421875
9939.83203125
9884.7099609375
9830.8310546875
9777.8515625
9725.2607421875
9673.373046875
9622.30859375
9572.025390625
9522.35546875
9473.146484375
9424.580078125
9376.712890625
9329.525390625
9282.921875
9236.6865234375
9190.87890625
9145.6044921875
9100.806640625
9056.3876953125
9012.2998046875
8968.689453125
8925.572265625
8882.927734375
8840.6748046875
8798.8603515625
8757.490234375
8716.513671875
8675.998046875
8635.931640625
8596.279296875
8557.033203125
8518.1953125
8479.7431640625
8441.6826171875
8404.05859375
8366.84765625
8330.05078125
8293.6474609375
8257.62890625
8222.015625
8186.82568359375
8152.04248046875
8117.650390625
8083.69091796875
8050.1240234375
8016.9609375
7984.1806640625
7951.83642578125
7919.90283203125
7888.6162109375
7857.689453125
7828.1171875
7797.0625
7766.30078125
7734.2265625
7704.2666015625
7676.69189453125
7649.2060546875
7625.37841796875
7590.513671875
7564.0380859375
7537.84375
7503.80126953125
7478.03466796875
7458.0673828125
7423.7919921875
7400.5703125
7373.07177734375
7343.23193359375
7325.310546875
7307.49609375
7273.908203125
7253.720703125
7222.0693359375
7195.505859375
7169.888671875
7152.44189453125
7145.4111328125
7108.65234375
7094.10986328125
7064.96875
7036.8623046875
7014.927734375
6980.11474609375
6966.9443359375
6942.24365234375
6919.17041015625
6889.19873046875
6871.7275390625
6844.24560546875
6827.953125
6796.115234375
6781.0244140625
6751.9140625
6736.89111328125
6707.83984375
6691.42529296875
6664.5107421875
6647.4765625
6622.7294921875
6603.0888671875
6580.3818359375
6560.4140625
6539.53515625
6518.5927734375
6497.482421875
6477.7412109375
6457.99951171875
6437.8876953125
6418.7880859375
6399.234375
6380.57177734375
6360.98193359375
6342.16357421875
6323.2705078125
6304.92529296875
6286.2578125
6267.9375
6249.19140625
6231.2197265625
6213.015625
6195.1474609375
6176.955078125
6159.4384765625
6141.8037109375
6124.4228515625
6106.84130859375
6089.7119140625
6072.517578125
6055.4853515625
6038.392578125
6021.51904296875
6004.689453125
5987.9951171875
5971.3115234375
5954.74609375
5938.2529296875
5921.8818359375
5905.548828125
5889.2900390625
5873.1279296875
5857.0517578125
5841.0166015625
5825.0498046875
5809.181640625
5793.37841796875
5777.6162109375
5761.92626953125
5746.328125
5730.779296875
5715.3046875
5699.8759765625
5684.52685546875
5669.22021484375
5653.998046875
5638.8408203125
5623.7294921875
5608.705078125
5593.8232421875
5579.2265625
5565.01220703125
5551.17333984375
5537.10302734375
5521.1240234375
5505.32421875
5490.48193359375
5476.1708984375
5461.5400390625
5446.1904296875
5431.4345703125
5417.0556640625
5402.474609375
5387.46435546875
5372.8017578125
5358.67578125
5344.22119140625
5329.6923828125
5315.724609375
5302.23486328125
5288.609375
5273.54296875
5256.8486328125
5240.33447265625
5225.654296875
5211.71484375
5196.2431640625
5179.6640625
5164.1640625
5150.09521484375
5135.63671875
5120.35791015625
5105.90234375
5092.373046875
5078.3720703125
5063.830078125
5050.41455078125
5038.49951171875
5027.4208984375
5016.0458984375
5001.501953125
4984.89501953125
4968.72412109375
4958.2705078125
4947.375
4930.564453125
4916.4814453125
4905.640625
4891.4521484375
4878.0634765625
4866.796875
4853.22265625
4839.45849609375
4827.59912109375
4814.8779296875
4801.748046875
4789.9716796875
4777.88330078125
4764.98046875
4752.6875
4740.8232421875
4728.50830078125
4716.4482421875
4704.955078125
4693.12109375
4681.185546875
4669.93310546875
4658.7080078125
4646.81787109375
4634.67578125
4622.822265625
4611.35986328125
4600.119140625
4588.68017578125
4576.83544921875
4565.11376953125
4553.853515625
4542.6689453125
4531.2900390625
4519.98046875
4508.86474609375
4497.6484375
4486.3720703125
4475.3076171875
4464.388671875
4453.298828125
4442.0849609375
4431.0185546875
4420.091796875
4409.07861328125
4397.98095703125
4386.94091796875
4376.0390625
4365.22265625
4354.43896484375
4343.7001953125
4333.0
4322.30078125
4311.50830078125
4300.8251953125
4290.5126953125
4280.26025390625
4270.53466796875
4260.599609375
4251.69873046875
4242.8310546875
4233.01220703125
4220.40625
4206.4541015625
4195.037109375
4186.330078125
4177.583984375
4166.19677734375
4153.6552734375
4142.958984375
4134.38671875
4125.56640625
4114.486328125
4103.07958984375
4093.67578125
4085.68310546875
4077.79833984375
4071.138671875
4074.49609375
4088.638671875
4090.84423828125
4036.4423828125
4041.78955078125
4034.4140625
4003.8798828125
4018.193359375
3987.24951171875
3988.52099609375
3970.451171875
3964.78759765625
3955.763671875
3941.3955078125
3936.23876953125
3920.35107421875
3917.61669921875
3900.2080078125
3896.517578125
3881.8623046875
3878.2392578125
3865.72607421875
3859.82421875
3848.95458984375
3841.2890625
3830.6142578125
3821.80029296875
3812.9697265625
3805.0537109375
3797.19970703125
3788.685546875
3781.4912109375
3773.091796875
3765.4375
3754.986328125
3746.21240234375
3737.3212890625
3730.6494140625
3722.4443359375
3714.09130859375
3705.33154296875
3698.22314453125
3692.1357421875
3685.7099609375
3679.099609375
3670.96337890625
3663.0810546875
3651.8193359375
3640.76904296875
3631.30810546875
3624.73486328125
3618.8251953125
3610.5048828125
3600.8564453125
3591.60302734375
3584.2822265625
3577.26953125
3568.7724609375
3559.30078125
3550.25927734375
3542.1279296875
3534.64990234375
3527.11181640625
3519.91064453125
3513.08642578125
3506.33984375
3498.994140625
3491.396484375
3484.43408203125
3477.4609375
3469.8779296875
3461.50146484375
3453.58935546875
3446.74365234375
3440.3037109375
3433.2802734375
3425.43701171875
3417.94921875
3411.59326171875
3406.1328125
3400.8076171875
3395.22314453125
3389.796875
3384.375
3378.49853515625
3371.505859375
3363.642578125
3356.0322265625
3350.3740234375
3346.203125
3342.14697265625
3338.11376953125
3331.46826171875
3322.18017578125
3308.11181640625
3303.1552734375
3303.7001953125
3298.2158203125
3285.13232421875
3275.42822265625
3274.6953125
3270.861328125
3259.38134765625
3250.7392578125
3248.19921875
3242.4765625
3232.68798828125
3226.451171875
3223.4443359375
3217.40625
3210.4501953125
3207.28857421875
3203.896484375
3197.95166015625
3191.53466796875
3185.65576171875
3178.5498046875
3171.87939453125
3166.05322265625
3160.3779296875
3152.88232421875
3144.265625
3136.578125
3130.14501953125
3123.4052734375
3117.30810546875
3111.763671875
3106.14208984375
3099.3388671875
3092.52685546875
3086.4638671875
3081.00390625
3075.94482421875
3070.7587890625
3066.0791015625
3059.86279296875
3053.7294921875
3047.92822265625
3042.8505859375
3037.8408203125
3031.818359375
3025.44091796875
3018.8505859375
3013.11669921875
3008.27294921875
3004.0390625
2999.58544921875
2994.38525390625
2988.712890625
2983.10107421875
2978.3896484375
2974.0771484375
2969.45556640625
2963.81005859375
2957.57080078125
2951.8623046875
2947.513671875
2944.66748046875
2942.14794921875
2939.1923828125
2934.24365234375
2928.154296875
2921.4658203125
2916.47119140625
2913.44140625
2910.8671875
2906.77685546875
2900.87158203125
2895.27734375
2891.99462890625
2890.75537109375
2889.01904296875
2883.20068359375
2873.33837890625
2862.4306640625
2854.0498046875
2849.8095703125
2847.978515625
2846.85546875
2844.203125
2840.1748046875
2834.927734375
2829.77490234375
2824.6884765625
2818.85302734375
2811.8193359375
2804.2109375
2797.56787109375
2792.31640625
2787.93359375
2783.8076171875
2779.52099609375
2774.85400390625
2769.59326171875
2764.12744140625
2758.9130859375
2754.67333984375
2751.0068359375
2747.6318359375
2743.9755859375
2740.05712890625
2736.15966796875
2732.361328125
2728.8583984375
2725.1455078125
2721.203125
2716.70263671875
2712.05615234375
2707.18359375
2702.2978515625
2697.31005859375
2692.31689453125
2687.310546875
2682.4228515625
2677.728515625
2673.2998046875
2669.04931640625
2664.89208984375
2660.6533203125
2656.14794921875
2651.53125
2646.95068359375
2642.71923828125
2638.51025390625
2634.1376953125
2629.25
2624.2275390625
2619.6201171875
2615.69140625
2612.55615234375
2609.13623046875
2604.98681640625
2599.40673828125
2593.7158203125
2588.58740234375
2584.96142578125
2581.80517578125
2578.4140625
2574.138671875
2569.46484375
2565.36767578125
2561.7080078125
2558.7861328125
2554.921875
2550.97265625
2546.3515625
2542.29736328125
2538.73876953125
2535.78515625
2533.27734375
2531.02001953125
2528.904296875
2526.37646484375
2523.58837890625
2520.7138671875
2517.8154296875
2514.4287109375
2510.06884765625
2504.55126953125
2498.71435546875
2493.52880859375
2490.12646484375
2488.30078125
2487.0390625
2485.51904296875
2483.46826171875
2481.15771484375
2478.60498046875
2475.615234375
2471.41015625
2466.5234375
2460.95751953125
2455.96484375
2451.70361328125
2449.1064453125
2447.041015625
2445.60693359375
2443.90478515625
2442.00732421875
2438.8662109375
2433.80859375
2429.04541015625
2426.4404296875
2425.60400390625
2423.4443359375
2418.546875
2412.3388671875
2407.11279296875
2403.31689453125
2399.23046875
2394.0244140625
2388.96337890625
2385.7197265625
2383.56884765625
2380.69580078125
2376.47900390625
2372.2509765625
2368.943359375
2365.90283203125
2361.97412109375
2357.28955078125
2352.68701171875
2348.744140625
2345.3271484375
2342.30712890625
2339.953125
2338.658203125
2338.3291015625
2337.6806640625
2335.2578125
2330.6923828125
2326.5791015625
2325.02734375
2325.2529296875
2323.75830078125
2319.86669921875
2316.2109375
2314.34521484375
2313.4716796875
2310.5322265625
2305.87548828125
2301.578125
2299.3173828125
2297.60546875
2294.23974609375
2289.29541015625
2284.451171875
2280.599609375
2277.42236328125
2274.78076171875
2272.748046875
2271.2509765625
2268.8798828125
2265.5869140625
2261.52587890625
2257.9658203125
2254.5927734375
2251.69384765625
2249.255859375
2247.181640625
2244.77099609375
2241.267578125
2236.8984375
2233.14794921875
2230.40478515625
2228.87060546875
2226.93701171875
2224.1611328125
2220.5908203125
2217.1845703125
2214.67041015625
2213.158203125
2212.38037109375
2211.72705078125
2211.10302734375
2209.873046875
2207.63671875
2203.689453125
2198.74853515625
2193.84912109375
2189.98193359375
2186.91015625
2183.97314453125
2180.5439453125
2176.7626953125
2173.36474609375
2170.9169921875
2169.47998046875
2168.50048828125
2167.671875
2166.85986328125
2166.4072265625
2165.7080078125
2165.244140625
2163.85693359375
2162.9931640625
2160.53271484375
2157.29931640625
2152.1357421875
2147.21240234375
2143.2978515625
2141.41162109375
2140.2646484375
2138.2998046875
2134.59814453125
2128.6728515625
2122.80078125
2117.93408203125
2114.900390625
2112.60205078125
2109.9189453125
2106.25830078125
2102.125
2098.68603515625
2096.55126953125
2095.37353515625
2094.06787109375
2092.02099609375
2089.35546875
2086.9345703125
2085.41259765625
2084.529296875
2084.24658203125
2083.732421875
2083.2080078125
2081.79833984375
2079.86328125
2076.8515625
2073.5537109375
2070.51025390625
2068.71044921875
2068.0810546875
2068.20166015625
2067.314453125
2065.0634765625
2060.546875
2055.7666015625
2051.13525390625
2048.10498046875
2046.2861328125
2045.1396484375
2043.78564453125
2041.8974609375
2039.93408203125
2038.1787109375
2036.57568359375
2034.37548828125
2030.89501953125
2026.6064453125
2022.4384765625
2019.45654296875
2017.6279296875
2016.02880859375
2013.7548828125
2010.41162109375
2006.77734375
2003.73046875
2001.87939453125
2001.2529296875
2000.73974609375
1999.8720703125
1997.47998046875
1994.18212890625
1989.7314453125
1985.7255859375
1982.78564453125
1981.20751953125
1980.26416015625
1978.8173828125
1976.62158203125
1973.9169921875
1971.41650390625
1969.51220703125
1968.0654296875
1967.13671875
1966.4541015625
1966.4833984375
1967.005859375
1968.15869140625
1969.28759765625
1970.14208984375
1969.9873046875
1968.5625
1965.20849609375
1960.4189453125
1955.2294921875
1951.46337890625
1949.8759765625
1949.8662109375
1950.34814453125
1949.32080078125
1947.92236328125
1945.63037109375
1944.7236328125
1942.802734375
1939.14892578125
1932.78271484375
1925.3486328125
1919.61669921875
1916.99169921875
1916.88671875
1916.70361328125
1914.97802734375
1910.99755859375
1906.83349609375
1903.81640625
1903.0087890625
1903.251953125
1903.53564453125
1902.9169921875
1901.12841796875
1898.73388671875
1895.435546875
1892.2587890625
1888.01416015625
1884.09716796875
1879.89892578125
1876.974609375
1875.1318359375
1874.15576171875
1873.2890625
1872.0556640625
1870.46875
1868.46728515625
1866.13916015625
1863.515625
1860.42431640625
1857.2236328125
1853.9208984375
1851.0703125
1848.765625
1847.22607421875
1846.19189453125
1845.35205078125
1844.7060546875
1844.16650390625
1844.09423828125
1844.08984375
1843.9404296875
1842.9521484375
1841.24853515625
1839.13916015625
1837.38671875
1836.23193359375
1835.58251953125
1834.751953125
1833.04541015625
1830.08642578125
1826.03515625
1821.6181640625
1818.1181640625
1816.38427734375
1816.8212890625
1818.73046875
1821.19775390625
1822.8798828125
1822.7998046875
1820.4296875
1817.46533203125
1815.93994140625
1816.7578125
1817.71337890625
1816.09375
1811.271484375
1806.22314453125
1804.57470703125
1807.12548828125
1811.0615234375
1813.15087890625
1811.81982421875
1808.16357421875
1803.68994140625
1798.927734375
1794.66064453125
1790.6962890625
1788.68359375
1787.7451171875
1787.5087890625
1785.9365234375
1783.05810546875
1779.16064453125
1776.0341796875
1774.19482421875
1773.77197265625
1773.76708984375
1773.328125
1771.90234375
1768.84326171875
1764.33154296875
1759.2822265625
1754.6201171875
1751.4580078125
1749.30029296875
1747.6494140625
1745.677734375
1743.38623046875
1741.2685546875
1739.900390625
1739.21533203125
1738.66064453125
1737.6640625
1736.33154296875
1735.3525390625
1735.4287109375
1736.8291015625
1739.21044921875
1741.58251953125
1742.97021484375
1742.296875
1739.431640625
1734.83203125
1730.19873046875
1726.72802734375
1725.169921875
1724.67431640625
1696.212890625
1701.966796875
1709.4560546875
1687.837890625
1701.96044921875
1694.52783203125
1686.345703125
1696.326171875
1684.4716796875
1685.9921875
1688.021484375
1679.29931640625
1683.66064453125
1680.31982421875
1676.58984375
1679.326171875
1674.61083984375
1674.14111328125
1674.23779296875
1670.58203125
1671.064453125
1669.46435546875
1667.35791015625
1667.41748046875
1665.35693359375
1664.251953125
1663.58984375
1661.78125
1661.02294921875
1659.88134765625
1658.48291015625
1657.6748046875
1656.38427734375
1655.26025390625
1654.29296875
1653.05029296875
1652.0341796875
1650.95947265625
1649.81201171875
1648.80322265625
1647.69140625
1646.615234375
1645.57421875
1644.47802734375
1643.43359375
1642.3681640625
1641.30029296875
1640.25732421875
1639.18896484375
1638.14208984375
1637.10107421875
1636.03271484375
1634.994140625
1633.9453125
1632.89306640625
1631.85546875
1630.80615234375
1629.7568359375
1628.7216796875
1627.6767578125
1626.63671875
1625.60302734375
1624.5615234375
1623.5302734375
1622.49658203125
1621.458984375
1620.4326171875
1619.4072265625
1618.37451171875
1617.3525390625
1616.3232421875
1615.296875
1614.27587890625
1613.25
1612.228515625
1611.2138671875
1610.1953125
1609.1787109375
1608.16064453125
1607.1435546875
1606.13037109375
1605.1181640625
1604.10595703125
1603.087890625
1602.07861328125
1601.0634765625
1600.05517578125
1599.046875
1598.04052734375
1597.0361328125
1596.0341796875
1595.02685546875
1594.0244140625
1593.0224609375
1592.0234375
1591.0234375
1590.0224609375
1589.02685546875
1588.02783203125
1587.0302734375
1586.03515625
1585.04345703125
1584.04833984375
1583.05859375
1582.068359375
1581.08349609375
1580.087890625
1579.10302734375
1578.11376953125
1577.1279296875
1576.14111328125
1575.154296875
1574.17236328125
1573.18798828125
1572.20458984375
1571.22119140625
1570.240234375
1569.26318359375
1568.28369140625
1567.3056640625
1566.330078125
1565.35546875
1564.38330078125
1563.40966796875
1562.43896484375
1561.4716796875
1560.4990234375
1559.53466796875
1558.576171875
1557.62890625
1556.71142578125
1555.83984375
1555.01904296875
1554.1396484375
1553.05810546875
1551.8759765625
1550.8974609375
1550.09521484375
1549.162109375
1548.0673828125
1547.0732421875
1546.22412109375
1545.28662109375
1544.2470703125
1543.28857421875
1542.41357421875
1541.4580078125
1540.45458984375
1539.5234375
1538.626953125
1537.662109375
1536.6953125
1535.7861328125
1534.869140625
1533.90869140625
1532.9697265625
1532.06201171875
1531.1376953125
1530.1875
1529.259765625
1528.3505859375
1527.42578125
1526.48779296875
1525.57080078125
1524.66064453125
1523.7392578125
1522.81201171875
1521.9033203125
1520.990234375
1520.06982421875
1519.15380859375
1518.24853515625
1517.3359375
1516.42138671875
1515.51123046875
1514.6044921875
1513.69482421875
1512.783203125
1511.87890625
1510.97021484375
1510.0703125
1509.166015625
1508.26171875
1507.35986328125
1506.45654296875
1505.556640625
1504.65576171875
1503.76025390625
1502.86328125
1501.96533203125
1501.072265625
1500.18017578125
1499.28662109375
1498.38916015625
1497.4931640625
1496.60498046875
1495.7138671875
1494.830078125
1493.9423828125
1493.06201171875
1492.18701171875
1491.3271484375
1490.48583984375
1489.67626953125
1488.93408203125
1488.259765625
1487.6328125
1486.91845703125
1485.927734375
1484.6474609375
1483.392578125
1482.4765625
1481.84130859375
1481.14990234375
1480.1640625
1479.029296875
1478.0576171875
1477.32080078125
1476.56787109375
1475.6298828125
1474.60498046875
1473.69287109375
1472.91845703125
1472.11083984375
1471.17724609375
1470.220703125
1469.35888671875
1468.55078125
1467.6943359375
1466.775390625
1465.86572265625
1465.0126953125
1464.185546875
1463.31640625
1462.41357421875
1461.53271484375
1460.68115234375
1459.8310546875
1458.955078125
1458.06787109375
1457.19873046875
1456.34716796875
1455.49072265625
1454.62109375
1453.7421875
1452.87890625
1452.0224609375
1451.15771484375
1450.28759765625
1449.4169921875
1448.548828125
1447.6875
1446.81884765625
1445.95068359375
1445.08203125
1444.21044921875
1443.34814453125
1442.4853515625
1441.625
1440.75390625
1439.88818359375
1439.025390625
1438.16064453125
1437.2890625
1436.41796875
1435.55322265625
1434.689453125
1433.82373046875
1432.9599609375
1432.095703125
1431.22705078125
1430.3583984375
1429.48876953125
1428.62060546875
1427.74951171875
1426.87744140625
1426.00634765625
1425.13623046875
1424.26171875
1423.39306640625
1422.52001953125
1421.6484375
1420.771484375
1419.89794921875
1419.0224609375
1418.1455078125
1417.267578125
1416.3857421875
1415.50341796875
1414.62158203125
1413.7412109375
1412.859375
1411.9814453125
1411.1005859375
1410.216796875
1409.337890625
1408.45068359375
1407.5654296875
1406.6826171875
1405.798828125
1404.91162109375
1404.02392578125
1403.134765625
1402.25146484375
1401.3642578125
1400.474609375
1399.58935546875
1398.6962890625
1397.8076171875
1396.91455078125
1396.0234375
1395.134765625
1394.2451171875
1393.34765625
1392.4599609375
1391.58251953125
1390.74267578125
1389.96484375
1389.36669921875
1389.0458984375
1389.3916015625
1389.4638671875
1389.123046875
1388.60107421875
1389.90576171875
1391.2431640625
1388.8173828125
1383.544921875
1381.24267578125
1382.58740234375
1383.17626953125
1381.88232421875
1378.25927734375
1378.18603515625
1378.4658203125
1376.2607421875
1373.92041015625
1374.0068359375
1373.13330078125
1371.708984375
1370.302734375
1369.828125
1368.90087890625
1367.49365234375
1366.9755859375
1366.0556640625
1364.8115234375
1363.64013671875
1363.1357421875
1362.04296875
1360.919921875
1360.18798828125
1359.34326171875
1358.162109375
1357.271484375
1356.70703125
1355.6904296875
1354.6162109375
1353.9677734375
1353.2109375
1352.208984375
1351.30810546875
1350.677734375
1349.7607421875
1348.6796875
1347.82275390625
1347.07275390625
1346.26025390625
1345.36083984375
1344.62841796875
1343.80517578125
1342.92236328125
1342.10888671875
1341.4296875
1340.720703125
1339.94921875
1339.27099609375
1338.6025390625
1337.94189453125
1337.19873046875
1336.39111328125
1335.3994140625
1334.2666015625
1333.18701171875
1332.27197265625
1331.4755859375
1330.7109375
1329.9404296875
1329.11767578125
1328.22412109375
1327.3349609375
1326.5224609375
1325.79150390625
1325.07958984375
1324.35009765625
1323.60400390625
1322.85595703125
1322.119140625
1321.40380859375
1320.65966796875
1319.88720703125
1319.00537109375
1318.09228515625
1317.10400390625
1316.115234375
1315.0712890625
1314.00341796875
1312.93017578125
1311.92529296875
1310.9931640625
1310.0908203125
1309.2001953125
1308.2783203125
1307.35400390625
1306.4306640625
1305.55859375
1304.7099609375
1303.9462890625
1303.205078125
1302.67431640625
1302.1435546875
1302.05029296875
1301.4638671875
1300.927734375
1299.1826171875
1297.06982421875
1294.72314453125
1292.89697265625
1291.7001953125
1290.92919921875
1290.3076171875
1289.4541015625
1288.3955078125
1287.07421875
1285.87353515625
1285.02734375
1284.7265625
1285.2568359375
1286.638671875
1286.794921875
1284.02099609375
1282.16162109375
1281.7587890625
1279.1044921875
1276.75
1277.49462890625
1277.2421875
1275.28271484375
1274.23486328125
1273.01513671875
1271.94775390625
1271.7158203125
1270.5361328125
1269.28564453125
1268.82470703125
1268.0009765625
1267.43017578125
1267.01416015625
1266.4873046875
1266.673828125
1266.8544921875
1266.04052734375
1265.10302734375
1263.59033203125
1261.607421875
1259.86865234375
1258.44921875
1257.81298828125
1257.7958984375
1257.2041015625
1255.96728515625
1254.54443359375
1253.33837890625
1252.71630859375
1252.27392578125
1251.39013671875
1250.22119140625
1248.9033203125
1247.857421875
1247.193359375
1246.587890625
1245.73095703125
1244.73828125
1243.7412109375
1242.990234375
1242.2861328125
1241.5048828125
1240.57666015625
1239.6455078125
1238.68408203125
1237.7587890625
1236.845703125
1236.0009765625
1235.27880859375
1234.65869140625
1234.1328125
1233.76708984375
1233.62451171875
1233.78271484375
1234.2451171875
1234.9052734375
1235.38671875
1235.16943359375
1234.00634765625
1232.5908203125
1231.810546875
1231.505859375
1230.66943359375
1228.74560546875
1226.4716796875
1224.947265625
1224.98779296875
1225.71728515625
1226.2822265625
1225.90869140625
1225.41796875
1225.25732421875
1225.67919921875
1225.9658203125
1225.7861328125
1225.20849609375
1224.70703125
1224.3232421875
1224.1015625
1223.802734375
1223.86767578125
1224.48095703125
1225.90771484375
1227.6806640625
1229.52783203125
1231.0693359375
1232.57861328125
1233.9267578125
1235.17724609375
1235.3203125
1234.00732421875
1231.03271484375
1228.10546875
1226.8291015625
1228.0263671875
1230.56689453125
1232.8408203125
1233.55517578125
1232.994140625
1232.779296875
1233.3876953125
1234.45068359375
1233.8876953125
1231.06494140625
1227.15283203125
1223.4228515625
1221.5107421875
1220.85400390625
1221.31982421875
1221.6484375
1221.9111328125
1221.8525390625
1220.75341796875
1217.8720703125
1213.18408203125
1208.77685546875
1206.2705078125
1205.751953125
1205.5615234375
1204.48046875
1202.8369140625
1201.8564453125
1202.5517578125
1204.314453125
1205.60546875
1204.96630859375
1202.21728515625
1198.46923828125
1195.033203125
1192.689453125
1191.2333984375
1190.0361328125
1188.7919921875
1187.466796875
1186.43701171875
1185.8310546875
1185.68408203125
1185.59130859375
1185.2568359375
1184.544921875
1183.70654296875
1182.94775390625
1182.40478515625
1182.0234375
1181.7607421875
1181.5498046875
1181.34521484375
1181.16455078125
1180.9169921875
1180.798828125
1180.76416015625
1180.95263671875
1181.06494140625
1180.9580078125
1180.32861328125
1179.26416015625
1177.95849609375
1176.71435546875
1175.6943359375
1174.92138671875
1174.10400390625
1172.99609375
1171.44970703125
1169.66650390625
1168.13037109375
1167.28369140625
1167.48486328125
1168.328125
1169.26416015625
1169.25537109375
1169.35595703125
1170.02001953125
1170.95556640625
1171.025390625
1170.37060546875
1169.90625
1169.29443359375
1168.6318359375
1168.2705078125
1169.06640625
1169.99853515625
1169.6845703125
1168.1220703125
1166.53662109375
1166.7802734375
1166.33642578125
1167.18505859375
1163.4404296875
1160.15380859375
1158.3955078125
1157.8681640625
1157.7958984375
1156.23486328125
1154.54443359375
1152.38623046875
1151.30810546875
1151.91015625
1153.06103515625
1154.8046875
1155.13232421875
1154.63623046875
1153.8408203125
1153.30126953125
1153.03125
1152.4345703125
1152.119140625
1151.34130859375
1150.64794921875
1148.66064453125
1145.0556640625
1140.19482421875
1135.20166015625
1131.7958984375
1129.9423828125
1129.2724609375
1128.837890625
1128.05615234375
1126.8837890625
1125.658203125
1124.70556640625
1124.0283203125
1123.216796875
1122.9814453125
1123.46142578125
1124.56787109375
1124.78173828125
1124.3115234375
1123.326171875
1122.716796875
1122.1083984375
1121.873046875
1122.32958984375
1123.1240234375
1122.90771484375
1121.05322265625
1119.009765625
1117.93017578125
1117.0390625
1115.1943359375
1111.84765625
1108.484375
1106.34375
1106.10888671875
1106.98486328125
1107.3369140625
1106.2294921875
1103.97900390625
1101.78564453125
1099.8369140625
1098.103515625
1096.2822265625
1095.00390625
1094.45263671875
1094.79931640625
1095.373046875
1095.5849609375
1094.97705078125
1094.0322265625
1093.28662109375
1092.88525390625
1092.724609375
1092.7109375
1092.9228515625
1093.1630859375
1093.15966796875
1092.99609375
1092.86767578125
1093.35791015625
1094.4560546875
1096.3076171875
1098.103515625
1099.3818359375
1099.48828125
1098.41748046875
1096.7607421875
1094.78125
1093.50537109375
1092.60986328125
1092.70751953125
1092.8984375
1093.38720703125
1093.3076171875
1093.17529296875
1092.73291015625
1092.51953125
1092.2783203125
1092.01904296875
1091.49267578125
1090.84619140625
1090.28515625
1090.353515625
1090.482421875
1090.4482421875
1089.130859375
1086.6083984375
1083.1552734375
1080.05517578125
1077.8603515625
1076.78515625
1075.9560546875
1074.56591796875
1072.24755859375
1069.45556640625
1066.853515625
1064.99267578125
1063.9541015625
1063.548828125
1063.32958984375
1062.87353515625
1061.875
1060.26513671875
1058.48583984375
1056.89013671875
1056.04296875
1055.54736328125
1055.6240234375
1055.427734375
1055.435546875
1055.263671875
1055.3857421875
1055.63818359375
1056.2021484375
1056.92138671875
1057.6650390625
1058.12646484375
1058.16748046875
1057.85693359375
1057.3779296875
1057.0693359375
1057.03125
1057.41845703125
1058.08544921875
1058.95703125
1059.880859375
1060.9892578125
1062.27685546875
1063.8896484375
1065.64990234375
1067.3505859375
1068.5849609375
1068.953125
1068.32861328125
1066.6923828125
1064.3837890625
1061.873046875
1059.51171875
1057.6171875
1056.02392578125
1054.28125
1052.0
1049.0859375
1046.26123046875
1044.2822265625
1043.310546875
1042.80322265625
1042.1044921875
1040.7978515625
1039.30126953125
1038.26904296875
1038.35205078125
1039.34228515625
1040.8623046875
1042.32421875
1043.896484375
1045.5537109375
1047.7314453125
1049.701171875
1051.09033203125
1050.61279296875
1048.31982421875
1044.55810546875
1040.85205078125
1038.46875
1037.62353515625
1038.2451171875
1039.33447265625
1040.6943359375
1041.48486328125
1041.1865234375
1039.5634765625
1036.5283203125
1033.2685546875
1030.548828125
1029.1474609375
1028.890625
1029.4609375
1029.94970703125
1030.0703125
1029.3984375
1028.42529296875
1027.59228515625
1027.607421875
1028.35546875
1029.60498046875
1030.6044921875
1031.05078125
1030.56494140625
1029.5732421875
1028.6748046875
1028.58203125
1029.544921875
1031.00634765625
1032.580078125
1033.4638671875
1034.27734375
1034.619140625
1035.4599609375
1035.4619140625
1034.97119140625
1032.96630859375
1030.28125
1027.35009765625
1025.2734375
1024.36376953125
1024.43359375
1024.7724609375
1024.65478515625
1023.89306640625
1022.4267578125
1020.7724609375
1019.11572265625
1017.841796875
1016.6259765625
1015.4091796875
1013.837890625
1012.294921875
1011.0009765625
1010.55078125
1010.85595703125
1011.76318359375
1012.4931640625
1012.68798828125
1012.2587890625
1011.53955078125
1011.14453125
1011.06689453125
1011.5517578125
1012.171875
1012.76708984375
1012.8115234375
1012.0791015625
1010.4365234375
1008.06494140625
1005.697265625
1003.87060546875
1003.1201171875
1003.3818359375
1004.27197265625
1005.26904296875
1005.95751953125
1006.1708984375
1006.09765625
1005.8974609375
1006.04541015625
1006.2822265625
1007.00927734375
1007.18017578125
1007.33203125
1006.736328125
1006.26513671875
1005.90576171875
1006.12451171875
1006.6328125
1006.97998046875
1006.41357421875
1004.439453125
1001.2880859375
997.95263671875
995.46435546875
994.52880859375
994.67626953125
995.470703125
996.01708984375
996.328125
996.42822265625
996.88525390625
997.89453125
999.16552734375
1000.0869140625
1000.001953125
998.9873046875
997.765625
997.314453125
998.12939453125
999.9140625
1002.0458984375
1003.94091796875
1004.935546875
1005.1865234375
1004.2158203125
1002.64111328125
1000.20751953125
997.9970703125
995.853515625
994.50341796875
993.2578125
992.0712890625
990.48779296875
988.64794921875
986.79931640625
985.2275390625
984.2099609375
983.64794921875
983.4013671875
983.02099609375
982.41259765625
981.455078125
980.4638671875
979.58203125
979.12646484375
978.99462890625
979.13818359375
979.3154296875
979.4501953125
979.48681640625
979.42529296875
979.30029296875
979.05029296875
978.7294921875
978.3349609375
977.99658203125
977.9873046875
978.38427734375
979.4482421875
980.71044921875
982.21533203125
983.17236328125
983.8046875
983.72265625
983.6533203125
983.673828125
984.2470703125
984.94091796875
985.14892578125
984.19482421875
981.6826171875
978.18603515625
974.63916015625
972.3662109375
971.82421875
973.322265625
975.5517578125
977.83837890625
978.36181640625
977.068359375
974.0283203125
970.79150390625
968.3701171875
967.2685546875
967.17822265625
967.5
967.720703125
967.4931640625
966.87451171875
