7931.3193359375
7906.3427734375
7883.24609375
7861.87353515625
7842.06005859375
7823.65478515625
7806.52880859375
7790.564453125
7775.63427734375
7761.63671875
7748.4814453125
7736.08056640625
7724.3759765625
7713.296875
7702.79296875
7692.81689453125
7683.32958984375
7674.29296875
7665.666015625
7657.4296875
7649.5546875
7642.00927734375
7634.78173828125
7627.8447265625
7621.18359375
7614.783203125
7608.6279296875
7602.705078125
7597.00048828125
7591.505859375
7586.20556640625
7581.09814453125
7576.17138671875
7571.4130859375
7566.8193359375
7562.37841796875
7558.087890625
7553.93896484375
7549.92578125
7546.04052734375
7542.2783203125
7538.63623046875
7535.1064453125
7531.6826171875
7528.3662109375
7525.14501953125
7522.017578125
7518.984375
7516.03369140625
7513.16796875
7510.3837890625
7507.67431640625
7505.0419921875
7502.47998046875
7499.9853515625
7497.556640625
7495.19189453125
7492.890625
7490.6455078125
7488.4580078125
7486.32666015625
7484.24609375
7482.21630859375
7480.236328125
7478.3017578125
7476.4130859375
7474.56787109375
7472.767578125
7471.009765625
7469.28955078125
7467.6064453125
7465.9619140625
7464.35400390625
7462.779296875
7461.2412109375
7459.73388671875
7458.2568359375
7456.8125
7455.39697265625
7454.009765625
7452.6513671875
7451.31982421875
7450.013671875
7448.734375
7447.4765625
7446.244140625
7445.037109375
7443.849609375
7442.685546875
7441.5419921875
7440.4169921875
7439.31396484375
7438.228515625
7437.1630859375
7436.11767578125
7435.08984375
7434.07861328125
7433.0830078125
7432.1044921875
7431.14697265625
7430.20263671875
7429.27197265625
7428.35546875
7427.4541015625
7426.56787109375
7425.697265625
7424.83935546875
7423.9921875
7423.15869140625
7422.33984375
7421.53173828125
7420.7373046875
7419.95361328125
7419.18212890625
7418.42236328125
7417.673828125
7416.935546875
7416.20849609375
7415.49365234375
7414.78662109375
7414.09130859375
7413.4052734375
7412.73046875
7412.0634765625
7411.40673828125
7410.7587890625
7410.119140625
7409.490234375
7408.8681640625
7408.25634765625
7407.6513671875
7407.0576171875
7406.4716796875
7405.892578125
7405.32177734375
7404.7587890625
7404.203125
7403.6533203125
7403.11279296875
7402.578125
7402.05078125
7401.5302734375
7401.02001953125
7400.51416015625
7400.0146484375
7399.52197265625
7399.0380859375
7398.55859375
7398.0849609375
7397.619140625
7397.15673828125
7396.7021484375
7396.25390625
7395.81103515625
7395.373046875
7394.9404296875
7394.515625
7394.0947265625
7393.6806640625
7393.271484375
7392.8671875
7392.46728515625
7392.07275390625
7391.6826171875
7391.2978515625
7390.919921875
7390.5439453125
7390.1728515625
7389.8095703125
7389.44775390625
7389.0908203125
7388.73779296875
7388.38916015625
7388.046875
7387.705078125
7387.36962890625
7387.0380859375
7386.7109375
7386.38818359375
7386.06689453125
7385.7509765625
7385.4404296875
7385.1318359375
7384.8251953125
7384.5244140625
7384.22705078125
7383.93505859375
7383.642578125
7383.353515625
7383.0703125
7382.7880859375
7382.51025390625
7382.23486328125
7381.96240234375
7381.6943359375
7381.427734375
7381.1650390625
7380.90478515625
7380.6474609375
7380.39208984375
510485.1875
1743050.75
47391.24609375
64139.07421875
1198510.25
49641.67578125
46381.31640625
44928.3984375
51935.4765625
148074.609375
170338.625
77600.53125
55191.5703125
53937.50390625
52407.47265625
46046.7890625
39516.515625
34835.68359375
31724.865234375
29515.765625
27738.763671875
26201.4921875
24900.03515625
23825.369140625
22894.919921875
22017.494140625
21151.466796875
20336.951171875
19608.84375
18936.708984375
18269.3203125
17602.794921875
16964.650390625
16367.306640625
15809.75390625
15287.05859375
14792.283203125
14324.5810546875
13887.333984375
13477.6796875
13091.3369140625
12720.9091796875
12357.6767578125
12004.69921875
11674.513671875
11368.615234375
11079.4521484375
10803.615234375
10541.623046875
10293.244140625
10055.892578125
9828.86328125
9614.7216796875
9413.052734375
9220.470703125
9033.62890625
8853.271484375
8681.109375
8516.109375
8359.060546875
8210.0478515625
8068.6025390625
7934.591796875
7806.4853515625
7682.63330078125
7563.638671875
7450.3125
7342.04638671875
7238.04736328125
7138.3798828125
7042.57763671875
6949.9609375
6860.3271484375
6773.55859375
6689.7685546875
6608.8203125
6530.75048828125
6455.4521484375
6382.529296875
6311.9013671875
6243.23681640625
6176.52197265625
6111.81005859375
6049.2373046875
5988.76611328125
5929.9736328125
5872.291015625
5815.59521484375
5760.1806640625
5706.1591796875
5653.6455078125
5602.634765625
5552.9580078125
5504.48291015625
5457.1025390625
5410.87744140625
5365.70068359375
5321.59912109375
5278.5478515625
5236.4404296875
5195.189453125
5154.82177734375
5115.3466796875
5076.7958984375
5039.158203125
5002.33251953125
4966.328125
4931.1552734375
4896.7890625
4863.228515625
4830.40625
4798.30029296875
4766.865234375
4736.1318359375
4706.07080078125
4676.693359375
4647.986328125
4619.9072265625
4592.453125
4565.607421875
4539.3681640625
4513.71044921875
4488.634765625
4464.0830078125
4440.03125
4416.44384765625
4393.30712890625
4370.58935546875
4348.2646484375
4326.3154296875
4304.73291015625
4283.51953125
4262.65380859375
4242.1474609375
4221.9560546875
4202.0791015625
4182.5166015625
4163.24169921875
4144.259765625
4125.5234375
4107.056640625
4088.85107421875
4070.887939453125
4053.1572265625
4035.670654296875
4018.404052734375
4001.371337890625
3984.55029296875
3967.9482421875
3951.55712890625
3935.33251953125
3919.26171875
3903.3837890625
3887.775390625
3872.3720703125
3857.11376953125
3842.0224609375
3827.15576171875
3812.5078125
3798.07470703125
3783.8427734375
3769.83935546875
3755.8828125
3741.81787109375
3727.85986328125
3714.34912109375
3701.1611328125
3687.91748046875
3674.61474609375
3661.59765625
3648.8818359375
3636.17138671875
3623.412109375
3610.857421875
3598.51220703125
3586.177734375
3573.8330078125
3561.63916015625
3549.57666015625
3537.509765625
3525.44482421875
3513.49365234375
3501.61328125
3489.71630859375
3477.83447265625
3466.03271484375
3454.26123046875
3442.49462890625
3430.75830078125
3419.11474609375
3407.53369140625
3396.00341796875
3384.55712890625
3373.24560546875
3362.076171875
3351.03564453125
3340.13134765625
3329.43408203125
3318.962890625
3308.78076171875
3299.08642578125
3290.02490234375
3281.09326171875
3270.3701171875
3258.634765625
3249.00732421875
3240.796875
3230.8935546875
3220.34716796875
3211.7666015625
3203.12890625
3193.0830078125
3183.9794921875
3175.58740234375
3166.142578125
3157.03662109375
3148.8798828125
3140.0537109375
3131.048828125
3122.9052734375
3114.5634765625
3105.89697265625
3097.75927734375
3089.66650390625
3081.30322265625
3073.2705078125
3065.37939453125
3057.2529296875
3049.306640625
3041.60888671875
3033.75341796875
3025.96142578125
3018.41064453125
3010.77490234375
3002.94921875
2995.2109375
2987.59912109375
2980.0693359375
2972.67919921875
2965.3017578125
2957.8505859375
2950.55517578125
2943.55224609375
2936.47900390625
2928.861328125
2921.01123046875
2913.673828125
2906.73876953125
2899.50390625
2891.8876953125
2884.57080078125
2877.634765625
2870.50927734375
2863.16064453125
2856.01513671875
2848.9970703125
2841.88525390625
2834.92041015625
2828.2666015625
2821.5908203125
2814.8310546875
2808.275390625
2802.0166015625
2795.97314453125
2790.14404296875
2783.755859375
2776.77490234375
2770.73388671875
2765.03564453125
2758.5380859375
2752.556640625
2746.8798828125
2740.5859375
2734.8564453125
2729.17529296875
2723.15478515625
2717.62939453125
2711.732421875
2705.693359375
2700.14013671875
2694.68115234375
2689.3876953125
2683.56494140625
2677.669921875
2672.79248046875
2667.67822265625
2661.43798828125
2654.736328125
2649.3271484375
2644.654296875
2638.86376953125
2632.787109375
2627.62890625
2622.6201171875
2617.0166015625
2611.31787109375
2606.2275390625
2601.1552734375
2595.6435546875
2590.3125
2585.25439453125
2580.06298828125
2574.78173828125
2569.65625
2564.62353515625
2559.48974609375
2554.3916015625
2549.4072265625
2544.29736328125
2539.05908203125
2533.9609375
2529.05126953125
2524.12109375
2519.05859375
2514.04541015625
2509.16650390625
2504.2783203125
2499.2802734375
2494.2265625
2489.2236328125
2484.30615234375
2479.46630859375
2474.7451171875
2470.08203125
2465.26318359375
2460.126953125
2454.9423828125
2450.0927734375
2445.6669921875
2441.43798828125
2437.09814453125
2432.2255859375
2426.80078125
2421.7802734375
2417.50830078125
2412.95263671875
2407.8359375
2403.1962890625
2399.05810546875
2394.3388671875
2389.302734375
2384.880859375
2380.625
2375.8515625
2370.91943359375
2366.01708984375
2361.0849609375
2356.48779296875
2352.15380859375
2347.50830078125
2342.6591796875
2337.99462890625
2333.0556640625
2327.7783203125
2322.88330078125
2318.30908203125
2313.46337890625
2308.47607421875
2303.79443359375
2299.13671875
2294.17529296875
2289.29833984375
2284.73828125
2280.1201171875
2275.29052734375
2270.5859375
2266.0810546875
2261.47900390625
2256.7294921875
2252.1025390625
2247.70556640625
2243.23193359375
2238.30859375
2233.072265625
2228.1123046875
2223.62158203125
2219.265625
2214.685546875
2209.99560546875
2205.466796875
2201.0712890625
2196.6201171875
2191.982421875
2187.345703125
2183.1142578125
2179.208984375
2175.1123046875
2170.53271484375
2165.62109375
2160.5244140625
2155.4033203125
2150.662109375
2146.41455078125
2142.146484375
2137.29541015625
2132.16357421875
2127.5556640625
2123.38671875
2119.38134765625
2114.70263671875
2111.6171875
2105.6826171875
2100.94287109375
2096.66455078125
2092.74755859375
2089.97998046875
2084.255859375
2079.619140625
2073.6826171875
2068.82470703125
2065.57275390625
2060.595703125
2056.53515625
2052.32470703125
2048.32861328125
2044.97314453125
2040.904296875
2037.5732421875
2034.060546875
2030.70849609375
2026.07666015625
2020.52783203125
2016.0673828125
2012.923828125
2010.3681640625
2007.23095703125
2003.8818359375
1999.91796875
1994.14697265625
1988.16357421875
1984.27001953125
1981.88134765625
1978.65966796875
1973.79296875
1969.44189453125
1966.24853515625
1963.00634765625
1959.08642578125
1955.15234375
1951.7548828125
1948.35791015625
1944.828125
1941.29052734375
1937.9248046875
1934.52099609375
1931.0126953125
1927.67919921875
1924.6435546875
1921.91650390625
1918.939453125
1915.56298828125
1911.71484375
1908.271484375
1905.236328125
1902.822265625
1899.98779296875
1896.52392578125
1892.53125
1888.15185546875
1884.109375
1880.3349609375
1876.97607421875
1873.66748046875
1870.56103515625
1867.52685546875
1864.74560546875
1862.021484375
1859.14599609375
1856.3701171875
1853.935546875
1851.97509765625
1849.73828125
1846.4853515625
1842.0654296875
1837.68798828125
1834.48681640625
1832.56201171875
1831.189453125
1829.42724609375
1826.9560546875
1823.22509765625
1819.0556640625
1814.58056640625
1811.7568359375
1808.57421875
1804.50146484375
1799.732421875
1796.1181640625
1794.2060546875
1792.236328125
1789.31298828125
1784.818359375
1782.29150390625
1779.0302734375
1775.83935546875
1772.6650390625
1769.47119140625
1767.724609375
1763.16650390625
1759.6904296875
1757.06689453125
1755.00732421875
1753.3447265625
1750.23583984375
1747.64599609375
1745.19873046875
1743.38427734375
1741.8173828125
1739.4365234375
1737.0048828125
1733.5849609375
1730.216796875
1726.99462890625
1724.353515625
1722.7197265625
1720.62548828125
1718.21533203125
1715.333984375
1713.099609375
1711.9443359375
1710.5068359375
1708.1484375
1705.1748046875
1703.84033203125
1703.8994140625
1703.94287109375
1701.18603515625
1696.26953125
1690.79833984375
1686.52978515625
1683.5234375
1681.41845703125
1680.17041015625
1679.65576171875
1679.5380859375
1678.97900390625
1677.66357421875
1675.07177734375
1671.02880859375
1665.77490234375
1660.671875
1657.2373046875
1655.7392578125
1655.09765625
1653.58740234375
1650.4658203125
1646.3828125
1642.64892578125
1640.111328125
1638.57470703125
1637.32861328125
1635.6171875
1633.21533203125
1630.21142578125
1627.10791015625
1624.404296875
1622.3037109375
1620.603515625
1618.83837890625
1616.87109375
1614.6240234375
1612.6318359375
1610.87646484375
1609.6015625
1608.28564453125
1606.00927734375
1602.84814453125
1599.0517578125
1596.0185546875
1594.2294921875
1592.91015625
1591.24755859375
1588.5498046875
1585.7119140625
1583.1796875
1581.3037109375
1579.306640625
1576.99462890625
1574.53173828125
1572.5087890625
1571.22412109375
1570.322265625
1569.59375
1568.5537109375
1567.27197265625
1565.29638671875
1562.91259765625
1560.4423828125
1558.439453125
1557.009765625
1555.990234375
1554.6376953125
1552.53564453125
1549.75390625
1546.62451171875
1544.2099609375
1542.7734375
1542.2607421875
1541.6689453125
1540.6337890625
1539.10498046875
1537.7294921875
1536.48095703125
1535.0751953125
1532.9560546875
1530.44091796875
1528.158203125
1527.2373046875
1527.28857421875
1528.3115234375
1527.654296875
1524.7958984375
1518.82275390625
1513.92041015625
1511.60888671875
1511.40380859375
1509.9931640625
1507.11474609375
1504.11328125
1502.107421875
1500.04443359375
1497.04443359375
1494.29833984375
1493.1396484375
1492.787109375
1491.7763671875
1490.10205078125
1488.9150390625
1488.69921875
1488.1513671875
1487.0751953125
1485.72119140625
1485.02783203125
1484.14599609375
1481.90234375
1478.67236328125
1474.25390625
1471.4560546875
1468.94482421875
1468.22509765625
1468.404296875
1468.849609375
1468.6669921875
1467.658203125
1466.896484375
1463.0380859375
1459.9814453125
1457.5673828125
1456.9814453125
1458.21630859375
1456.91943359375
1456.353515625
1451.9375
1449.4345703125
1449.2802734375
1447.23779296875
1445.68896484375
1443.7451171875
1441.974609375
1440.9541015625
1439.21240234375
1438.078125
1436.33056640625
1435.6748046875
1435.7880859375
1434.14111328125
1432.36279296875
1429.8330078125
1427.0458984375
1425.06787109375
1424.07958984375
1424.619140625
1424.642578125
1422.8681640625
1419.85009765625
1417.00341796875
1416.4638671875
1417.236328125
1417.5693359375
1415.783203125
1412.0078125
1408.08056640625
1405.53857421875
1404.22216796875
1403.1728515625
1401.56396484375
1399.810546875
1398.74560546875
1398.376953125
1397.83203125
1396.095703125
1393.8408203125
1391.904296875
1390.943359375
1390.60107421875
1390.25830078125
1389.8955078125
1389.12841796875
1388.9287109375
1389.1455078125
1389.4775390625
1388.94677734375
1387.52490234375
1386.0419921875
1384.5048828125
1382.6806640625
1380.65771484375
1378.89599609375
1377.75146484375
1375.947265625
1373.36279296875
1370.5087890625
1368.443359375
1366.875
1365.0703125
1362.9736328125
1360.681640625
1358.826171875
1357.337890625
1356.390625
1355.3740234375
1354.17431640625
1352.8203125
1351.9033203125
1351.5673828125
1350.958984375
1349.15869140625
1345.5224609375
1341.5732421875
1339.27099609375
1339.203125
1339.77001953125
1338.85107421875
1336.4638671875
1333.78173828125
1332.71435546875
1332.38671875
1332.01708984375
1330.84814453125
1330.1611328125
1330.76953125
1332.74169921875
1334.994140625
1337.7744140625
1340.3046875
1344.3466796875
1345.716796875
1345.55126953125
1340.4013671875
1334.64453125
1331.11083984375
1330.029296875
1329.49072265625
1326.86474609375
1323.84521484375
1321.701171875
1320.9443359375
1320.03076171875
1318.36767578125
1317.232421875
1317.4580078125
1318.1337890625
1317.5029296875
1315.63427734375
1313.34375
1311.04248046875
1308.203125
1305.14892578125
1303.0634765625
1301.9755859375
1301.4248046875
1298.6494140625
1295.3173828125
1290.5498046875
1287.232421875
1285.45263671875
1284.89697265625
1284.84619140625
1284.27685546875
1284.185546875
1280.40478515625
1277.60986328125
1276.1865234375
1276.259765625
1277.927734375
1276.646484375
1276.93408203125
1274.90380859375
1276.50390625
1279.7919921875
1276.37255859375
1273.2802734375
1271.8515625
1270.8623046875
1271.82177734375
1268.921875
1265.3310546875
1262.96826171875
1260.54931640625
1258.8623046875
1256.87744140625
1255.80859375
1255.2138671875
1254.30078125
1253.89892578125
1253.34228515625
1253.7373046875
1254.3720703125
1253.138671875
1251.59765625
1249.94384765625
1247.73193359375
1245.24951171875
1242.49462890625
1241.408203125
1242.01171875
1243.06201171875
1243.54833984375
1243.05517578125
1242.7314453125
1243.22119140625
1244.162109375
1244.09716796875
1242.20751953125
1239.1630859375
1236.32177734375
1234.15771484375
1232.42822265625
1230.80615234375
1229.94873046875
1230.43896484375
1232.33642578125
1234.47900390625
1235.3076171875
1232.923828125
1227.0185546875
1219.27783203125
1212.71484375
1209.19091796875
1208.5107421875
1208.96630859375
1208.54736328125
1206.880859375
1204.48974609375
1202.78662109375
1202.224609375
1202.931640625
1204.13427734375
1205.52099609375
1206.40966796875
1206.94384765625
1207.10595703125
1207.7265625
1208.1943359375
1208.208984375
1206.79638671875
1204.2080078125
1200.888671875
1197.31396484375
1193.86376953125
1190.578125
1187.5361328125
1184.76904296875
1182.4638671875
1181.1630859375
1180.56201171875
1180.30615234375
1179.50927734375
1178.4560546875
1177.6552734375
1177.8408203125
1178.587890625
1178.91748046875
1177.669921875
1174.74609375
1170.9609375
1167.71826171875
1165.5634765625
1164.599609375
1163.73876953125
1162.81494140625
1161.2841796875
1159.84228515625
1158.71826171875
1158.6318359375
1159.42822265625
1160.89599609375
1162.22607421875
1162.82861328125
1161.95703125
1159.4833984375
1156.451171875
1154.244140625
1153.517578125
1153.740234375
1154.3662109375
1155.00927734375
1155.61474609375
1155.56005859375
1154.67724609375
1151.9541015625
1148.35107421875
1144.2451171875
1141.63623046875
1140.458984375
1140.2509765625
1139.68359375
1138.21337890625
1136.26171875
1134.146484375
1132.69970703125
1131.7939453125
1131.83984375
1132.0263671875
1132.20166015625
1131.37841796875
1129.91845703125
1127.99169921875
1126.7255859375
1126.064453125
1125.7841796875
1125.234375
1124.27001953125
1123.0615234375
1121.79833984375
1120.80224609375
1119.7978515625
1118.91064453125
1118.02783203125
1117.5146484375
1117.654296875
1118.392578125
1119.18798828125
1119.24169921875
1118.26025390625
1116.81689453125
1115.96875
1116.5712890625
1117.8466796875
1119.091796875
1118.4775390625
1116.7255859375
1113.91162109375
1112.03125
1111.3173828125
1112.1513671875
1112.77001953125
1113.17138671875
1111.28955078125
1109.060546875
1106.123046875
1106.01220703125
1107.55810546875
1111.0361328125
1113.625
1113.947265625
1111.9404296875
1107.5263671875
1105.4453125
1104.08935546875
1107.404296875
1112.8388671875
1113.2470703125
1112.35986328125
1108.1748046875
1106.20556640625
1108.171875
1108.5810546875
1108.7255859375
1104.89208984375
1097.8525390625
1089.39892578125
1082.65625
1080.6533203125
1082.341796875
1083.32763671875
1080.55078125
1074.91943359375
1071.15576171875
1070.86767578125
1072.16162109375
1072.2197265625
1068.787109375
1064.294921875
1060.8828125
1059.3486328125
1058.1640625
1056.228515625
1054.169921875
1053.39892578125
1054.3583984375
1056.02490234375
1056.93994140625
1057.1015625
1057.22509765625
1057.9755859375
1058.6328125
1058.70263671875
1057.80908203125
1056.6611328125
1055.6005859375
1031.34619140625
1036.822265625
1043.02001953125
1025.1533203125
1037.013671875
1030.8115234375
1024.22265625
1032.2568359375
1022.7177734375
1023.984375
1025.587890625
1018.91943359375
1022.361328125
1019.9013671875
1017.255859375
1019.29638671875
1015.90771484375
1015.65234375
1015.64453125
1013.12890625
1013.48095703125
1012.32421875
1010.97314453125
1010.9931640625
1009.5966796875
1008.9326171875
1008.4443359375
1007.28466796875
1006.80712890625
1006.0205078125
1005.1513671875
1004.6142578125
1003.765625
1003.0654296875
1002.42822265625
1001.642578125
1001.0029296875
1000.31201171875
999.59814453125
998.94677734375
998.244140625
997.56591796875
996.89697265625
996.212890625
995.54638671875
994.8759765625
994.21240234375
993.5439453125
992.8818359375
992.224609375
991.564453125
990.90283203125
990.24658203125
989.58447265625
988.9287109375
988.27490234375
987.61962890625
986.9619140625
986.3095703125
985.65185546875
985.00439453125
984.34912109375
983.69189453125
983.04150390625
982.3916015625
981.7373046875
981.0888671875
980.43994140625
979.79541015625
979.14794921875
978.4970703125
977.849609375
977.19921875
976.552734375
975.90380859375
975.2587890625
974.61279296875
973.96728515625
973.322265625
972.6787109375
972.033203125
971.388671875
970.744140625
970.10302734375
969.46484375
968.822265625
968.18408203125
967.544921875
966.908203125
966.27099609375
965.63916015625
965.00244140625
964.3681640625
963.73388671875
963.099609375
962.46875
961.837890625
961.203125
960.57763671875
959.94921875
959.3203125
958.689453125
958.0693359375
957.4443359375
956.8203125
956.1943359375
955.57080078125
954.94580078125
954.32470703125
953.70556640625
953.08544921875
952.4697265625
951.85693359375
951.2412109375
950.6259765625
950.0107421875
949.3955078125
948.77880859375
948.16748046875
947.55859375
946.94970703125
946.3466796875
945.740234375
945.13720703125
944.53271484375
943.931640625
943.33203125
942.73388671875
942.13818359375
941.5419921875
940.94580078125
940.35546875
939.76171875
939.16796875
938.580078125
937.99267578125
937.40625
936.8212890625
936.23779296875
935.65625
935.0732421875
934.494140625
933.91650390625
933.33740234375
932.76171875
932.1904296875
931.61865234375
931.046875
930.4775390625
929.91015625
929.3466796875
928.7802734375
928.21484375
927.65478515625
927.09521484375
926.53466796875
925.9794921875
925.4287109375
924.87255859375
924.31787109375
923.763671875
923.212890625
922.66015625
922.11083984375
921.56396484375
921.02099609375
920.474609375
919.9306640625
919.38916015625
918.84765625
918.310546875
917.7685546875
917.2255859375
916.6884765625
916.15380859375
915.619140625
915.08642578125
914.55419921875
914.021484375
913.48974609375
912.95751953125
912.42529296875
911.89794921875
911.37158203125
910.84912109375
910.3251953125
909.80078125
909.27880859375
908.7548828125
908.23046875
907.7099609375
907.18505859375
906.66455078125
906.142578125
905.6240234375
905.1044921875
904.587890625
904.0703125
903.55322265625
903.04345703125
902.53173828125
902.01904296875
901.505859375
900.99560546875
900.48828125
899.98046875
899.4775390625
898.9794921875
898.478515625
897.984375
897.48828125
896.9970703125
896.5078125
896.02099609375
895.529296875
895.05029296875
894.568359375
894.091796875
893.61181640625
893.138671875
892.67041015625
892.20263671875
891.73681640625
891.2744140625
890.814453125
890.3525390625
889.8994140625
889.44580078125
888.98779296875
888.53759765625
888.0849609375
887.6396484375
887.1962890625
886.74658203125
886.3037109375
885.85791015625
885.4111328125
884.970703125
884.5302734375
884.09326171875
883.65478515625
883.21630859375
882.783203125
882.3466796875
881.91455078125
881.47705078125
881.03466796875
880.59521484375
880.15625
879.7119140625
879.26953125
878.82568359375
878.3818359375
877.927734375
877.4716796875
877.00634765625
876.5380859375
876.06103515625
875.5732421875
875.0791015625
874.576171875
874.0615234375
873.54345703125
873.01953125
872.4892578125
871.96630859375
871.4541015625
870.9560546875
870.478515625
870.02001953125
869.583984375
869.166015625
868.79541015625
868.91845703125
872.62646484375
878.15869140625
869.03515625
871.32275390625
870.08935546875
867.7255859375
869.181640625
866.2421875
867.18115234375
865.50341796875
865.5380859375
864.46484375
864.32861328125
863.392578125
863.19677734375
862.26904296875
862.212890625
861.20703125
861.216796875
860.24951171875
860.16455078125
859.40283203125
859.14111328125
858.54296875
858.15380859375
857.7255859375
857.19482421875
856.904296875
856.29736328125
856.07470703125
855.4482421875
855.23388671875
854.6279296875
854.40234375
853.828125
853.5673828125
853.05322265625
852.7509765625
852.28369140625
851.9580078125
851.5185546875
851.1865234375
850.7568359375
850.4208984375
850.0048828125
849.6689453125
849.25146484375
848.92724609375
848.5146484375
848.1884765625
847.7861328125
847.45166015625
847.05908203125
846.71728515625
846.3388671875
845.9970703125
845.6298828125
845.2822265625
844.92138671875
844.578125
844.21923828125
843.87109375
843.5224609375
843.17431640625
842.8271484375
842.48388671875
842.13720703125
841.794921875
841.44970703125
841.111328125
840.7724609375
840.43359375
840.08935546875
839.74951171875
839.4169921875
839.076171875
838.7412109375
838.4072265625
838.0703125
837.7353515625
837.40283203125
837.06689453125
836.73681640625
836.40478515625
836.07861328125
835.75048828125
835.423828125
835.09228515625
834.76171875
834.4404296875
834.1162109375
833.79052734375
833.47021484375
833.1455078125
832.82421875
832.50439453125
832.18310546875
831.86572265625
831.5458984375
831.2275390625
830.90478515625
830.5888671875
830.2705078125
829.9599609375
829.64453125
829.32568359375
829.01123046875
828.70068359375
828.388671875
828.07470703125
827.759765625
827.447265625
827.1376953125
826.8359375
826.5244140625
826.21826171875
825.9091796875
825.6015625
825.29345703125
824.98583984375
824.68359375
824.375
824.0712890625
823.76611328125
823.4677734375
823.17333984375
822.88671875
822.609375
822.3515625
822.12158203125
821.9326171875
821.77490234375
821.61376953125
821.37451171875
820.990234375
820.4736328125
819.93505859375
819.51953125
819.2744140625
819.10595703125
818.89453125
818.5732421875
818.158203125
817.75390625
817.4345703125
817.19287109375
816.9638671875
816.689453125
816.35693359375
816.01513671875
815.7158203125
815.4658203125
815.24072265625
815.0234375
814.787109375
814.63623046875
814.4619140625
814.5478515625
814.416015625
814.65673828125
814.43115234375
814.595703125
814.32958984375
814.2919921875
813.6630859375
812.96337890625
811.9697265625
811.1728515625
810.68310546875
810.50048828125
810.48291015625
810.41943359375
810.24658203125
809.7900390625
809.31884765625
808.869140625
808.60498046875
808.4453125
808.4111328125
808.27734375
808.2158203125
807.8984375
807.6806640625
807.24072265625
806.93359375
806.5634765625
806.27880859375
805.95361328125
805.58251953125
805.14794921875
804.7138671875
804.32568359375
804.0244140625
803.7841796875
803.5703125
803.3505859375
803.12158203125
802.89111328125
802.67529296875
802.509765625
802.4189453125
802.43603515625
802.5498046875
802.71875
802.818359375
802.833984375
802.728515625
802.8125
802.8828125
803.13525390625
802.927734375
802.544921875
801.6962890625
800.916015625
800.25439453125
799.8369140625
799.4638671875
798.97216796875
798.361328125
797.751953125
797.35791015625
797.25341796875
797.3857421875
797.61083984375
797.8359375
798.0322265625
798.28369140625
798.54638671875
798.69775390625
798.46337890625
797.74951171875
796.8056640625
796.0498046875
795.97998046875
796.48193359375
797.29150390625
797.8671875
798.0234375
797.71044921875
797.3154296875
797.00537109375
796.9501953125
796.74658203125
796.46533203125
795.72802734375
795.13134765625
794.6474609375
794.70361328125
795.26123046875
796.3134765625
797.78271484375
799.3896484375
800.46044921875
800.2021484375
798.46240234375
796.53662109375
796.0478515625
797.48193359375
799.8603515625
801.88037109375
803.1552734375
804.06982421875
805.9599609375
808.025390625
809.9609375
810.1474609375
809.076171875
807.50341796875
806.720703125
806.85986328125
807.0546875
806.3388671875
804.78125
803.36181640625
803.3251953125
804.77978515625
807.0859375
808.7431640625
808.82421875
807.109375
804.587890625
802.45654296875
801.21533203125
800.96484375
801.0498046875
801.58203125
801.9990234375
802.7919921875
803.37890625
803.63818359375
802.83447265625
800.54833984375
797.07080078125
793.1455078125
790.03857421875
788.32373046875
787.892578125
788.09423828125
787.9619140625
787.158203125
785.66357421875
784.19580078125
783.1181640625
782.78564453125
782.86865234375
783.05859375
782.947265625
782.48779296875
781.8212890625
781.220703125
780.8486328125
780.73828125
780.91845703125
781.32763671875
781.9580078125
782.6005859375
783.208984375
783.41943359375
783.39013671875
782.84375
782.1982421875
781.28857421875
780.64013671875
780.18310546875
780.2919921875
780.73486328125
781.68359375
782.876953125
784.34716796875
785.70068359375
786.82568359375
787.255859375
786.998046875
785.94921875
784.7900390625
783.75048828125
782.9248046875
782.04296875
780.93994140625
780.0400390625
779.31640625
779.3115234375
779.662109375
780.41796875
780.8681640625
780.9931640625
780.404296875
779.6826171875
779.0029296875
778.83203125
779.0068359375
779.29052734375
779.21826171875
778.6875
777.7734375
776.6796875
775.912109375
775.6904296875
776.40185546875
777.77294921875
779.59228515625
781.11962890625
781.9970703125
781.8525390625
780.6494140625
778.5888671875
775.9501953125
773.56494140625
772.21728515625
772.16455078125
772.99072265625
773.93115234375
774.4296875
774.369140625
773.8681640625
773.26513671875
772.76171875
772.47900390625
772.48583984375
772.65087890625
772.95703125
773.26171875
773.5361328125
773.53955078125
773.04638671875
772.1162109375
770.9169921875
770.15869140625
770.0654296875
770.87451171875
772.15966796875
773.5595703125
774.4326171875
774.50390625
773.75537109375
772.5791015625
771.6181640625
771.3037109375
771.7333984375
772.64892578125
773.43798828125
773.880859375
773.64794921875
773.2353515625
772.53759765625
772.01416015625
771.2919921875
770.5009765625
769.3642578125
768.11376953125
766.79248046875
765.62744140625
764.79541015625
764.24560546875
764.00048828125
763.9091796875
763.943359375
764.04443359375
764.05615234375
764.220703125
764.38427734375
765.17919921875
766.208984375
767.94287109375
769.83642578125
771.8837890625
773.64208984375
774.98828125
775.865234375
776.72998046875
777.05908203125
776.58154296875
773.91162109375
769.56298828125
764.75
761.45751953125
760.7041015625
761.83203125
763.775390625
764.978515625
765.29833984375
764.6962890625
764.13037109375
763.8720703125
764.18017578125
764.67724609375
764.9462890625
764.7236328125
763.955078125
763.00537109375
762.2236328125
761.91796875
761.9853515625
762.09375
761.85498046875
761.041015625
759.796875
758.55224609375
757.61083984375
757.36328125
757.60986328125
758.50146484375
759.69287109375
761.2236328125
762.33837890625
763.0302734375
762.486328125
761.39599609375
759.74853515625
758.26318359375
757.0380859375
756.03515625
755.08447265625
754.03759765625
752.88427734375
751.79150390625
750.92236328125
750.4140625
749.98583984375
749.759765625
749.32373046875
749.134765625
748.93505859375
749.1318359375
749.40576171875
749.74560546875
749.890625
749.703125
749.25
748.65966796875
748.27587890625
748.380859375
748.9912109375
750.0390625
751.04931640625
751.955078125
752.37255859375
752.7080078125
752.6591796875
752.755859375
752.46240234375
752.0625
751.37890625
750.65283203125
750.197265625
750.13037109375
750.62890625
751.45263671875
752.4052734375
753.146484375
753.2431640625
752.849609375
751.625
750.49072265625
749.86376953125
750.43310546875
751.9287109375
753.9853515625
755.857421875
757.4453125
758.66748046875
759.70654296875
760.15625
759.841796875
758.71875
757.20068359375
756.04931640625
755.6279296875
756.3916015625
757.81787109375
759.4375
760.1416015625
759.42724609375
757.27001953125
754.42578125
751.92626953125
750.25634765625
749.66943359375
749.57275390625
749.70556640625
749.2666015625
748.3896484375
747.06494140625
746.15478515625
745.71826171875
746.04052734375
746.2705078125
746.23046875
745.31591796875
744.0205078125
742.41162109375
741.07568359375
740.0771484375
739.6884765625
739.83544921875
740.453125
741.45703125
742.66650390625
743.9833984375
744.86962890625
745.2861328125
745.18115234375
745.00732421875
744.87890625
744.4384765625
743.13525390625
741.0634765625
739.84375
740.44140625
741.888671875
742.7119140625
742.61376953125
742.39306640625
742.326171875
742.55078125
743.1708984375
743.234375
741.90478515625
739.16943359375
736.486328125
733.7734375
732.734375
732.3828125
733.61083984375
734.69873046875
735.8525390625
736.2080078125
735.85791015625
735.3974609375
735.18701171875
734.3642578125
732.91650390625
731.244140625
730.18994140625
730.4140625
731.10888671875
731.7021484375
731.873046875
732.1826171875
732.68896484375
733.47119140625
734.1376953125
734.75146484375
735.21337890625
735.62841796875
735.58056640625
735.5166015625
735.3291015625
735.5419921875
735.6240234375
735.4365234375
734.59912109375
733.42138671875
732.3291015625
731.5302734375
731.1669921875
730.9365234375
730.67138671875
730.1416015625
729.48486328125
728.73681640625
728.1708984375
727.736328125
727.46484375
727.1455078125
726.853515625
726.57470703125
726.58984375
726.94287109375
727.6826171875
728.61328125
729.77587890625
731.5146484375
735.3115234375
740.7265625
743.37109375
733.359375
727.296875
732.9248046875
732.986328125
725.4306640625
724.75537109375
727.91357421875
727.267578125
729.84912109375
735.5791015625
738.0595703125
741.1005859375
743.89306640625
742.37255859375
740.32568359375
736.94677734375
730.591796875
726.21142578125
724.47412109375
722.9482421875
724.294921875
726.3095703125
726.08056640625
725.98291015625
725.1025390625
722.97900390625
722.27685546875
722.34033203125
722.62451171875
724.00830078125
725.216796875
725.8681640625
726.904296875
727.294921875
726.5087890625
724.6416015625
721.70068359375
718.9912109375
717.89697265625
718.36376953125
719.802734375
721.3447265625
721.9921875
721.8681640625
721.0
719.6875
717.916015625
716.111328125
714.345703125
713.205078125
712.783203125
712.986328125
713.62451171875
714.2265625
714.3203125
713.72021484375
712.439453125
710.625
708.7431640625
707.1298828125
706.017578125
705.666015625
705.74609375
706.29345703125
706.708984375
707.2197265625
707.35302734375
707.732421875
708.0146484375
708.74169921875
709.37646484375
710.16064453125
710.21630859375
710.025390625
708.7119140625
707.9658203125
706.98388671875
707.2255859375
707.63232421875
708.49853515625
709.3056640625
710.1123046875
711.00830078125
711.9052734375
712.8369140625
713.09814453125
713.02734375
712.56884765625
712.48974609375
