7931.3193359375
7906.3427734375
7883.24609375
7861.87353515625
7842.06005859375
7823.65478515625
7806.52880859375
7790.564453125
7775.63427734375
7761.63671875
7748.4814453125
7736.08056640625
7724.3759765625
7713.296875
7702.79296875
7692.81689453125
7683.32958984375
7674.29296875
7665.666015625
7657.4296875
7649.5546875
7642.00927734375
7634.78173828125
7627.8447265625
7621.18359375
7614.783203125
7608.6279296875
7602.705078125
7597.00048828125
7591.505859375
7586.20556640625
7581.09814453125
7576.17138671875
7571.4130859375
7566.8193359375
7562.37841796875
7558.087890625
7553.93896484375
7549.92578125
7546.04052734375
7542.2783203125
7538.63623046875
7535.1064453125
7531.6826171875
7528.3662109375
7525.14501953125
7522.017578125
7518.984375
7516.03369140625
7513.16796875
7510.3837890625
7507.67431640625
7505.0419921875
7502.47998046875
7499.9853515625
7497.556640625
7495.19189453125
7492.890625
7490.6455078125
7488.4580078125
7486.32666015625
7484.24609375
7482.21630859375
7480.236328125
7478.3017578125
7476.4130859375
7474.56787109375
7472.767578125
7471.009765625
7469.28955078125
7467.6064453125
7465.9619140625
7464.35400390625
7462.779296875
7461.2412109375
7459.73388671875
7458.2568359375
7456.8125
7455.39697265625
7454.009765625
7452.6513671875
7451.31982421875
7450.013671875
7448.734375
7447.4765625
7446.244140625
7445.037109375
7443.849609375
7442.685546875
7441.5419921875
7440.4169921875
7439.31396484375
7438.228515625
7437.1630859375
7436.11767578125
7435.08984375
7434.07861328125
7433.0830078125
7432.1044921875
7431.14697265625
7430.20263671875
7429.27197265625
7428.35546875
7427.4541015625
7426.56787109375
7425.697265625
7424.83935546875
7423.9921875
7423.15869140625
7422.33984375
7421.53173828125
7420.7373046875
7419.95361328125
7419.18212890625
7418.42236328125
7417.673828125
7416.935546875
7416.20849609375
7415.49365234375
7414.78662109375
7414.09130859375
7413.4052734375
7412.73046875
7412.0634765625
7411.40673828125
7410.7587890625
7410.119140625
7409.490234375
7408.8681640625
7408.25634765625
7407.6513671875
7407.0576171875
7406.4716796875
7405.892578125
7405.32177734375
7404.7587890625
7404.203125
7403.6533203125
7403.11279296875
7402.578125
7402.05078125
7401.5302734375
7401.02001953125
7400.51416015625
7400.0146484375
7399.52197265625
7399.0380859375
7398.55859375
7398.0849609375
7397.619140625
7397.15673828125
7396.7021484375
7396.25390625
7395.81103515625
7395.373046875
7394.9404296875
7394.515625
7394.0947265625
7393.6806640625
7393.271484375
7392.8671875
7392.46728515625
7392.07275390625
7391.6826171875
7391.2978515625
7390.919921875
7390.5439453125
7390.1728515625
7389.8095703125
7389.44775390625
7389.0908203125
7388.73779296875
7388.38916015625
7388.046875
7387.705078125
7387.36962890625
7387.0380859375
7386.7109375
7386.38818359375
7386.06689453125
7385.7509765625
7385.4404296875
7385.1318359375
7384.8251953125
7384.5244140625
7384.22705078125
7383.93505859375
7383.642578125
7383.353515625
7383.0703125
7382.7880859375
7382.51025390625
7382.23486328125
7381.96240234375
7381.6943359375
7381.427734375
7381.1650390625
7380.90478515625
7380.6474609375
7380.39208984375
1114217600.0
87966.09375
46642.98828125
968710.4375
50616.69140625
52209.44140625
49487.62890625
47199.24609375
45810.7265625
45606.45703125
45247.0078125
44462.32421875
43298.3125
42190.25390625
41285.8515625
40332.953125
39223.13671875
38104.109375
37212.43359375
36564.62890625
35967.68359375
35293.51953125
34546.53515625
33811.69921875
33134.52734375
32507.720703125
31916.380859375
31343.306640625
30768.57421875
30192.138671875
29630.197265625
29084.89453125
28548.984375
28024.861328125
27525.4140625
27058.22265625
26613.654296875
26174.26171875
25737.619140625
25312.953125
24907.93359375
24527.607421875
24174.6875
23842.978515625
23523.017578125
23211.51171875
22908.052734375
22610.486328125
22323.7421875
22057.796875
21811.58984375
21577.962890625
21353.6484375
21135.64453125
20922.859375
20716.23046875
20515.64453125
20321.390625
20134.748046875
19956.505859375
19784.603515625
19617.03125
19453.904296875
19296.66015625
19146.63671875
19002.953125
18863.521484375
18727.08984375
18594.189453125
18465.46875
18340.56640625
18219.4609375
18102.1796875
17988.54296875
17878.408203125
17771.26953125
17666.72265625
17564.7890625
17465.638671875
17369.18359375
17275.435546875
17184.20703125
17095.53125
17009.6171875
16926.392578125
16845.412109375
16766.46875
16689.400390625
16614.31640625
16541.6484375
16471.802734375
16404.7265625
16339.951171875
16276.888671875
16215.205078125
16154.7548828125
16095.48046875
16037.421875
15980.6064453125
15924.88671875
15870.11328125
15816.154296875
15762.97265625
15710.6357421875
15659.22265625
15608.669921875
15558.98046875
15510.1533203125
15462.2001953125
15415.1181640625
15368.90234375
15323.357421875
15278.4033203125
15234.197265625
15190.7880859375
15148.0654296875
15106.0107421875
15064.6474609375
15024.005859375
14984.044921875
14944.6875
14905.91796875
14867.7314453125
14830.1328125
14793.123046875
14756.69921875
14720.865234375
14685.54296875
14650.7431640625
14616.4599609375
14582.6484375
14549.2978515625
14516.443359375
14484.0185546875
14452.0546875
14420.49609375
14389.3369140625
14358.591796875
14328.21484375
14298.212890625
14268.57421875
14239.265625
14210.2880859375
14181.619140625
14153.25390625
14125.212890625
14097.4560546875
14070.013671875
14042.8759765625
14015.9833984375
13989.361328125
13962.98046875
13936.828125
13910.880859375
13885.126953125
13859.5322265625
13834.1083984375
13808.83203125
13783.69140625
13758.693359375
13733.875
13709.2421875
13684.8388671875
13660.6796875
13636.826171875
13613.259765625
13589.98046875
13566.9599609375
13544.306640625
13522.0576171875
13500.0361328125
13478.1787109375
13456.5712890625
13435.1982421875
13413.986328125
13392.94140625
13372.12890625
13351.4970703125
13331.0234375
13310.724609375
13290.625
13270.669921875
13250.873046875
13231.2626953125
13211.818359375
13192.49609375
13173.3642578125
13154.4140625
13135.63671875
13117.00390625
13098.55078125
13080.265625
13062.1279296875
13044.197265625
13026.419921875
13008.7841796875
12991.3125
12974.0234375
12956.88671875
12939.916015625
12923.12109375
12906.4599609375
12889.978515625
12873.66015625
12857.478515625
12841.4345703125
12825.541015625
12809.775390625
12794.1513671875
12778.6611328125
12763.28515625
12748.0244140625
12732.8974609375
12717.884765625
12703.013671875
12688.2705078125
12673.65234375
12659.1962890625
12644.875
12630.779296875
12616.98046875
12603.4013671875
12589.7109375
12575.408203125
12560.927734375
12546.912109375
12533.3505859375
12519.80078125
12506.2451171875
12492.7578125
12479.1015625
12465.44140625
12452.232421875
12439.1640625
12425.7373046875
12412.216796875
12399.078125
12386.068359375
12372.83984375
12359.5498046875
12346.345703125
12333.111328125
12319.8359375
12306.4990234375
12292.921875
12279.15234375
12265.3662109375
12251.6025390625
12238.05078125
12225.02734375
12212.4326171875
12199.5478515625
12186.3818359375
12173.4736328125
12161.4208984375
12149.7509765625
12137.416015625
12124.509765625
12111.7880859375
12099.421875
12086.576171875
12072.8671875
12059.271484375
12046.392578125
12033.724609375
12020.75390625
12007.931640625
11994.796875
11980.833984375
11966.3828125
11952.888671875
11940.27734375
11927.2158203125
11913.1298828125
11899.0166015625
11885.9208984375
11873.5009765625
11860.91015625
11848.29296875
11836.208984375
11824.6015625
11812.923828125
11801.19921875
11789.654296875
11778.146484375
11766.333984375
11754.3310546875
11742.525390625
11731.025390625
11719.5625
11707.9912109375
11696.365234375
11684.748046875
11673.216796875
11661.814453125
11650.4150390625
11638.921875
11627.494140625
11616.302734375
11605.271484375
11594.361328125
11583.61328125
11573.0029296875
11562.125
11550.783203125
11539.43359375
11528.556640625
11517.98046875
11507.1923828125
11496.0595703125
11484.8369140625
11473.8974609375
11463.34375
11453.10546875
11443.1953125
11433.2734375
11422.921875
11412.322265625
11402.345703125
11392.8828125
11382.9111328125
11371.869140625
11360.7216796875
11350.435546875
11340.9384765625
11331.626953125
11322.1484375
11312.3662109375
11302.3505859375
11292.48046875
11282.9150390625
11273.4541015625
11263.9306640625
11254.345703125
11244.6591796875
11234.81640625
11225.0869140625
11215.92578125
11207.236328125
11198.4990234375
11189.3525390625
11179.7109375
11169.4599609375
11158.984375
11149.2158203125
11140.51953125
11132.134765625
11123.056640625
11113.44140625
11104.37109375
11096.42578125
11088.5966796875
11079.248046875
11067.609375
11055.6640625
11045.681640625
11037.49609375
11029.0263671875
11018.84765625
11007.951171875
10997.970703125
10988.9091796875
10979.625
10969.7685546875
10960.2265625
10951.556640625
10943.0546875
10933.8466796875
10924.1513671875
10914.931640625
10906.484375
10898.3505859375
10890.3095703125
10882.7734375
10876.107421875
10869.138671875
10859.9658203125
10848.412109375
10837.537109375
10829.7578125
10823.775390625
10816.51171875
10807.0712890625
10797.4541015625
10789.6474609375
10782.5859375
10774.5361328125
10765.6904296875
10757.7900390625
10751.70703125
10745.4453125
10737.529296875
10728.984375
10720.794921875
10713.392578125
10704.0361328125
10694.1298828125
10685.9453125
10678.7890625
10670.7314453125
10661.056640625
10652.55078125
10645.802734375
10638.7783203125
10630.845703125
10623.130859375
10617.18359375
10612.1884765625
10605.548828125
10595.6005859375
10584.302734375
10575.482421875
10569.251953125
10562.111328125
10552.763671875
10543.966796875
10537.328125
10530.5556640625
10521.8271484375
10512.8076171875
10505.4833984375
10498.73046875
10490.6484375
10481.68359375
10473.3271484375
10465.876953125
10458.4775390625
10450.8173828125
10442.89453125
10434.5810546875
10425.9990234375
10417.728515625
10410.0703125
10402.666015625
10394.9814453125
10387.0263671875
10379.25390625
10372.056640625
10365.248046875
10358.5048828125
10351.77734375
10345.4208984375
10339.3203125
10332.45703125
10324.6796875
10317.2529296875
10309.732421875
10301.392578125
10293.8818359375
10288.5966796875
10283.5869140625
10276.9990234375
10269.1865234375
10260.8388671875
10252.923828125
10245.900390625
10238.2119140625
10229.3349609375
10221.0400390625
10214.0341796875
10207.2109375
10200.029296875
10193.0859375
10186.2900390625
10178.890625
10170.8671875
10163.13671875
10156.658203125
10150.673828125
10143.771484375
10136.083984375
10129.103515625
10123.052734375
10116.908203125
10110.28125
10103.638671875
10097.287109375
10090.3828125
10083.2265625
10074.90234375
10067.681640625
10060.091796875
10053.0166015625
10046.24609375
10039.81640625
10033.7919921875
10026.44921875
10019.302734375
10011.2138671875
10004.400390625
9998.453125
9991.49609375
9984.669921875
9977.1904296875
9970.453125
9964.240234375
9957.55078125
9950.9091796875
9944.5537109375
9939.572265625
9935.5615234375
9931.0361328125
9924.6005859375
9915.17578125
9904.9384765625
9896.6728515625
9890.9765625
9886.3212890625
9880.47265625
9873.59375
9866.9404296875
9861.5126953125
9855.05859375
9847.22265625
9837.97265625
9830.380859375
9824.7451171875
9819.2021484375
9812.23046875
9804.478515625
9797.970703125
9792.5107421875
9785.66796875
9775.455078125
9763.830078125
9755.791015625
9751.404296875
9746.0068359375
9737.462890625
9728.650390625
9722.2900390625
9716.322265625
9708.197265625
9698.890625
9690.9521484375
9684.1953125
9677.5771484375
9670.8544921875
9664.626953125
9658.001953125
9650.154296875
9641.8916015625
9634.57421875
9628.134765625
9621.4453125
9614.1240234375
9606.841796875
9599.9375
9593.1318359375
9586.3046875
9579.8115234375
9573.880859375
9568.0546875
9561.83203125
9554.94140625
9547.419921875
9539.57421875
9531.9609375
9524.98828125
9518.7294921875
9512.8359375
9506.9228515625
9500.681640625
9494.119140625
9486.97265625
9479.7646484375
9473.0888671875
9467.4287109375
9462.51171875
9457.35546875
9451.24609375
9443.7646484375
9435.5859375
9427.5791015625
9420.4580078125
9414.224609375
9408.642578125
9403.0654296875
9397.2265625
9390.8447265625
9383.9833984375
9376.6357421875
9369.5
9363.318359375
9358.4453125
9353.88671875
9348.6171875
9341.525390625
9333.2236328125
9324.56640625
9317.021484375
9310.5439453125
9305.42578125
9299.435546875
9293.96875
9286.0458984375
9279.49609375
9272.779296875
9267.783203125
9262.486328125
9254.9072265625
9249.27734375
9239.77734375
9233.5927734375
9228.45703125
9220.3359375
9212.12890625
9204.0966796875
9197.9560546875
9192.1640625
9185.234375
9178.4560546875
9172.4716796875
9167.59765625
9163.0576171875
9157.94140625
9152.6953125
9146.482421875
9139.361328125
9131.0107421875
9123.09375
9116.3193359375
9110.88671875
9104.978515625
9097.7470703125
9089.58203125
9081.7421875
9074.8681640625
9068.912109375
9063.3583984375
9057.5537109375
9051.298828125
9044.6220703125
9037.9580078125
9031.4462890625
9025.201171875
9019.0634765625
9013.005859375
9006.791015625
9000.53125
8994.115234375
8987.6875
8981.275390625
8974.9365234375
8968.7236328125
8962.5029296875
8956.22265625
8949.771484375
8943.283203125
8936.8095703125
8930.50390625
8924.3544921875
8918.3740234375
8912.58203125
8907.0380859375
8901.814453125
8896.9609375
8892.455078125
8888.3056640625
8884.498046875
8881.0078125
8877.93359375
8874.453125
8869.8193359375
8862.8857421875
8854.779296875
8847.3369140625
8841.6455078125
8837.447265625
8832.6201171875
8825.673828125
8816.666015625
8809.0146484375
8804.91015625
8802.56640625
8798.1240234375
8790.4208984375
8781.896484375
8775.533203125
8771.2021484375
8767.35546875
8763.220703125
8759.0390625
8754.05859375
8747.7646484375
8741.1044921875
8735.423828125
8729.9755859375
8722.73828125
8712.275390625
8701.607421875
8693.1748046875
8688.685546875
8684.8642578125
8679.232421875
8670.48046875
8660.318359375
8651.22265625
8644.5546875
8639.8203125
8635.1845703125
8629.58203125
8622.923828125
8616.72265625
8611.3662109375
8606.8388671875
8601.6240234375
8595.51171875
8588.244140625
8580.9189453125
8574.0498046875
8567.7802734375
8561.921875
8556.259765625
8550.640625
8545.1025390625
8539.662109375
8534.4521484375
8529.4521484375
8524.560546875
8519.7685546875
8515.01953125
8510.3291015625
8505.2724609375
8499.259765625
8492.2958984375
8484.826171875
8477.798828125
8472.4365234375
8467.494140625
8463.767578125
8459.951171875
8456.533203125
8452.33984375
8446.396484375
8438.291015625
8429.6025390625
8422.05078125
8415.9853515625
8410.6953125
8404.7607421875
8397.88671875
8390.84375
8385.234375
8381.419921875
8378.412109375
8374.0185546875
8367.54296875
8359.990234375
8353.095703125
8347.8037109375
8343.302734375
8339.087890625
8334.990234375
8331.271484375
8327.521484375
8322.7353515625
8316.6220703125
8309.2060546875
8301.3642578125
8293.5537109375
8286.095703125
8279.326171875
8273.5673828125
8268.6669921875
8264.353515625
8260.001953125
8255.7275390625
8250.8037109375
8244.8818359375
8237.9951171875
8231.548828125
8226.3203125
8221.568359375
8216.81640625
8211.9189453125
8208.0380859375
8205.0068359375
8201.802734375
8196.689453125
8189.83935546875
8182.3271484375
8175.47412109375
8169.6611328125
8164.8779296875
8161.4169921875
8159.10107421875
8157.474609375
8156.13671875
8154.8984375
8152.3408203125
8145.978515625
8136.1953125
8127.181640625
8122.22705078125
8119.6171875
8114.314453125
8104.50390625
8093.078125
8085.07861328125
8080.95361328125
8077.1787109375
8071.09033203125
8063.6015625
8056.7958984375
8050.45166015625
8042.93310546875
8034.205078125
8026.40869140625
8021.1630859375
8017.4619140625
8012.9970703125
8006.73583984375
7999.8251953125
7993.83740234375
7989.0595703125
7984.7392578125
7980.17529296875
7975.5078125
7970.80078125
7966.080078125
7960.63671875
7955.212890625
7949.349609375
7944.1591796875
7938.2744140625
7931.74853515625
7924.4169921875
7917.53369140625
7911.89306640625
7907.63623046875
7903.9677734375
7900.294921875
7896.04296875
7891.5419921875
7886.62548828125
7882.26513671875
7877.02880859375
7872.501953125
7867.48046875
7862.99609375
7857.8466796875
7853.4853515625
7849.009765625
7844.2255859375
7839.3369140625
7835.1201171875
7831.2470703125
7827.64599609375
7823.90771484375
7819.7265625
7814.720703125
7809.12109375
7803.458984375
7797.9375
7792.63720703125
7787.03515625
7780.8720703125
7774.54833984375
7768.8046875
7764.0947265625
7760.6083984375
7758.1669921875
7756.3935546875
7754.3955078125
7751.8505859375
7748.298828125
7745.703125
7743.568359375
7741.4296875
7735.5361328125
7725.67578125
7715.84033203125
7709.85986328125
7707.20068359375
7702.7294921875
7694.69140625
7686.3310546875
7682.4931640625
7683.15625
7683.50390625
7679.64892578125
7671.5625
7662.572265625
7654.6748046875
7648.05517578125
7641.76171875
7635.4677734375
7629.779296875
7624.79736328125
7619.70068359375
7613.203125
7605.1767578125
7597.732421875
7592.6796875
7588.6572265625
7582.935546875
7575.02001953125
7567.609375
7562.54736328125
7558.8623046875
7554.3193359375
7548.73779296875
7542.6328125
7537.34814453125
7532.8876953125
7528.3671875
7524.603515625
7521.22119140625
7520.0087890625
7519.10302734375
7517.18115234375
7511.83203125
7503.75244140625
7493.7431640625
7485.453125
7480.07470703125
7476.91259765625
7473.79150390625
7469.45361328125
7464.6845703125
7459.896484375
7455.6396484375
7451.4873046875
7447.0859375
7442.65478515625
7437.66455078125
7432.2744140625
7426.4453125
7421.4150390625
7417.8466796875
7415.40234375
7412.4150390625
7407.25146484375
7399.8955078125
7391.94970703125
7385.3408203125
7381.0947265625
7378.60546875
7377.00830078125
7374.943359375
7371.861328125
7366.54345703125
7359.9716796875
7354.1728515625
7350.62451171875
7349.13330078125
7345.9931640625
7339.7109375
7329.8779296875
7320.3359375
7314.05078125
7311.08984375
7309.294921875
7305.626953125
7300.5859375
7294.92626953125
7289.96826171875
7285.630859375
7281.4111328125
7277.15087890625
7272.6787109375
7268.193359375
7263.19970703125
7257.4658203125
7251.0576171875
7244.4736328125
7238.751953125
7234.322265625
7231.220703125
7228.42578125
7224.791015625
7219.38134765625
7212.4814453125
7204.748046875
7197.36328125
7190.66650390625
7184.9501953125
7180.197265625
7176.12158203125
7172.40283203125
7168.20556640625
7163.7421875
7158.5380859375
7153.521484375
7148.2978515625
7143.6689453125
7138.96630859375
7134.6484375
7130.494140625
7127.091796875
7124.42236328125
7122.361328125
7120.1298828125
7117.3427734375
7113.64990234375
7109.14599609375
7104.1162109375
7099.4091796875
7095.53076171875
7093.2900390625
7063.2333984375
7066.400390625
7072.50830078125
7048.86279296875
7060.7431640625
7052.0693359375
7041.4228515625
7049.55615234375
7036.173828125
7035.107421875
7035.58203125
7025.0712890625
7026.9130859375
7022.1796875
7016.4345703125
7016.9033203125
7010.8076171875
7008.1337890625
7006.27294921875
7001.07666015625
6999.3017578125
6995.9755859375
6992.10205078125
6990.00439453125
6986.29248046875
6983.255859375
6980.59814453125
6977.1103515625
6974.32763671875
6971.3232421875
6968.162109375
6965.3310546875
6962.24609375
6959.2744140625
6956.33984375
6953.31201171875
6950.4013671875
6947.412109375
6944.4609375
6941.5380859375
6938.55712890625
6935.64453125
6932.697265625
6929.75
6926.8369140625
6923.88623046875
6920.9541015625
6918.03662109375
6915.08935546875
6912.16845703125
6909.2509765625
6906.3046875
6903.3955078125
6900.4697265625
6897.5361328125
6894.62548828125
6891.69482421875
6888.76953125
6885.85595703125
6882.9306640625
6880.00537109375
6877.08349609375
6874.154296875
6871.23193359375
6868.29931640625
6865.3720703125
6862.45361328125
6859.533203125
6856.61328125
6853.69921875
6850.7822265625
6847.859375
6844.94189453125
6842.0244140625
6839.1123046875
6836.19921875
6833.2880859375
6830.38330078125
6827.4814453125
6824.57666015625
6821.6787109375
6818.796875
6815.9130859375
6813.033203125
6810.1611328125
6807.2998046875
6804.44970703125
6801.59912109375
6798.74365234375
6795.908203125
6793.0712890625
6790.2333984375
6787.408203125
6784.5859375
6781.76611328125
6778.9482421875
6776.12939453125
6773.3154296875
6770.494140625
6767.68603515625
6764.87646484375
6762.0634765625
6759.25
6756.44091796875
6753.6376953125
6750.8408203125
6748.0390625
6745.2373046875
6742.4384765625
6739.640625
6736.8515625
6734.060546875
6731.26953125
6728.478515625
6725.6953125
6722.9150390625
6720.130859375
6717.35595703125
6714.57958984375
6711.79443359375
6709.017578125
6706.24609375
6703.4736328125
6700.697265625
6697.9306640625
6695.1669921875
6692.40576171875
6689.6376953125
6686.87109375
6684.1171875
6681.3515625
6678.59130859375
6675.8369140625
6673.078125
6670.328125
6667.5751953125
6664.8173828125
6662.064453125
6659.3056640625
6656.55029296875
6653.7998046875
6651.048828125
6648.2919921875
6645.541015625
6642.79052734375
6640.041015625
6637.2919921875
6634.541015625
6631.78759765625
6629.03955078125
6626.29345703125
6623.53515625
6620.7880859375
6618.041015625
6615.2919921875
6612.5498046875
6609.7958984375
6607.0517578125
6604.302734375
6601.548828125
6598.798828125
6596.05224609375
6593.31005859375
6590.56103515625
6587.80859375
6585.05078125
6582.2890625
6579.5146484375
6576.744140625
6573.9677734375
6571.1845703125
6568.404296875
6565.611328125
6562.8154296875
6560.017578125
6557.2109375
6554.408203125
6551.61865234375
6548.82763671875
6546.04248046875
6543.26611328125
6540.4873046875
6537.7275390625
6534.97314453125
6532.2333984375
6529.50732421875
6526.7841796875
6524.0654296875
6521.357421875
6518.6552734375
6515.9541015625
6513.26318359375
6510.56591796875
6507.8876953125
6505.20947265625
6502.52978515625
6499.8642578125
6497.197265625
6494.53759765625
6491.8837890625
6489.2275390625
6486.57421875
6483.939453125
6481.29736328125
6478.66357421875
6476.0283203125
6473.4052734375
6470.783203125
6468.1552734375
6465.53759765625
6462.92431640625
6460.3115234375
6457.7080078125
6455.10791015625
6452.51171875
6449.91796875
6447.32421875
6444.73974609375
6442.158203125
6439.58544921875
6437.009765625
6434.4462890625
6431.88427734375
6429.32177734375
6426.7529296875
6424.2099609375
6421.658203125
6419.1201171875
6416.580078125
6414.04931640625
6411.509765625
6408.97705078125
6406.44921875
6403.92431640625
6401.40869140625
6398.88671875
6396.373046875
6393.8603515625
6391.3505859375
6388.8447265625
6386.3291015625
6383.8349609375
6381.33544921875
6378.841796875
6376.3505859375
6373.85302734375
6371.376953125
6368.8857421875
6366.39990234375
6363.923828125
6361.451171875
6358.970703125
6356.509765625
6354.03857421875
6351.59619140625
6349.1826171875
6346.8310546875
6344.6513671875
6342.7275390625
6341.2841796875
6340.17578125
6339.0595703125
6336.03466796875
6331.203125
6326.35546875
6323.8388671875
6322.7236328125
6320.3740234375
6316.26318359375
6312.392578125
6310.1474609375
6308.2626953125
6305.3779296875
6302.1796875
6299.71337890625
6297.734375
6295.50732421875
6293.40673828125
6291.77197265625
6289.5048828125
6285.87744140625
6283.30029296875
6281.7109375
6278.97314453125
6276.09033203125
6274.1552734375
6271.64404296875
6268.8740234375
6266.7919921875
6264.3701171875
6261.658203125
6259.4794921875
6257.18017578125
6254.5810546875
6252.30078125
6250.0166015625
6247.548828125
6245.2529296875
6242.9462890625
6240.5390625
6238.24755859375
6235.94921875
6233.58642578125
6231.28125
6228.982421875
6226.638671875
6224.32763671875
6222.04296875
6219.734375
6217.41748046875
6215.12841796875
6212.8466796875
6210.53955078125
6208.263671875
6205.9892578125
6203.701171875
6201.44140625
6199.1728515625
6196.90185546875
6194.64697265625
6192.392578125
6190.126953125
6187.8759765625
6185.6298828125
6183.3720703125
6181.1181640625
6178.8818359375
6176.62841796875
6174.384765625
6172.1396484375
6169.88427734375
6167.6357421875
6165.38134765625
6163.1162109375
6160.8583984375
6158.60107421875
6156.33984375
6154.0712890625
6151.79345703125
6149.52001953125
6147.236328125
6144.93994140625
6142.64013671875
6140.32861328125
6138.01025390625
6135.6787109375
6133.3388671875
6130.9990234375
6128.65673828125
6126.3125
6123.9775390625
6121.65185546875
6119.34912109375
6117.0830078125
6114.84765625
6112.634765625
6110.43408203125
6108.22900390625
6106.01953125
6103.7978515625
6101.57177734375
6099.36474609375
6097.1630859375
6094.9697265625
6092.78466796875
6090.61328125
6088.439453125
6086.265625
6084.08154296875
6081.8984375
6079.7197265625
6077.537109375
6075.37255859375
6073.20703125
6071.060546875
6068.90625
6066.7666015625
6064.6552734375
6062.60546875
6060.6572265625
6059.04052734375
6057.6982421875
6057.3330078125
6056.2998046875
6055.30078125
6050.91015625
6046.5068359375
6043.8525390625
6043.2705078125
6043.31005859375
6041.875
6039.6513671875
6036.234375
6032.751953125
6031.169921875
6030.53076171875
6028.16259765625
6024.7705078125
6023.0546875
6022.2138671875
6019.9892578125
6017.337890625
6015.890625
6014.25537109375
6012.099609375
6010.427734375
6008.830078125
6006.7724609375
6004.904296875
6003.521484375
6001.7392578125
5999.77587890625
5998.2001953125
5996.5625
5994.814453125
5993.1484375
5991.51220703125
5989.759765625
5988.1455078125
5986.61474609375
5984.9072265625
5983.23046875
5981.68408203125
5980.12939453125
5978.51904296875
5976.927734375
5975.39306640625
5973.8857421875
5972.42578125
5970.951171875
5969.490234375
5968.029296875
5966.5390625
5964.9658203125
5963.39453125
5961.88916015625
5960.50146484375
5959.046875
5957.4296875
5955.66650390625
5954.0185546875
5952.57861328125
5951.1904296875
5949.69140625
5948.0947265625
5946.55419921875
5945.10400390625
5943.689453125
5942.2626953125
5940.845703125
5939.45751953125
5938.03369140625
5936.5888671875
5935.16015625
5933.7919921875
5932.451171875
5931.099609375
5929.7216796875
5928.392578125
5927.0966796875
5925.8662109375
5924.56103515625
5923.3349609375
5922.00634765625
5920.85498046875
5919.5439453125
5918.3857421875
5917.154296875
5916.1015625
5915.123046875
5914.3046875
5913.4697265625
5912.51708984375
5911.10546875
5909.2880859375
5907.1767578125
5905.27734375
5903.8916015625
5902.95166015625
5902.22509765625
5901.39599609375
5900.46875
5899.57080078125
5899.0595703125
5899.046875
5899.466796875
5900.01171875
5900.4697265625
5900.1396484375
5898.65283203125
5895.29541015625
5891.173828125
5887.87060546875
5886.56298828125
5886.46435546875
5885.86328125
5883.94482421875
5881.3994140625
5879.6044921875
5878.8427734375
5878.3134765625
5877.240234375
5875.93310546875
5875.2109375
5875.4677734375
5875.9736328125
5876.2255859375
5875.49365234375
5875.18505859375
5873.9296875
5873.55908203125
5871.37109375
5869.0791015625
5866.31787109375
5864.193359375
5863.04248046875
5862.97509765625
5863.802734375
5864.4130859375
5864.5146484375
5863.70849609375
5862.8330078125
5862.330078125
5861.9072265625
5861.00390625
5858.9365234375
5856.15625
5853.5556640625
5852.36572265625
5853.0234375
5855.2666015625
5858.28515625
5860.9521484375
5862.5673828125
5862.25244140625
5860.59619140625
5858.23486328125
5856.837890625
5855.9111328125
5855.74755859375
5854.76953125
5853.3720703125
5851.80810546875
5850.7783203125
5850.7197265625
5851.2119140625
5851.63671875
5850.7041015625
5848.37109375
5844.29052734375
5840.26416015625
5837.49853515625
5837.1650390625
5837.9755859375
5838.533203125
5837.2783203125
5834.35693359375
5830.9423828125
5827.9365234375
5825.71630859375
5823.77001953125
5821.94677734375
5820.267578125
5818.9921875
5817.9296875
5816.5771484375
5814.6630859375
5812.4453125
5810.630859375
5809.6015625
5809.2421875
5809.02490234375
5808.7041015625
5808.3564453125
5808.1318359375
5808.03564453125
5807.623046875
5806.79052734375
5805.23828125
5803.298828125
5801.01708984375
5798.8720703125
5797.03271484375
5795.8291015625
5795.05859375
5794.41015625
5793.33349609375
5791.63134765625
5789.4453125
5787.23388671875
5785.369140625
5784.0068359375
5783.0791015625
5782.4013671875
5781.9140625
5781.6689453125
5781.7509765625
5782.220703125
5782.95263671875
5783.7275390625
5784.03466796875
5783.591796875
5782.126953125
5780.0341796875
5777.95458984375
5776.470703125
5775.8798828125
5775.83544921875
5775.84228515625
5775.2568359375
5774.05078125
5772.39111328125
5770.93994140625
5769.81689453125
5769.212890625
5768.73095703125
5768.318359375
5767.73095703125
5767.14013671875
5766.56494140625
5766.15234375
5765.71337890625
5765.1669921875
5764.3369140625
5763.18017578125
5761.771484375
5760.21875
5758.798828125
5757.7001953125
5756.89453125
5756.4130859375
5755.875
5755.095703125
5753.66748046875
5751.654296875
5749.48876953125
5747.4501953125
5746.35205078125
5745.4990234375
5745.2236328125
5744.88037109375
5744.63623046875
5744.26708984375
5743.6337890625
5742.6923828125
5741.5322265625
5740.439453125
5739.8837890625
5739.55078125
5739.9296875
5739.44677734375
5738.7529296875
5736.66015625
5734.2607421875
5731.4853515625
5729.17724609375
5727.51708984375
5726.6162109375
5726.11279296875
5725.6015625
5724.86279296875
5723.767578125
5722.6806640625
5721.5751953125
5720.8115234375
5720.404296875
5720.37744140625
5720.7998046875
5721.32373046875
5721.953125
5722.29150390625
5722.41064453125
5721.78076171875
5720.54541015625
5718.52392578125
5716.041015625
5713.3896484375
5710.8984375
5708.861328125
5707.41064453125
5706.7373046875
5706.8447265625
5707.5732421875
5708.41015625
5708.74365234375
5708.16455078125
5706.71728515625
5704.92236328125
5703.083984375
5701.521484375
5700.2236328125
5699.28173828125
5698.67138671875
5698.26171875
5697.7138671875
5696.8857421875
5695.5634765625
5694.23974609375
5693.1162109375
5692.7890625
5693.056640625
5693.7939453125
5694.33544921875
5694.39111328125
5693.58251953125
5691.96923828125
5689.646484375
5686.9306640625
5684.1552734375
5681.5849609375
5679.41162109375
5677.6357421875
5676.2587890625
5675.1376953125
5674.22998046875
5673.4248046875
5672.66455078125
5671.9345703125
5671.33251953125
5670.94921875
5670.8212890625
5670.6552734375
5669.9384765625
5668.255859375
5665.830078125
5663.4697265625
5662.04248046875
5661.98388671875
5662.95556640625
5663.59765625
5662.740234375
5661.1416015625
5659.8955078125
5658.6982421875
5657.3193359375
5655.91796875
5655.322265625
5654.67822265625
5654.103515625
5653.111328125
5652.630859375
5652.04052734375
5651.1806640625
5649.673828125
5648.44140625
5646.97509765625
5645.52734375
5644.2060546875
5643.00732421875
5641.447265625
5639.7080078125
5638.138671875
5636.705078125
5635.744140625
5635.427734375
5635.466796875
5635.61767578125
5635.21337890625
5633.89892578125
5631.611328125
5629.13818359375
5627.31298828125
5626.6875
5627.10888671875
5627.81103515625
5628.015625
5627.34375
5625.986328125
5624.4736328125
5623.232421875
5622.298828125
5621.6201171875
5621.11279296875
5621.01611328125
5621.3984375
5622.455078125
5623.75439453125
5624.78466796875
5624.94921875
5624.353515625
5623.60791015625
5623.38916015625
5624.0693359375
5625.3271484375
5626.48388671875
5626.265625
5623.95751953125
5620.02099609375
5616.2548828125
5613.77783203125
5611.765625
5608.619140625
5604.03076171875
5599.4052734375
5596.76318359375
5596.796875
5598.10302734375
5598.8310546875
5598.111328125
5596.578125
5595.3994140625
5595.0390625
5595.158203125
5595.12158203125
5594.7607421875
5593.9677734375
5593.0576171875
5591.720703125
5590.798828125
5589.623046875
5589.404296875
5588.4599609375
5587.7255859375
5585.93359375
5584.28173828125
5582.6025390625
5581.54541015625
5580.87548828125
5580.60400390625
5580.349609375
5579.90283203125
5578.98828125
5577.544921875
5575.6474609375
5573.66357421875
5571.60400390625
5569.9853515625
5568.6416015625
5567.92333984375
5567.42578125
5567.1494140625
5566.6220703125
5566.12109375
5565.59814453125
5565.302734375
5564.70458984375
5563.494140625
5561.466796875
5559.1171875
5557.3291015625
5556.7275390625
5557.39599609375
5558.64453125
5559.76171875
5560.060546875
5559.388671875
5557.9140625
5556.06982421875
5554.2900390625
5552.8447265625
5551.7802734375
5550.9482421875
5550.171875
5549.3779296875
5548.5576171875
5547.66845703125
5546.42333984375
5544.36962890625
5541.400390625
5537.89892578125
5534.8125
5532.8408203125
5532.0673828125
5531.939453125
5531.7802734375
5531.1494140625
5530.19775390625
5529.3544921875
5529.10986328125
5529.43359375
5530.0458984375
5530.58447265625
5530.8046875
5530.90185546875
5530.4189453125
5529.62109375
5527.939453125
5525.95361328125
5523.7998046875
5521.9677734375
5520.4716796875
5519.2265625
5518.1650390625
5517.3232421875
5516.90576171875
5516.95849609375
5517.51416015625
5518.2109375
5518.88232421875
5518.939453125
5518.462890625
5517.22607421875
5515.51171875
5513.2861328125
5510.79296875
5508.1923828125
5505.6650390625
5503.42041015625
5501.5029296875
5500.08056640625
5498.958984375
5498.13671875
5497.3515625
5496.46728515625
5495.2578125
5493.7109375
5491.951171875
5490.404296875
5489.37744140625
5489.138671875
5489.3662109375
5489.86181640625
5489.88525390625
5489.349609375
5488.1064453125
5486.701171875
5485.3994140625
5484.6982421875
5484.3408203125
5484.32421875
5484.00439453125
5483.501953125
5482.638671875
5482.11962890625
5481.88916015625
5482.1416015625
5482.3212890625
5482.2548828125
5481.7919921875
5481.28662109375
5481.1572265625
5481.63134765625
5482.39208984375
5482.6787109375
5481.74755859375
5479.43359375
5476.408203125
5473.7412109375
5472.19140625
5471.5625
5471.1376953125
5470.0205078125
5467.939453125
5465.02099609375
5461.90966796875
5459.1669921875
5457.21044921875
5455.865234375
5454.91064453125
5453.94677734375
5453.0146484375
5452.2763671875
5451.9326171875
5451.89892578125
5451.92578125
5451.7421875
5451.505859375
5451.42236328125
5451.9306640625
5452.2666015625
5452.55126953125
5451.12255859375
5448.9638671875
5445.0888671875
5441.458984375
5438.0751953125
5436.21484375
5435.69140625
5436.25927734375
5437.1279296875
5437.419921875
5436.802734375
5435.048828125
5432.84765625
5430.50537109375
5428.75439453125
5427.6669921875
5427.2392578125
5427.19580078125
5427.279296875
5427.3935546875
5427.4521484375
5427.3740234375
5426.9853515625
5426.2568359375
5425.0849609375
5423.59130859375
5421.8359375
5420.123046875
5418.5830078125
5417.25
5416.07421875
5414.94775390625
5413.935546875
5413.029296875
5412.41552734375
5411.70751953125
5411.11767578125
5409.78564453125
