7931.3193359375
7906.3427734375
7883.24609375
7861.87353515625
7842.06005859375
7823.65478515625
7806.52880859375
7790.564453125
7775.63427734375
7761.63671875
7748.4814453125
7736.08056640625
7724.3759765625
7713.296875
7702.79296875
7692.81689453125
7683.32958984375
7674.29296875
7665.666015625
7657.4296875
7649.5546875
7642.00927734375
7634.78173828125
7627.8447265625
7621.18359375
7614.783203125
7608.6279296875
7602.705078125
7597.00048828125
7591.505859375
7586.20556640625
7581.09814453125
7576.17138671875
7571.4130859375
7566.8193359375
7562.37841796875
7558.087890625
7553.93896484375
7549.92578125
7546.04052734375
7542.2783203125
7538.63623046875
7535.1064453125
7531.6826171875
7528.3662109375
7525.14501953125
7522.017578125
7518.984375
7516.03369140625
7513.16796875
7510.3837890625
7507.67431640625
7505.0419921875
7502.47998046875
7499.9853515625
7497.556640625
7495.19189453125
7492.890625
7490.6455078125
7488.4580078125
7486.32666015625
7484.24609375
7482.21630859375
7480.236328125
7478.3017578125
7476.4130859375
7474.56787109375
7472.767578125
7471.009765625
7469.28955078125
7467.6064453125
7465.9619140625
7464.35400390625
7462.779296875
7461.2412109375
7459.73388671875
7458.2568359375
7456.8125
7455.39697265625
7454.009765625
7452.6513671875
7451.31982421875
7450.013671875
7448.734375
7447.4765625
7446.244140625
7445.037109375
7443.849609375
7442.685546875
7441.5419921875
7440.4169921875
7439.31396484375
7438.228515625
7437.1630859375
7436.11767578125
7435.08984375
7434.07861328125
7433.0830078125
7432.1044921875
7431.14697265625
7430.20263671875
7429.27197265625
7428.35546875
7427.4541015625
7426.56787109375
7425.697265625
7424.83935546875
7423.9921875
7423.15869140625
7422.33984375
7421.53173828125
7420.7373046875
7419.95361328125
7419.18212890625
7418.42236328125
7417.673828125
7416.935546875
7416.20849609375
7415.49365234375
7414.78662109375
7414.09130859375
7413.4052734375
7412.73046875
7412.0634765625
7411.40673828125
7410.7587890625
7410.119140625
7409.490234375
7408.8681640625
7408.25634765625
7407.6513671875
7407.0576171875
7406.4716796875
7405.892578125
7405.32177734375
7404.7587890625
7404.203125
7403.6533203125
7403.11279296875
7402.578125
7402.05078125
7401.5302734375
7401.02001953125
7400.51416015625
7400.0146484375
7399.52197265625
7399.0380859375
7398.55859375
7398.0849609375
7397.619140625
7397.15673828125
7396.7021484375
7396.25390625
7395.81103515625
7395.373046875
7394.9404296875
7394.515625
7394.0947265625
7393.6806640625
7393.271484375
7392.8671875
7392.46728515625
7392.07275390625
7391.6826171875
7391.2978515625
7390.919921875
7390.5439453125
7390.1728515625
7389.8095703125
7389.44775390625
7389.0908203125
7388.73779296875
7388.38916015625
7388.046875
7387.705078125
7387.36962890625
7387.0380859375
7386.7109375
7386.38818359375
7386.06689453125
7385.7509765625
7385.4404296875
7385.1318359375
7384.8251953125
7384.5244140625
7384.22705078125
7383.93505859375
7383.642578125
7383.353515625
7383.0703125
7382.7880859375
7382.51025390625
7382.23486328125
7381.96240234375
7381.6943359375
7381.427734375
7381.1650390625
7380.90478515625
7380.6474609375
7380.39208984375
8973227.0
61569.4609375
43689.62890625
59670.96875
479186.4375
174670.09375
60986.3359375
41644.41015625
38075.80078125
37297.05859375
36421.21875
35026.2421875
33689.203125
32744.87109375
31959.9296875
31127.220703125
30249.65234375
29454.845703125
28665.771484375
27739.46484375
26619.12890625
25427.150390625
24277.572265625
23222.25390625
22264.59765625
21391.232421875
20592.56640625
19852.396484375
19152.890625
18501.30078125
17896.62890625
17323.556640625
16778.708984375
16269.90234375
15798.8359375
15362.443359375
14950.3232421875
14560.8828125
14197.2333984375
13851.62890625
13513.759765625
13184.033203125
12868.25
12567.84375
12289.814453125
12031.7119140625
11781.990234375
11547.646484375
11324.119140625
11113.685546875
10915.3515625
10723.853515625
10539.205078125
10365.01953125
10198.5205078125
10035.9951171875
9878.8125
9729.4453125
9585.453125
9444.884765625
9308.3994140625
9176.8046875
9049.3564453125
8926.814453125
8809.7060546875
8697.23828125
8588.7626953125
8483.8681640625
8381.732421875
8282.361328125
8186.2412109375
8093.5673828125
8004.00830078125
7917.4033203125
7833.32421875
7751.5107421875
7671.892578125
7595.0283203125
7520.69970703125
7448.22412109375
7377.56640625
7309.0791015625
7242.5322265625
7177.63037109375
7114.32666015625
7052.65625
6992.4228515625
6933.63916015625
6876.70556640625
6821.7958984375
6767.62548828125
6714.18212890625
6662.2861328125
6611.75634765625
6562.4189453125
6514.14501953125
6466.83935546875
6420.5224609375
6375.240234375
6330.99072265625
6287.703125
6245.298828125
6203.896484375
6163.5107421875
6124.080078125
6085.5048828125
6047.732421875
6010.767578125
5974.5576171875
5939.0810546875
5904.275390625
5870.08740234375
5836.5283203125
5803.6494140625
5771.3671875
5739.6416015625
5708.4765625
5677.89208984375
5647.8642578125
5618.37255859375
5589.3876953125
5560.93212890625
5532.9853515625
5505.50439453125
5478.5322265625
5452.02734375
5425.97021484375
5400.35546875
5375.169921875
5350.40966796875
5326.0576171875
5302.0966796875
5278.5126953125
5255.310546875
5232.4755859375
5209.994140625
5187.86279296875
5166.0634765625
5144.572265625
5123.41796875
5102.54541015625
5081.97314453125
5061.68212890625
5041.6552734375
5021.8779296875
5002.34765625
4983.083984375
4964.0205078125
4945.21484375
4926.609375
4908.2578125
4890.13916015625
4872.29296875
4854.7080078125
4837.3955078125
4820.3232421875
4803.4384765625
4786.7041015625
4770.1044921875
4753.630859375
4737.291015625
4721.064453125
4704.935546875
4688.9404296875
4673.1064453125
4657.439453125
4641.9619140625
4626.7216796875
4611.70556640625
4596.904296875
4582.27978515625
4567.810546875
4553.4921875
4539.310546875
4525.3193359375
4511.5224609375
4497.9736328125
4484.66015625
4471.494140625
4458.43408203125
4445.646484375
4433.15380859375
4420.767578125
4408.42529296875
4396.31298828125
4384.462890625
4372.673828125
4360.8818359375
4349.2998046875
4337.921875
4326.57421875
4315.2646484375
4304.146484375
4293.1640625
4282.24755859375
4271.43994140625
4260.884765625
4250.505859375
4240.1630859375
4229.5810546875
4218.8046875
4208.25537109375
4198.13427734375
4188.130859375
4178.021484375
4167.95361328125
4158.03173828125
4148.142578125
4138.3486328125
4128.7236328125
4119.1376953125
4109.4716796875
4099.94580078125
4090.65869140625
4081.42578125
4072.130859375
4062.9150390625
4053.82421875
4044.787109375
4035.830078125
4026.9970703125
4018.24072265625
4009.5048828125
4000.8662109375
3992.357421875
3983.87646484375
3975.408203125
3967.0458984375
3958.75830078125
3950.49951171875
3942.2646484375
3934.06640625
3925.91162109375
3917.77978515625
3909.65771484375
3901.5380859375
3893.453125
3885.37109375
3877.3037109375
3869.25244140625
3861.26953125
3853.447265625
3845.87939453125
3838.544921875
3831.06201171875
3822.96435546875
3814.25634765625
3805.50927734375
3797.4130859375
3790.09130859375
3782.701171875
3774.59619140625
3766.24462890625
3758.5908203125
3751.5791015625
3744.4599609375
3736.71826171875
3728.375
3719.685546875
3711.02294921875
3703.04541015625
3695.8447265625
3688.52734375
3680.5751953125
3672.82421875
3665.85009765625
3659.12890625
3651.9189453125
3644.51416015625
3637.3857421875
3630.80615234375
3623.88134765625
3615.79443359375
3607.4931640625
3600.208984375
3593.56201171875
3586.1103515625
3577.8818359375
3570.2529296875
3563.2900390625
3556.01318359375
3548.30517578125
3540.9873046875
3534.3017578125
3527.65625
3520.81005859375
3514.06396484375
3507.658203125
3501.41796875
3495.1953125
3489.115234375
3483.22705078125
3477.328125
3471.25439453125
3465.20263671875
3459.41162109375
3453.7275390625
3447.84619140625
3441.8447265625
3436.025390625
3430.46435546875
3424.99267578125
3419.47900390625
3414.0107421875
3408.78955078125
3403.4873046875
3398.41357421875
3391.892578125
3385.78076171875
3379.994140625
3374.72119140625
3369.2978515625
3363.69921875
3358.8212890625
3353.28466796875
3348.05859375
3342.94091796875
3337.99560546875
3333.35888671875
3327.71337890625
3321.544921875
3315.3671875
3309.84716796875
3304.8232421875
3299.60498046875
3294.14013671875
3288.5126953125
3283.2041015625
3278.193359375
3273.0517578125
3267.6240234375
3262.03369140625
3256.7861328125
3251.77392578125
3246.69921875
3241.54443359375
3236.48046875
3231.6708984375
3226.986328125
3222.537109375
3217.59765625
3211.77294921875
3205.53173828125
3200.126953125
3195.8037109375
3191.93896484375
3187.67626953125
3180.533203125
3174.11181640625
3171.1943359375
3169.77490234375
3166.01513671875
3157.40478515625
3153.90966796875
3146.74609375
3140.97412109375
3138.703125
3138.58447265625
3129.16015625
3124.548828125
3120.2724609375
3110.49755859375
3107.59228515625
3104.86328125
3093.54345703125
3091.70849609375
3086.35009765625
3079.99169921875
3078.880859375
3074.8955078125
3070.677734375
3062.71240234375
3055.68408203125
3047.77734375
3044.4228515625
3043.12744140625
3035.4326171875
3029.267578125
3027.4658203125
3022.1396484375
3016.94482421875
3009.4677734375
3006.521484375
3005.08056640625
3000.6416015625
2994.36279296875
2987.18505859375
2983.775390625
2982.09765625
2977.9453125
2973.1591796875
2967.6708984375
2962.11962890625
2956.79443359375
2951.240234375
2947.041015625
2943.169921875
2939.20361328125
2934.53564453125
2929.2099609375
2924.40625
2920.185546875
2916.10009765625
2912.484375
2908.35546875
2904.00439453125
2900.025390625
2895.7119140625
2891.681640625
2886.83642578125
2882.00634765625
2877.91064453125
2874.38916015625
2870.912109375
2866.06689453125
2860.556640625
2855.68310546875
2851.9189453125
2848.9951171875
2845.4140625
2841.25
2837.26806640625
2834.3505859375
2831.640625
2827.30712890625
2820.736328125
2814.8095703125
2811.5224609375
2808.5791015625
2804.06982421875
2798.2333984375
2793.724609375
2790.3798828125
2786.51025390625
2781.9091796875
2778.3291015625
2777.82470703125
2781.8349609375
2788.771484375
2784.04296875
2763.5830078125
2764.333984375
2771.95263671875
2779.15673828125
2762.1650390625
2759.7529296875
2760.2724609375
2749.697265625
2745.716796875
2743.505859375
2735.60791015625
2730.82177734375
2728.51708984375
2719.56591796875
2714.265625
2709.130859375
2701.89501953125
2701.201171875
2696.103515625
2695.02490234375
2688.98681640625
2685.07568359375
2683.265625
2680.77392578125
2676.8466796875
2673.09814453125
2667.2158203125
2664.0205078125
2661.52880859375
2658.6982421875
2654.95361328125
2651.970703125
2647.17724609375
2644.3759765625
2641.68310546875
2638.947265625
2635.6494140625
2630.6455078125
2625.7587890625
2621.9248046875
2619.29248046875
2616.9130859375
2614.2197265625
2611.09423828125
2607.69384765625
2605.2109375
2602.89501953125
2600.84619140625
2597.4306640625
2593.1806640625
2588.4833984375
2585.0595703125
2582.669921875
2580.63818359375
2578.1298828125
2574.97900390625
2571.728515625
2568.974609375
2566.71728515625
2564.59765625
2562.06591796875
2559.37158203125
2556.29931640625
2554.37646484375
2551.7265625
2549.94482421875
2547.0791015625
2544.15673828125
2540.87353515625
2537.369140625
2535.470703125
2533.509765625
2530.82421875
2526.0380859375
2521.43115234375
2519.224609375
2517.904296875
2516.16162109375
2511.78662109375
2507.474609375
2504.033203125
2501.8720703125
2501.53173828125
2499.13525390625
2494.94873046875
2489.802734375
2486.46484375
2484.1494140625
2483.357421875
2480.5830078125
2476.91796875
2473.2470703125
2470.51708984375
2468.64697265625
2467.79638671875
2467.3564453125
2464.4775390625
2461.24560546875
2457.12060546875
2453.5888671875
2450.37060546875
2447.931640625
2445.322265625
2441.5
2437.23828125
2433.34130859375
2431.26025390625
2430.21923828125
2428.9921875
2427.55908203125
2423.3076171875
2419.1826171875
2415.91259765625
2413.19970703125
2411.703125
2411.0546875
2410.205078125
2406.83740234375
2402.70166015625
2398.89990234375
2396.41650390625
2393.95703125
2392.4482421875
2390.7333984375
2387.70458984375
2384.52001953125
2381.1552734375
2380.18896484375
2375.4912109375
2374.50927734375
2379.2197265625
2373.76953125
2376.80322265625
2408.0751953125
2406.2607421875
2405.92138671875
2401.73291015625
2389.51708984375
2388.08203125
2378.328125
2386.42529296875
2376.45458984375
2370.13427734375
2373.88330078125
2409.00830078125
2394.47021484375
2411.396484375
2385.99462890625
2392.7548828125
2381.173828125
2372.79248046875
2360.4736328125
2351.8232421875
2355.18310546875
2344.75
2340.30859375
2335.80908203125
2332.1083984375
2330.6416015625
2319.443359375
2318.3369140625
2315.44091796875
2313.630859375
2311.400390625
2309.2705078125
2305.89990234375
2302.40234375
2295.92529296875
2293.90625
2292.1748046875
2291.50341796875
2288.7041015625
2284.9931640625
2281.64111328125
2280.21630859375
2278.90673828125
2279.47607421875
2278.3046875
2276.4013671875
2274.0859375
2271.8466796875
2270.01025390625
2267.12646484375
2263.55810546875
2259.9033203125
2256.5732421875
2254.509765625
2252.80517578125
2250.2900390625
2246.9609375
2242.44287109375
2238.34375
2234.94970703125
2232.55419921875
2230.4951171875
2228.4501953125
2226.259765625
2224.40625
2222.63134765625
2221.048828125
2219.1494140625
2216.69091796875
2214.12841796875
2212.16796875
2211.01416015625
2210.79736328125
2210.4228515625
2209.451171875
2207.029296875
2203.74853515625
2201.7578125
2200.81689453125
2201.447265625
2201.7431640625
2201.55419921875
2200.4443359375
2197.72607421875
2193.73486328125
2189.255859375
2186.1025390625
2184.7451171875
2184.44287109375
2183.75
2182.6767578125
2180.927734375
2179.42529296875
2176.525390625
2172.4482421875
2166.8916015625
2161.9248046875
2158.37109375
2156.5458984375
2155.54052734375
2154.3076171875
2152.57421875
2150.36181640625
2148.86669921875
2147.9990234375
2148.2626953125
2148.1298828125
2147.9208984375
2146.927734375
2146.3544921875
2145.97705078125
2144.0625
2139.89453125
2133.51611328125
2128.4228515625
2126.21484375
2125.40625
2123.78076171875
2118.892578125
2113.41259765625
2109.33349609375
2107.4443359375
2106.111328125
2103.2041015625
2100.31298828125
2098.087890625
2097.36279296875
2096.40283203125
2094.63818359375
2092.05419921875
2089.330078125
2087.1005859375
2085.53662109375
2082.5859375
2078.3876953125
2073.57470703125
2070.375
2068.03369140625
2065.65380859375
2063.19921875
2061.7216796875
2060.7333984375
2058.9150390625
2055.408203125
2051.58544921875
2048.537109375
2046.19873046875
2043.837890625
2041.654296875
2040.0986328125
2039.03955078125
2037.8564453125
2036.6064453125
2035.45654296875
2033.8642578125
2030.97021484375
2026.8525390625
2023.1025390625
2021.39453125
2022.1103515625
2022.51953125
2021.041015625
2015.11669921875
2009.91748046875
2007.2646484375
2005.146484375
2001.85986328125
1998.32666015625
1996.734375
1995.0712890625
1991.30419921875
1987.53759765625
1985.8349609375
1984.33203125
1981.66552734375
1979.0517578125
1977.849609375
1976.9658203125
1975.53125
1974.494140625
1974.11572265625
1973.708984375
1973.80322265625
1974.951171875
1976.75439453125
1977.53564453125
1976.8115234375
1976.17138671875
1977.17578125
1979.08642578125
1980.24072265625
1979.59423828125
1976.1826171875
1970.216796875
1963.2080078125
1958.30859375
1955.6357421875
1954.7099609375
1953.62841796875
1951.96630859375
1950.18212890625
1949.12109375
1948.62744140625
1947.3330078125
1944.63134765625
1940.81494140625
1936.986328125
1933.3798828125
1930.01611328125
1926.83447265625
1924.11767578125
1922.26416015625
1921.1552734375
1920.19873046875
1918.74658203125
1916.4541015625
1913.6298828125
1910.90625
1908.677734375
1907.05224609375
1905.79248046875
1904.4248046875
1902.81640625
1900.43408203125
1898.009765625
1896.09619140625
1895.9130859375
1897.66748046875
1899.96533203125
1901.1142578125
1899.3955078125
1897.1240234375
1897.236328125
1900.19091796875
1902.8525390625
1901.0576171875
1895.32470703125
1888.44140625
1884.375
1882.3505859375
1880.810546875
1878.04638671875
1875.1103515625
1873.13330078125
1871.97314453125
1871.04052734375
1869.248046875
1867.91015625
1867.05908203125
1866.3154296875
1864.794921875
1862.39306640625
1861.0009765625
1861.63671875
1864.158203125
1866.841796875
1866.77978515625
1862.490234375
1855.63671875
1850.02392578125
1847.55712890625
1846.4619140625
1844.9423828125
1843.21484375
1841.3095703125
1840.3349609375
1840.32373046875
1842.8759765625
1844.4462890625
1842.83544921875
1838.6015625
1834.89501953125
1832.07177734375
1827.5068359375
1821.81787109375
1817.06884765625
1815.3583984375
1815.46875
1815.55126953125
1814.57763671875
1812.44970703125
1809.39892578125
1805.880859375
1802.66796875
1800.2509765625
1798.68017578125
1797.6142578125
1796.63134765625
1795.29541015625
1793.27197265625
1790.64501953125
1788.01171875
1785.76806640625
1784.40576171875
1783.61669921875
1783.40087890625
1783.33154296875
1783.22802734375
1782.4697265625
1780.75634765625
1778.0791015625
1775.1337890625
1772.44091796875
1770.25341796875
1768.3349609375
1766.23828125
1763.8935546875
1761.38037109375
1759.3349609375
1758.3466796875
1757.92333984375
1757.69873046875
1755.52783203125
1753.08984375
1751.35693359375
1750.56005859375
1749.74853515625
1748.27099609375
1747.23681640625
1747.8017578125
1750.22021484375
1752.369140625
1751.70654296875
1746.9375
1738.9951171875
1731.16552734375
1726.6669921875
1726.46875
1729.111328125
1731.2099609375
1730.87451171875
1727.34423828125
1722.20947265625
1717.775390625
1714.66064453125
1712.75048828125
1710.87646484375
1709.27734375
1707.71435546875
1707.119140625
1706.04931640625
1704.31494140625
1700.44140625
1696.216796875
1692.41796875
1690.9345703125
1691.25390625
1692.853515625
1694.17529296875
1694.98486328125
1694.47265625
1692.71337890625
1688.22412109375
1683.45166015625
1679.5966796875
1677.24072265625
1675.7841796875
1677.16796875
1678.92626953125
1678.0
1676.79296875
1677.056640625
1677.47509765625
1675.73974609375
1672.875
1670.7626953125
1670.60205078125
1670.6123046875
1669.861328125
1667.21337890625
1664.03857421875
1660.26025390625
1656.83740234375
1653.47119140625
1650.7509765625
1648.08935546875
1646.00634765625
1644.96728515625
1644.41259765625
1643.79052734375
1643.05078125
1642.17724609375
1640.07666015625
1637.083984375
1633.681640625
1631.10546875
1629.11376953125
1627.9453125
1626.5576171875
1624.86669921875
1622.74169921875
1621.2841796875
1620.78955078125
1621.291015625
1622.39404296875
1623.3251953125
1623.7041015625
1622.9267578125
1621.50732421875
1619.2607421875
1616.82373046875
1614.046875
1611.56982421875
1609.1953125
1607.47119140625
1606.49755859375
1606.431640625
1606.69775390625
1606.5830078125
1605.34130859375
1603.32080078125
1600.87451171875
1599.2978515625
1598.69287109375
1599.662109375
1601.35009765625
1603.6875
1605.037109375
1604.93310546875
1600.921875
1593.44482421875
1583.81591796875
1576.548828125
1573.98291015625
1575.376953125
1577.57421875
1577.88916015625
1576.08349609375
1553.3203125
1559.2802734375
1563.17578125
1547.80419921875
1558.296875
1551.7099609375
1546.90576171875
1552.84375
1544.7919921875
1545.712890625
1546.359375
1541.05029296875
1542.89306640625
1540.96630859375
1538.32470703125
1539.2548828125
1536.8212890625
1535.61328125
1535.57763671875
1533.4013671875
1532.80810546875
1532.11328125
1530.37890625
1529.94140625
1528.8544921875
1527.5732421875
1527.0302734375
1525.8134765625
1524.8623046875
1524.10888671875
1522.96630859375
1522.1513671875
1521.23486328125
1520.24853515625
1519.41259765625
1518.46240234375
1517.58154296875
1516.67822265625
1515.76953125
1514.90869140625
1513.97412109375
1513.1181640625
1512.23681640625
1511.3193359375
1510.48876953125
1509.57763671875
1508.70556640625
1507.86376953125
1506.9482421875
1506.10302734375
1505.2421875
1504.33984375
1503.50390625
1502.62548828125
1501.748046875
1500.90576171875
1500.03076171875
1499.16796875
1498.322265625
1497.453125
1496.59521484375
1495.7353515625
1494.87255859375
1494.017578125
1493.16455078125
1492.30419921875
1491.4521484375
1490.599609375
1489.7431640625
1488.8876953125
1488.03857421875
1487.1826171875
1486.32861328125
1485.47607421875
1484.61669921875
1483.767578125
1482.91796875
1482.0654296875
1481.21875
1480.37109375
1479.5244140625
1478.67919921875
1477.83203125
1476.986328125
1476.1396484375
1475.29736328125
1474.4541015625
1473.609375
1472.77001953125
1471.92822265625
1471.08642578125
1470.24755859375
1469.40625
1468.56640625
1467.7275390625
1466.8896484375
1466.05126953125
1465.21630859375
1464.38671875
1463.54931640625
1462.71875
1461.89013671875
1461.05810546875
1460.22607421875
1459.39208984375
1458.56005859375
1457.728515625
1456.90185546875
1456.07470703125
1455.24609375
1454.41943359375
1453.5966796875
1452.77294921875
1451.951171875
1451.125
1450.30078125
1449.4755859375
1448.6552734375
1447.8369140625
1447.0185546875
1446.19921875
1445.3828125
1444.556640625
1443.736328125
1442.9189453125
1442.0966796875
1441.28271484375
1440.46728515625
1439.6533203125
1438.83935546875
1438.02294921875
1437.205078125
1436.39306640625
1435.578125
1434.76806640625
1433.95751953125
1433.14453125
1432.3330078125
1431.52490234375
1430.71875
1429.9111328125
1429.103515625
1428.294921875
1427.48974609375
1426.68603515625
1425.87890625
1425.076171875
1424.2763671875
1423.470703125
1422.66845703125
1421.8671875
1421.0634765625
1420.259765625
1419.45751953125
1418.65576171875
1417.8515625
1417.05126953125
1416.25048828125
1415.453125
1414.6494140625
1413.849609375
1413.048828125
1412.2548828125
1411.45654296875
1410.65673828125
1409.85986328125
1409.06298828125
1408.26611328125
1407.46728515625
1406.6689453125
1405.87255859375
1405.07373046875
1404.275390625
1403.478515625
1402.68408203125
1401.89111328125
1401.095703125
1400.30322265625
1399.50830078125
1398.712890625
1397.91845703125
1397.12646484375
1396.33349609375
1395.541015625
1394.74560546875
1393.9580078125
1393.16943359375
1392.37548828125
1391.5869140625
1390.79833984375
1390.00634765625
1389.22314453125
1388.431640625
1387.6396484375
1386.85400390625
1386.0615234375
1385.27294921875
1384.484375
1383.6923828125
1382.90234375
1382.11279296875
1381.32763671875
1380.53466796875
1379.7451171875
1378.95849609375
1378.16845703125
1377.37890625
1376.59033203125
1375.79931640625
1375.0146484375
1374.2255859375
1373.43310546875
1372.6474609375
1371.85400390625
1371.064453125
1370.27490234375
1369.484375
1368.693359375
1367.8994140625
1367.1015625
1366.306640625
1365.50732421875
1364.703125
1363.8955078125
1363.07763671875
1362.24609375
1361.40380859375
1360.5478515625
1359.66357421875
1358.7392578125
1357.767578125
1356.7451171875
1355.6845703125
1354.62646484375
1353.640625
1352.759765625
1351.93310546875
1351.12353515625
1350.32470703125
1349.5283203125
1348.7373046875
1347.927734375
1347.10888671875
1346.28076171875
1345.4501953125
1344.62939453125
1343.80712890625
1342.982421875
1342.1640625
1341.349609375
1340.52734375
1339.705078125
1338.8876953125
1338.0751953125
1337.26416015625
1336.455078125
1335.6416015625
1334.82568359375
1334.01123046875
1333.1826171875
1332.35546875
1331.5302734375
1330.70263671875
1329.87744140625
1329.048828125
1328.2177734375
1327.38037109375
1326.53466796875
1325.68017578125
1324.81591796875
1323.939453125
1323.04736328125
1322.13037109375
1321.19189453125
1320.2216796875
1319.2119140625
1318.1611328125
1317.068359375
1315.94189453125
1314.80859375
1313.69775390625
1312.6279296875
1311.62353515625
1310.673828125
1309.77099609375
1308.90625
1308.05810546875
1307.2099609375
1306.3544921875
1305.48681640625
1304.623046875
1303.7626953125
1302.9072265625
1302.05810546875
1301.21484375
1300.373046875
1299.5234375
1298.6806640625
1297.82958984375
1296.97509765625
1296.11962890625
1295.2646484375
1294.412109375
1293.56787109375
1292.72412109375
1291.88525390625
1291.04638671875
1290.21533203125
1289.37939453125
1288.54248046875
1287.70361328125
1286.86669921875
1286.0283203125
1285.19384765625
1284.35546875
1283.51806640625
1282.68359375
1281.8408203125
1281.00146484375
1280.162109375
1279.31982421875
1278.47802734375
1277.62939453125
1276.7822265625
1275.93603515625
1275.08544921875
1274.23095703125
1273.373046875
1272.51904296875
1271.6533203125
1270.7880859375
1269.9189453125
1269.04931640625
1268.18017578125
1267.3076171875
1266.4326171875
1265.564453125
1264.69970703125
1263.8466796875
1263.0166015625
1262.2236328125
1261.46337890625
1260.7587890625
1260.09326171875
1259.40771484375
1258.615234375
1257.61328125
1256.4619140625
1255.34033203125
1254.435546875
1253.73388671875
1253.09326171875
1252.3486328125
1251.4345703125
1250.4609375
1249.57177734375
1248.833984375
1248.19775390625
1247.5625
1246.9501953125
1246.4052734375
1246.0791015625
1245.630859375
1244.88427734375
1243.37744140625
1241.775390625
1240.6875
1240.20849609375
1239.8125
1238.966796875
1237.7666015625
1236.68115234375
1235.95068359375
1235.36279296875
1234.595703125
1233.619140625
1232.67724609375
1231.90185546875
1231.20458984375
1230.408203125
1229.5146484375
1228.63623046875
1227.857421875
1227.10888671875
1226.3037109375
1225.4453125
1224.60986328125
1223.83251953125
1223.07275390625
1222.27880859375
1221.45068359375
1220.66015625
1219.9287109375
1219.23974609375
1218.578125
1217.984375
1217.52001953125
1217.25927734375
1217.10009765625
1217.03173828125
1216.6376953125
1215.95556640625
1214.59228515625
1212.92138671875
1210.9228515625
1209.18701171875
1208.11669921875
1207.71240234375
1207.3662109375
1206.396484375
1204.80419921875
1202.984375
1201.40234375
1200.13916015625
1199.04150390625
1198.16015625
1197.43603515625
1197.1328125
1196.400390625
1195.66064453125
1193.71240234375
1191.84716796875
1190.4755859375
1189.76806640625
1189.37939453125
1188.82177734375
1188.14990234375
1187.431640625
1187.10986328125
1187.4580078125
1188.357421875
1189.02880859375
1188.33203125
1186.28076171875
1183.54296875
1181.16943359375
1179.63818359375
1178.9912109375
1178.9951171875
1179.107421875
1178.8583984375
1177.8984375
1176.61865234375
1175.224609375
1173.9921875
1173.0078125
1172.40478515625
1171.94189453125
1171.2734375
1170.0126953125
1168.49365234375
1167.126953125
1166.146484375
1165.453125
1164.873046875
1164.31591796875
1163.54931640625
1162.6337890625
1161.466796875
1160.29931640625
1159.169921875
1158.21044921875
1157.4248046875
1156.6904296875
1155.87109375
1154.86572265625
1153.77294921875
1152.75537109375
1151.908203125
1151.205078125
1150.53271484375
1149.8291015625
1149.06787109375
1148.34423828125
1147.75537109375
1147.43310546875
1147.31201171875
1147.388671875
1147.2177734375
1146.73291015625
1145.42724609375
1143.64501953125
1141.6337890625
1139.9853515625
1138.9873046875
1138.55517578125
1138.3515625
1137.9853515625
1137.28466796875
1136.27392578125
1135.2705078125
1134.68994140625
1134.6591796875
1135.20654296875
1135.79833984375
1136.48681640625
1136.576171875
1136.6904296875
1136.16943359375
1135.3974609375
1133.8447265625
1132.0244140625
1130.52099609375
1129.83837890625
1130.10205078125
1130.75732421875
1131.48193359375
1131.53955078125
1130.939453125
1129.4755859375
1127.73291015625
1125.83251953125
1124.248046875
1122.8359375
1121.79736328125
1121.0146484375
1120.591796875
1120.494140625
1120.615234375
1120.86474609375
1121.28955078125
1122.17041015625
1123.76123046875
1126.1923828125
1129.22705078125
1132.45263671875
1134.9912109375
1136.68408203125
1137.28564453125
1138.35009765625
1138.9833984375
1139.2353515625
1137.53369140625
1135.21533203125
1132.8017578125
1131.55224609375
1130.5419921875
1128.91650390625
1125.544921875
1121.16845703125
1117.46728515625
1115.67529296875
1116.45751953125
1118.38525390625
1120.015625
1119.37548828125
1116.27392578125
1111.34716796875
1106.763671875
1104.078125
1103.2314453125
1103.03271484375
1101.83447265625
1099.67919921875
1096.61962890625
1094.47998046875
1093.34375
1093.33447265625
1093.07177734375
1092.0458984375
1090.2998046875
1088.54638671875
1087.25537109375
1086.37939453125
1085.6943359375
1085.08251953125
1084.728515625
1084.7353515625
1085.09375
1085.5927734375
1086.154296875
1086.67041015625
1087.064453125
1087.0244140625
1086.4267578125
1085.4619140625
1084.60302734375
1084.2783203125
1084.22607421875
1084.46240234375
1084.2861328125
1083.96435546875
1083.22509765625
1082.53515625
1081.56591796875
1080.42822265625
1078.92724609375
1077.53759765625
1076.5087890625
1076.287109375
1076.556640625
1077.02978515625
1077.06396484375
1076.55078125
1075.55224609375
1074.556640625
1073.85546875
1073.765625
1073.7275390625
1073.77001953125
1072.859375
1071.56640625
1069.60888671875
1067.640625
1065.8447265625
1064.2587890625
1063.044921875
1061.94873046875
1061.03076171875
1060.08984375
1059.16943359375
1058.365234375
1057.83056640625
1057.67724609375
1057.92724609375
1058.4580078125
1059.15771484375
1059.8505859375
1060.36181640625
1060.412109375
1059.87060546875
1058.66650390625
1057.12255859375
1055.61767578125
1054.61181640625
1054.1787109375
1054.13671875
1054.10791015625
1053.572265625
1052.5859375
1051.12646484375
1049.7236328125
1048.3271484375
1047.1845703125
1046.00439453125
1044.91650390625
1043.85107421875
1042.96923828125
1042.34375
1041.9482421875
1041.8125
1041.64404296875
1041.53466796875
1041.12451171875
1040.77294921875
1040.3017578125
1040.244140625
1040.57421875
1041.6494140625
1043.35009765625
1045.51318359375
1047.5615234375
1048.75927734375
1048.62841796875
1047.52099609375
1046.5498046875
1046.775390625
1048.02734375
1049.3896484375
1049.357421875
1047.4765625
1043.88671875
1040.2578125
1037.5771484375
1036.8544921875
1037.34765625
1038.49267578125
1039.32568359375
1039.765625
1039.95751953125
1040.220703125
1040.49609375
1040.3720703125
1039.25244140625
1037.1572265625
1034.2880859375
1031.38916015625
1028.72998046875
1026.609375
1024.91552734375
1023.65380859375
1022.76953125
1022.212890625
1021.92822265625
1021.6962890625
1021.5078125
1021.1484375
1020.775390625
1020.36962890625
1020.21240234375
1020.3251953125
1020.62158203125
1020.88720703125
1020.74072265625
1020.1455078125
1019.43701171875
1019.0927734375
1019.59912109375
1020.8046875
1022.2060546875
1023.1611328125
1023.1767578125
1022.3681640625
1021.01953125
1019.9423828125
1019.38623046875
1019.76123046875
1020.50732421875
1021.35107421875
1021.43994140625
1020.7587890625
1019.3330078125
1017.7255859375
1016.5048828125
1015.84375
1015.70849609375
1015.3916015625
1014.5771484375
1012.841796875
1010.4560546875
1007.7333984375
1005.30859375
1003.66845703125
1002.92333984375
1002.8955078125
1002.8779296875
1002.5244140625
1001.55712890625
1000.30078125
999.1669921875
998.3505859375
998.06689453125
997.84765625
997.81689453125
997.48388671875
997.30126953125
996.9365234375
996.86376953125
996.70458984375
996.6806640625
996.4033203125
996.0009765625
995.2197265625
994.267578125
993.02880859375
991.74853515625
990.56982421875
989.82275390625
989.61376953125
989.8408203125
990.16748046875
990.302734375
989.9677734375
989.267578125
988.30224609375
987.52685546875
987.0078125
986.943359375
987.142578125
987.56494140625
987.97607421875
988.32080078125
988.306640625
987.97216796875
987.068359375
985.93408203125
984.4853515625
983.22265625
982.08056640625
981.36962890625
980.84619140625
980.60107421875
980.314453125
980.25732421875
980.1904296875
980.59326171875
981.0
981.861328125
982.3583984375
982.94775390625
982.77294921875
982.60595703125
981.984375
981.7958984375
981.7841796875
982.251953125
982.64892578125
982.47412109375
981.3388671875
979.0712890625
976.18896484375
973.20556640625
970.73583984375
969.068359375
968.0078125
967.6435546875
967.24169921875
967.1376953125
966.8798828125
966.88525390625
967.10888671875
967.6748046875
968.68505859375
969.7900390625
970.80810546875
971.02001953125
970.259765625
968.5185546875
966.47998046875
964.7529296875
963.9404296875
963.97705078125
964.66796875
965.5380859375
966.3232421875
966.6767578125
966.58203125
966.14306640625
965.6064453125
965.240234375
964.904296875
964.85205078125
964.646484375
964.587890625
964.40625
964.28466796875
964.04296875
963.7548828125
963.06640625
961.8896484375
959.880859375
957.447265625
955.01953125
953.548828125
953.3515625
954.4296875
956.08251953125
957.67724609375
958.52587890625
958.52978515625
957.8134765625
956.67529296875
955.28955078125
953.689453125
952.1474609375
950.9560546875
950.4541015625
950.52783203125
951.07080078125
951.44921875
951.45166015625
950.62109375
949.259765625
947.5634765625
945.80517578125
944.1279296875
942.5078125
941.1904296875
940.1513671875
939.5234375
939.1171875
938.67333984375
938.11083984375
937.26171875
936.4443359375
935.5556640625
935.0419921875
934.548828125
934.482421875
934.38720703125
934.65234375
934.80859375
935.1865234375
935.3876953125
935.78125
935.9140625
936.04833984375
935.8271484375
935.5126953125
935.123046875
934.8916015625
934.86572265625
934.82666015625
934.56689453125
933.5166015625
932.1474609375
930.87890625
930.88330078125
931.6279296875
932.78271484375
933.13330078125
932.6513671875
931.4443359375
930.3583984375
929.638671875
929.2568359375
928.71484375
927.89990234375
926.73828125
925.5537109375
924.3935546875
923.45654296875
922.82666015625
922.6083984375
922.94970703125
923.724609375
924.80029296875
925.59716796875
925.8212890625
925.05908203125
923.79833984375
922.3427734375
921.57421875
921.375
921.6318359375
921.5986328125
921.06787109375
919.97216796875
918.775390625
918.00927734375
918.08544921875
918.99951171875
920.390625
921.86279296875
923.09521484375
924.16357421875
924.8837890625
925.205078125
924.4814453125
922.76904296875
920.3232421875
917.85888671875
915.8427734375
914.14013671875
912.626953125
911.03662109375
909.705078125
908.9326171875
908.58544921875
908.57568359375
908.25
908.07080078125
907.73486328125
907.79833984375
907.8349609375
907.71337890625
907.16162109375
906.18017578125
904.984375
903.751953125
902.73583984375
901.76904296875
901.07421875
900.2783203125
899.8056640625
899.5615234375
899.9306640625
900.802734375
902.29345703125
904.11962890625
906.302734375
908.646484375
910.865234375
912.55078125
913.01904296875
912.01416015625
909.365234375
905.7705078125
901.77197265625
898.1328125
895.24365234375
893.39013671875
892.12353515625
891.4072265625
890.4951171875
889.65380859375
888.75390625
887.98876953125
887.44921875
886.79541015625
885.9921875
884.6962890625
883.12646484375
881.4599609375
880.150390625
879.5126953125
879.544921875
880.08642578125
880.72216796875
881.177734375
881.2763671875
880.984375
880.42626953125
879.66455078125
878.88037109375
878.1064453125
877.4814453125
877.05029296875
876.87744140625
