9945.142578125
9933.072265625
9921.427734375
9910.197265625
9899.3662109375
9888.931640625
9878.880859375
9869.1865234375
9859.83203125
9850.80078125
9842.083984375
9833.6455078125
9825.482421875
9817.57421875
9809.908203125
9802.4765625
9795.26953125
9788.2802734375
9781.49609375
9774.9111328125
9768.525390625
9762.33203125
9756.3251953125
9750.5029296875
9744.8603515625
9739.3955078125
9734.09765625
9728.9619140625
9723.984375
9719.1494140625
9714.466796875
9709.9267578125
9705.5166015625
9701.2392578125
9697.0869140625
9693.056640625
9689.140625
9685.3359375
9681.646484375
9678.05859375
9674.5703125
9671.1875
9667.8974609375
9664.697265625
9661.5859375
9658.5693359375
9655.634765625
9652.779296875
9650.001953125
9647.2978515625
9644.6689453125
9642.11328125
9639.625
9637.2060546875
9634.849609375
9632.5595703125
9630.3291015625
9628.1552734375
9626.0380859375
9623.9736328125
9621.962890625
9620.00390625
9618.0947265625
9616.2392578125
9614.421875
9612.6513671875
9610.9267578125
9609.2421875
9607.5966796875
9605.9951171875
9604.4296875
9602.90234375
9601.41015625
9599.9541015625
9598.53125
9597.140625
9595.7822265625
9594.4560546875
9593.15625
9591.8896484375
9590.6494140625
9589.439453125
9588.255859375
9587.103515625
9585.9697265625
9584.86328125
9583.779296875
9582.71875
9581.681640625
9580.66796875
9579.67578125
9578.705078125
9577.751953125
9576.8251953125
9575.9130859375
9575.0185546875
9574.1474609375
9573.291015625
9572.453125
9571.6328125
9570.828125
9570.041015625
9569.2734375
9568.5166015625
9567.7744140625
9567.0517578125
9566.337890625
9565.640625
9564.95703125
9564.287109375
9563.630859375
9562.98828125
9562.3583984375
9561.740234375
9561.1337890625
9560.537109375
9559.951171875
9559.3828125
9558.8203125
9558.2734375
9557.7333984375
9557.2041015625
9556.685546875
9556.1787109375
9555.677734375
9555.1875
9554.70703125
9554.236328125
9553.7734375
9553.322265625
9552.8759765625
9552.439453125
9552.01171875
9551.58984375
9551.177734375
9550.7734375
9550.3779296875
9549.9853515625
9549.6044921875
9549.228515625
9548.86328125
9548.5
9548.146484375
9547.796875
9547.4541015625
9547.12109375
9546.7900390625
9546.466796875
9546.146484375
9545.8388671875
9545.5322265625
9545.234375
9544.9375
9544.6484375
9544.3642578125
9544.083984375
9543.810546875
9543.5400390625
9543.27734375
9543.017578125
9542.765625
9542.515625
9542.26953125
9542.0283203125
9541.791015625
9541.55859375
9541.3310546875
9541.107421875
9540.8857421875
9540.669921875
9540.4560546875
9540.2470703125
9540.04296875
9539.83984375
9539.64453125
9539.44921875
9539.259765625
9539.0712890625
9538.88671875
9538.70703125
9538.529296875
9538.35546875
9538.185546875
9538.017578125
9537.853515625
9537.6904296875
9537.533203125
9537.376953125
9537.220703125
9537.072265625
9536.921875
9536.775390625
9536.630859375
9536.490234375
9536.3505859375
9536.21484375
9536.08203125
9535.9501953125
9535.8203125
9535.6923828125
3483990016.0
84332856.0
10748170.0
62548332.0
1181710811136.0
7609062.5
789131.375
410077.65625
1164478.75
1035527.9375
433284.3125
678853.375
598624.0625
432221.84375
424398.8125
477471.65625
500206.40625
458732.6875
376873.53125
293288.5
227530.46875
181432.0
150472.734375
130080.9609375
116673.1953125
107830.015625
101952.4375
97997.375
95292.3203125
93417.8203125
92106.828125
91179.2265625
90512.6328125
90054.40625
89746.2734375
89499.234375
89279.2109375
89076.3125
88880.09375
88692.796875
88451.4609375
88259.3671875
88019.96875
87811.0546875
87543.09375
87257.2421875
86953.0078125
86626.8828125
86331.5625
86023.5078125
85698.5546875
85354.8125
85002.9609375
84640.328125
84267.1796875
83893.03125
83526.453125
83157.6953125
82790.015625
82407.265625
82023.4375
81658.7109375
81302.2265625
80912.34375
80542.9453125
80189.21875
79813.953125
79456.1796875
79109.765625
78760.546875
78406.8515625
78064.2578125
77733.703125
77387.6875
77075.0
76753.953125
76423.65625
76120.203125
75816.296875
75509.359375
75207.7578125
74913.2421875
74616.2421875
74338.359375
74051.796875
73776.8125
73492.75
73226.3671875
72961.078125
72695.4296875
72440.625
72186.234375
71938.921875
71692.390625
71496.3671875
71326.390625
71144.2421875
70972.390625
70798.375
70613.4296875
70416.765625
70209.453125
69990.4765625
69765.2421875
69537.96875
69316.96875
69103.0546875
68897.84375
68700.3203125
68509.40625
68323.7109375
68141.3984375
67964.484375
67785.203125
67596.5390625
67410.390625
67236.0625
67059.109375
66883.828125
66719.5546875
66554.2578125
66391.5625
66235.1875
66075.1875
65919.359375
65765.734375
65610.0625
65459.57421875
65309.3125
65161.16015625
65016.96484375
64873.453125
64732.6328125
64593.75
64454.2578125
64318.0
64182.31640625
64046.6953125
63914.5234375
63782.703125
63652.23046875
63523.94140625
63397.38671875
63271.7265625
63148.16796875
63024.42578125
62901.91796875
62781.17578125
62660.6484375
62541.46875
62423.65625
62306.80859375
62190.703125
62076.17578125
61961.9140625
61848.8046875
61736.61328125
61624.453125
61514.0703125
61403.8828125
61294.0
61185.96484375
61078.078125
60970.59375
60864.46484375
60757.8984375
60652.68359375
60548.1484375
60444.5078125
60340.91015625
60237.96484375
60135.93359375
60034.671875
59934.953125
59835.3828125
59737.8828125
59640.63671875
59545.65625
59451.3984375
59358.7265625
59266.6171875
59176.60546875
59086.27734375
58997.71484375
58909.46484375
58822.05859375
58735.25
58649.0546875
58563.140625
58478.73828125
58393.73828125
58309.484375
58226.23046875
58142.953125
58060.90625
57978.9765625
57897.6171875
57817.2265625
57737.234375
57658.15625
57578.6484375
57498.6328125
57420.03125
57343.46875
57267.984375
57192.1875
57116.359375
57041.890625
56968.9921875
56896.421875
56824.0078125
56752.89453125
56682.765625
56612.41015625
56543.01171875
56474.296875
56406.28515625
56338.8046875
56271.19921875
56205.16796875
56139.93359375
56074.375
56009.36328125
55944.0390625
55880.3125
55816.87109375
55753.703125
55691.05859375
55628.515625
55567.015625
55505.4296875
55444.65625
55384.00390625
55323.36328125
55263.58984375
55204.640625
55145.18359375
55085.60546875
55026.81640625
54968.56640625
54910.68359375
54853.2109375
54796.23046875
54739.58203125
54683.62890625
54627.578125
54572.45703125
54517.09375
54462.77734375
54408.2734375
54353.9296875
54300.5546875
54247.03125
54194.12890625
54141.15625
54088.58203125
54036.2734375
53984.5
53933.34375
53881.953125
53831.5859375
53780.9453125
53731.2265625
53682.56640625
53633.68359375
53584.24609375
53534.015625
53482.85546875
53434.5703125
53386.9296875
53338.84375
53288.9921875
53240.6328125
53194.11328125
53146.94921875
53099.25390625
53052.578125
53006.59375
52960.046875
52913.7890625
52868.8046875
52824.40625
52780.37109375
52734.23828125
52687.1953125
52642.2421875
52599.5703125
52553.734375
52508.73828125
52466.15625
52422.78125
52378.5703125
52337.1015625
52296.74609375
52256.4296875
52217.265625
52175.765625
52129.80859375
52082.1171875
52040.8125
52002.3125
51961.0703125
51919.8203125
51876.6171875
51838.29296875
51801.17578125
51759.2890625
51716.1484375
51675.515625
51635.42578125
51597.109375
51554.1015625
51517.54296875
51483.328125
51437.453125
51402.60546875
51365.9609375
51317.546875
51290.6796875
51247.6640625
51209.3203125
51171.16015625
51126.16796875
51091.64453125
51046.890625
51013.96875
50974.55859375
50937.65625
50897.6796875
50857.33984375
50822.4453125
50782.171875
50748.83984375
50708.10546875
50672.86328125
50633.2734375
50598.484375
50562.2734375
50524.671875
50488.1640625
50449.0859375
50414.76171875
50376.6171875
50342.734375
50304.96875
50269.40625
50233.6015625
50197.9375
50163.578125
50128.3828125
50097.078125
50064.18359375
50035.6875
49994.10546875
49958.59765625
49929.53515625
49892.54296875
49857.46484375
49824.3828125
49792.55859375
49758.8203125
49726.2890625
49694.3203125
49661.8359375
49630.14453125
49598.71484375
49567.140625
49534.546875
49503.578125
49471.83203125
49439.1875
49408.984375
49377.51171875
49346.7578125
49316.4140625
49285.5234375
49254.12109375
49223.1875
49192.62890625
49161.98828125
49131.73046875
49101.578125
49070.9765625
49040.453125
49010.7890625
48981.03125
48951.62890625
48921.80078125
48892.03515625
48862.3515625
48832.8671875
48803.20703125
48774.18359375
48745.84375
48717.078125
48688.4453125
48660.09375
48631.4765625
48603.171875
48575.15625
48546.52734375
48518.7265625
48491.3125
48464.08203125
48436.4296875
48410.1484375
48383.43359375
48356.47265625
48328.2421875
48299.44140625
48270.87890625
48244.390625
48218.39453125
48192.7734375
48166.04296875
48138.76953125
48111.1640625
48084.6953125
48058.671875
48032.59375
48005.90625
47980.0078125
47954.67578125
47928.390625
47901.78125
47875.25
47850.0078125
47824.57421875
47799.6484375
47773.4140625
47747.83203125
47722.19140625
47696.62890625
47671.8203125
47646.9140625
47621.63671875
47596.671875
47596.640625
47626.515625
47588.02734375
47552.40234375
47520.5625
47491.0234375
47463.07421875
47437.5703125
47413.76953125
47391.27734375
47367.97265625
47345.03125
47321.359375
47297.92578125
47274.19140625
47251.12109375
47229.45703125
47207.171875
47185.0078125
47161.984375
47138.58984375
47115.515625
47093.171875
47070.43359375
47048.68359375
47025.73828125
47002.75
46980.20703125
46959.1640625
46937.44921875
46916.30078125
46893.52734375
46870.421875
46846.25390625
46823.55078125
46802.28515625
46781.16796875
46759.70703125
46736.26171875
46713.7265625
46693.19921875
46675.91015625
46658.328125
46639.55078125
46610.92578125
46581.0234375
46558.65234375
46542.28125
46522.1875
46494.8984375
46471.984375
46454.2890625
46433.24609375
46408.23828125
46385.61328125
46367.09375
46346.0546875
46322.42578125
46301.3359375
46282.5
46260.8515625
46238.64453125
46217.65625
46197.5859375
46176.63671875
46155.8671875
46136.0078125
46115.1171875
46094.26171875
46074.42578125
46055.171875
46034.84375
46014.9765625
45995.83203125
45977.03515625
45958.08984375
45939.828125
45919.76953125
45899.9765625
45877.51953125
45856.85546875
45837.26171875
45818.78515625
45799.609375
45779.25
45758.56640625
45738.4609375
45719.6171875
45701.1796875
45682.390625
45662.9140625
45642.328125
45622.6875
45603.6015625
45585.19140625
45567.19140625
45548.0546875
45529.0703125
45509.91796875
45490.9609375
45473.546875
45456.72265625
45438.98046875
45420.734375
45400.9765625
45381.125
45362.29296875
45345.19921875
45327.640625
45309.359375
45290.40625
45271.5
45253.8671875
45235.96484375
45217.73046875
45199.2421875
45181.91015625
45164.609375
45158.4375
45275.046875
45158.35546875
45119.6484375
45098.4140625
45081.421875
45066.52734375
45051.375
45036.95703125
45022.2890625
45007.171875
44992.91796875
44978.48828125
44964.3203125
44949.53125
44933.3671875
44916.75
44899.96875
44883.5390625
44867.9609375
44852.85546875
44837.3984375
44821.36328125
44804.296875
44786.33984375
44769.09765625
44752.19921875
44735.4140625
44719.5546875
44702.984375
44685.6875
44668.30859375
44651.39453125
44634.5546875
44617.578125
44600.48828125
44583.48046875
44566.2109375
44548.71484375
44531.796875
44514.91796875
44498.27734375
44481.765625
44465.23046875
44448.6328125
44432.09765625
44415.6171875
44399.296875
44383.11328125
44366.171875
44348.59375
44332.41015625
44316.828125
44302.1875
44287.30078125
44270.97265625
44254.5625
44238.41015625
44223.44140625
44209.1484375
44195.01953125
44181.30078125
44165.71875
44148.703125
44130.34375
44113.05859375
44097.67578125
44083.9921875
44070.01953125
44054.2109375
44037.015625
44019.140625
44002.328125
43986.25390625
43972.1796875
43959.1796875
43946.0078125
43931.234375
43916.1953125
43900.453125
43883.83984375
43867.34375
43851.61328125
43836.94140625
43821.515625
43806.109375
43791.28125
43777.21875
43762.69921875
43747.7734375
43735.234375
43835.6796875
43720.4296875
43716.4609375
43709.55859375
43701.98046875
43694.828125
43687.2578125
43679.1796875
43671.0859375
43661.34765625
43650.92578125
43639.65625
43629.08203125
43619.796875
43610.2578125
43601.78515625
43592.08203125
43577.6328125
43561.7421875
43550.89453125
43539.203125
43524.35546875
43510.34375
43496.7578125
43480.390625
43465.4765625
43452.16796875
43438.1484375
43424.94140625
43413.25
43399.39453125
43387.10546875
43370.25390625
43352.22265625
43333.57421875
43318.3984375
43305.15625
43292.90234375
43279.74609375
43261.9609375
43245.09765625
43229.32421875
43215.63671875
43202.3359375
43187.75390625
43172.1796875
43157.73046875
43144.44140625
43132.203125
43119.21484375
43105.640625
43092.1015625
43078.76171875
43064.55859375
43050.2109375
43036.8203125
43025.1484375
43011.9921875
42997.8125
42981.23828125
42965.91796875
42951.3828125
42937.8203125
42924.1171875
42911.12890625
42898.69140625
42885.203125
42870.7578125
42857.4375
42845.11328125
42832.90625
42818.8984375
42802.4609375
42786.4140625
42772.03125
42759.671875
42747.6953125
42735.6875
42721.67578125
42707.40625
42694.2421875
42682.01953125
42671.48828125
42660.0234375
42647.90234375
42635.0
42621.8046875
42608.5625
42595.19140625
42581.8203125
42568.41796875
42555.44921875
42544.296875
42532.91796875
42525.45703125
42509.6015625
42494.78125
42484.2578125
42475.4140625
42468.20703125
42454.21875
42443.38671875
42429.71875
42412.6484375
42400.89453125
42457.64453125
42386.08984375
42383.7734375
42377.15234375
42367.96484375
42359.28515625
42352.0546875
42342.7421875
42331.90234375
42322.47265625
42312.34765625
42301.23828125
42289.3984375
42278.359375
42266.75390625
42255.796875
42245.6640625
42235.6171875
42224.88671875
42215.203125
42204.765625
42193.421875
42181.83984375
42170.01171875
42158.890625
42147.4140625
42135.828125
42123.8984375
42112.78125
42102.765625
42095.86328125
42087.5703125
42079.6015625
42062.12890625
42044.62109375
42033.30859375
42023.390625
42011.3671875
41991.94140625
41976.890625
41966.515625
41955.84765625
41945.265625
41933.26953125
41921.078125
41908.203125
41896.5390625
41885.88671875
41874.04296875
41861.7421875
41849.8125
41837.3203125
41825.2265625
41810.53515625
41795.88671875
41781.83984375
41769.84375
41757.859375
41746.08203125
41734.6640625
41723.6328125
41712.0546875
41699.12109375
41687.1640625
41675.03125
41663.92578125
41653.01953125
41641.46875
41630.15234375
41617.75390625
41611.765625
41757.3671875
41618.546875
41596.93359375
41589.06640625
41584.23828125
41579.984375
41575.3984375
41569.35546875
41560.6796875
41550.05078125
41539.6171875
41530.6328125
41523.2265625
41516.83984375
41510.4921875
41502.78125
41493.0859375
41481.99609375
41470.0
41457.56640625
41444.6796875
41432.91015625
41421.69921875
41411.46875
41400.7578125
41390.015625
41378.6015625
41365.80078125
41353.296875
41341.6171875
41330.7734375
41320.31640625
41309.4609375
41298.1328125
41286.03515625
41274.2421875
41263.0390625
41252.64453125
41242.0703125
41231.0234375
41220.40625
41209.95703125
41199.75
41189.703125
41178.6875
41167.59765625
41156.14453125
41144.0078125
41132.203125
41121.1484375
41110.44140625
41100.171875
41089.203125
41077.92578125
41066.27734375
41055.43359375
41045.13671875
41034.5859375
41022.5859375
41009.65625
40997.37109375
40986.41796875
40976.8515625
40968.32421875
40960.515625
40950.953125
40941.484375
40931.03125
40921.3671875
40908.765625
40895.98046875
40881.5625
41214.4140625
40928.0625
41011.078125
41101.046875
41158.4921875
41145.671875
41100.39453125
41045.2109375
40984.8125
40926.1484375
40872.2890625
40824.859375
40783.75
40746.96484375
40715.94140625
40688.1953125
40664.46875
40643.703125
40624.33203125
40604.75
40585.7734375
40568.578125
40554.34375
40542.5390625
40532.4453125
40521.1328125
40510.09765625
40498.78125
40488.6015625
40480.53125
40473.3984375
40464.1484375
40454.0390625
40443.61328125
40434.59375
40425.58203125
40415.51171875
40406.63671875
40397.0078125
40389.671875
40381.21875
40372.3203125
40362.75
40353.71484375
40344.12890625
40334.5078125
40324.27734375
40314.1484375
40304.34765625
40295.859375
40288.5234375
40282.08984375
40276.328125
40269.703125
40259.3515625
40245.82421875
40231.23828125
40220.98828125
40214.265625
40206.32421875
40196.41015625
40187.31640625
40178.53125
40167.5078125
40154.5703125
40141.8671875
40130.06640625
40117.84765625
40106.4375
40096.12890625
40087.62109375
40078.46875
40068.6640625
40057.453125
40046.83203125
40036.52734375
40026.91015625
40018.5078125
40010.39453125
40001.0546875
39991.453125
39981.6015625
39972.78125
39963.234375
39954.59765625
39945.22265625
39936.23046875
39927.14453125
39918.59375
39910.44140625
39903.390625
39896.9921875
39890.7421875
39883.4296875
39876.734375
39868.48828125
39858.7421875
39848.4921875
39837.30859375
39826.90625
39817.49609375
39808.671875
39800.140625
39791.171875
39782.18359375
39773.546875
39764.0625
39743.5703125
39742.55078125
39739.59375
39723.734375
39725.86328125
39715.2421875
39707.34375
39706.10546875
39694.42578125
39690.3828125
39685.09375
39676.5078125
39672.76953125
39665.328125
39659.09375
39653.9296875
39646.80859375
39641.515625
39635.7421875
39629.22265625
39623.67578125
39617.3203125
39612.125
39606.11328125
39600.59375
39594.609375
39588.83984375
39582.60546875
39576.62890625
39570.578125
39565.0703125
39559.30078125
39553.88671875
39548.015625
39542.1171875
39536.55859375
39530.640625
39525.4375
39519.25390625
39513.69921875
39508.16796875
39502.84375
39496.7734375
39491.125
39485.29296875
39479.6015625
39474.0859375
39468.01171875
39462.48046875
39456.67578125
39451.1171875
39445.4453125
39439.96875
39434.2109375
39428.54296875
39423.359375
39417.171875
39412.24609375
39407.09765625
39400.890625
39395.3203125
39390.0390625
39384.1171875
39378.66796875
39373.046875
39367.57421875
39362.4140625
39357.0078125
39351.06640625
39345.49609375
39339.90625
39334.703125
39329.2578125
39323.63671875
39318.05078125
39312.6640625
39307.61328125
39301.94140625
39296.5390625
39290.94140625
39285.421875
39279.78125
39274.57421875
39269.4765625
39264.0625
39258.1015625
39252.70703125
39247.3046875
39241.84375
39236.15234375
39231.015625
39225.4375
39220.38671875
39215.05078125
39209.703125
39204.30859375
39198.49609375
39193.23046875
39187.90625
39182.71484375
39176.796875
39171.5703125
39166.4453125
39160.953125
39155.35546875
39150.1015625
39144.97265625
39139.6015625
39134.2734375
39129.0625
39123.65625
39118.5625
39113.18359375
39108.171875
39102.6953125
39097.3515625
39092.17578125
39086.9609375
39081.7421875
39076.19921875
39070.96875
39065.6640625
39060.43359375
39054.83203125
39049.55078125
39044.328125
39039.59765625
39034.5859375
39029.37109375
39024.09375
39018.8828125
39013.51953125
39008.6171875
39003.03125
38997.953125
38992.625
38987.21875
38982.265625
38976.94140625
38971.6328125
38965.94140625
38960.87109375
38955.36328125
38950.546875
38945.21484375
38940.44140625
38935.0234375
38930.01953125
38924.765625
38919.76171875
38914.43359375
38909.5703125
38904.8125
38899.7734375
38894.69140625
38889.6328125
38884.40234375
38878.8125
38873.4453125
38868.0390625
38861.7109375
38855.0390625
38848.37890625
38841.6015625
38835.3359375
38829.27734375
38823.1953125
38817.86328125
38811.79296875
38805.95703125
38800.27734375
38795.03125
38789.65625
38783.94921875
38778.33203125
38772.875
38766.6484375
38760.67578125
38754.859375
38749.48046875
38743.68359375
38738.296875
38732.75
38727.30859375
38721.7890625
38716.52734375
38711.68359375
38705.92578125
38700.984375
38695.421875
38690.27734375
38685.140625
38680.04296875
38674.6796875
38669.5703125
38664.296875
38659.0546875
38654.0703125
38649.11328125
38643.6328125
38638.6171875
38633.2109375
38628.1640625
38622.859375
38617.80078125
38613.0078125
38607.92578125
38602.80078125
38597.82421875
38592.6953125
38587.91015625
38582.4140625
38576.87890625
38571.96484375
38566.7578125
38561.6484375
38556.8046875
38551.6171875
38546.546875
38541.51171875
38536.53125
38531.7890625
38526.6328125
38521.12109375
38516.5078125
38511.515625
38506.0546875
38501.296875
38496.328125
38491.31640625
38486.4609375
38481.375
38476.5625
38471.42578125
38466.67578125
38461.7578125
38456.8203125
38451.72265625
38446.83203125
38441.58984375
38436.75
38431.88671875
38426.96875
38421.859375
38417.14453125
38412.19921875
38407.44921875
38402.31640625
38397.6875
38392.49609375
38387.34375
38382.33203125
38377.3671875
38372.609375
38367.61328125
38362.77734375
38357.89453125
38353.26953125
38348.109375
38342.96484375
38338.4921875
38333.203125
38328.36328125
38323.79296875
38318.609375
38313.96875
38309.1875
38304.0859375
38299.609375
38294.6484375
38289.89453125
38285.0703125
38280.12109375
38275.7109375
38270.37890625
38265.4609375
38260.859375
38255.890625
38250.98828125
38246.33984375
38241.75390625
38236.83203125
38231.66015625
38226.953125
38222.7265625
38217.60546875
38213.1171875
38207.73828125
38202.796875
38198.21875
38193.62890625
38188.5390625
38183.8046875
38179.296875
38174.296875
38169.67578125
38164.9140625
38160.0625
38155.328125
38150.3671875
38145.953125
38141.04296875
38136.34375
38131.79296875
38126.5
38121.66015625
38117.421875
38112.70703125
38108.203125
38103.125
38097.88671875
38093.140625
38088.04296875
38082.84765625
38078.015625
38073.45703125
38068.2109375
38063.40625
38058.08203125
38053.390625
38048.4609375
38043.21484375
38038.33984375
38033.15625
38027.5390625
38022.3046875
38017.3828125
38012.05859375
38006.81640625
38001.796875
37996.78515625
37991.1484375
37985.91015625
37981.03515625
37976.01953125
37971.2109375
37965.8203125
37960.6796875
37955.01171875
37950.0703125
37944.83203125
37940.34765625
37934.953125
37929.5546875
37924.8125
37918.875
37914.25390625
37909.46875
37903.8984375
37898.9453125
37893.859375
37888.12109375
37883.19921875
37878.35546875
37872.96484375
37868.125
37862.8828125
37858.14453125
37852.5234375
37847.328125
37842.52734375
37837.44140625
37832.60546875
37827.19921875
37822.3515625
37817.140625
37811.65234375
37806.734375
37801.84765625
37796.98828125
37791.44140625
37786.609375
37781.34375
37776.22265625
37771.33984375
37766.10546875
37760.94921875
37756.015625
37751.06640625
37745.87109375
37740.484375
37735.20703125
37730.921875
37725.75390625
37720.7421875
37715.734375
37710.6171875
37705.0234375
37700.51953125
37695.12890625
37690.1875
37685.515625
37680.046875
37675.62890625
37670.32421875
37666.046875
37660.42578125
37655.4375
37650.23046875
37644.7578125
37639.6953125
37634.890625
37629.6171875
37624.8515625
37619.65625
37614.46875
37609.1640625
37604.1953125
37599.546875
37594.88671875
37589.3984375
37584.29296875
37579.20703125
37574.12109375
37569.22265625
37563.984375
37559.18359375
37554.2109375
37549.06640625
37544.1796875
37538.953125
37534.1640625
37529.0
37524.10546875
37519.1015625
37513.9609375
37508.91015625
37504.01953125
37499.1484375
37493.859375
37489.3515625
37484.59375
37479.5703125
37474.53515625
37469.87890625
37464.921875
37460.22265625
37455.3125
37449.5625
37444.796875
37439.125
37434.04296875
37429.42578125
37424.73046875
37419.6171875
37414.6328125
37409.421875
37404.61328125
37399.48046875
37394.4375
37390.12890625
37384.7265625
37379.49609375
37375.046875
37369.80859375
37365.31640625
37360.046875
37355.12109375
37350.671875
37345.6484375
37340.6875
37335.76953125
37331.35546875
37326.22265625
37321.65234375
37316.62890625
37312.390625
37307.5546875
37303.78515625
37299.7578125
37296.15625
37291.17578125
37285.21875
37279.33203125
37273.8125
37270.53125
37266.984375
37262.9921875
37257.3125
37251.97265625
37247.10546875
37241.92578125
37237.08203125
37231.875
37227.20703125
37223.2890625
37219.59375
37214.50390625
37209.453125
37202.70703125
37196.01953125
37190.40625
37185.69921875
37181.1171875
37176.38671875
37171.328125
37166.203125
37160.578125
37156.2109375
37151.578125
37146.5703125
37141.8515625
37137.203125
37132.34375
37127.58203125
37123.08984375
37118.453125
37114.08984375
37108.39453125
37103.6484375
37098.390625
37093.45703125
37089.01953125
37085.296875
37081.4375
37078.1484375
37074.9609375
37070.97265625
37066.3359375
37060.4453125
37054.46875
37048.35546875
37044.0
37041.2265625
37039.2578125
37036.328125
37032.38671875
37026.78515625
37020.09765625
37015.1484375
37011.1875
37008.91015625
37006.72265625
37003.76171875
36999.01953125
36991.75
36983.640625
36976.41796875
36970.07421875
36965.09375
36961.5234375
36957.71875
36954.52734375
36950.328125
36945.3984375
36940.1875
36934.671875
36930.48046875
36926.65234375
36922.8125
36919.62890625
36915.84375
36910.57421875
36905.50390625
36900.2265625
36894.70703125
36888.5703125
36882.09765625
36875.57421875
36868.88671875
36863.02734375
36858.2265625
36854.046875
36849.8828125
36845.22265625
36840.15625
36834.57421875
36829.54296875
36825.43359375
36821.55078125
36817.0703125
36811.83203125
36806.45703125
36800.78125
36795.2265625
36790.703125
36786.44140625
36781.625
36777.3984375
36772.77734375
36767.9140625
36762.79296875
36757.7421875
36753.18359375
36748.3203125
36744.109375
36739.7890625
36735.14453125
36730.38671875
36725.2734375
36720.90234375
36717.10546875
36713.1640625
36709.3359375
36705.5546875
36700.70703125
36695.96484375
36692.359375
36687.83203125
36684.11328125
36678.9296875
36673.84375
36668.02734375
36663.03515625
36657.98046875
36652.9609375
36647.44921875
36642.4453125
36638.1171875
36633.5390625
36629.13671875
36624.73828125
36619.7734375
36614.921875
36609.91796875
36605.15625
36600.34375
36596.2578125
36592.5546875
36588.21875
36583.796875
36580.0078125
36576.0390625
36571.58203125
36567.48046875
36562.71875
36558.92578125
36554.8125
36551.125
36547.0703125
36543.16796875
36538.7734375
36534.26171875
36529.515625
36524.78125
36520.82421875
36515.96484375
36511.85546875
36506.43359375
36501.0
36495.5546875
36489.85546875
36485.0546875
36481.4609375
36478.04296875
36475.0625
36472.4453125
36468.5859375
36464.61328125
36459.4765625
36453.90625
36448.7890625
36444.0859375
36439.80078125
36436.5859375
36433.18359375
36429.1796875
36424.71484375
36419.140625
36413.47265625
36408.234375
36403.23046875
36399.6796875
36396.8359375
36392.45703125
36388.46484375
36383.15234375
36377.80078125
36372.07421875
36367.07421875
36362.375
36357.87890625
36353.703125
36350.23828125
36346.9453125
36343.296875
36338.67578125
36333.12890625
36327.796875
36322.4140625
36318.140625
36314.49609375
36311.1171875
36306.73828125
36301.67578125
36296.109375
36289.93359375
36284.984375
36280.8828125
36277.80859375
36274.4140625
36270.875
36267.17578125
36262.8125
36258.48046875
36254.0
36249.96875
36246.71875
36243.1328125
36239.421875
36235.53515625
36230.62109375
36225.671875
36221.078125
36216.296875
36213.5546875
36214.8125
36207.4453125
36202.078125
36197.19140625
36192.26171875
36188.53125
36185.359375
36182.578125
36179.44140625
36176.62890625
36173.2265625
36170.0234375
36165.2265625
36161.5234375
36157.3515625
36153.2265625
36150.30078125
36148.6171875
36146.765625
36143.171875
36138.8125
36133.0625
36125.3984375
36118.0859375
36112.421875
36107.86328125
36103.39453125
36099.08984375
36094.1484375
36088.8125
36082.9765625
36078.09765625
36073.2265625
36068.3984375
36064.078125
36059.61328125
36055.5703125
36052.25390625
36048.296875
36044.796875
36040.4609375
36037.484375
36032.82421875
36028.6171875
36023.70703125
36018.45703125
36012.796875
36006.76171875
36002.59765625
35998.55078125
35994.68359375
35991.0
35987.2421875
35982.60546875
35977.6171875
35972.7890625
35968.3359375
35964.6640625
35961.21484375
35958.3828125
35955.05859375
35951.1953125
35946.92578125
35943.21484375
35939.09375
35935.234375
35931.359375
35927.1875
35922.77734375
35917.63671875
35912.5625
35908.01953125
35903.51171875
35899.6015625
35896.0234375
35892.328125
35889.3359375
35886.2734375
35883.3984375
35880.65234375
35878.3203125
35875.14453125
35870.10546875
35864.5859375
35858.671875
35853.09765625
35848.171875
35844.078125
35840.2734375
35836.8984375
35833.44921875
35829.6171875
35825.4921875
35822.3125
35817.953125
35813.72265625
35808.625
35804.171875
35798.984375
35794.1015625
35790.328125
35792.44140625
35786.671875
35782.0078125
35778.1171875
35775.37890625
35772.859375
35769.921875
35766.87890625
35763.5703125
35759.15625
35754.63671875
35751.140625
35749.890625
35749.19921875
35747.21875
35743.6953125
35738.265625
35732.3046875
35725.2421875
35719.1328125
35713.83203125
35709.5078125
35704.66796875
35700.0546875
35695.625
35691.7265625
35687.4765625
35682.4296875
35677.37890625
35672.26953125
35667.84375
35663.40625
35658.97265625
35654.53515625
35649.83203125
35643.9296875
35639.171875
35634.875
35631.45703125
35627.57421875
35623.5
35619.078125
35615.45703125
35610.79296875
35606.9296875
35602.875
35598.9296875
35594.99609375
35590.73046875
35587.10546875
35583.94921875
35581.5078125
35577.8515625
35574.375
35569.77734375
35564.8828125
35559.51171875
35554.1953125
35549.30859375
35545.1796875
35541.47265625
35537.40625
35534.078125
35530.34375
35526.41015625
35522.2734375
35518.40625
35514.99609375
35512.953125
35511.421875
35510.4296875
35509.66015625
35508.32421875
35504.46484375
35497.8984375
35490.44140625
35483.82421875
35478.37890625
35474.265625
35471.16015625
35467.5625
35464.69140625
35459.93359375
35456.7734375
35451.82421875
35447.8828125
35442.046875
35437.31640625
35433.09765625
35430.3515625
35428.1484375
35426.1015625
35423.796875
35420.875
35418.04296875
35422.8828125
35409.1171875
35404.0703125
35400.23046875
35394.86328125
35388.6953125
35383.02734375
35378.3515625
35374.890625
35372.2265625
35369.484375
35366.21875
35361.89453125
35357.1484375
35352.4296875
35348.82421875
35344.54296875
35340.40234375
35335.859375
35331.109375
35326.1328125
35321.37890625
35317.0546875
35313.26171875
35309.671875
35305.609375
35301.2421875
35296.8515625
35292.9453125
35289.03515625
35284.796875
35281.22265625
35278.13671875
35274.90234375
35271.6640625
35268.6640625
35266.171875
35262.23046875
35258.296875
35254.375
35251.58203125
35247.83984375
35245.1640625
35241.58984375
35237.51953125
35233.34375
35228.3125
35223.7578125
35219.03125
35215.7421875
35211.58203125
35208.1484375
35204.59375
35201.203125
35196.8984375
35192.66796875
35187.9453125
35183.69140625
35179.8515625
35175.64453125
35171.6171875
35167.921875
35165.1953125
35162.2890625
35159.43359375
35156.59375
35154.0234375
35150.890625
35147.44921875
35143.9375
35140.33984375
35135.79296875
35130.7890625
35125.984375
35121.0078125
35116.1484375
35111.859375
35107.46875
35103.9296875
35100.59765625
35096.4609375
35092.7578125
35088.13671875
35083.72265625
35078.71875
35073.71484375
35068.6953125
35064.859375
35060.3671875
35057.06640625
35064.8203125
35051.53125
35049.45703125
35045.91796875
35042.6484375
35038.62109375
35034.23828125
