9945.142578125
9933.072265625
9921.427734375
9910.197265625
9899.3662109375
9888.931640625
9878.880859375
9869.1865234375
9859.83203125
9850.80078125
9842.083984375
9833.6455078125
9825.482421875
9817.57421875
9809.908203125
9802.4765625
9795.26953125
9788.2802734375
9781.49609375
9774.9111328125
9768.525390625
9762.33203125
9756.3251953125
9750.5029296875
9744.8603515625
9739.3955078125
9734.09765625
9728.9619140625
9723.984375
9719.1494140625
9714.466796875
9709.9267578125
9705.5166015625
9701.2392578125
9697.0869140625
9693.056640625
9689.140625
9685.3359375
9681.646484375
9678.05859375
9674.5703125
9671.1875
9667.8974609375
9664.697265625
9661.5859375
9658.5693359375
9655.634765625
9652.779296875
9650.001953125
9647.2978515625
9644.6689453125
9642.11328125
9639.625
9637.2060546875
9634.849609375
9632.5595703125
9630.3291015625
9628.1552734375
9626.0380859375
9623.9736328125
9621.962890625
9620.00390625
9618.0947265625
9616.2392578125
9614.421875
9612.6513671875
9610.9267578125
9609.2421875
9607.5966796875
9605.9951171875
9604.4296875
9602.90234375
9601.41015625
9599.9541015625
9598.53125
9597.140625
9595.7822265625
9594.4560546875
9593.15625
9591.8896484375
9590.6494140625
9589.439453125
9588.255859375
9587.103515625
9585.9697265625
9584.86328125
9583.779296875
9582.71875
9581.681640625
9580.66796875
9579.67578125
9578.705078125
9577.751953125
9576.8251953125
9575.9130859375
9575.0185546875
9574.1474609375
9573.291015625
9572.453125
9571.6328125
9570.828125
9570.041015625
9569.2734375
9568.5166015625
9567.7744140625
9567.0517578125
9566.337890625
9565.640625
9564.95703125
9564.287109375
9563.630859375
9562.98828125
9562.3583984375
9561.740234375
9561.1337890625
9560.537109375
9559.951171875
9559.3828125
9558.8203125
9558.2734375
9557.7333984375
9557.2041015625
9556.685546875
9556.1787109375
9555.677734375
9555.1875
9554.70703125
9554.236328125
9553.7734375
9553.322265625
9552.8759765625
9552.439453125
9552.01171875
9551.58984375
9551.177734375
9550.7734375
9550.3779296875
9549.9853515625
9549.6044921875
9549.228515625
9548.86328125
9548.5
9548.146484375
9547.796875
9547.4541015625
9547.12109375
9546.7900390625
9546.466796875
9546.146484375
9545.8388671875
9545.5322265625
9545.234375
9544.9375
9544.6484375
9544.3642578125
9544.083984375
9543.810546875
9543.5400390625
9543.27734375
9543.017578125
9542.765625
9542.515625
9542.26953125
9542.0283203125
9541.791015625
9541.55859375
9541.3310546875
9541.107421875
9540.8857421875
9540.669921875
9540.4560546875
9540.2470703125
9540.04296875
9539.83984375
9539.64453125
9539.44921875
9539.259765625
9539.0712890625
9538.88671875
9538.70703125
9538.529296875
9538.35546875
9538.185546875
9538.017578125
9537.853515625
9537.6904296875
9537.533203125
9537.376953125
9537.220703125
9537.072265625
9536.921875
9536.775390625
9536.630859375
9536.490234375
9536.3505859375
9536.21484375
9536.08203125
9535.9501953125
9535.8203125
9535.6923828125
2529012.5
180147.796875
66757.3828125
64424.96484375
59700.6328125
106049.640625
61965.53125
57286.109375
55899.99609375
55702.43359375
55301.171875
54200.8203125
52920.765625
51613.3046875
50327.05078125
48948.52734375
47462.421875
46057.80859375
44884.6171875
43998.13671875
43233.62109375
42443.95703125
41628.77734375
40811.8671875
39998.63671875
39148.046875
38212.52734375
37183.61328125
36087.5
34969.80859375
33836.8515625
32701.26953125
31593.30859375
30536.236328125
29542.62890625
28615.748046875
27748.1015625
26942.3671875
26213.330078125
25546.3359375
24925.93359375
24337.109375
23771.087890625
23222.421875
22693.419921875
22196.314453125
21733.060546875
21307.42578125
20902.912109375
20516.255859375
20149.96484375
19806.7421875
19484.046875
19171.681640625
18871.02734375
18581.6796875
18303.630859375
18034.283203125
17771.0625
17517.90234375
17275.48046875
17044.73828125
16825.05078125
16611.1796875
16404.537109375
16205.26953125
16010.03125
15826.423828125
15646.2158203125
15475.66796875
15308.5205078125
15144.5390625
14987.0419921875
14832.646484375
14684.732421875
14539.4453125
14399.7939453125
14262.80078125
14130.478515625
14001.23828125
13877.013671875
13756.0341796875
13639.7783203125
13526.123046875
13416.779296875
13310.3525390625
13208.2783203125
13108.4150390625
13011.3046875
12915.84765625
12822.845703125
12731.8388671875
12642.30078125
12554.33984375
12467.4775390625
12382.548828125
12298.982421875
12217.115234375
12137.09375
12058.9453125
11982.84765625
11908.1552734375
11835.15625
11763.73828125
11694.236328125
11626.8896484375
11561.5615234375
11498.2734375
11436.4609375
11375.8818359375
11316.337890625
11257.7158203125
11200.125
11143.458984375
11087.6328125
11032.5517578125
10978.21875
10924.8447265625
10872.640625
10821.63671875
10771.875
10723.08984375
10675.283203125
10628.2724609375
10582.1669921875
10536.994140625
10492.69140625
10449.248046875
10406.611328125
10364.7001953125
10323.42578125
10282.806640625
10242.828125
10203.376953125
10164.4375
10125.986328125
10088.0517578125
10050.595703125
10013.5654296875
9976.96484375
9940.7548828125
9904.96875
9869.552734375
9834.6923828125
9800.1318359375
9766.88671875
9732.01953125
9698.2841796875
9664.765625
9631.603515625
9598.6708984375
9565.9765625
9533.69921875
9501.73828125
9471.572265625
9437.40234375
9406.7080078125
9380.73046875
9345.8779296875
9334.8017578125
9330.931640625
9334.4521484375
9299.2490234375
9267.603515625
9236.3681640625
9204.97265625
9180.58984375
9148.224609375
9108.931640625
9079.447265625
9048.4453125
9020.1806640625
8991.759765625
8959.0400390625
8930.728515625
8905.5263671875
8876.080078125
8847.1640625
8818.404296875
8790.7822265625
8764.6435546875
8736.1171875
8707.81640625
8682.466796875
8656.9345703125
8630.2548828125
8604.068359375
8578.3818359375
8553.2265625
8527.564453125
8501.8134765625
8479.216796875
8459.7021484375
8434.162109375
8411.98046875
8390.0400390625
8368.3408203125
8346.220703125
8324.3828125
8302.81640625
8281.3955078125
8260.68359375
8240.1142578125
8219.578125
8199.5634765625
8179.30078125
8159.13427734375
8139.4228515625
8119.76953125
8100.35498046875
8080.8193359375
8061.763671875
8042.8642578125
8023.6962890625
8005.0048828125
7986.39013671875
7967.806640625
7949.4560546875
7931.17626953125
7913.0576171875
7894.98193359375
7876.9716796875
7859.130859375
7841.48681640625
7823.8662109375
7806.515625
7789.45849609375
7772.50537109375
7755.72216796875
7739.27294921875
7723.3056640625
7707.60400390625
7691.8408203125
7676.052734375
7660.54248046875
7645.3779296875
7630.2431640625
7614.98681640625
7599.80859375
7584.8671875
7570.12109375
7555.52587890625
7541.0048828125
7526.5498046875
7512.1416015625
7497.89453125
7483.845703125
7469.83935546875
7455.8427734375
7441.974609375
7428.314453125
7414.7314453125
7401.1796875
7387.703125
7374.416015625
7361.205078125
7348.2861328125
7335.978515625
7324.06396484375
7312.0205078125
7297.9130859375
7284.0908203125
7271.97265625
7260.51953125
7248.39501953125
7235.1083984375
7223.4521484375
7212.4658203125
7200.0126953125
7187.6728515625
7176.9365234375
7164.86083984375
7152.4990234375
7140.71435546875
7129.412109375
7117.6572265625
7105.8486328125
7094.990234375
7084.00048828125
7072.73388671875
7061.93359375
7051.6103515625
7040.42578125
7029.486328125
7018.98486328125
7008.26416015625
6997.5185546875
6987.08154296875
6976.84375
6966.5234375
6956.3466796875
6946.4951171875
6936.775390625
6926.6865234375
6916.51220703125
6906.2197265625
6896.2275390625
6886.6201171875
6876.9970703125
6867.21728515625
6857.11181640625
6847.28173828125
6837.6689453125
6828.17529296875
6818.6650390625
6809.2021484375
6799.810546875
6790.44580078125
6780.9658203125
6771.65625
6762.29296875
6753.08935546875
6743.595703125
6734.12255859375
6724.72412109375
6715.392578125
6706.0380859375
6696.681640625
6687.4345703125
6678.2763671875
6669.1240234375
6659.9697265625
6650.84228515625
6641.87353515625
6633.1533203125
6624.90185546875
6617.53076171875
6611.6171875
6605.80126953125
6597.2685546875
6584.576171875
6574.291015625
6568.4208984375
6562.19677734375
6552.38818359375
6542.86328125
6536.255859375
6529.34130859375
6520.2255859375
6511.92578125
6505.072265625
6497.28955078125
6488.8310546875
6481.21435546875
6474.4072265625
6466.9501953125
6459.51904296875
6452.3330078125
6445.662109375
6438.4404296875
6431.13818359375
6423.5126953125
6415.2685546875
6407.2998046875
6400.255859375
6393.3583984375
6385.9443359375
6378.71044921875
6371.9794921875
6365.1005859375
6357.9248046875
6351.421875
6344.92578125
6338.107421875
6330.4111328125
6323.2890625
6316.7373046875
6310.20166015625
6303.087890625
6295.88134765625
6289.16748046875
6282.7880859375
6276.26953125
6269.6103515625
6263.0595703125
6256.63916015625
6250.2265625
6243.78173828125
6237.3623046875
6230.97802734375
6224.748046875
6218.5283203125
6212.51953125
6206.181640625
6200.1611328125
6193.7685546875
6187.65380859375
6181.349609375
6175.19775390625
6169.14404296875
6163.169921875
6157.13232421875
6151.0771484375
6145.15478515625
6139.41357421875
6133.78564453125
6128.15234375
6122.65087890625
6117.1884765625
6111.9091796875
6106.11328125
6100.16943359375
6093.79248046875
6087.919921875
6082.345703125
6076.91748046875
6071.068359375
6064.97314453125
6059.12060546875
6053.47412109375
6047.66796875
6041.767578125
6036.046875
6030.3173828125
6024.3583984375
6018.4755859375
6012.94140625
6007.46630859375
6001.9326171875
5996.28759765625
5990.82275390625
5985.16259765625
5979.8447265625
5974.26416015625
5968.7890625
5963.05859375
5957.5771484375
5952.1962890625
5946.9541015625
5941.810546875
5936.64892578125
5931.1484375
5925.22021484375
5919.41259765625
5914.19140625
5909.26123046875
5904.23974609375
5898.7470703125
5893.28125
5887.650390625
5882.1669921875
5876.66748046875
5871.12060546875
5865.82177734375
5860.4501953125
5855.3955078125
5850.0341796875
5844.98095703125
5839.876953125
5835.16357421875
5830.47265625
5825.8134765625
5820.5888671875
5814.3271484375
5807.525390625
5801.615234375
5797.0185546875
5792.76123046875
5787.64404296875
5782.08544921875
5777.03369140625
5772.7802734375
5767.93359375
5762.013671875
5755.978515625
5750.78857421875
5746.6728515625
5742.0771484375
5737.205078125
5731.615234375
5726.5703125
5721.439453125
5716.6103515625
5711.90087890625
5707.5986328125
5703.53662109375
5699.66845703125
5696.138671875
5692.99609375
5689.68359375
5684.9716796875
5678.91015625
5672.2353515625
5666.685546875
5662.84326171875
5660.35986328125
5657.4951171875
5653.666015625
5649.0009765625
5643.70703125
5638.3125
5632.8837890625
5627.77587890625
5623.04638671875
5618.7275390625
5614.7490234375
5610.49365234375
5606.02490234375
5601.2626953125
5596.5751953125
5592.2421875
5588.1884765625
5584.4208984375
5580.494140625
5576.7392578125
5572.75
5569.18408203125
5565.259765625
5561.048828125
5556.1474609375
5550.8603515625
5545.70166015625
5541.2998046875
5537.24072265625
5533.646484375
5529.77099609375
5526.2197265625
5522.2890625
5518.6240234375
5514.3525390625
5509.6083984375
5504.490234375
5500.0556640625
5496.609375
5493.20556640625
5489.1591796875
5484.4345703125
5479.8447265625
5476.0859375
5472.4833984375
5468.681640625
5464.60009765625
5460.6669921875
5456.861328125
5452.73291015625
5448.51416015625
5444.5947265625
5441.583984375
5438.7861328125
5435.908203125
5432.498046875
5428.80712890625
5425.1474609375
5421.53173828125
5417.92578125
5413.92626953125
5409.5908203125
5404.99365234375
5400.7861328125
5397.15185546875
5394.2412109375
5391.375
5387.77099609375
5382.9091796875
5377.9501953125
5374.70458984375
5372.689453125
5370.4658203125
5366.83740234375
5363.1328125
5360.537109375
5357.88623046875
5354.267578125
5349.12890625
5344.77734375
5341.693359375
5339.56640625
5337.2607421875
5334.79296875
5332.2265625
5329.953125
5328.2919921875
5326.6845703125
5324.1455078125
5320.0107421875
5315.38916015625
5311.18994140625
5307.529296875
5303.6259765625
5298.90625
5294.0244140625
5289.921875
5287.2802734375
5285.2109375
5282.3798828125
5278.3701171875
5274.4951171875
5271.8857421875
5270.576171875
5269.5751953125
5267.49755859375
5264.82373046875
5260.78515625
5256.2529296875
5250.81787109375
5245.9384765625
5242.296875
5240.34765625
5238.84765625
5237.4013671875
5234.8037109375
5231.8466796875
5228.0908203125
5223.8974609375
5219.63427734375
5216.103515625
5213.3935546875
5211.12255859375
5208.703125
5205.888671875
5202.90625
5199.9697265625
5197.1982421875
5194.2158203125
5191.6474609375
5188.5703125
5186.078125
5183.22705078125
5180.68408203125
5177.830078125
5175.1484375
5172.19921875
5169.435546875
5166.7548828125
5164.30859375
5162.1484375
5160.0537109375
5158.35009765625
5156.39990234375
5154.708984375
5152.5283203125
5150.224609375
5147.52392578125
5144.7666015625
5141.90234375
5138.900390625
5135.5615234375
5132.318359375
5129.23828125
5127.0224609375
5125.0302734375
5123.21923828125
5120.88623046875
5117.962890625
5114.6962890625
5111.56689453125
5108.955078125
5106.9697265625
5105.26904296875
5103.57861328125
5101.8603515625
5100.11669921875
5098.98291015625
5097.42138671875
5096.15380859375
5093.58642578125
5091.4443359375
5090.0322265625
5089.3583984375
5090.12744140625
5088.818359375
5086.66357421875
5081.54638671875
5077.01953125
5073.2861328125
5071.513671875
5070.349609375
5069.50341796875
5068.724609375
5067.93896484375
5066.64404296875
5064.0693359375
5060.70263671875
5057.966796875
5056.41162109375
5054.6416015625
5051.0693359375
5045.76171875
5041.64453125
5039.732421875
5039.9033203125
5040.22802734375
5039.97802734375
5040.1572265625
5040.146484375
5038.76708984375
5033.69970703125
5027.84716796875
5023.4970703125
5020.42138671875
5016.43359375
5012.1494140625
5009.81884765625
5010.44482421875
5009.0361328125
5004.0732421875
4998.224609375
4995.8720703125
4995.81640625
4994.4208984375
4990.95166015625
4988.0654296875
4986.6396484375
4985.3994140625
4983.0341796875
4980.89501953125
4979.16357421875
4977.4580078125
4975.09521484375
4972.6826171875
4970.61572265625
4968.439453125
4965.625
4962.70556640625
4960.310546875
4958.3701171875
4956.32763671875
4954.24658203125
4952.45703125
4951.1943359375
4949.771484375
4948.681640625
4946.466796875
4944.984375
4943.0732421875
4941.8759765625
4940.4599609375
4939.13916015625
4936.826171875
4934.19287109375
4931.03515625
4928.349609375
4926.130859375
4924.7890625
4924.5166015625
4924.166015625
4924.90234375
4924.7333984375
4924.67529296875
4923.60107421875
4921.4814453125
4918.32470703125
4914.6123046875
4912.1953125
4910.7880859375
4911.87158203125
4911.091796875
4909.52392578125
4904.771484375
4899.10595703125
4893.5830078125
4890.669921875
4889.7587890625
4889.59619140625
4888.4384765625
4885.8349609375
4883.17919921875
4879.56201171875
4876.505859375
4873.5693359375
4870.5419921875
4868.3955078125
4867.01171875
4867.04296875
4866.74365234375
4866.24169921875
4864.67822265625
4862.72216796875
4858.42724609375
4853.83984375
4849.1728515625
4847.20703125
4846.208984375
4845.0654296875
4841.857421875
4837.78515625
4834.3310546875
4833.03857421875
4832.5224609375
4831.43603515625
4828.96337890625
4825.8955078125
4824.341796875
4821.447265625
4819.48046875
4818.1611328125
4816.322265625
4816.4970703125
4812.0107421875
4812.7705078125
4820.8115234375
4812.6875
4816.474609375
4835.0869140625
4828.19921875
4824.20849609375
4818.5224609375
4818.32568359375
4842.291015625
4841.693359375
4829.8779296875
4837.50048828125
4814.87255859375
4816.8466796875
4817.5234375
4813.9853515625
4805.78759765625
4810.21484375
4802.998046875
4800.7119140625
4796.06640625
4792.3212890625
4787.61669921875
4788.96728515625
4786.8046875
4783.4775390625
4780.09765625
4775.36083984375
4770.9921875
4769.3037109375
4769.2607421875
4767.9091796875
4768.47998046875
4767.62109375
4765.44140625
4764.5810546875
4764.564453125
4762.7607421875
4762.51513671875
4763.70751953125
4763.4443359375
4763.5390625
4763.380859375
4760.4658203125
4755.52685546875
4751.74365234375
4748.7060546875
4747.7314453125
4748.27587890625
4748.3857421875
4745.55517578125
4741.55078125
4736.9638671875
4734.1298828125
4733.3876953125
4734.4482421875
4734.8642578125
4734.8427734375
4734.50244140625
4734.59716796875
4734.28515625
4732.228515625
4727.6201171875
4723.15234375
4719.8193359375
4718.9892578125
4717.58740234375
4715.35498046875
4711.375
4708.029296875
4705.76171875
4704.7451171875
4703.3916015625
4701.361328125
4698.6796875
4696.4892578125
4695.4033203125
4695.15771484375
4694.75244140625
4693.728515625
4691.8388671875
4689.9306640625
4688.025390625
4686.2861328125
4684.22119140625
4682.19873046875
4680.22314453125
4678.7119140625
4677.34912109375
4676.60888671875
4676.22265625
4677.140625
4679.1962890625
4682.8359375
4685.9775390625
4685.61376953125
4680.06689453125
4673.90673828125
4671.60205078125
4673.5107421875
4674.11767578125
4671.7275390625
4667.55517578125
4665.224609375
4663.51904296875
4661.078125
4657.3876953125
4654.8310546875
4653.55078125
4652.77734375
4651.09619140625
4649.75244140625
4648.939453125
4648.8017578125
4647.84375
4646.6806640625
4645.0634765625
4643.5966796875
4641.51953125
4639.9560546875
4638.55615234375
4637.998046875
4636.8740234375
4636.10107421875
4634.9638671875
4633.94921875
4632.16650390625
4630.181640625
4628.05029296875
4626.40576171875
4624.78857421875
4623.3125
4621.6904296875
4620.26416015625
4618.71533203125
4617.45458984375
4616.3271484375
4616.001953125
4615.97900390625
4616.58642578125
4616.6728515625
4616.7919921875
4615.4873046875
4613.9814453125
4611.33642578125
4609.74609375
4608.7392578125
4609.4404296875
4610.384765625
4611.513671875
4611.2333984375
4609.96826171875
4606.3916015625
4601.90185546875
4596.734375
4593.8095703125
4593.1318359375
4595.193359375
4598.025390625
4600.80859375
4603.0498046875
4603.4052734375
4602.482421875
4599.9697265625
4596.9755859375
4593.703125
4588.9609375
4583.17431640625
4577.1904296875
4573.32373046875
4571.59375
4571.974609375
4572.1455078125
4570.8466796875
4567.60791015625
4563.8369140625
4560.9052734375
4559.89013671875
4560.30126953125
4561.08984375
4560.7666015625
4559.09423828125
4556.48974609375
4554.6904296875
4554.453125
4555.9384765625
4557.64111328125
4558.81298828125
4558.31005859375
4556.8916015625
4554.603515625
4553.1201171875
4551.69384765625
4551.041015625
4549.580078125
4547.81591796875
4545.318359375
4543.30908203125
4541.85693359375
4541.55712890625
4541.46533203125
4541.185546875
4539.84375
4537.5654296875
4534.583984375
4531.646484375
4529.44921875
4528.15283203125
4527.8984375
4528.009765625
4528.3876953125
4514.1708984375
4516.5576171875
4520.1640625
4509.26416015625
4515.93017578125
4512.060546875
4507.783203125
4512.3330078125
4506.32373046875
4506.685546875
4507.337890625
4502.9228515625
4504.5517578125
4502.71484375
4500.662109375
4501.5126953125
4499.09423828125
4498.5302734375
4498.232421875
4496.306640625
4496.185546875
4495.17724609375
4493.9375
4493.6708984375
4492.46923828125
4491.69140625
4491.142578125
4490.052734375
4489.45263671875
4488.705078125
4487.7890625
4487.216796875
4486.396484375
4485.62744140625
4484.99365234375
4484.1796875
4483.49755859375
4482.81640625
4482.03369140625
4481.3896484375
4480.66943359375
4479.943359375
4479.294921875
4478.56787109375
4477.8828125
4477.228515625
4476.5078125
4475.8447265625
4475.173828125
4474.4677734375
4473.8154296875
4473.130859375
4472.455078125
4471.802734375
4471.1171875
4470.4580078125
4469.796875
4469.125
4468.46240234375
4467.798828125
4467.134765625
4466.4814453125
4465.818359375
4465.158203125
4464.50439453125
4463.83984375
4463.18359375
4462.5234375
4461.865234375
4461.2099609375
4460.5556640625
4459.9013671875
4459.2509765625
4458.599609375
4457.947265625
4457.29833984375
4456.646484375
4455.9951171875
4455.35546875
4454.71142578125
4454.06298828125
4453.4208984375
4452.7783203125
4452.13671875
4451.5048828125
4450.8623046875
4450.22265625
4449.58544921875
4448.951171875
4448.3134765625
4447.6767578125
4447.0458984375
4446.41748046875
4445.787109375
4445.15283203125
4444.52099609375
4443.8828125
4443.255859375
4442.62744140625
4441.9951171875
4441.35791015625
4440.7216796875
4440.0888671875
4439.451171875
4438.8056640625
4438.158203125
4437.5009765625
4436.84130859375
4436.166015625
4435.47998046875
4434.779296875
4434.0556640625
4433.30517578125
4432.51953125
4431.681640625
4430.7841796875
4429.810546875
4428.72509765625
4427.51123046875
4426.150390625
4424.626953125
4422.9736328125
4421.2666015625
4419.62841796875
4418.2431640625
4417.2646484375
4416.775390625
4416.59326171875
4416.25390625
4415.5556640625
4414.7021484375
4413.8330078125
4412.9072265625
4411.9150390625
4410.978515625
4410.201171875
4409.56591796875
4408.96435546875
4408.3203125
4407.630859375
4406.9365234375
4406.2353515625
4405.5517578125
4404.89306640625
4404.248046875
4403.6044921875
4402.9423828125
4402.28515625
4401.65966796875
4401.0537109375
4400.4580078125
4399.8525390625
4399.2451171875
4398.6689453125
4398.11767578125
4397.5556640625
4396.921875
4396.1962890625
4395.45849609375
4394.78515625
4394.21826171875
4393.6845703125
4393.0986328125
4392.4423828125
4391.7685546875
4391.138671875
4390.5703125
4390.001953125
4389.392578125
4388.76123046875
4388.13330078125
4387.5400390625
4386.95703125
4386.365234375
4385.7490234375
4385.12890625
4384.52734375
4383.9404296875
4383.34912109375
4382.744140625
4382.1318359375
4381.533203125
4380.9443359375
4380.357421875
4379.763671875
4379.162109375
4378.56640625
4377.97119140625
4377.38525390625
4376.794921875
4376.201171875
4375.607421875
4375.0166015625
4374.42724609375
4373.8388671875
4373.2548828125
4372.66015625
4372.068359375
4371.486328125
4370.896484375
4370.3095703125
4369.7158203125
4369.1259765625
4368.5380859375
4367.95361328125
4367.3671875
4366.77734375
4366.193359375
4365.60595703125
4365.02294921875
4364.43505859375
4363.8525390625
4363.26513671875
4362.685546875
4362.09912109375
4361.517578125
4360.935546875
4360.353515625
4359.77294921875
4359.1884765625
4358.6083984375
4358.02783203125
4357.4423828125
4356.8642578125
4356.28271484375
4355.703125
4355.1259765625
4354.54296875
4353.96484375
4353.38330078125
4352.8037109375
4352.22509765625
4351.6474609375
4351.076171875
4350.4990234375
4349.91845703125
4349.34130859375
4348.765625
4348.19140625
4347.615234375
4347.0361328125
4346.4638671875
4345.888671875
4345.31689453125
4344.74609375
4344.173828125
4343.6005859375
4343.03125
4342.45849609375
4341.8876953125
4341.318359375
4340.7470703125
4340.17578125
4339.6044921875
4339.033203125
4338.46337890625
4337.8935546875
4337.3232421875
4336.759765625
4336.19189453125
4335.62451171875
4335.05322265625
4334.4873046875
4333.921875
4333.36181640625
4332.7939453125
4332.2294921875
4331.66748046875
4331.10009765625
4330.5419921875
4329.9755859375
4329.41015625
4328.8447265625
4328.27978515625
4327.712890625
4327.1513671875
4326.587890625
4326.025390625
4325.4658203125
4324.9072265625
4324.3447265625
4323.78125
4323.2197265625
4322.66357421875
4322.107421875
4321.55078125
4320.9951171875
4320.4501953125
4319.90771484375
4319.3955078125
4318.89111328125
4318.501953125
4318.060546875
4317.99365234375
4317.4052734375
4317.4580078125
4316.3359375
4315.697265625
4314.66357421875
4313.9375
4313.2568359375
4312.673828125
4312.09619140625
4311.5341796875
4311.0048828125
4310.5068359375
4310.0791015625
4309.591796875
4309.296875
4308.771484375
4308.58984375
4307.8828125
4307.53125
4306.56884765625
4305.92431640625
4305.111328125
4304.4716796875
4303.83740234375
4303.25390625
4302.7119140625
4302.1982421875
4301.7041015625
4301.2080078125
4300.7919921875
4300.3076171875
4300.001953125
4299.447265625
4299.1435546875
4298.3681640625
4297.87060546875
4297.05322265625
4296.4287109375
4295.7587890625
4295.17041015625
4294.5927734375
4294.041015625
4293.4990234375
4292.970703125
4292.4501953125
4291.9384765625
4291.44677734375
4290.94970703125
4290.50634765625
4290.01513671875
4289.654296875
4289.13134765625
4288.8125
4288.18896484375
4287.79296875
4287.1171875
4286.62744140625
4285.9853515625
4285.421875
4284.767578125
4284.12158203125
4283.48388671875
4282.91064453125
4282.384765625
4281.89453125
4281.3974609375
4280.876953125
4280.328125
4279.783203125
4279.2509765625
4278.74072265625
4278.2431640625
4277.7880859375
4277.3046875
4276.896484375
4276.4033203125
4276.0810546875
4275.52978515625
4275.25
4274.5634765625
4274.14453125
4273.38671875
4272.8310546875
4272.1328125
4271.5634765625
4270.95849609375
4270.42333984375
4269.869140625
4269.34375
4268.814453125
4268.29541015625
4267.7705078125
4267.259765625
4266.7578125
4266.27978515625
4265.7958984375
4265.36376953125
4264.900390625
4264.55517578125
4264.0986328125
4263.8642578125
4263.34765625
4263.1240234375
4262.494140625
4262.130859375
4261.4521484375
4260.947265625
4260.2490234375
4259.611328125
4258.8681640625
4258.17919921875
4257.5068359375
4256.9130859375
4256.39453125
4255.93359375
4255.47900390625
4255.0322265625
4254.546875
4254.0498046875
4253.5166015625
4253.03564453125
4252.50927734375
4252.1474609375
4251.6328125
4251.3603515625
4250.76611328125
4250.4189453125
4249.7109375
4249.1962890625
4248.46826171875
4247.88671875
4247.216796875
4246.650390625
4246.05859375
4245.5390625
4245.01318359375
4244.5615234375
4244.0888671875
4243.78076171875
4243.33740234375
4243.2236328125
4242.6796875
4242.5166015625
4241.74755859375
4241.3046875
4240.3984375
4239.87890625
4239.06396484375
4238.6328125
4237.912109375
4237.4345703125
4236.7216796875
4236.1923828125
4235.58154296875
4235.0146484375
4234.48095703125
4233.810546875
4233.22216796875
4232.4951171875
4231.845703125
4231.111328125
4230.42724609375
4229.71142578125
4229.0380859375
4228.3896484375
4227.7451171875
4227.189453125
4226.54248046875
4226.0634765625
4225.38916015625
4224.921875
4224.2216796875
4223.71630859375
4223.0234375
4222.48388671875
4221.84033203125
4221.333984375
4220.7685546875
4220.3134765625
4219.8291015625
4219.435546875
4219.0498046875
4218.736328125
4218.447265625
4218.2177734375
4217.98046875
4217.7578125
4217.490234375
4217.138671875
4216.75341796875
4216.21875
4215.654296875
4214.9755859375
4214.2470703125
4213.45458984375
4212.67919921875
4212.0380859375
4211.5732421875
4211.3642578125
4211.31640625
4211.4638671875
4211.65625
4211.98828125
4212.1904296875
4212.25439453125
4211.7353515625
4210.73486328125
4209.2119140625
4207.751953125
4206.5947265625
4206.14697265625
4206.2216796875
4206.87939453125
4207.439453125
4208.01318359375
4207.69140625
4207.27099609375
4206.10693359375
4205.35546875
4204.06396484375
4203.0546875
4201.826171875
4201.06640625
4200.40234375
4200.10595703125
4199.62646484375
4198.94775390625
4197.88134765625
4196.923828125
4196.2705078125
4196.212890625
4196.34619140625
4196.43017578125
4196.173828125
4195.900390625
4195.87890625
4196.4443359375
4197.47607421875
4198.8759765625
4200.373046875
4201.83935546875
4203.064453125
4203.45703125
4202.8369140625
4200.681640625
4197.86181640625
4195.18115234375
4193.7841796875
4193.5556640625
4194.0927734375
4194.56787109375
4194.462890625
4193.8876953125
4193.29296875
4193.392578125
4194.15625
4194.44970703125
4193.2119140625
4190.4091796875
4187.599609375
4186.0546875
4185.9033203125
4186.29833984375
4186.099609375
4184.98193359375
4183.240234375
4181.7412109375
4180.97802734375
4181.02392578125
4181.1865234375
4181.1533203125
4180.64453125
4180.470703125
4180.4365234375
4180.8916015625
4180.65771484375
4180.3818359375
4179.79296875
4180.0595703125
4180.5419921875
4181.2431640625
4181.50341796875
4181.572265625
4181.5791015625
4181.3203125
4180.630859375
4179.45263671875
4178.0771484375
4176.798828125
4175.5791015625
4174.4794921875
4173.5751953125
4173.22216796875
4173.37646484375
4173.92138671875
4174.228515625
4173.9150390625
4172.36328125
4170.0341796875
4167.33984375
4165.57177734375
4164.78857421875
4165.0830078125
4165.5341796875
4165.6572265625
4164.9208984375
4163.609375
4162.10546875
4160.9794921875
4160.4091796875
4160.3369140625
4160.2841796875
4160.32421875
4159.8701171875
4159.73681640625
4159.13330078125
4159.0078125
4158.36474609375
4158.0908203125
4157.5185546875
4157.345703125
4157.27001953125
4157.7744140625
4158.6337890625
4159.546875
4159.3974609375
4157.3642578125
4154.169921875
4151.93994140625
4151.9423828125
4153.37890625
4154.5126953125
4154.10205078125
4152.77294921875
4151.59716796875
4151.439453125
4151.38720703125
4150.8017578125
4149.57568359375
4148.46533203125
4148.1982421875
4148.4287109375
4148.6064453125
4148.1142578125
4147.2333984375
4146.27734375
4145.51904296875
4144.7216796875
4143.79736328125
4142.6806640625
4141.7470703125
4141.0634765625
4140.73779296875
4140.54296875
4140.55859375
4140.7412109375
4141.21240234375
4141.8427734375
4142.580078125
4143.380859375
4144.30517578125
4145.32421875
4146.4072265625
4147.3583984375
4148.12744140625
4148.49609375
4148.4599609375
4147.6640625
4146.13671875
4143.7587890625
4140.9619140625
4138.11376953125
4135.6904296875
4133.919921875
4132.732421875
4132.01708984375
4131.55419921875
4131.296875
4131.2177734375
4131.21875
4131.115234375
4130.8681640625
4130.52734375
4130.30859375
4130.43212890625
4130.7939453125
4131.2236328125
4131.2353515625
4130.7431640625
4129.69775390625
4128.369140625
4127.0634765625
4125.87744140625
4124.8818359375
4123.87060546875
4122.734375
4121.50390625
4120.224609375
4119.2119140625
4118.3447265625
4117.8447265625
4117.4609375
4117.2822265625
4117.1884765625
4117.1279296875
4117.05810546875
4116.759765625
4116.314453125
4115.55224609375
4114.7509765625
4113.89501953125
4113.1474609375
4112.453125
4111.771484375
4111.080078125
4110.3662109375
4109.78271484375
4109.30517578125
4109.10595703125
4109.0810546875
4109.423828125
4110.01220703125
4110.857421875
4111.556640625
4112.10888671875
4112.55859375
4113.46435546875
4114.4814453125
4115.271484375
4115.1259765625
4114.2841796875
4113.14599609375
4112.46923828125
4111.9677734375
4111.53515625
4110.40966796875
4109.16259765625
4107.693359375
4106.75341796875
4105.85107421875
4105.38232421875
4104.82568359375
4104.54150390625
4103.9833984375
4103.349609375
4102.3525390625
4101.55126953125
4100.82421875
4100.56591796875
4100.2705078125
4100.0888671875
4099.56494140625
4098.8798828125
4097.6435546875
4096.033203125
4094.01611328125
4092.1396484375
4090.6396484375
4089.85888671875
4089.6142578125
4089.76611328125
4090.0771484375
4090.4677734375
4090.92626953125
4091.275390625
4091.5791015625
4091.50732421875
4091.306640625
4090.6953125
4090.1025390625
4089.35546875
4088.8681640625
4088.49609375
4088.5634765625
4088.9833984375
4089.94921875
4091.10693359375
4092.1572265625
4092.6640625
4092.47802734375
4092.21826171875
4091.8701171875
4092.08935546875
4092.2392578125
4092.48876953125
4092.08203125
4091.2041015625
4089.64892578125
4087.83935546875
4085.91015625
4084.16259765625
4082.7021484375
4081.68310546875
4081.1396484375
4081.009765625
4080.95703125
4080.744140625
4080.0185546875
4079.2548828125
4078.55859375
4078.66796875
4078.982421875
4079.56787109375
4079.361328125
4078.513671875
4076.828125
4074.87890625
4073.287109375
4072.3642578125
4072.4365234375
4073.025390625
4072.2919921875
4070.19140625
4068.46533203125
4068.3759765625
4068.3544921875
4066.9443359375
4065.6044921875
4065.685546875
4065.861328125
4065.5302734375
4065.38232421875
4066.23486328125
4066.43701171875
4065.4169921875
4063.609375
4062.81591796875
4062.56689453125
4063.0537109375
4063.1123046875
4063.4912109375
4062.8125
4061.697265625
4059.8037109375
4058.447265625
4057.5078125
4057.1826171875
4057.017578125
4057.00732421875
4057.04931640625
4057.2568359375
4057.6640625
4058.2529296875
4059.0234375
4059.7802734375
4060.40625
4060.724609375
4060.7353515625
4060.4697265625
4060.27001953125
4060.5107421875
4061.6376953125
4063.1689453125
4063.7626953125
4061.62158203125
4057.298828125
4053.7431640625
4053.5205078125
4055.97412109375
4058.16064453125
4057.77099609375
4055.314453125
4053.30419921875
4053.26611328125
4053.953125
4053.31201171875
4050.751953125
4047.9033203125
4046.47265625
4046.8154296875
4047.58984375
4048.0263671875
4047.59765625
4047.3095703125
4046.54443359375
4045.66357421875
4043.71337890625
4041.95263671875
4040.556640625
4040.4345703125
4040.7861328125
4041.208984375
4041.083984375
4040.474609375
4039.669921875
4038.52734375
4037.5751953125
4036.2548828125
4035.5166015625
4034.5966796875
4034.259765625
4033.705078125
4033.533203125
4033.326171875
4033.54150390625
4033.4755859375
4033.328125
4032.359375
4031.09375
4029.5244140625
4028.2919921875
4027.33984375
4026.880859375
4026.53369140625
4026.35986328125
4026.1484375
4026.01123046875
4025.953125
4026.0234375
4026.1240234375
4026.10888671875
4025.8134765625
4025.150390625
4024.20849609375
4023.2275390625
4022.5283203125
4022.30712890625
4022.7177734375
4023.46484375
4024.412109375
4024.9443359375
4025.048828125
4024.24267578125
4023.16015625
4021.6474609375
4020.7578125
4020.0
4020.1572265625
4020.3212890625
4020.9111328125
4021.29736328125
4021.693359375
4022.07470703125
4022.52783203125
4023.24169921875
4024.1357421875
4025.26220703125
4026.298828125
4026.8642578125
4026.6708984375
4025.529296875
4023.9140625
4022.03515625
4020.07421875
4018.10205078125
4016.30078125
4014.94384765625
4014.09326171875
4013.3955078125
4012.6923828125
4011.599609375
4010.380859375
4009.1826171875
4008.3642578125
4007.970703125
4008.015625
4008.34033203125
4008.6103515625
4008.96923828125
4009.169921875
4009.8212890625
4010.59765625
4011.8232421875
4012.650390625
4013.24609375
4012.7939453125
4011.9267578125
4010.33837890625
4009.0673828125
4007.95556640625
4007.6728515625
4007.47705078125
4007.61572265625
4007.3203125
4007.0478515625
4006.451171875
4005.9599609375
4005.44970703125
4004.99755859375
4004.458984375
4003.76513671875
4002.9951171875
4002.35498046875
4001.83203125
4001.3837890625
4000.75
3999.9326171875
3998.947265625
3998.0849609375
3997.30029296875
3996.5615234375
3995.4873046875
3994.01171875
3992.1337890625
3990.24560546875
3988.609375
3987.509765625
3986.79296875
3986.43017578125
3986.048828125
3985.70166015625
3985.14306640625
3984.6591796875
3984.107421875
3983.888671875
