9945.142578125
9933.072265625
9921.427734375
9910.197265625
9899.3662109375
9888.931640625
9878.880859375
9869.1865234375
9859.83203125
9850.80078125
9842.083984375
9833.6455078125
9825.482421875
9817.57421875
9809.908203125
9802.4765625
9795.26953125
9788.2802734375
9781.49609375
9774.9111328125
9768.525390625
9762.33203125
9756.3251953125
9750.5029296875
9744.8603515625
9739.3955078125
9734.09765625
9728.9619140625
9723.984375
9719.1494140625
9714.466796875
9709.9267578125
9705.5166015625
9701.2392578125
9697.0869140625
9693.056640625
9689.140625
9685.3359375
9681.646484375
9678.05859375
9674.5703125
9671.1875
9667.8974609375
9664.697265625
9661.5859375
9658.5693359375
9655.634765625
9652.779296875
9650.001953125
9647.2978515625
9644.6689453125
9642.11328125
9639.625
9637.2060546875
9634.849609375
9632.5595703125
9630.3291015625
9628.1552734375
9626.0380859375
9623.9736328125
9621.962890625
9620.00390625
9618.0947265625
9616.2392578125
9614.421875
9612.6513671875
9610.9267578125
9609.2421875
9607.5966796875
9605.9951171875
9604.4296875
9602.90234375
9601.41015625
9599.9541015625
9598.53125
9597.140625
9595.7822265625
9594.4560546875
9593.15625
9591.8896484375
9590.6494140625
9589.439453125
9588.255859375
9587.103515625
9585.9697265625
9584.86328125
9583.779296875
9582.71875
9581.681640625
9580.66796875
9579.67578125
9578.705078125
9577.751953125
9576.8251953125
9575.9130859375
9575.0185546875
9574.1474609375
9573.291015625
9572.453125
9571.6328125
9570.828125
9570.041015625
9569.2734375
9568.5166015625
9567.7744140625
9567.0517578125
9566.337890625
9565.640625
9564.95703125
9564.287109375
9563.630859375
9562.98828125
9562.3583984375
9561.740234375
9561.1337890625
9560.537109375
9559.951171875
9559.3828125
9558.8203125
9558.2734375
9557.7333984375
9557.2041015625
9556.685546875
9556.1787109375
9555.677734375
9555.1875
9554.70703125
9554.236328125
9553.7734375
9553.322265625
9552.8759765625
9552.439453125
9552.01171875
9551.58984375
9551.177734375
9550.7734375
9550.3779296875
9549.9853515625
9549.6044921875
9549.228515625
9548.86328125
9548.5
9548.146484375
9547.796875
9547.4541015625
9547.12109375
9546.7900390625
9546.466796875
9546.146484375
9545.8388671875
9545.5322265625
9545.234375
9544.9375
9544.6484375
9544.3642578125
9544.083984375
9543.810546875
9543.5400390625
9543.27734375
9543.017578125
9542.765625
9542.515625
9542.26953125
9542.0283203125
9541.791015625
9541.55859375
9541.3310546875
9541.107421875
9540.8857421875
9540.669921875
9540.4560546875
9540.2470703125
9540.04296875
9539.83984375
9539.64453125
9539.44921875
9539.259765625
9539.0712890625
9538.88671875
9538.70703125
9538.529296875
9538.35546875
9538.185546875
9538.017578125
9537.853515625
9537.6904296875
9537.533203125
9537.376953125
9537.220703125
9537.072265625
9536.921875
9536.775390625
9536.630859375
9536.490234375
9536.3505859375
9536.21484375
9536.08203125
9535.9501953125
9535.8203125
9535.6923828125
997031808.0
541843712.0
42127856.0
188357.703125
1398615.75
1513286.5
7746973.5
15880130.0
2516124.75
2168347.25
4233761.5
1587079.5
664201.8125
276221.0
226426.375
249526.390625
245151.921875
207364.484375
161962.1875
126264.609375
102968.96875
88903.0234375
80703.1484375
75987.59375
73294.890625
71689.9453125
70614.8046875
69776.5859375
69046.2265625
68384.921875
67763.21875
67135.984375
66470.34375
65746.578125
64970.3046875
64159.07421875
63347.37109375
62554.2421875
61779.19140625
61021.2578125
60275.6796875
59547.50390625
58851.33203125
58186.078125
57543.75
56917.73046875
56306.984375
55710.875
55127.30078125
54554.3359375
53989.08203125
53431.83203125
52883.3984375
52344.07421875
51816.37890625
51302.015625
50799.08984375
50303.98046875
49817.0546875
49341.53125
48877.5703125
48421.6171875
47972.40234375
47533.9375
47106.61328125
46688.69140625
46277.78125
45873.375
45475.953125
45086.2734375
44704.48828125
44331.546875
43968.4453125
43614.09375
43266.890625
42926.1953125
42592.515625
42266.359375
41947.27734375
41634.43359375
41327.91796875
41027.30078125
40732.6796875
40444.24609375
40161.90625
39885.8984375
39615.578125
39351.00390625
39091.8359375
38837.73828125
38588.67578125
38344.4140625
38104.62890625
37869.3671875
37638.359375
37411.61328125
37188.9609375
36970.1484375
36755.1484375
36543.859375
36336.0703125
36131.79296875
35930.93359375
35733.43359375
35539.03515625
35347.71875
35159.33984375
34973.8046875
34791.203125
34611.40625
34434.3984375
34259.9765625
34088.1484375
33918.81640625
33751.88671875
33587.41015625
33425.12890625
33265.05859375
33107.125
32951.26953125
32797.53125
32645.76953125
32496.01953125
32348.248046875
32202.138671875
32057.81640625
31915.1796875
31774.65625
31635.919921875
31498.7734375
31363.482421875
31231.125
31099.8984375
30967.125
30840.2890625
30711.41015625
30587.1484375
30461.91015625
30340.28125
30218.732421875
30101.1328125
29983.93359375
29869.9375
29756.33203125
29643.87109375
29532.654296875
29424.8984375
29315.923828125
29209.560546875
29104.513671875
28999.91015625
28896.646484375
28794.80859375
28692.998046875
28592.83203125
28493.25390625
28394.03515625
28295.89453125
28197.8046875
28099.8046875
28002.728515625
27905.8515625
27809.6328125
27714.66796875
27620.82421875
27528.8359375
27438.908203125
27350.021484375
27261.68359375
27173.537109375
27085.09765625
26997.2734375
26910.44921875
26823.943359375
26739.04296875
26653.767578125
26570.19921875
26488.65625
26408.6953125
26331.15234375
26251.078125
26173.41015625
26098.6640625
26021.25
25946.251953125
25872.2734375
25797.88671875
25724.73046875
25651.560546875
25579.353515625
25508.572265625
25434.875
25363.765625
25293.8203125
25219.962890625
25153.962890625
25092.474609375
25020.6796875
24952.783203125
24883.4765625
24816.7109375
24750.93359375
24688.58203125
24624.6640625
24560.84375
24499.96875
24437.18359375
24375.494140625
24315.97265625
24256.5078125
24196.087890625
24137.796875
24079.583984375
24022.943359375
23964.60546875
23908.345703125
23853.373046875
23797.060546875
23742.01171875
23688.3359375
23634.556640625
23580.7734375
23528.064453125
23475.791015625
23423.4765625
23371.642578125
23320.953125
23270.287109375
23220.748046875
23172.23828125
23124.19140625
23073.498046875
23023.578125
22977.1328125
22929.900390625
22881.22265625
22834.41796875
22788.9140625
22742.0390625
22696.125
22651.85546875
22607.1015625
22562.3046875
22518.671875
22473.37890625
22428.326171875
22385.51953125
22343.15625
22300.28515625
22257.3046875
22214.73046875
22173.15625
22132.1640625
22090.619140625
22049.140625
22009.060546875
21969.169921875
21928.943359375
21889.3203125
21850.33984375
21811.640625
21773.28515625
21735.203125
21697.43359375
21659.78125
21622.00390625
21584.796875
21548.3671875
21512.046875
21475.61328125
21439.54296875
21403.986328125
21368.6328125
21333.4375
21298.50390625
21263.8203125
21229.44140625
21195.357421875
21161.390625
21127.6015625
21094.25390625
21061.328125
21028.64453125
20997.1171875
20966.015625
20935.537109375
20900.3125
20866.14453125
20836.3359375
20806.3515625
20774.828125
20741.2890625
20712.515625
20682.83984375
20648.7734375
20620.498046875
20592.048828125
20558.078125
20530.83203125
20502.33984375
20470.61328125
20443.798828125
20413.6328125
20382.931640625
20356.0859375
20326.076171875
20297.59375
20269.412109375
20240.55078125
20213.076171875
20185.08984375
20157.916015625
20130.21875
20103.0078125
20076.380859375
20049.109375
20022.9296875
19996.146484375
19969.86328125
19944.111328125
19917.666015625
19892.181640625
19866.48046875
19841.08984375
19816.3125
19790.68359375
19765.517578125
19740.603515625
19715.865234375
19691.572265625
19666.8046875
19642.400390625
19618.5078125
19594.19921875
19570.15625
19546.34375
19522.853515625
19499.6171875
19476.58984375
19453.77734375
19430.19140625
19406.38671875
19383.828125
19361.43359375
19338.185546875
19315.51953125
19293.541015625
19271.0078125
19248.7265625
19227.09375
19205.2734375
19183.703125
19162.32421875
19140.18359375
19118.115234375
19096.796875
19075.755859375
19054.736328125
19033.396484375
19012.216796875
18991.85546875
18971.234375
18950.67578125
18929.859375
18909.458984375
18888.822265625
18868.46875
18848.40625
18828.669921875
18808.90625
18789.03125
18770.12890625
18750.71875
18731.55078125
18712.033203125
18694.2890625
18676.5625
18658.314453125
18637.84375
18618.083984375
18600.083984375
18581.744140625
18561.40625
18540.55078125
18522.453125
18506.1640625
18487.66796875
18467.34375
18449.27734375
18434.08203125
18416.359375
18395.232421875
18375.072265625
18358.625
18342.9453125
18324.873046875
18305.8984375
18288.07421875
18271.396484375
18254.57421875
18237.1640625
18220.0703125
18203.21875
18186.1640625
18169.349609375
18152.81640625
18136.4296875
18119.99609375
18103.6015625
18087.521484375
18071.37890625
18055.330078125
18039.51171875
18023.81640625
18007.86328125
17991.513671875
17975.396484375
17959.9453125
17945.0234375
17930.3671875
17915.763671875
17901.734375
17886.55859375
17870.099609375
17852.845703125
17837.35546875
17823.4609375
17808.94140625
17793.23046875
17776.61328125
17761.654296875
17747.953125
17733.2109375
17717.833984375
17702.765625
17689.078125
17675.95703125
17662.7890625
17649.84765625
17638.01953125
17620.875
17602.2265625
17587.453125
17576.08203125
17563.376953125
17546.671875
17530.728515625
17518.287109375
17506.220703125
17491.32421875
17475.67578125
17462.796875
17450.3828125
17436.134765625
17421.7734375
17407.857421875
17395.09765625
17382.365234375
17368.025390625
17353.994140625
17341.0625
17328.505859375
17315.666015625
17301.916015625
17288.09765625
17275.13671875
17262.623046875
17250.150390625
17237.4140625
17224.474609375
17211.83203125
17199.59765625
17187.37109375
17174.7578125
17161.6875
17148.37890625
17135.42578125
17123.046875
17111.021484375
17098.828125
17086.2421875
17073.369140625
17060.9921875
17048.904296875
17037.03515625
17024.58984375
17011.810546875
16999.017578125
16986.64453125
16974.65234375
16962.7421875
16950.87109375
16938.98046875
16927.171875
16915.28125
16903.51171875
16891.615234375
16879.953125
16868.119140625
16856.76953125
16845.216796875
16834.28515625
16822.330078125
16810.15625
16798.34765625
16786.810546875
16775.9765625
16765.10546875
16754.66796875
16743.111328125
16730.279296875
16716.9921875
16705.44921875
16695.341796875
16684.830078125
16673.01171875
16660.01171875
16647.75
16636.837890625
16626.748046875
16615.943359375
16604.798828125
16591.958984375
16579.640625
16567.20703125
16555.419921875
16543.646484375
16531.5390625
16519.28515625
16507.091796875
16495.2109375
16482.80078125
16469.76953125
16455.833984375
16441.65625
16427.953125
16415.130859375
16404.068359375
16393.171875
16382.0400390625
16371.00390625
16359.955078125
16348.5859375
16336.9619140625
16326.447265625
16315.9775390625
16305.7216796875
16294.8203125
16284.28125
16273.505859375
16262.8466796875
16251.681640625
16240.4990234375
16229.802734375
16219.6845703125
16209.84765625
16199.86328125
16189.8466796875
16179.8974609375
16170.220703125
16160.71484375
16151.365234375
16142.2041015625
16133.1640625
16123.84375
16113.974609375
16103.580078125
16093.26171875
16083.494140625
16074.49609375
16065.8662109375
16057.4599609375
16048.587890625
16039.33203125
16029.373046875
16019.1533203125
16009.1494140625
15999.91015625
15991.349609375
15983.064453125
15974.51953125
15966.12109375
15957.33984375
15949.0537109375
15939.4375
15930.0498046875
15920.1806640625
15910.9912109375
15902.1201171875
15893.3046875
15884.2578125
15874.9658203125
15865.66015625
15856.5380859375
15848.3251953125
15840.744140625
15833.7919921875
15826.474609375
15818.068359375
15807.826171875
15797.2431640625
15788.623046875
15781.640625
15774.5458984375
15766.0400390625
15758.4267578125
15750.509765625
15743.271484375
15734.5751953125
15726.0576171875
15717.609375
15709.4736328125
15701.39453125
15694.103515625
15687.9287109375
15681.7607421875
15675.03125
15667.0185546875
15658.744140625
15649.16796875
15638.5830078125
15629.1728515625
15622.501953125
15617.388671875
15610.76953125
15602.107421875
15592.455078125
15583.9443359375
15576.46875
15568.779296875
15560.552734375
15552.3056640625
15545.15234375
15538.03125
15530.732421875
15523.4140625
15516.955078125
15511.9521484375
15506.4912109375
15500.89453125
15492.5927734375
15482.169921875
15470.0166015625
15460.732421875
15454.169921875
15447.537109375
15438.2607421875
15428.16015625
15419.6123046875
15413.615234375
15407.646484375
15399.884765625
15391.244140625
15383.1748046875
15376.009765625
15368.505859375
15361.044921875
15353.7333984375
15347.9833984375
15341.796875
15335.53515625
15327.9619140625
15321.046875
15313.673828125
15306.5166015625
15298.30078125
15290.48046875
15282.97265625
15276.541015625
15269.8662109375
15263.158203125
15255.7490234375
15248.1826171875
15240.1611328125
15232.1064453125
15224.2919921875
15217.080078125
15210.587890625
15204.228515625
15197.7607421875
15190.75
15183.7451171875
15177.056640625
15170.7568359375
15164.6953125
15158.220703125
15152.0595703125
15144.9755859375
15138.6591796875
15131.87109375
15125.283203125
15118.4140625
15111.013671875
15103.60546875
15096.36328125
15089.7919921875
15083.7412109375
15078.1181640625
15072.10546875
15065.837890625
15058.056640625
15050.2509765625
15041.65234375
15034.5830078125
15027.26953125
15020.7578125
15013.4912109375
15005.9833984375
14997.923828125
14990.5869140625
14983.9462890625
14978.3486328125
14972.86328125
14967.404296875
14961.46484375
14955.841796875
14950.447265625
14946.40234375
14943.279296875
14941.14453125
14935.255859375
14925.52734375
14914.9296875
14908.51171875
14903.931640625
14898.107421875
14890.646484375
14884.90234375
14879.46484375
14875.2783203125
14868.62890625
14861.3349609375
14851.5625
14842.4169921875
14834.802734375
14829.173828125
14823.4921875
14817.5595703125
14811.453125
14804.7998046875
14797.189453125
14789.11328125
14781.8251953125
14775.958984375
14770.46875
14764.3369140625
14757.578125
14751.234375
14745.0146484375
14738.591796875
14731.6845703125
14725.2119140625
14718.630859375
14712.56640625
14706.240234375
14700.279296875
14693.73046875
14686.951171875
14679.8056640625
14673.05859375
14666.6005859375
14660.9052734375
14655.892578125
14652.7421875
14654.263671875
14661.4677734375
14686.99609375
14649.4130859375
14626.375
14640.21875
14614.8828125
14617.3349609375
14614.9248046875
14594.58203125
14601.5927734375
14585.90234375
14577.7060546875
14581.046875
14564.4853515625
14566.671875
14554.478515625
14549.525390625
14544.6123046875
14534.5390625
14532.234375
14520.0302734375
14516.369140625
14508.779296875
14501.7373046875
14498.2412109375
14489.830078125
14485.7705078125
14478.0654296875
14470.57421875
14465.38671875
14457.14453125
14452.111328125
14446.1513671875
14439.3740234375
14436.017578125
14430.310546875
14424.5107421875
14418.265625
14409.560546875
14402.46875
14396.783203125
14391.3408203125
14388.287109375
14384.3759765625
14380.4482421875
14376.341796875
14371.4482421875
14365.896484375
14358.998046875
14350.9931640625
14344.3203125
14338.3056640625
14333.5283203125
14328.748046875
14323.650390625
14317.83984375
14312.5517578125
14307.841796875
14304.2373046875
14300.0966796875
14295.1953125
14289.1123046875
14282.4658203125
14275.875
14269.6640625
14263.798828125
14258.1953125
14252.7890625
14247.826171875
14243.080078125
14238.51953125
14233.962890625
14229.2890625
14224.923828125
14220.767578125
14216.8623046875
14212.734375
14208.46484375
14203.8681640625
14199.423828125
14194.9541015625
14190.7412109375
14186.3232421875
14181.5732421875
14176.568359375
14171.1640625
14166.03125
14160.8359375
14155.98828125
14150.828125
14145.5703125
14139.82421875
14134.2646484375
14128.873046875
14124.1943359375
14119.8544921875
14116.0126953125
14111.978515625
14108.07421875
14103.6171875
14098.9912109375
14093.947265625
14089.099609375
14084.6513671875
14081.033203125
14077.87890625
14074.8046875
14070.697265625
14065.486328125
14059.0625
14052.83203125
14047.181640625
14043.2626953125
14040.2099609375
14038.0556640625
14035.3134765625
14032.044921875
14027.8173828125
14023.349609375
14019.083984375
14014.876953125
14011.15234375
14006.658203125
14002.0146484375
13996.7216796875
13991.4609375
13986.4541015625
13982.181640625
13978.9130859375
13976.62109375
13974.541015625
13971.4697265625
13967.0537109375
13960.998046875
13954.88671875
13949.501953125
13945.970703125
13943.654296875
13941.615234375
13938.431640625
13933.7265625
13928.52734375
13924.544921875
13922.3681640625
13920.96484375
13918.041015625
13912.759765625
13905.025390625
13897.4130859375
13890.9814453125
13886.91796875
13883.458984375
13879.85546875
13874.5244140625
13868.1298828125
13861.55078125
13856.4921875
13853.41796875
13851.8623046875
13850.455078125
13848.302734375
13844.48046875
13838.529296875
13830.2900390625
13822.2041015625
13817.193359375
13815.705078125
13814.67578125
13811.2236328125
13804.396484375
13797.390625
13792.4873046875
13789.6962890625
13786.67578125
13782.916015625
13779.1484375
13776.009765625
13771.9755859375
13766.392578125
13759.912109375
13754.5966796875
13750.638671875
13747.22265625
13742.86328125
13737.8134765625
13732.8134765625
13728.994140625
13725.77734375
13722.9501953125
13719.802734375
13717.2099609375
13714.6181640625
13712.2587890625
13709.2158203125
13705.912109375
13702.037109375
13697.8974609375
13692.9541015625
13687.3955078125
13681.3876953125
13675.873046875
13671.7109375
13668.7314453125
13666.603515625
13664.171875
13660.9990234375
13656.9609375
13652.6572265625
13648.755859375
13645.537109375
13642.8525390625
13639.91015625
13636.34765625
13631.46484375
13626.103515625
13620.6005859375
13616.1416015625
13612.08984375
13608.685546875
13604.5654296875
13600.353515625
13595.470703125
13591.1162109375
13587.1884765625
13584.1875
13581.5673828125
13579.29296875
13577.0703125
13575.1796875
13573.5087890625
13572.0576171875
13570.1982421875
13567.88671875
13564.6943359375
13561.666015625
13558.396484375
13530.884765625
13534.654296875
13539.1435546875
13518.59765625
13529.44140625
13520.453125
13512.6806640625
13518.716796875
13506.80078125
13507.3017578125
13505.744140625
13497.8505859375
13499.458984375
13494.06640625
13490.6416015625
13489.7919921875
13484.61328125
13482.9365234375
13480.05859375
13476.40625
13474.4033203125
13471.09375
13468.296875
13465.6640625
13462.6904296875
13459.931640625
13457.1533203125
13454.431640625
13451.552734375
13448.958984375
13446.2412109375
13443.4345703125
13440.9921875
13438.1650390625
13435.580078125
13433.064453125
13430.2392578125
13427.79296875
13425.1337890625
13422.4248046875
13419.9921875
13417.2783203125
13414.7080078125
13412.1875
13409.5
13407.01171875
13404.427734375
13401.826171875
13399.33984375
13396.73828125
13394.201171875
13391.6875
13389.1044921875
13386.583984375
13384.060546875
13381.51171875
13379.0048828125
13376.45703125
13373.939453125
13371.419921875
13368.89453125
13366.365234375
13363.845703125
13361.333984375
13358.81640625
13356.296875
13353.8017578125
13351.291015625
13348.7939453125
13346.2861328125
13343.775390625
13341.2880859375
13338.7890625
13336.29296875
13333.8037109375
13331.314453125
13328.8193359375
13326.3251953125
13323.83203125
13321.34765625
13318.8603515625
13316.3798828125
13313.90234375
13311.427734375
13308.9404296875
13306.466796875
13303.9921875
13301.5244140625
13299.05078125
13296.568359375
13294.111328125
13291.638671875
13289.169921875
13286.685546875
13284.2314453125
13281.7578125
13279.2998046875
13276.8310546875
13274.3603515625
13271.90625
13269.431640625
13266.962890625
13264.505859375
13262.0322265625
13259.564453125
13257.11328125
13254.6328125
13252.1689453125
13249.6884765625
13247.220703125
13244.7451171875
13242.2666015625
13239.79296875
13237.3115234375
13234.83984375
13232.359375
13229.8818359375
13227.38671875
13224.91015625
13222.427734375
13219.9423828125
13217.462890625
13214.984375
13212.4921875
13210.009765625
13207.529296875
13205.052734375
13202.5859375
13200.1005859375
13197.638671875
13195.166015625
13192.705078125
13190.2421875
13187.775390625
13185.3232421875
13182.859375
13180.408203125
13177.953125
13175.4892578125
13173.052734375
13170.609375
13168.154296875
13165.712890625
13163.25390625
13160.8056640625
13158.373046875
13155.9306640625
13153.48046875
13151.0419921875
13148.6005859375
13146.1630859375
13143.7333984375
13141.2890625
13138.8662109375
13136.4189453125
13134.005859375
13131.57421875
13129.119140625
13126.71875
13124.2783203125
13121.87109375
13119.44140625
13117.03125
13114.6328125
13112.271484375
13109.943359375
13107.80078125
13105.6533203125
13104.5625
13101.419921875
13098.93359375
13095.619140625
13093.0361328125
13090.9794921875
13089.2109375
13088.8984375
13084.556640625
13081.28125
13080.0771484375
13079.3427734375
13085.1123046875
13076.81640625
13078.111328125
13076.673828125
13068.53125
13084.2900390625
13130.6171875
13121.4931640625
13138.076171875
13124.509765625
13114.8759765625
13109.29296875
13102.125
13100.494140625
13095.056640625
13092.529296875
13084.416015625
13080.478515625
13077.880859375
13071.443359375
13067.0263671875
13065.6015625
13058.556640625
13055.037109375
13050.9384765625
13044.50390625
13040.794921875
13034.8974609375
13030.380859375
13025.298828125
13019.82421875
13014.8828125
13010.26171875
13007.1650390625
13003.6103515625
13000.6044921875
12997.0185546875
12994.21484375
12991.103515625
12987.96875
12984.6064453125
12982.20703125
12979.1015625
12976.3427734375
12973.767578125
12971.0498046875
12968.412109375
12965.7509765625
12963.35546875
12960.876953125
12958.19140625
12955.701171875
12953.1962890625
12950.7060546875
12948.2685546875
12945.787109375
12943.4384765625
12940.9658203125
12938.4375
12936.0283203125
12933.5927734375
12931.1748046875
12928.7578125
12926.38671875
12923.986328125
12921.6162109375
12919.2197265625
12916.869140625
12914.48828125
12912.1337890625
12909.73828125
12907.3759765625
12904.978515625
12902.5751953125
12900.1953125
12897.81640625
12895.44921875
12893.1142578125
12890.7626953125
12888.423828125
12886.1005859375
12883.7841796875
12881.466796875
12879.158203125
12876.8642578125
12874.564453125
12872.27734375
12869.9873046875
12867.703125
12865.4140625
12863.146484375
12860.8583984375
12858.57421875
12856.3046875
12854.029296875
12851.775390625
12849.4951171875
12847.232421875
12844.986328125
12842.7197265625
12840.4775390625
12838.25390625
12836.0546875
12833.908203125
12831.830078125
12829.8623046875
12828.0205078125
12826.228515625
12824.25390625
12821.826171875
12818.890625
12815.916015625
12813.419921875
12811.4609375
12809.6630859375
12807.51953125
12804.9267578125
12802.2919921875
12799.982421875
12797.984375
12795.9521484375
12793.6318359375
12791.14453125
12788.775390625
12786.625
12784.5458984375
12782.3046875
12779.9482421875
12777.58984375
12775.36328125
12773.2294921875
12771.01171875
12768.7021484375
12766.384765625
12764.1171875
12761.9375
12759.708984375
12757.4248046875
12755.1220703125
12752.845703125
12750.6171875
12748.400390625
12746.125
12743.84765625
12741.572265625
12739.33984375
12737.1083984375
12734.8681640625
12732.6171875
12730.37890625
12728.14453125
12725.9404296875
12723.7158203125
12721.4970703125
12719.279296875
12717.05859375
12714.8564453125
12712.662109375
12710.44921875
12708.25390625
12706.0634765625
12703.8583984375
12701.669921875
12699.470703125
12697.27734375
12695.091796875
12692.904296875
12690.705078125
12688.5341796875
12686.341796875
12684.1640625
12681.974609375
12679.79296875
12677.6044921875
12675.43359375
12673.25
12671.07421875
12668.896484375
12666.72265625
12664.54296875
12662.3720703125
12660.19921875
12658.029296875
12655.8544921875
12653.685546875
12651.5283203125
12649.359375
12647.20703125
12645.017578125
12642.8701171875
12640.70703125
12638.537109375
12636.365234375
12634.2109375
12632.046875
12629.8916015625
12627.744140625
12625.5869140625
12623.431640625
12621.275390625
12619.1298828125
12616.9794921875
12614.83203125
12612.6962890625
12610.55078125
12608.4052734375
12606.2705078125
12604.13671875
12602.0009765625
12599.8974609375
12597.7890625
12595.724609375
12593.701171875
12591.734375
12589.837890625
12587.98828125
12586.107421875
12584.0498046875
12581.7255859375
12579.17578125
12576.58984375
12574.24609375
12572.19140625
12570.302734375
12568.3740234375
12566.2685546875
12563.9853515625
12561.67578125
12559.5078125
12557.5390625
12555.7451171875
12554.005859375
12552.2822265625
12550.4384765625
12548.4169921875
12545.86328125
12543.048828125
12540.451171875
12538.4453125
12536.7216796875
12534.74609375
12532.3642578125
12529.86328125
12527.6787109375
12525.814453125
12523.849609375
12521.603515625
12519.2265625
12517.037109375
12515.076171875
12513.0693359375
12510.896484375
12508.64453125
12506.4814453125
12504.451171875
12502.3955078125
12500.24609375
12498.0859375
12495.9921875
12493.9951171875
12491.998046875
12490.005859375
12488.091796875
12486.361328125
12484.6787109375
12482.798828125
12480.556640625
12478.1220703125
12475.888671875
12473.814453125
12471.658203125
12469.240234375
12466.7939453125
12464.6044921875
12462.6708984375
12460.744140625
12458.560546875
12456.21875
12453.9716796875
12451.90234375
12449.880859375
12447.763671875
12445.5703125
12443.3984375
12441.2578125
12439.1484375
12437.0439453125
12434.9150390625
12432.7705078125
12430.611328125
12428.4541015625
12426.341796875
12424.23828125
12422.1162109375
12419.9306640625
12417.7578125
12415.6318359375
12413.505859375
12411.3779296875
12409.189453125
12406.9970703125
12404.83984375
12402.703125
12400.5556640625
12398.4033203125
12396.255859375
12394.1279296875
12391.990234375
12389.822265625
12387.576171875
12385.251953125
12382.865234375
12380.4453125
12378.0576171875
12375.732421875
12373.4599609375
12371.19921875
12368.904296875
12366.58984375
12364.3076171875
12362.1220703125
12360.2685546875
12359.16015625
12360.2236328125
12365.072265625
12372.1484375
12361.4619140625
12351.7724609375
12357.51953125
12353.3720703125
12345.169921875
12348.974609375
12343.98046875
12341.10546875
12344.4345703125
12339.1455078125
12338.71875
12335.3994140625
12329.0517578125
12328.353515625
12323.951171875
12322.732421875
12321.603515625
12317.732421875
12316.73828125
12312.7158203125
12310.654296875
12308.830078125
12305.8955078125
12305.263671875
12303.044921875
12302.3427734375
12301.5
12300.6083984375
12300.3916015625
12298.927734375
12298.134765625
12296.416015625
12295.3505859375
12294.27734375
12293.6591796875
12293.4775390625
12293.13671875
12291.8359375
12289.4619140625
12285.3017578125
12280.578125
12275.8466796875
12273.1884765625
12273.12109375
12274.05859375
12274.435546875
12270.66015625
12264.91796875
12258.681640625
12255.455078125
12254.865234375
12254.880859375
12253.470703125
12249.6689453125
12245.1884765625
12241.154296875
12238.451171875
12236.6748046875
12234.826171875
12232.6875
12229.99609375
12227.5693359375
12225.673828125
12224.046875
12222.265625
12219.8740234375
12217.3828125
12214.896484375
12212.59765625
12210.1650390625
12207.5947265625
12205.0615234375
12202.828125
12200.9404296875
12199.2548828125
12197.578125
12195.7314453125
12193.634765625
12191.38671875
12189.1123046875
12186.8564453125
12184.720703125
12182.58203125
12180.537109375
12178.4091796875
12176.244140625
12173.943359375
12171.759765625
12169.798828125
12168.1376953125
12166.56640625
12164.873046875
12162.896484375
12160.7529296875
12158.544921875
12156.43359375
12154.4228515625
12152.53125
12150.7822265625
12149.2158203125
12147.849609375
12146.5
12144.9384765625
12142.974609375
12140.5078125
12137.73828125
12135.00390625
12132.568359375
12130.5966796875
12128.8916015625
12127.275390625
12125.509765625
12123.58203125
12121.5751953125
12119.67578125
12118.0068359375
12116.689453125
12115.728515625
12115.15234375
12114.984375
12115.0419921875
12115.177734375
12114.552734375
12112.98828125
12109.7568359375
12105.7587890625
12101.513671875
12098.2685546875
12096.228515625
12095.4970703125
12095.2529296875
12094.9833984375
12093.927734375
12092.1689453125
12089.6396484375
12087.0908203125
12084.6201171875
12082.62890625
12080.962890625
12079.6259765625
12078.4404296875
12077.3828125
12076.138671875
12074.5068359375
12072.0009765625
12068.78125
12064.9619140625
12061.2900390625
12058.1337890625
12055.7900390625
12053.8037109375
12051.9033203125
12049.5224609375
12046.607421875
12043.30859375
12040.1005859375
12037.404296875
12035.33984375
12033.765625
12032.228515625
12030.490234375
12028.3798828125
12026.1279296875
12023.951171875
12022.14453125
12020.71875
12019.560546875
12018.279296875
12016.54296875
12014.2490234375
12011.74609375
12009.44921875
12007.3515625
12005.2177734375
12002.857421875
12000.314453125
11997.9765625
11996.1689453125
11994.9150390625
11993.994140625
11993.033203125
11991.92578125
11990.4765625
11988.84375
11986.95703125
11984.9658203125
11982.8662109375
11980.783203125
11978.755859375
11976.736328125
11974.716796875
11972.57421875
11970.6240234375
11968.857421875
11967.646484375
11966.5234375
11965.44140625
11963.9453125
11962.0634765625
11960.0927734375
11958.1328125
11956.484375
11954.9521484375
11953.451171875
11951.708984375
11949.603515625
11947.2666015625
11945.01171875
11943.1884765625
11941.939453125
11941.01171875
11940.259765625
11939.3388671875
11938.337890625
11936.9404296875
11935.080078125
11932.5
11929.5341796875
11926.328125
11923.046875
11919.6015625
11916.189453125
11913.21484375
11910.818359375
11908.791015625
11906.365234375
11903.353515625
11900.267578125
11897.7138671875
11895.890625
11894.2802734375
11892.49609375
11890.52734375
11888.775390625
11887.38671875
11886.3037109375
11885.2587890625
11884.3134765625
11883.4384765625
11882.7275390625
11881.9443359375
11881.1328125
11879.89453125
11878.1640625
11875.7705078125
11872.9228515625
11869.8837890625
11867.0576171875
11864.5546875
11862.2041015625
11859.9453125
11857.76171875
11855.728515625
11854.1298828125
11852.84765625
11851.982421875
11850.994140625
11849.9453125
11848.3701171875
11846.466796875
11844.10546875
11841.4541015625
11838.7578125
11836.216796875
11834.3232421875
11832.857421875
11831.8369140625
11830.705078125
11829.50390625
11827.9609375
11826.19921875
11824.142578125
11821.7353515625
11819.189453125
11816.6015625
11814.388671875
11812.5302734375
11811.1806640625
11809.8994140625
11808.5361328125
11806.548828125
11804.07421875
11800.9189453125
11797.486328125
11793.802734375
11790.349609375
11787.25
11784.70703125
11782.6796875
11781.056640625
11779.6875
11778.40625
11777.154296875
11775.74609375
11774.087890625
11772.0732421875
11769.9892578125
11767.8603515625
11766.0576171875
11764.5029296875
11763.25
11762.228515625
11761.1748046875
11759.998046875
11758.27734375
11756.1875
11753.615234375
11751.076171875
11748.7060546875
11746.7958984375
11745.201171875
11743.7783203125
11742.205078125
11740.44140625
11738.615234375
11737.080078125
11735.7919921875
11734.76953125
11733.7265625
11732.298828125
11730.53515625
11728.0888671875
11725.46875
11722.7412109375
11720.525390625
11718.8837890625
11717.85546875
11716.7841796875
11715.26171875
11712.7998046875
11709.6015625
11706.1416015625
11702.9814453125
11700.392578125
11698.3232421875
11696.45703125
11694.5048828125
11692.4111328125
11690.2294921875
11688.12109375
11686.162109375
11684.3720703125
11682.72265625
11681.21484375
11679.97265625
11678.9140625
11678.103515625
11677.21875
11676.234375
11674.6708984375
11672.849609375
11670.359375
11667.6767578125
11664.548828125
11661.384765625
11658.30078125
11655.603515625
11653.5986328125
11652.30078125
11651.5859375
11650.9931640625
11650.0517578125
11648.4609375
11646.3505859375
11644.240234375
11642.578125
11641.7939453125
11641.6005859375
11641.7880859375
11641.875
11641.595703125
11641.060546875
11640.1044921875
11639.107421875
11637.126953125
11634.3408203125
11630.3662109375
11626.474609375
11623.21484375
11620.431640625
11618.314453125
11615.515625
11612.859375
11610.611328125
11609.3505859375
11609.0908203125
11609.3779296875
11609.3583984375
11608.08984375
11605.2705078125
11601.79296875
11597.9716796875
11594.7021484375
11591.3583984375
11588.1484375
11584.8232421875
11582.005859375
11579.66015625
11577.869140625
11576.1298828125
11574.2578125
11572.0126953125
11569.419921875
11566.66796875
11564.05859375
11561.716796875
11559.716796875
11557.908203125
11556.2294921875
11554.611328125
11553.068359375
11551.69921875
11550.298828125
11548.7890625
11546.6630859375
11543.9375
11540.767578125
11537.869140625
11535.7197265625
11534.47265625
11533.7734375
11533.15625
11532.244140625
11530.9560546875
11529.5302734375
11528.193359375
11527.10546875
11526.14453125
11525.169921875
11523.919921875
11522.314453125
11520.2890625
11518.0390625
11515.6318359375
11513.2763671875
11511.064453125
11509.2041015625
11507.728515625
11506.3984375
11505.0625
11503.53515625
11502.162109375
11501.03515625
11500.5517578125
11500.56640625
11501.041015625
11501.6064453125
11501.65234375
11500.92578125
11498.7275390625
11495.2138671875
11490.3330078125
11485.1123046875
11480.3974609375
11476.962890625
11474.8623046875
11473.8037109375
11473.41015625
11472.8515625
11471.625
11469.416015625
11466.30859375
11462.8818359375
11459.626953125
11456.87109375
11454.509765625
11452.12890625
11449.54296875
11446.8818359375
11444.5400390625
11442.736328125
11441.583984375
11440.65625
11439.650390625
11438.142578125
11436.2890625
11434.19140625
11432.326171875
11430.62109375
11429.1357421875
11427.4765625
11425.5234375
11423.01171875
11420.0673828125
11416.83984375
11413.6806640625
11410.8486328125
11408.572265625
11406.8203125
11405.4140625
11404.068359375
11402.521484375
11400.765625
