9945.142578125
9933.072265625
9921.427734375
9910.197265625
9899.3662109375
9888.931640625
9878.880859375
9869.1865234375
9859.83203125
9850.80078125
9842.083984375
9833.6455078125
9825.482421875
9817.57421875
9809.908203125
9802.4765625
9795.26953125
9788.2802734375
9781.49609375
9774.9111328125
9768.525390625
9762.33203125
9756.3251953125
9750.5029296875
9744.8603515625
9739.3955078125
9734.09765625
9728.9619140625
9723.984375
9719.1494140625
9714.466796875
9709.9267578125
9705.5166015625
9701.2392578125
9697.0869140625
9693.056640625
9689.140625
9685.3359375
9681.646484375
9678.05859375
9674.5703125
9671.1875
9667.8974609375
9664.697265625
9661.5859375
9658.5693359375
9655.634765625
9652.779296875
9650.001953125
9647.2978515625
9644.6689453125
9642.11328125
9639.625
9637.2060546875
9634.849609375
9632.5595703125
9630.3291015625
9628.1552734375
9626.0380859375
9623.9736328125
9621.962890625
9620.00390625
9618.0947265625
9616.2392578125
9614.421875
9612.6513671875
9610.9267578125
9609.2421875
9607.5966796875
9605.9951171875
9604.4296875
9602.90234375
9601.41015625
9599.9541015625
9598.53125
9597.140625
9595.7822265625
9594.4560546875
9593.15625
9591.8896484375
9590.6494140625
9589.439453125
9588.255859375
9587.103515625
9585.9697265625
9584.86328125
9583.779296875
9582.71875
9581.681640625
9580.66796875
9579.67578125
9578.705078125
9577.751953125
9576.8251953125
9575.9130859375
9575.0185546875
9574.1474609375
9573.291015625
9572.453125
9571.6328125
9570.828125
9570.041015625
9569.2734375
9568.5166015625
9567.7744140625
9567.0517578125
9566.337890625
9565.640625
9564.95703125
9564.287109375
9563.630859375
9562.98828125
9562.3583984375
9561.740234375
9561.1337890625
9560.537109375
9559.951171875
9559.3828125
9558.8203125
9558.2734375
9557.7333984375
9557.2041015625
9556.685546875
9556.1787109375
9555.677734375
9555.1875
9554.70703125
9554.236328125
9553.7734375
9553.322265625
9552.8759765625
9552.439453125
9552.01171875
9551.58984375
9551.177734375
9550.7734375
9550.3779296875
9549.9853515625
9549.6044921875
9549.228515625
9548.86328125
9548.5
9548.146484375
9547.796875
9547.4541015625
9547.12109375
9546.7900390625
9546.466796875
9546.146484375
9545.8388671875
9545.5322265625
9545.234375
9544.9375
9544.6484375
9544.3642578125
9544.083984375
9543.810546875
9543.5400390625
9543.27734375
9543.017578125
9542.765625
9542.515625
9542.26953125
9542.0283203125
9541.791015625
9541.55859375
9541.3310546875
9541.107421875
9540.8857421875
9540.669921875
9540.4560546875
9540.2470703125
9540.04296875
9539.83984375
9539.64453125
9539.44921875
9539.259765625
9539.0712890625
9538.88671875
9538.70703125
9538.529296875
9538.35546875
9538.185546875
9538.017578125
9537.853515625
9537.6904296875
9537.533203125
9537.376953125
9537.220703125
9537.072265625
9536.921875
9536.775390625
9536.630859375
9536.490234375
9536.3505859375
9536.21484375
9536.08203125
9535.9501953125
9535.8203125
9535.6923828125
1043514.375
116403.8515625
77299.3359375
50290.2578125
157660.84375
46142.296875
45153.078125
44189.63671875
46490.171875
53454.6328125
69216.28125
54202.7265625
46599.51171875
41771.20703125
38192.5078125
35997.3515625
34514.23046875
33340.203125
32352.1953125
31429.25390625
30478.26953125
29509.1640625
28539.375
27609.79296875
26769.39453125
26003.240234375
25293.86328125
24648.09375
24033.78125
23428.138671875
22818.63671875
22215.037109375
21630.7109375
21071.3203125
20529.046875
20000.625
19508.3203125
19057.64453125
18626.66015625
18200.494140625
17779.94140625
17367.572265625
16967.046875
16581.83984375
16215.0791015625
15867.6396484375
15535.7470703125
15215.55859375
14907.82421875
14614.951171875
14334.970703125
14062.6337890625
13798.029296875
13546.505859375
13308.88671875
13081.556640625
12863.0107421875
12654.306640625
12456.0625
12267.1123046875
12085.375
11910.8720703125
11745.60546875
11589.583984375
11439.3603515625
11292.59375
11149.7685546875
11012.25
10880.48046875
10752.8955078125
10628.0615234375
10506.6875
10389.814453125
10277.3515625
10168.705078125
10063.458984375
9961.3193359375
9862.166015625
9766.0380859375
9673.130859375
9583.3818359375
9496.533203125
9412.509765625
9331.2265625
9252.4580078125
9176.0361328125
9101.80859375
9029.6142578125
8959.2314453125
8890.609375
8823.73828125
8758.447265625
8694.6494140625
8632.296875
8571.2900390625
8511.404296875
8452.6142578125
8395.046875
8338.6083984375
8283.19140625
8228.8466796875
8175.55810546875
8123.19580078125
8071.8095703125
8021.3427734375
7971.78125
7923.1103515625
7875.27978515625
7828.24658203125
7782.11865234375
7736.95947265625
7692.7353515625
7649.30810546875
7605.6259765625
7562.7255859375
7521.6005859375
7480.8173828125
7440.453125
7401.01416015625
7362.962890625
7325.4873046875
7287.58056640625
7250.9736328125
7215.32080078125
7179.85546875
7145.40966796875
7112.68115234375
7077.6435546875
7044.3193359375
7011.791015625
6978.98828125
6948.4814453125
6918.4326171875
6887.95068359375
6859.388671875
6831.1708984375
6802.3525390625
6776.06494140625
6748.88525390625
6722.44287109375
6697.99755859375
6672.1240234375
6647.44775390625
6623.7685546875
6599.22802734375
6575.9931640625
6552.80126953125
6529.3837890625
6506.93603515625
6484.3212890625
6461.8974609375
6440.1591796875
6418.07568359375
6396.57177734375
6375.3212890625
6353.96435546875
6333.10986328125
6312.5830078125
6291.66064453125
6271.26416015625
6250.63623046875
6230.0859375
6209.734375
6189.673828125
6171.3095703125
6156.921875
6153.4130859375
6131.3642578125
6094.7822265625
6081.6240234375
6064.662109375
6035.8779296875
6024.0712890625
6000.806640625
5979.22021484375
5965.5712890625
5941.08056640625
5926.98046875
5910.984375
5889.1689453125
5875.6826171875
5857.2822265625
5838.9580078125
5825.16015625
5805.38232421875
5791.626953125
5774.3349609375
5758.87890625
5744.2890625
5727.396484375
5713.83984375
5697.068359375
5681.8857421875
5667.01904296875
5652.001953125
5637.8037109375
5621.966796875
5608.3408203125
5593.5908203125
5578.9404296875
5565.2255859375
5550.537109375
5536.646484375
5522.73828125
5509.5302734375
5496.244140625
5482.63232421875
5469.904296875
5456.892578125
5444.42626953125
5432.32373046875
5419.9482421875
5408.1533203125
5396.4677734375
5384.9111328125
5373.4580078125
5361.986328125
5350.8251953125
5339.58349609375
5328.4658203125
5317.4541015625
5306.35107421875
5295.4140625
5284.49169921875
5273.4404296875
5262.564453125
5251.7177734375
5240.98681640625
5230.4384765625
5220.037109375
5209.8583984375
5199.8671875
5190.11962890625
5180.7080078125
5171.6015625
5162.544921875
5152.8173828125
5142.64404296875
5133.3623046875
5124.6357421875
5115.203125
5105.490234375
5096.677734375
5088.24365234375
5079.3671875
5070.6064453125
5060.9013671875
5050.970703125
5042.17626953125
5033.958984375
5024.7705078125
5015.0341796875
5006.546875
4998.43017578125
4989.48046875
4981.0
4973.224609375
4964.806640625
4956.130859375
4948.1806640625
4940.38623046875
4932.30615234375
4924.4853515625
4916.9619140625
4909.31787109375
4901.876953125
4894.51318359375
4886.552734375
4877.7705078125
4868.7685546875
4859.9658203125
4851.21875
4842.67333984375
4834.16064453125
4825.2490234375
4815.95556640625
4806.982421875
4798.45947265625
4790.14306640625
4781.99365234375
4773.923828125
4766.0283203125
4758.0068359375
4749.4208984375
4741.27294921875
4734.458984375
4727.048828125
4717.9794921875
4709.7880859375
4702.923828125
4695.7451171875
4688.3076171875
4681.25
4673.59326171875
4666.2763671875
4660.1875
4653.73974609375
4646.673828125
4639.99609375
4633.578125
4627.271484375
4621.423828125
4615.52978515625
4609.4599609375
4603.7314453125
4597.94140625
4591.9970703125
4586.36865234375
4580.90625
4575.31201171875
4569.78466796875
4564.38525390625
4559.04248046875
4553.865234375
4548.89794921875
4543.990234375
4539.03955078125
4533.26708984375
4527.26318359375
4522.009765625
4517.3349609375
4512.2373046875
4506.462890625
4500.9951171875
4496.2158203125
4491.546875
4486.58984375
4481.912109375
4477.89306640625
4474.02001953125
4468.970703125
4462.771484375
4456.29345703125
4450.6455078125
4446.0791015625
4441.84765625
4437.08935546875
4431.60546875
4426.1943359375
4421.50927734375
4417.32861328125
4413.0302734375
4408.5849609375
4404.701171875
4401.845703125
4398.81787109375
4393.8447265625
4386.625
4379.80810546875
4375.6494140625
4373.2802734375
4370.2236328125
4365.42578125
4359.916015625
4354.99072265625
4351.078125
4347.7919921875
4344.2958984375
4340.0537109375
4335.5146484375
4331.7451171875
4328.4990234375
4324.9853515625
4320.984375
4317.16259765625
4313.72900390625
4310.4287109375
4307.158203125
4303.82177734375
4300.3798828125
4296.9599609375
4293.90869140625
4291.04345703125
4288.1337890625
4285.302734375
4282.8349609375
4280.474609375
4277.728515625
4274.28125
4270.39208984375
4266.7568359375
4263.955078125
4261.92578125
4259.9091796875
4257.12939453125
4253.50439453125
4249.78662109375
4246.8466796875
4244.7421875
4242.75048828125
4240.2333984375
4237.28271484375
4234.48681640625
4232.2646484375
4230.4033203125
4228.4658203125
4226.4541015625
4224.4130859375
4222.873046875
4221.7353515625
4220.8701171875
4220.669921875
4218.59130859375
4215.3369140625
4208.9765625
4204.2998046875
4202.642578125
4202.388671875
4200.4111328125
4195.58984375
4191.4296875
4189.9267578125
4189.416015625
4187.4921875
4184.02685546875
4181.39208984375
4180.24169921875
4178.677734375
4176.1357421875
4173.728515625
4172.7587890625
4172.267578125
4171.1396484375
4168.892578125
4166.458984375
4163.2470703125
4159.74072265625
4157.2177734375
4155.830078125
4155.21875
4153.4375
4150.6640625
4148.0341796875
4146.8076171875
4146.6962890625
4146.3583984375
4145.34423828125
4143.65185546875
4141.6708984375
4139.2646484375
4136.3701171875
4133.890625
4132.37158203125
4131.74365234375
4130.92236328125
4128.986328125
4125.88671875
4122.7841796875
4120.841796875
4119.880859375
4118.84912109375
4116.998046875
4114.5087890625
4112.17236328125
4110.681640625
4110.0166015625
4109.43359375
4108.26806640625
4106.533203125
4104.857421875
4103.52294921875
4102.58984375
4101.2763671875
4099.40185546875
4097.5380859375
4096.294921875
4096.80126953125
4097.6865234375
4098.55322265625
4097.66796875
4095.1669921875
4091.064453125
4087.56005859375
4084.97412109375
4083.36767578125
4081.15625
4078.87890625
4077.08154296875
4075.84765625
4074.630859375
4072.64453125
4070.7421875
4068.955078125
4067.5751953125
4065.8544921875
4063.85302734375
4062.1416015625
4060.9228515625
4059.73828125
4057.8955078125
4055.671875
4053.75927734375
4052.48291015625
4051.56982421875
4050.4736328125
4049.17578125
4047.71484375
4046.208984375
4044.3173828125
4041.9892578125
4039.734375
4037.8056640625
4036.6455078125
4035.6806640625
4034.833984375
4033.552734375
4031.92529296875
4029.6376953125
4027.2236328125
4025.1337890625
4024.06640625
4023.5751953125
4023.302734375
4022.4677734375
4021.021484375
4019.5361328125
4017.96875
4016.6552734375
4014.67333984375
4012.3603515625
4009.9658203125
4008.13671875
4006.89892578125
4006.076171875
4005.3154296875
4004.23046875
4003.197265625
4002.01171875
4001.2255859375
4000.283203125
3999.14453125
3997.5654296875
3995.62158203125
3993.896484375
3992.5732421875
3991.90576171875
3991.6044921875
3991.8359375
3991.70556640625
3991.25
3988.8837890625
3986.06298828125
3984.068359375
3982.935546875
3982.13330078125
3980.67578125
3979.39306640625
3978.4697265625
3977.93359375
3977.4912109375
3976.9580078125
3976.5986328125
3975.580078125
3974.25341796875
3972.8681640625
3972.8369140625
3974.3740234375
3976.9111328125
3979.4208984375
3979.796875
3976.7236328125
3971.39111328125
3968.0673828125
3968.7578125
3971.6279296875
3973.1943359375
3974.08642578125
3973.70849609375
3975.7890625
3971.8515625
3966.10986328125
3962.55224609375
3963.38525390625
3964.28369140625
3960.8095703125
3956.35400390625
3954.93359375
3956.56640625
3957.2470703125
3955.4638671875
3953.29541015625
3952.9072265625
3952.28076171875
3950.76123046875
3948.7900390625
3947.9384765625
3947.04052734375
3946.22607421875
3945.1396484375
3944.80859375
3944.390625
3943.94580078125
3942.87890625
3941.9892578125
3940.20849609375
3938.8837890625
3937.66162109375
3937.1611328125
3936.59326171875
3935.85107421875
3935.0068359375
3934.22802734375
3933.66357421875
3933.2373046875
3933.1943359375
3932.94189453125
3932.5400390625
3931.04296875
3929.5478515625
3927.76953125
3926.791015625
3926.1201171875
3925.9580078125
3925.732421875
3925.373046875
3924.72265625
3924.076171875
3923.5546875
3923.3193359375
3923.06640625
3922.6748046875
3921.76953125
3920.64892578125
3919.28564453125
3918.3642578125
3917.7197265625
3918.2861328125
3919.11181640625
3920.73046875
3921.3916015625
3921.771484375
3920.583984375
3918.8271484375
3916.19775390625
3913.689453125
3911.5751953125
3910.3974609375
3910.0615234375
3910.43603515625
3911.13671875
3911.6533203125
3912.05859375
3911.73779296875
3911.662109375
3912.015625
3913.7890625
3914.50634765625
3914.4619140625
3912.79638671875
3912.2822265625
3913.11083984375
3914.3095703125
3914.3974609375
3911.3701171875
3908.078125
3906.0185546875
3906.53173828125
3906.953125
3906.2978515625
3903.158203125
3899.662109375
3896.5966796875
3894.869140625
3893.923828125
3893.36767578125
3892.88720703125
3892.5966796875
3892.4404296875
3891.63818359375
3890.0771484375
3888.0791015625
3886.53955078125
3886.13818359375
3886.3115234375
3886.76171875
3886.64013671875
3886.31689453125
3885.8173828125
3885.30615234375
3885.2236328125
3884.642578125
3884.193359375
3883.1240234375
3881.91455078125
3880.884765625
3880.255859375
3880.5224609375
3881.3212890625
3882.6279296875
3883.705078125
3884.318359375
3883.43359375
3881.3759765625
3878.2548828125
3875.5224609375
3873.8583984375
3873.634765625
3874.11083984375
3874.64404296875
3874.42578125
3873.5771484375
3872.3798828125
3871.404296875
3870.818359375
3870.1484375
3869.240234375
3867.86962890625
3866.6875
3865.97265625
3866.078125
3866.78173828125
3867.68310546875
3868.35400390625
3868.59033203125
3868.39453125
3868.0947265625
3867.7529296875
3867.8388671875
3868.279296875
3869.5634765625
3870.404296875
3869.787109375
3866.0927734375
3860.91259765625
3857.84765625
3858.1865234375
3860.6962890625
3862.5048828125
3863.17529296875
3863.5703125
3864.7978515625
3865.654296875
3864.1064453125
3861.29931640625
3858.80859375
3858.5576171875
3859.5283203125
3860.2509765625
3860.1279296875
3859.083984375
3857.748046875
3855.3359375
3852.9033203125
3851.04052734375
3849.86279296875
3849.2314453125
3847.81396484375
3846.60546875
3845.98876953125
3846.50146484375
3847.5439453125
3848.2763671875
3849.083984375
3849.6416015625
3849.9013671875
3849.0654296875
3847.11181640625
3844.63818359375
3842.5791015625
3841.1494140625
3840.32177734375
3840.0498046875
3840.1240234375
3840.5966796875
3840.6474609375
3840.4306640625
3839.408203125
3838.47705078125
3836.75048828125
3835.8466796875
3834.404296875
3834.11669921875
3834.08935546875
3834.46337890625
3834.4033203125
3833.626953125
3832.1787109375
3830.1806640625
3828.0986328125
3826.3271484375
3824.9091796875
3824.3408203125
3823.7529296875
3823.67626953125
3823.3583984375
3823.11328125
3822.94873046875
3822.26025390625
3821.84228515625
3821.005859375
3820.4169921875
3819.7900390625
3819.14892578125
3819.0244140625
3819.19140625
3820.1240234375
3821.0908203125
3821.93408203125
3822.14306640625
3821.7734375
3821.10107421875
3820.23388671875
3819.517578125
3818.97314453125
3818.837890625
3818.8896484375
3818.82421875
3818.205078125
3816.9970703125
3815.6044921875
3815.19287109375
3815.78271484375
3817.7041015625
3819.4501953125
3821.3896484375
3822.9697265625
3823.28515625
3822.60546875
3821.4169921875
3819.98681640625
3820.57177734375
3821.1796875
3821.8818359375
3819.94921875
3817.1171875
3814.51171875
3812.892578125
3811.6748046875
3810.302734375
3808.5087890625
3806.1142578125
3803.51123046875
3800.95361328125
3799.2294921875
3798.3125
3797.7919921875
3797.4609375
3796.9658203125
3797.0888671875
3796.6630859375
3797.935546875
3798.048828125
3800.74072265625
3804.017578125
3808.4140625
3804.8818359375
3798.8037109375
3792.2744140625
3805.2939453125
3823.83984375
3825.236328125
3815.02685546875
3816.0146484375
3819.423828125
3816.36572265625
3815.0517578125
3818.11328125
3836.9208984375
3824.689453125
3817.8935546875
3811.962890625
3809.4150390625
3803.55859375
3800.71142578125
3799.2333984375
3800.14208984375
3801.6357421875
3813.79541015625
3802.341796875
3794.7451171875
3796.544921875
3795.5234375
3795.27392578125
3794.5859375
3792.62451171875
3793.58544921875
3791.681640625
3787.8310546875
3786.61572265625
3794.8125
3789.62255859375
3794.998046875
3811.58984375
3806.568359375
3804.224609375
3794.71923828125
3799.7978515625
3787.4794921875
3791.96044921875
3788.8193359375
3787.2412109375
3790.51708984375
3789.9931640625
3788.232421875
3791.939453125
3788.7587890625
3788.8203125
3785.6748046875
3783.77294921875
3779.99853515625
3779.4111328125
3778.18798828125
3782.63671875
3785.611328125
3790.8935546875
3791.4775390625
3791.0224609375
3787.41455078125
3779.919921875
3773.6123046875
3773.6552734375
3774.7734375
3773.224609375
3767.044921875
3765.9287109375
3767.8818359375
3764.865234375
3772.732421875
3782.32861328125
3773.93505859375
3770.62841796875
3767.93798828125
3761.7431640625
3764.3798828125
3764.09912109375
3757.73828125
3757.1650390625
3759.43115234375
3754.220703125
3755.6865234375
3755.431640625
3752.9072265625
3752.12158203125
3749.77978515625
3750.013671875
3751.58642578125
3752.7314453125
3752.54541015625
3755.57666015625
3757.24560546875
3756.34814453125
3756.82421875
3758.7763671875
3757.30517578125
3757.568359375
3758.55224609375
3756.498046875
3753.9873046875
3752.17578125
3749.24658203125
3747.0791015625
3746.10205078125
3746.9892578125
3746.88818359375
3747.3701171875
3747.7451171875
3747.0087890625
3746.51953125
3745.9765625
3744.93408203125
3743.6025390625
3742.669921875
3741.3505859375
3740.228515625
3739.40087890625
3738.49072265625
3737.44921875
3736.38671875
3735.37255859375
3734.54052734375
3734.2744140625
3734.4013671875
3735.2451171875
3736.16845703125
3737.3388671875
3738.11328125
3738.5302734375
3737.794921875
3736.54296875
3734.6318359375
3733.72607421875
3733.89990234375
3735.623046875
3738.0888671875
3738.8828125
3738.1787109375
3735.20263671875
3732.2353515625
3729.89501953125
3729.0927734375
3728.87060546875
3728.66845703125
3727.9970703125
3726.615234375
3725.50390625
3724.130859375
3723.7451171875
3723.42578125
3723.7236328125
3724.05029296875
3724.7568359375
3709.13134765625
3712.3271484375
3717.3173828125
3705.5302734375
3713.31494140625
3710.2294921875
3705.58984375
3711.2880859375
3705.8125
3706.16796875
3707.97802734375
3703.90576171875
3705.7734375
3705.0703125
3703.2001953125
3704.5283203125
3703.146484375
3702.64013671875
3703.06005859375
3701.958984375
3701.86767578125
3701.77001953125
3701.0830078125
3700.9833984375
3700.75244140625
3700.27587890625
3700.12939453125
3699.8984375
3699.4951171875
3699.35791015625
3699.1064453125
3698.75390625
3698.6376953125
3698.353515625
3698.06640625
3697.94775390625
3697.6494140625
3697.42724609375
3697.27001953125
3696.990234375
3696.80859375
3696.615234375
3696.369140625
3696.19580078125
3695.98486328125
3695.7646484375
3695.580078125
3695.3779296875
3695.177734375
3694.97998046875
3694.78369140625
3694.58984375
3694.39697265625
3694.2138671875
3694.02197265625
3693.8359375
3693.65380859375
3693.4619140625
3693.271484375
3693.08642578125
3692.89892578125
3692.72021484375
3692.5380859375
3692.3525390625
3692.173828125
3691.98583984375
3691.8046875
3691.6279296875
3691.4482421875
3691.26708984375
3691.083984375
3690.9072265625
3690.7275390625
3690.55029296875
3690.376953125
3690.19921875
3690.0205078125
3689.84619140625
3689.669921875
3689.4951171875
3689.3203125
3689.1435546875
3688.970703125
3688.80078125
3688.63037109375
3688.4560546875
3688.283203125
3688.11181640625
3687.93798828125
3687.76904296875
3687.59326171875
3687.42236328125
3687.251953125
3687.080078125
3686.91162109375
3686.7490234375
3686.58203125
3686.41796875
3686.25
3686.08203125
3685.916015625
3685.7529296875
3685.58447265625
3685.4208984375
3685.2548828125
3685.0888671875
3684.92724609375
3684.76220703125
3684.595703125
3684.4296875
3684.263671875
3684.09912109375
3683.93505859375
3683.7666015625
3683.60302734375
3683.4384765625
3683.2783203125
3683.11767578125
3682.9541015625
3682.79248046875
3682.6328125
3682.4677734375
3682.30810546875
3682.142578125
3681.982421875
3681.81884765625
3681.6572265625
3681.49267578125
3681.33447265625
3681.1708984375
3681.01123046875
3680.8515625
3680.6904296875
3680.52783203125
3680.365234375
3680.20361328125
3680.044921875
3679.88671875
3679.72802734375
3679.568359375
3679.40869140625
3679.251953125
3679.0888671875
3678.93017578125
3678.77197265625
3678.61181640625
3678.4501953125
3678.2890625
3678.13037109375
3677.9658203125
3677.806640625
3677.64501953125
3677.48388671875
3677.322265625
3677.1591796875
3677.0
3676.83544921875
3676.677734375
3676.5107421875
3676.3486328125
3676.1845703125
3676.015625
3675.849609375
3675.6826171875
3675.5185546875
3675.3505859375
3675.18359375
3675.01220703125
3674.8408203125
3674.6767578125
3674.501953125
3674.33056640625
3674.15625
3673.982421875
3673.8046875
3673.6298828125
3673.451171875
3673.267578125
3673.0859375
3672.9033203125
3672.71240234375
3672.525390625
3672.3349609375
3672.1435546875
3671.9423828125
3671.74609375
3671.5419921875
3671.3388671875
3671.1298828125
3670.9169921875
3670.7041015625
3670.4921875
3670.2744140625
3670.05224609375
3669.8330078125
3669.6025390625
3669.3740234375
3669.1484375
3668.91796875
3668.6953125
3668.4775390625
3668.2587890625
3668.04736328125
3667.83984375
3667.63818359375
3667.43896484375
3667.25244140625
3667.06494140625
3666.8837890625
3666.7099609375
3666.5400390625
3666.3603515625
3666.19287109375
3666.0263671875
3665.8623046875
3665.69677734375
3665.53173828125
3665.36962890625
3665.2080078125
3665.0439453125
3664.8837890625
3664.72314453125
3664.56787109375
3664.408203125
3664.255859375
3664.1005859375
3663.943359375
3663.791015625
3663.63818359375
3663.484375
3663.330078125
3663.1748046875
3663.02197265625
3662.8701171875
3662.716796875
3662.56201171875
3662.4130859375
3662.263671875
3662.1083984375
3661.95703125
3661.8115234375
3661.66357421875
3661.5107421875
3661.36328125
3661.2119140625
3661.0556640625
3660.90771484375
3660.75341796875
3660.6025390625
3660.45068359375
3660.30078125
3660.15625
3660.0078125
3659.85791015625
3659.708984375
3659.5576171875
3659.41015625
3659.263671875
3659.11572265625
3658.962890625
3658.81689453125
3658.66796875
3658.52001953125
3658.373046875
3658.2236328125
3658.0751953125
3657.92724609375
3657.787109375
3657.63671875
3657.4892578125
3657.3447265625
3657.1943359375
3657.04296875
3656.896484375
3656.75048828125
3656.6064453125
3656.46142578125
3656.3173828125
3656.1708984375
3656.025390625
3655.880859375
3655.736328125
3655.5908203125
3655.4501953125
3655.3046875
3655.1591796875
3655.0146484375
3654.8671875
3654.724609375
3654.58056640625
3654.43896484375
3654.294921875
3654.1484375
3654.0048828125
3653.8603515625
3653.7158203125
3653.5712890625
3653.43505859375
3653.28955078125
3653.1494140625
3653.0068359375
3652.86328125
3652.7255859375
3652.5791015625
3652.43798828125
3652.2939453125
3652.1513671875
3652.01123046875
3651.8681640625
3651.7236328125
3651.57861328125
3651.4423828125
3651.29931640625
3651.16015625
3651.015625
3650.8681640625
3650.7255859375
3650.5869140625
3650.44580078125
3650.30078125
3650.1611328125
3650.0244140625
3649.8818359375
3649.7392578125
3649.5966796875
3649.453125
3649.3134765625
3649.1748046875
3649.0302734375
3648.8857421875
3648.74267578125
3648.5986328125
3648.4560546875
3648.3125
3648.1669921875
3648.02294921875
3647.87890625
3647.73388671875
3647.58984375
3647.447265625
3647.3017578125
3647.15625
3647.01171875
3646.8662109375
3646.7216796875
3646.572265625
3646.42626953125
3646.27734375
3646.1298828125
3645.9765625
3645.8310546875
3645.67919921875
3645.5322265625
3645.38330078125
3645.232421875
3645.083984375
3644.93310546875
3644.77685546875
3644.6201171875
3644.458984375
3644.3037109375
3644.1416015625
3643.97998046875
3643.8154296875
3643.6513671875
3643.48583984375
3643.31884765625
3643.150390625
3642.97998046875
3642.80859375
3642.6396484375
3642.4765625
3642.30859375
3642.15478515625
3642.0205078125
3641.9033203125
3641.8046875
3641.6953125
3641.53125
3641.259765625
3640.908203125
3640.576171875
3640.35400390625
3640.232421875
3640.109375
3639.92138671875
3639.6533203125
3639.392578125
3639.19189453125
3639.0498046875
3638.916015625
3638.7333984375
3638.51953125
3638.3203125
3638.16796875
3638.04345703125
3637.9033203125
3637.73583984375
3637.5634765625
3637.4091796875
3637.27587890625
3637.15087890625
3637.00634765625
3636.84765625
3636.69091796875
3636.5478515625
3636.4130859375
3636.2744140625
3636.1318359375
3635.986328125
3635.8466796875
3635.708984375
3635.5703125
3635.43408203125
3635.2919921875
3635.1484375
3635.0107421875
3634.87646484375
3634.7431640625
3634.60791015625
3634.470703125
3634.3359375
3634.2021484375
3634.07177734375
3633.93603515625
3633.802734375
3633.66845703125
3633.5400390625
3633.4091796875
3633.2802734375
3633.15234375
3633.02490234375
3632.8974609375
3632.77734375
3632.66357421875
3632.5595703125
3632.45361328125
3632.3564453125
3632.248046875
3632.1083984375
3631.93896484375
3631.75634765625
3631.58984375
3631.46630859375
3631.3671875
3631.271484375
3631.1494140625
3631.00732421875
3630.86669921875
3630.75390625
3630.6767578125
3630.6240234375
3630.5888671875
3630.59033203125
3630.6044921875
3630.64111328125
3630.578125
3630.3837890625
3630.01806640625
3629.62353515625
3629.34716796875
3629.2451171875
3629.240234375
3629.212890625
3629.0947265625
3628.8759765625
3628.638671875
3628.462890625
3628.3603515625
3628.29296875
3628.2099609375
3628.06201171875
3627.87841796875
3627.7021484375
3627.56982421875
3627.4775390625
3627.3798828125
3627.2451171875
3627.0810546875
3626.91552734375
3626.7685546875
3626.64453125
3626.521484375
3626.37451171875
3626.2109375
3626.02734375
3625.845703125
3625.66796875
3625.4697265625
3625.2646484375
3625.0478515625
3624.830078125
3624.6572265625
3624.568359375
3624.658203125
3624.84375
3625.1455078125
3624.8994140625
3624.0595703125
3622.49169921875
3622.166015625
3626.623046875
3634.013671875
3625.9521484375
3628.62255859375
3629.0166015625
3626.71484375
3627.69873046875
3621.341796875
3622.28515625
3623.8916015625
3627.10009765625
3629.13916015625
3625.76708984375
3626.1533203125
3625.77880859375
3627.7705078125
3626.42578125
3623.8369140625
3622.83984375
3623.2763671875
3624.4638671875
3626.79248046875
3630.169921875
3631.3916015625
3633.4404296875
3635.3798828125
3636.1953125
3637.0126953125
3637.18017578125
3636.5849609375
3635.9345703125
3636.2294921875
3636.82568359375
3637.05859375
3636.32177734375
3633.23681640625
3630.38916015625
3628.806640625
3629.177734375
3630.74462890625
3632.11328125
3631.92138671875
3630.70263671875
3628.53076171875
3626.1806640625
3623.6748046875
3621.7998046875
3620.4111328125
3619.97216796875
3620.01953125
3620.1708984375
3620.2392578125
3620.41796875
3620.60009765625
3620.78271484375
3620.50390625
3619.759765625
3618.55224609375
3617.4716796875
3616.720703125
3616.65771484375
3617.1748046875
3617.9501953125
3618.5322265625
3618.7275390625
3618.400390625
3617.712890625
3616.763671875
3615.7177734375
3614.642578125
3613.703125
3612.97998046875
3612.5986328125
3612.47314453125
3612.50244140625
3612.533203125
3612.4814453125
3612.3984375
3612.26806640625
3612.22802734375
3612.1015625
3612.0458984375
3611.84375
3611.7470703125
3611.46728515625
3611.486328125
3611.22412109375
3611.4208984375
3611.2529296875
3611.54150390625
3611.69140625
3612.2470703125
3612.7841796875
3613.31298828125
3613.35302734375
3612.787109375
3611.9326171875
3611.32958984375
3611.7939453125
3613.060546875
3615.0732421875
3616.89404296875
3618.5966796875
3619.7529296875
3620.7705078125
3621.1787109375
3621.01220703125
3620.029296875
3619.0380859375
3618.4658203125
3618.99267578125
3620.1123046875
3621.32861328125
3621.572265625
3620.82568359375
3618.9453125
3616.6865234375
3614.0888671875
3611.3095703125
3608.736328125
3607.04296875
3607.4169921875
3608.5380859375
3618.08642578125
3611.33203125
3610.6474609375
3613.90869140625
3611.65625
3606.1943359375
3604.94921875
3603.3828125
3606.0732421875
3603.47607421875
3601.26025390625
3602.203125
3603.181640625
3601.7705078125
3599.78564453125
3599.609375
3597.52880859375
3596.26806640625
3595.64306640625
3594.9716796875
3594.455078125
3595.056640625
3593.796875
3592.7236328125
3592.537109375
3592.08984375
3591.42919921875
3591.57470703125
3592.0380859375
3592.2685546875
3592.54541015625
3592.4404296875
3592.46533203125
3593.376953125
3594.728515625
3596.1123046875
3596.517578125
3595.7568359375
3593.93603515625
3593.03515625
3593.43359375
3594.978515625
3596.8603515625
3597.802734375
3597.57421875
3596.0849609375
3594.91015625
3594.59716796875
3595.17578125
3595.73486328125
3595.390625
3594.2373046875
3592.75244140625
3591.830078125
3591.5205078125
3591.9736328125
3592.83984375
3593.84375
3594.58056640625
3595.18212890625
3595.86376953125
3596.9921875
3598.365234375
3599.81787109375
3600.666015625
3601.06591796875
3600.5810546875
3599.7333984375
3598.533203125
3597.53515625
3596.740234375
3596.216796875
3595.76220703125
3595.41796875
3595.1884765625
3595.078125
3594.84326171875
3594.0986328125
3592.79052734375
3590.9521484375
3589.09912109375
3587.61474609375
3586.97998046875
3587.27880859375
3588.4833984375
3590.0166015625
3591.4619140625
3592.025390625
3591.734375
3590.6474609375
3589.53125
3588.78955078125
3588.72314453125
3589.115234375
3589.84375
3590.6201171875
3591.5859375
3592.544921875
3593.599609375
3594.259765625
3594.3876953125
3593.70556640625
3592.5419921875
3591.2099609375
3590.212890625
3589.541015625
3589.1806640625
3588.76171875
3588.38818359375
3587.88671875
3587.5234375
3587.1904296875
3587.0
3586.7734375
3586.50390625
3586.044921875
3585.5703125
3585.1669921875
3585.05419921875
3585.134765625
3585.2119140625
3585.0146484375
3584.65966796875
3584.283203125
3584.3662109375
3584.701171875
3585.546875
3585.994140625
3586.6279296875
3586.32568359375
3586.3232421875
3585.94677734375
3586.123046875
3586.3828125
3586.9189453125
3587.40234375
3587.671875
3587.5908203125
3587.0244140625
3586.375
3585.6337890625
3585.40234375
3585.47265625
3586.171875
3586.953125
3587.89013671875
3588.5380859375
3589.4130859375
3590.1025390625
3591.3359375
3592.0
3592.861328125
3592.5322265625
3591.8173828125
3590.02099609375
3587.9267578125
3585.6552734375
3584.0087890625
3583.1923828125
3583.3857421875
3584.142578125
3585.14697265625
3586.029296875
3586.68798828125
3587.0908203125
3587.09375
3586.61669921875
3585.712890625
3584.8896484375
3584.53515625
3584.6962890625
3584.765625
3584.216796875
3582.64453125
3580.40087890625
3578.07177734375
3576.46484375
3575.86767578125
3576.1943359375
3576.95166015625
3577.6513671875
3578.1279296875
3578.2490234375
3578.2841796875
3578.125
3578.00244140625
3577.8935546875
3577.998046875
3578.3486328125
3578.888671875
3579.62548828125
3580.29931640625
3581.04638671875
3581.4921875
3582.025390625
3582.23828125
3582.595703125
3582.595703125
3582.498046875
3581.84375
3580.92041015625
3579.5791015625
3578.3251953125
3577.2509765625
3576.7451171875
3576.765625
3577.2861328125
3578.177734375
3579.201171875
3580.37744140625
3581.40283203125
3582.3642578125
3582.78076171875
3582.70263671875
3581.7138671875
3580.14990234375
3578.138671875
3576.31103515625
3574.97998046875
3574.3271484375
3574.236328125
3574.3779296875
3574.634765625
3574.8056640625
3574.986328125
3575.1611328125
3575.5068359375
3575.98681640625
3576.75390625
3577.53173828125
3578.44677734375
3579.26220703125
3580.1630859375
3581.27978515625
3582.400390625
3583.54052734375
3583.958984375
3583.736328125
3582.9521484375
3582.22265625
3581.9853515625
3581.97998046875
3581.8486328125
3581.02001953125
3579.34765625
3577.029296875
3574.6123046875
3572.48876953125
3571.1484375
3570.5537109375
3570.5380859375
3570.818359375
3571.22802734375
3571.60009765625
3571.990234375
3572.2646484375
3572.5048828125
3572.537109375
3572.65625
3572.62939453125
3572.68896484375
3572.43603515625
3572.05908203125
3571.423828125
3570.89697265625
3570.6181640625
3570.7529296875
3571.1240234375
3571.57177734375
3571.9658203125
3572.3896484375
3572.7705078125
3573.03271484375
3572.8046875
3572.0888671875
3570.693359375
3569.138671875
3567.4892578125
3566.3994140625
3565.65625
3565.5947265625
3565.78173828125
3566.37353515625
3567.056640625
3568.0009765625
3569.08642578125
3570.53515625
3572.27490234375
3574.55859375
3577.091796875
3579.81689453125
3581.95703125
3583.32421875
3583.34716796875
3582.37060546875
3580.4091796875
3578.15380859375
3575.9013671875
3574.2998046875
3573.39111328125
3573.39111328125
3573.8740234375
3574.73388671875
3575.419921875
3575.9072265625
3575.6123046875
3574.556640625
3572.49462890625
3570.037109375
3567.865234375
3566.42578125
3565.95458984375
3565.9169921875
3565.9453125
3565.4326171875
3564.595703125
3563.29638671875
3562.18310546875
3561.09814453125
3560.357421875
3560.025390625
3559.9951171875
3560.2470703125
3560.3603515625
3560.126953125
3559.275390625
3558.32421875
3557.47119140625
3557.1123046875
3557.08642578125
3557.08984375
3556.990234375
3556.72216796875
3556.63671875
3556.6796875
3556.982421875
3557.32177734375
3557.720703125
3558.05322265625
3558.2353515625
3558.01171875
3557.142578125
3555.76513671875
3554.283203125
3553.46875
3553.48046875
3554.5302734375
3555.83203125
3557.5087890625
3558.6181640625
3559.9951171875
3560.71484375
3561.83349609375
3562.263671875
3562.9130859375
3562.7109375
3562.36279296875
3561.0810546875
3559.525390625
3557.4482421875
3555.6962890625
3554.34375
3553.884765625
3554.0
3554.4912109375
3554.794921875
3554.810546875
3554.74609375
3554.9794921875
3555.4697265625
3555.63330078125
3554.92626953125
3553.17724609375
3550.939453125
3549.12841796875
