9945.142578125
9933.072265625
9921.427734375
9910.197265625
9899.3662109375
9888.931640625
9878.880859375
9869.1865234375
9859.83203125
9850.80078125
9842.083984375
9833.6455078125
9825.482421875
9817.57421875
9809.908203125
9802.4765625
9795.26953125
9788.2802734375
9781.49609375
9774.9111328125
9768.525390625
9762.33203125
9756.3251953125
9750.5029296875
9744.8603515625
9739.3955078125
9734.09765625
9728.9619140625
9723.984375
9719.1494140625
9714.466796875
9709.9267578125
9705.5166015625
9701.2392578125
9697.0869140625
9693.056640625
9689.140625
9685.3359375
9681.646484375
9678.05859375
9674.5703125
9671.1875
9667.8974609375
9664.697265625
9661.5859375
9658.5693359375
9655.634765625
9652.779296875
9650.001953125
9647.2978515625
9644.6689453125
9642.11328125
9639.625
9637.2060546875
9634.849609375
9632.5595703125
9630.3291015625
9628.1552734375
9626.0380859375
9623.9736328125
9621.962890625
9620.00390625
9618.0947265625
9616.2392578125
9614.421875
9612.6513671875
9610.9267578125
9609.2421875
9607.5966796875
9605.9951171875
9604.4296875
9602.90234375
9601.41015625
9599.9541015625
9598.53125
9597.140625
9595.7822265625
9594.4560546875
9593.15625
9591.8896484375
9590.6494140625
9589.439453125
9588.255859375
9587.103515625
9585.9697265625
9584.86328125
9583.779296875
9582.71875
9581.681640625
9580.66796875
9579.67578125
9578.705078125
9577.751953125
9576.8251953125
9575.9130859375
9575.0185546875
9574.1474609375
9573.291015625
9572.453125
9571.6328125
9570.828125
9570.041015625
9569.2734375
9568.5166015625
9567.7744140625
9567.0517578125
9566.337890625
9565.640625
9564.95703125
9564.287109375
9563.630859375
9562.98828125
9562.3583984375
9561.740234375
9561.1337890625
9560.537109375
9559.951171875
9559.3828125
9558.8203125
9558.2734375
9557.7333984375
9557.2041015625
9556.685546875
9556.1787109375
9555.677734375
9555.1875
9554.70703125
9554.236328125
9553.7734375
9553.322265625
9552.8759765625
9552.439453125
9552.01171875
9551.58984375
9551.177734375
9550.7734375
9550.3779296875
9549.9853515625
9549.6044921875
9549.228515625
9548.86328125
9548.5
9548.146484375
9547.796875
9547.4541015625
9547.12109375
9546.7900390625
9546.466796875
9546.146484375
9545.8388671875
9545.5322265625
9545.234375
9544.9375
9544.6484375
9544.3642578125
9544.083984375
9543.810546875
9543.5400390625
9543.27734375
9543.017578125
9542.765625
9542.515625
9542.26953125
9542.0283203125
9541.791015625
9541.55859375
9541.3310546875
9541.107421875
9540.8857421875
9540.669921875
9540.4560546875
9540.2470703125
9540.04296875
9539.83984375
9539.64453125
9539.44921875
9539.259765625
9539.0712890625
9538.88671875
9538.70703125
9538.529296875
9538.35546875
9538.185546875
9538.017578125
9537.853515625
9537.6904296875
9537.533203125
9537.376953125
9537.220703125
9537.072265625
9536.921875
9536.775390625
9536.630859375
9536.490234375
9536.3505859375
9536.21484375
9536.08203125
9535.9501953125
9535.8203125
9535.6923828125
550953353216.0
5416296448.0
7904650.0
263964944.0
96583936.0
21339102.0
38535560.0
10870376.0
3812678.75
3634353.75
5550306.5
12703558.0
24500080.0
27194274.0
20576322.0
14711382.0
11461596.0
9596562.0
8826236.0
8991356.0
9097396.0
8105307.0
6356448.5
4720129.5
3535788.75
2775627.5
2329773.75
2097291.75
2003496.625
1997901.5
2047450.25
2130111.25
2231105.0
2339636.25
2447683.75
2549123.0
2639336.5
2715173.25
2774186.25
2815380.25
2838350.25
2843606.75
2832090.5
2805300.25
2765212.5
2713779.0
2653160.75
2585266.5
2512087.0
2435315.25
2356628.75
2277156.0
2198064.5
2120225.25
2044304.625
1970859.0
1900179.125
1832618.5
1768163.75
1707133.25
1649350.875
1594777.5
1543271.125
1494877.625
1449364.75
1406552.125
1366328.625
1328579.0
1293120.5
1259830.0
1228525.875
1199069.5
1171382.375
1145282.25
1120661.375
1097461.5
1075551.875
1054850.625
1035217.5625
1016635.6875
999029.3125
982337.25
966426.0625
951310.75
936906.625
923186.625
910040.9375
897519.5625
885515.0625
874018.0625
863007.5
852429.5
842275.6875
832506.0
823096.0625
814051.25
805325.375
796900.6875
788778.1875
780896.125
773289.3125
765926.9375
758796.375
751900.875
745171.0625
738640.875
732315.75
726164.25
720177.9375
714360.625
708679.8125
703152.8125
697762.6875
692492.0
687376.4375
682348.0625
677455.4375
672680.375
667993.6875
663432.25
658945.75
654581.3125
650281.625
646078.5
641958.375
637926.125
633958.6875
630071.125
626251.5625
622506.75
618832.5
615227.0625
611688.125
608202.3125
604793.1875
601427.625
598111.625
594849.0
591648.6875
588480.25
585360.875
582307.25
579305.4375
576325.875
573385.6875
570499.6875
567651.25
564857.125
562086.4375
559368.375
556716.3125
554076.4375
551460.5625
548891.1875
546353.8125
543848.4375
541367.3125
538915.625
536507.25
534118.375
531754.375
529443.25
527152.1875
524886.8125
522653.625
520424.21875
518244.1875
516085.96875
513963.71875
511845.375
509762.375
507692.34375
505653.5625
503632.21875
501638.96875
499666.1875
497706.8125
495779.28125
493874.78125
491984.5
490113.0
488248.65625
486419.34375
484608.125
482821.75
481038.78125
479276.59375
477537.0625
475804.5625
474100.53125
472407.71875
470736.53125
469074.96875
467435.84375
465800.75
464198.3125
462603.0
461019.46875
459450.78125
457905.0625
456368.40625
454839.40625
453326.46875
451822.875
450331.5625
448854.0625
447385.4375
445943.0625
444506.65625
443077.78125
441692.34375
440283.84375
438886.96875
437518.90625
436155.28125
434805.34375
433462.59375
432133.34375
430810.25
429500.40625
428192.40625
426908.3125
425622.6875
424499.53125
423177.9375
422032.0625
420916.125
419803.03125
418681.59375
417528.125
416359.0
415163.25
413956.8125
412734.3125
411515.1875
410301.375
409089.90625
407886.65625
406697.15625
405534.125
404387.5
403252.5
402137.78125
401036.25
399952.6875
398871.4375
397786.28125
396743.9375
395697.375
394646.5625
393592.53125
392544.1875
391502.3125
390474.90625
389460.125
388454.0
387456.25
386471.625
385481.875
384505.59375
383527.75
382555.90625
381585.59375
380619.8125
379661.5
378714.03125
377777.6875
376846.625
375921.875
375008.875
374098.46875
373194.59375
372294.75
371388.6875
370497.6875
369620.90625
368746.9375
367872.0
366999.6875
366143.90625
365289.34375
364437.5
363590.8125
362756.0625
361925.3125
361093.0625
360271.625
359453.1875
358638.28125
357834.21875
357027.8125
356227.1875
355429.78125
354639.875
353858.5
353072.875
352297.5625
351520.21875
350757.125
349990.5625
349230.84375
348480.875
347731.625
347006.15625
346250.28125
345525.8125
344802.5625
344083.1875
343360.84375
342643.21875
341925.875
341211.6875
340503.625
339794.125
339083.15625
338383.46875
337684.375
336992.96875
336303.5
335621.125
334942.21875
334260.4375
333585.5625
332931.5
332256.9375
331596.375
330937.21875
330285.1875
329639.0
328991.8125
328348.375
327706.40625
327068.25
326429.40625
325804.9375
325179.28125
324548.375
323931.3125
323310.375
322692.6875
322086.75
321476.03125
320867.3125
320267.78125
319654.15625
319054.40625
318445.03125
317848.90625
317261.0
316676.625
316103.65625
315522.09375
314955.3125
314385.0625
313813.59375
313241.59375
312676.9375
312112.625
311550.15625
310996.34375
310444.09375
309893.03125
309347.21875
308802.8125
308264.9375
307730.8125
307197.6875
306710.09375
306175.875
305667.46875
305159.09375
304667.40625
304165.3125
303645.75
303126.625
302618.28125
302099.125
301578.90625
301069.03125
300549.3125
300032.9375
299519.65625
299006.59375
298498.8125
297996.6875
297497.625
296997.3125
296506.34375
296014.1875
295592.375
295084.46875
294606.46875
294144.28125
293679.625
293202.875
292731.6875
292257.28125
291784.0
291321.09375
290876.09375
290395.09375
289931.65625
289476.78125
289036.03125
288598.78125
288125.46875
287669.09375
287232.375
286772.15625
286326.5
285891.1875
285452.96875
285017.0
284575.28125
284143.53125
283707.28125
283266.1875
282857.125
282424.71875
282009.03125
281591.15625
281180.0
280763.65625
280343.8125
279925.375
279509.53125
279096.4375
278688.4375
278283.375
277882.21875
277475.59375
277062.9375
276654.96875
276252.1875
275856.96875
275461.65625
275066.46875
274668.625
274275.125
273882.40625
273495.6875
273105.375
272714.375
272335.34375
271950.09375
271566.03125
271188.21875
270810.25
270428.96875
270055.4375
269684.25
269306.71875
268944.59375
268570.25
268203.375
267837.15625
267472.28125
267105.1875
266746.6875
266385.65625
266025.625
265665.84375
265322.09375
264958.28125
264606.96875
264257.46875
263911.53125
263555.625
263208.96875
262854.875
262506.8125
262161.3125
261819.53125
261470.859375
261145.21875
260791.90625
260456.09375
260121.0
259785.5
259453.015625
259116.109375
258783.4375
258449.640625
258120.59375
257788.15625
257457.640625
257127.34375
256802.765625
256479.515625
256160.578125
255840.265625
255515.5
255200.796875
254890.59375
254596.171875
254270.921875
253928.203125
253625.265625
253303.875
252982.59375
252797.109375
252405.6875
252151.421875
251890.78125
251623.234375
251338.296875
251029.046875
250713.828125
250381.890625
250050.90625
249720.671875
249394.984375
249080.828125
248767.75
248462.265625
248161.84375
247880.40625
247595.4375
247297.90625
246994.4375
246692.890625
246390.3125
246093.203125
245800.9375
245512.25
245224.5625
244932.640625
244648.421875
244361.109375
244073.0
243780.609375
243501.765625
243228.984375
242944.234375
242659.640625
242380.359375
242105.21875
241829.796875
241553.703125
241275.40625
240998.84375
240724.75
240453.5
240193.8125
239912.78125
239645.296875
239380.40625
239115.46875
238847.046875
238579.296875
238312.015625
238046.015625
237783.59375
237518.171875
237256.265625
236994.890625
236731.109375
236465.84375
236203.4375
235948.8125
235689.8125
235429.78125
235174.40625
234922.0625
234663.875
234408.84375
234155.75
233898.5
233645.703125
233398.140625
233144.921875
232896.984375
232645.453125
232398.15625
232150.3125
231902.015625
231657.53125
231410.59375
231167.828125
230921.921875
230677.390625
230435.921875
230200.890625
229957.765625
229722.859375
229484.125
229248.25
229011.546875
228774.96875
228537.546875
228300.8125
228064.890625
227830.34375
227596.390625
227364.96875
227132.234375
226905.984375
226669.4375
226432.875
226201.9375
225971.75
225745.8125
225517.828125
225290.140625
225053.390625
224823.5625
224597.34375
224394.078125
224155.625
223933.953125
223712.625
223493.0625
223270.390625
223050.15625
222825.09375
222601.15625
222376.484375
222155.609375
221936.015625
221713.796875
221492.421875
221273.34375
221054.75
220836.8125
220619.875
220402.1875
220186.328125
219970.875
219757.734375
219545.984375
219329.875
219111.421875
218912.34375
218693.703125
218490.796875
218282.5625
218071.1875
217858.890625
217647.421875
217437.96875
217232.0625
217026.875
216821.65625
216615.09375
216407.4375
216201.28125
215995.0625
215792.515625
215589.46875
215390.515625
215190.5
214989.15625
214786.515625
214594.125
214393.59375
214196.84375
213992.0
213791.859375
213588.859375
213392.15625
213197.53125
213003.421875
212805.96875
212606.671875
212407.5625
212211.0625
212015.765625
211822.296875
211630.875
211433.125
211240.953125
211045.921875
210862.078125
210666.671875
210479.4375
210286.421875
210096.40625
209903.484375
209713.375
209524.59375
209336.875
209148.03125
208957.78125
208779.875
213825.390625
209627.46875
210149.171875
210518.59375
210936.90625
212398.265625
212321.859375
213178.453125
213543.578125
213932.4375
214722.25
214547.359375
213735.859375
212795.234375
212197.53125
211649.984375
211086.03125
210580.84375
210039.203125
209602.9375
209088.625
208675.859375
208285.765625
207940.265625
207546.296875
207194.015625
206887.9375
206590.8125
206230.296875
205886.390625
205546.640625
205255.359375
204933.359375
204620.90625
204313.015625
203993.09375
203696.375
203412.109375
203139.0
202876.5625
202612.390625
202363.3125
202124.171875
201901.546875
201676.265625
201457.296875
201239.734375
201039.203125
200834.046875
200634.390625
200437.515625
200245.09375
200055.796875
199870.140625
199689.796875
199510.046875
199329.234375
199150.265625
198976.765625
198802.03125
198630.390625
198457.75
198284.5625
198111.171875
197936.734375
197764.859375
197592.1875
197418.4375
197244.703125
197074.078125
196901.734375
196735.21875
196568.71875
196405.890625
196239.46875
196074.5625
195907.421875
195743.25
195580.984375
195419.921875
195260.875
195102.03125
194942.75
194783.78125
194626.71875
194466.5625
194310.25
194153.515625
193996.671875
193836.875
193680.78125
193525.890625
193365.90625
193206.34375
193046.796875
192890.484375
192739.296875
192586.96875
192431.140625
192274.984375
192119.8125
191968.046875
191815.40625
191662.25
191510.890625
191359.40625
191209.15625
191060.640625
190910.34375
190756.53125
190603.4375
190451.78125
190304.1875
190155.65625
190009.28125
189861.65625
189716.078125
189568.5
189423.59375
189275.8125
189129.140625
188978.8125
188830.4375
188683.6875
188535.65625
188391.8125
188249.484375
188107.171875
187962.40625
187817.46875
187668.96875
187522.578125
187379.6875
187238.578125
187096.625
186953.578125
186810.375
186665.71875
186521.9375
186379.203125
186240.1875
186102.25
185963.78125
185825.03125
185683.9375
185545.078125
185404.796875
185267.875
185132.015625
184996.203125
184857.0625
184714.9375
184574.65625
184436.5625
184298.9375
184163.765625
184026.765625
183888.640625
183752.59375
183617.8125
183482.21875
183345.21875
183209.859375
183074.3125
182939.5
182805.140625
182669.53125
182536.09375
182404.078125
182270.71875
182138.03125
182005.734375
181874.25
181741.375
181609.671875
181475.671875
181342.6875
181208.78125
181077.203125
180946.203125
180814.75
180685.53125
180554.65625
180426.265625
180297.0
180170.890625
180043.03125
179914.453125
179784.96875
179656.203125
179527.5
179396.5
179268.65625
179140.71875
179014.765625
178888.390625
178761.4375
178636.015625
178510.59375
178385.140625
178256.46875
178130.3125
178000.609375
177873.734375
177748.171875
177622.546875
177498.359375
177373.8125
177249.953125
177125.71875
177003.21875
176878.046875
176754.421875
176630.453125
176508.640625
176386.46875
176266.109375
176145.890625
176026.234375
175906.0625
175786.609375
175663.0625
175538.546875
175416.34375
175298.046875
175180.21875
175060.171875
174939.21875
174817.375
174696.171875
174576.0
174457.125
174337.375
174216.671875
174097.59375
173981.015625
173863.578125
173744.703125
173628.1875
173509.3125
173390.75
173271.859375
173153.609375
173036.25
172919.078125
172803.78125
172687.25
172571.328125
172454.46875
172337.546875
172220.109375
172103.203125
171987.03125
171870.9375
171756.296875
171639.421875
171526.890625
171412.3125
171299.21875
171186.984375
171078.15625
170964.40625
170854.796875
170739.234375
170625.8125
170513.640625
170401.65625
170292.5
170186.578125
170081.265625
169971.953125
169858.5625
169743.71875
169627.515625
169510.203125
169397.71875
169287.671875
169178.09375
169069.125
168961.125
168851.21875
168743.3125
168636.34375
168527.34375
168421.390625
168312.15625
168201.65625
168092.53125
167984.984375
167879.1875
167772.03125
167666.171875
167559.046875
167451.90625
167346.09375
167239.25
167133.109375
167027.375
166922.890625
166818.3125
166710.421875
166601.03125
166488.9375
166378.28125
166272.375
166167.671875
166062.359375
165955.875
165849.546875
165743.65625
165638.9375
165534.171875
165428.359375
165321.0625
165217.71875
165114.28125
165010.140625
164929.0625
164860.46875
164789.84375
164711.96875
164645.203125
164569.5
164498.265625
164428.359375
164352.90625
164284.4375
164211.328125
164139.984375
164068.484375
163997.46875
163926.890625
163853.734375
163783.3125
163712.90625
163642.453125
163570.4375
163500.015625
163429.09375
163359.1875
163287.84375
163217.515625
163146.359375
163077.84375
163006.5
162934.890625
162865.296875
162795.140625
162725.90625
162654.34375
162585.484375
162514.765625
162445.890625
162375.09375
162305.171875
162235.6875
162166.53125
162096.40625
162027.15625
161958.46875
161887.984375
161820.09375
161750.4375
161681.625
161611.859375
161543.46875
161474.53125
161405.5
161336.21875
161267.328125
161199.234375
161130.28125
161060.71875
160993.46875
160923.96875
160855.359375
160787.953125
160719.984375
160652.125
160584.546875
160516.0625
160448.171875
160380.1875
160312.515625
160244.90625
160176.203125
160109.609375
160041.0625
159973.484375
159904.9375
159838.0
159771.21875
159702.765625
159634.109375
159567.703125
159500.59375
159431.78125
159364.203125
159297.578125
159230.015625
159163.15625
159095.046875
159028.859375
158962.4375
158895.625
158828.4375
158760.03125
158695.15625
158627.84375
158561.578125
158493.796875
158427.84375
158361.484375
158294.78125
158227.9375
158162.296875
158096.203125
158029.21875
157964.078125
157897.140625
157830.5625
157765.859375
157699.453125
157633.265625
157568.546875
157502.21875
157436.0625
157371.53125
157305.484375
157240.109375
157174.484375
157109.75
157043.078125
156978.375
156913.453125
156849.65625
156783.609375
156718.78125
156654.0625
156588.484375
156523.53125
156458.234375
156393.890625
156330.609375
156264.796875
156200.6875
156135.453125
156072.796875
156007.953125
155942.84375
155878.5
155814.640625
155751.453125
155686.9375
155622.375
155558.84375
155495.75
155431.40625
155367.59375
155303.15625
155239.296875
155175.015625
155111.71875
155049.03125
154985.75
154921.71875
154857.625
154794.765625
154731.484375
154668.6875
154606.421875
154542.859375
154480.34375
154417.1875
154353.203125
154291.140625
154228.765625
154166.375
154103.265625
154040.03125
153977.515625
153914.90625
153852.875
153789.96875
153727.125
153664.359375
153603.484375
153540.71875
153478.46875
153416.109375
153352.828125
153291.59375
153229.609375
153167.890625
153106.0625
153044.546875
152981.734375
152920.984375
152859.203125
152797.0625
152734.890625
152674.796875
152613.5625
152550.21875
152489.421875
152427.46875
152365.953125
152304.515625
152243.71875
152182.84375
152120.40625
152059.046875
151997.84375
151937.1875
151876.328125
151814.90625
151754.75
151693.671875
151632.296875
151572.296875
151511.03125
151450.234375
151389.8125
151329.6875
151268.984375
151207.53125
151147.640625
151087.65625
151027.0625
150966.78125
150906.046875
150845.828125
150785.953125
150726.21875
150667.265625
150606.609375
150546.25
150486.234375
150426.015625
150366.921875
150307.5625
150247.078125
150187.875
150129.171875
150069.703125
150010.046875
149951.3125
149891.421875
149831.296875
149773.140625
149714.34375
149654.796875
149596.078125
149536.1875
149477.59375
149418.5
149359.8125
149300.671875
149242.0
149184.421875
149125.515625
149066.359375
149007.8125
148949.984375
148891.15625
148831.921875
148774.03125
148715.359375
148656.71875
148599.125
148541.734375
148483.1875
148424.6875
148366.84375
148308.5625
148251.203125
148193.6875
148135.15625
148076.3125
148019.9375
147961.953125
147903.890625
147847.34375
147789.25
147731.96875
147674.59375
147617.46875
147559.546875
147502.84375
147445.09375
147386.828125
147330.953125
147272.875
147216.5
147158.234375
147102.703125
147045.015625
146987.375
146931.703125
146874.609375
146817.6875
146760.3125
146703.328125
146647.25
146590.390625
146533.21875
146477.796875
146420.6875
146363.9375
146308.359375
146251.234375
146194.890625
146137.78125
146081.28125
146025.71875
145968.484375
145912.390625
145855.109375
145798.9375
145742.53125
145686.84375
145630.328125
145574.4375
145518.71875
145462.6875
145406.703125
145351.25
145294.65625
145237.796875
145182.15625
145127.1875
145071.53125
145016.546875
144961.59375
144906.734375
144850.875
144796.59375
144739.28125
144683.421875
144627.046875
144571.453125
144516.265625
144462.34375
144406.875
144351.671875
144295.28125
144239.359375
144185.25
144130.453125
144075.28125
144021.265625
143964.8125
143910.21875
143856.0
143801.890625
143746.109375
143691.453125
143636.53125
143583.25
143529.203125
143473.875
143419.265625
143365.65625
143311.640625
143256.796875
143203.75
143149.4375
143095.90625
143041.5
142987.78125
142934.484375
142881.015625
142826.75
142772.71875
142718.875
142665.4375
142611.5
142558.859375
142504.625
142451.46875
142397.9375
142344.375
142292.296875
142237.609375
142185.328125
142132.203125
142078.140625
142026.0
141973.90625
141919.578125
141866.9375
141814.390625
141761.609375
141708.71875
141655.84375
141602.671875
141549.96875
141497.375
141444.796875
141392.671875
141340.5625
141288.15625
141234.9375
141183.34375
141131.140625
141078.4375
141026.1875
140974.453125
140922.34375
140871.0
140817.90625
140766.6875
140713.546875
140661.921875
140609.078125
140557.421875
140505.578125
140453.21875
140401.46875
140349.5625
140298.75
140245.984375
140194.890625
140142.6875
140090.921875
140039.5
139989.28125
139936.40625
139885.59375
139833.578125
139781.578125
139731.671875
139680.296875
139629.140625
139577.1875
139526.09375
139475.0
139423.546875
139372.609375
139321.6875
139271.375
139219.859375
139168.828125
139117.125
139066.46875
139015.984375
138965.40625
138913.609375
138863.8125
138813.234375
138763.484375
138711.328125
138661.546875
138610.9375
138561.125
138510.9375
138461.03125
138409.890625
138359.96875
138309.59375
138260.109375
138210.265625
138159.921875
138109.734375
138059.984375
138009.484375
137959.75
137909.671875
137860.125
137808.921875
137758.84375
137710.046875
137660.1875
137610.21875
137560.71875
137511.109375
137461.359375
137411.71875
137362.40625
137312.75
137263.078125
137213.40625
137164.578125
137115.109375
137065.5
137015.765625
136966.84375
136917.3125
136868.5
136818.96875
136770.625
136722.09375
136674.15625
136625.546875
136576.75
136530.140625
136482.0
136433.453125
136383.421875
136335.96875
136288.015625
136241.140625
136193.234375
136146.109375
136093.640625
136044.25
135994.46875
135945.765625
135897.15625
135848.84375
135800.9375
135751.5625
135704.296875
135654.671875
135605.59375
135556.828125
135508.703125
135461.3125
135413.8125
135366.109375
135317.375
135269.46875
135221.921875
135174.328125
135126.703125
135079.421875
135031.265625
134982.609375
134934.296875
134886.71875
134839.328125
134792.34375
134744.40625
134697.84375
134649.9375
134601.203125
134553.375
134505.609375
134458.21875
134411.5
134364.328125
134317.234375
134271.28125
134222.78125
134175.90625
134127.359375
134079.765625
134033.171875
133986.71875
133941.765625
133896.34375
133850.4375
133805.3125
133756.71875
133709.03125
133660.171875
133611.609375
133566.6875
133521.078125
133475.734375
133429.703125
133383.546875
133336.203125
133288.84375
133242.015625
133197.546875
133152.046875
133106.015625
133058.765625
133011.96875
132964.625
132917.9375
132871.84375
132827.78125
132782.515625
132736.15625
132687.78125
132640.90625
132592.953125
132545.828125
132497.359375
132451.25
132405.703125
132360.03125
132314.15625
132269.09375
132223.765625
132177.84375
132132.296875
132085.015625
132038.4375
131992.390625
131946.78125
131900.46875
131854.3125
131809.046875
131763.25
131718.65625
131673.546875
131628.53125
131582.375
131536.375
131490.375
131444.921875
131399.265625
131352.984375
131307.5625
131262.515625
131217.578125
131173.40625
131128.90625
131083.75
131040.21875
130995.21875
130949.9375
130904.53125
130859.75
130812.90625
130768.8671875
130723.1875
130679.171875
130635.6796875
130591.390625
130547.3984375
130502.53125
130459.078125
130415.4609375
130372.171875
130327.640625
130283.21875
130238.796875
130193.9609375
130149.890625
130105.9921875
130062.8984375
130020.0390625
129979.046875
129936.109375
129890.8984375
129844.3203125
129797.9140625
129750.8828125
129705.875
129660.8515625
129616.90625
129572.9140625
129528.6875
129484.921875
129440.71875
129396.6640625
129353.515625
129308.3984375
129264.625
129220.34375
129175.3515625
129131.3125
129088.46875
129045.1484375
129001.890625
128959.6796875
128916.8359375
128873.75
128831.9296875
128791.7734375
128750.8515625
128712.0390625
128670.84375
128629.9921875
128583.3125
128538.3828125
128488.1640625
128441.953125
128397.5
128355.296875
128313.984375
128272.6953125
128230.5234375
128186.1328125
128140.9296875
128097.4296875
128054.3359375
128012.1171875
127968.53125
127926.6328125
127882.6875
127839.7734375
127796.9921875
127754.1328125
127711.90625
127668.7421875
127626.46875
127583.0546875
127539.359375
127495.7734375
127452.375
127408.2421875
127365.3125
127322.3203125
127279.3125
127236.6484375
127194.125
127152.1484375
127110.359375
127067.71875
127028.203125
126986.125
126944.3984375
126902.1875
126860.0078125
126818.1875
126776.4140625
126733.96875
126691.8359375
126648.9140625
126605.890625
126563.0703125
126520.8359375
126479.09375
126436.984375
126396.9296875
126355.34375
126313.296875
126272.0
126229.40625
126187.28125
126144.546875
126102.53125
126060.703125
126017.6328125
125976.7109375
125935.0546875
125893.9921875
125851.671875
125809.6953125
125766.5078125
125723.53125
125681.125
125639.3125
125599.1875
125559.4453125
125519.5625
125479.78125
125440.7890625
125399.9375
125358.8828125
125316.9453125
125274.0625
125231.1640625
125189.7578125
125148.515625
125107.296875
125064.7109375
125022.4765625
124981.5546875
124938.8046875
124897.3359375
124856.203125
124816.296875
124774.1875
124734.6640625
124694.3203125
124654.46875
124615.234375
124576.5546875
124537.9375
124498.2421875
124457.4609375
124417.265625
124374.6015625
124333.4375
124292.0
124251.015625
124210.2578125
124169.0234375
124127.4453125
124087.5390625
124046.46875
124007.2109375
123965.6796875
123924.9375
123882.5546875
123840.1953125
123798.375
123756.96875
123715.5859375
123674.7421875
123634.046875
123593.9375
123554.625
123514.28125
123474.953125
123435.4921875
123393.796875
123352.15625
123310.2578125
123269.359375
123230.375
123191.1875
123152.546875
123113.71875
123074.34375
123034.8828125
122994.9140625
122955.7109375
122916.296875
122877.546875
122838.71875
122799.3515625
122758.921875
122718.1796875
122678.3046875
122637.109375
122597.7109375
122556.9921875
122517.40625
122478.796875
122439.203125
122399.03125
122360.5703125
122321.0234375
122282.71875
122243.640625
122203.1875
122162.453125
122120.46875
122079.2890625
122038.890625
121998.0390625
121960.5390625
121922.015625
121882.3125
121845.15625
121803.6796875
121766.5078125
121724.125
121685.0234375
121644.9921875
121605.0078125
121567.3125
121530.40625
121491.328125
121453.2578125
121414.5078125
121374.4453125
121334.671875
121296.0625
121257.6171875
121219.046875
121180.5234375
121141.6171875
121101.6875
121061.1796875
121020.671875
120981.015625
120942.15625
120905.0078125
120866.890625
120829.9296875
120790.6640625
120752.0859375
120711.265625
120670.9921875
120631.4296875
120592.1796875
120555.046875
120517.4140625
120479.9609375
120441.8203125
120403.8984375
120365.0
120327.46875
120288.3671875
120249.3125
120212.0
120174.203125
120136.4296875
120097.3984375
120058.765625
120020.0390625
119980.5859375
119941.9375
119903.3046875
119864.9765625
119826.765625
119787.828125
119749.7109375
119711.90625
119674.015625
119636.4453125
119598.5390625
119560.7734375
119522.671875
119484.40625
119447.4453125
119409.8515625
119372.765625
119335.84375
119298.7734375
119260.5859375
119222.09375
119183.390625
119144.4375
119106.0
119067.890625
119030.6875
118993.6953125
118956.5625
118918.0859375
118879.625
118840.5078125
118801.9296875
118763.3203125
118724.84375
118686.4375
118648.921875
118610.3359375
118572.3671875
118535.1328125
118497.4296875
118460.3984375
118422.71875
118385.7265625
118348.2890625
118311.203125
118273.8359375
118236.359375
118199.140625
118161.453125
118123.78125
118086.1796875
118048.1484375
118010.2265625
117972.78125
117934.8984375
117897.546875
117861.2421875
117825.5
117789.71875
117753.25
117716.453125
117680.09375
117641.25
117605.171875
117567.890625
117532.546875
117494.8046875
117458.3359375
117421.078125
117383.9921875
117346.40625
117309.671875
117274.125
117237.5625
117202.4609375
117167.359375
117132.3671875
117095.921875
117060.4765625
117022.453125
116984.2109375
116945.6640625
116908.3203125
116871.046875
116835.0625
116798.96875
116763.921875
116727.328125
116691.484375
116656.546875
116620.25
116583.796875
116547.8984375
116512.21875
116474.3203125
116438.5
116399.3203125
116361.046875
116322.390625
116284.15625
116246.2109375
116209.3671875
116173.5703125
116138.0390625
116103.265625
116066.609375
116030.90625
115992.6875
115955.2265625
115918.34375
115882.3203125
115846.828125
115811.6640625
115776.2109375
115741.078125
115705.5
115669.5
115633.21875
115597.15625
115561.21875
115525.3984375
115490.4453125
115455.46875
115420.203125
115383.8203125
115346.921875
115308.8828125
115270.609375
115232.0703125
115195.03125
115159.1875
115123.3125
115088.4765625
115054.03125
115018.875
114983.7109375
114948.6875
