7576.7890625
7567.30078125
7558.47216796875
7550.24755859375
7542.578125
7535.39453125
7528.63671875
7522.25390625
7516.19873046875
7510.43994140625
7504.94287109375
7499.68359375
7494.6435546875
7489.802734375
7485.14453125
7480.65673828125
7476.326171875
7472.1435546875
7468.1044921875
7464.20263671875
7460.4287109375
7456.7802734375
7453.251953125
7449.8447265625
7446.55078125
7443.3671875
7440.28857421875
7437.310546875
7434.431640625
7431.64453125
7428.94677734375
7426.33203125
7423.7978515625
7421.34326171875
7418.9619140625
7416.65234375
7414.41162109375
7412.23779296875
7410.1279296875
7408.07958984375
7406.0927734375
7404.1630859375
7402.28955078125
7400.46923828125
7398.69970703125
7396.97998046875
7395.30615234375
7393.68212890625
7392.1015625
7390.5634765625
7389.06884765625
7387.611328125
7386.19287109375
7384.814453125
7383.46875
7382.15966796875
7380.8857421875
7379.64453125
7378.43359375
7377.2548828125
7376.10546875
7374.9833984375
7373.8916015625
7372.82421875
7371.78271484375
7370.765625
7369.77490234375
7368.806640625
7367.861328125
7366.9375
7366.03466796875
7365.15576171875
7364.2939453125
7363.4501953125
7362.6240234375
7361.81494140625
7361.025390625
7360.2548828125
7359.5009765625
7358.76025390625
7358.03515625
7357.32568359375
7356.630859375
7355.951171875
7355.28515625
7354.63232421875
7353.9921875
7353.36767578125
7352.7578125
7352.1572265625
7351.56689453125
7350.99169921875
7350.4287109375
7349.87646484375
7349.33447265625
7348.8037109375
7348.28515625
7347.7763671875
7347.2783203125
7346.791015625
7346.3125
7345.84375
7345.384765625
7344.9365234375
7344.49560546875
7344.068359375
7343.6494140625
7343.2353515625
7342.8330078125
7342.439453125
7342.0517578125
7341.673828125
7341.30419921875
7340.94140625
7340.5869140625
7340.23828125
7339.89794921875
7339.564453125
7339.23779296875
7338.919921875
7338.6064453125
7338.30029296875
7338.0009765625
7337.70703125
7337.4189453125
7337.138671875
7336.86376953125
7336.591796875
7336.3291015625
7336.0673828125
7335.810546875
7335.5615234375
7335.31640625
7335.07568359375
7334.83984375
7334.60791015625
7334.380859375
7334.1552734375
7333.9365234375
7333.71875
7333.5068359375
7333.2978515625
7333.091796875
7332.89013671875
7332.6904296875
7332.49609375
7332.3017578125
7332.1142578125
7331.92724609375
7331.7451171875
7331.564453125
7331.3837890625
7331.208984375
7331.0380859375
7330.8671875
7330.69970703125
7330.5361328125
7330.373046875
7330.2138671875
7330.056640625
7329.900390625
7329.748046875
7329.59521484375
7329.4443359375
7329.298828125
7329.15380859375
7329.01025390625
7328.86669921875
7328.7265625
7328.5888671875
7328.45263671875
7328.3203125
7328.1865234375
7328.0546875
7327.9248046875
7327.796875
7327.6708984375
7327.54541015625
7327.421875
7327.30078125
7327.1796875
7327.060546875
7326.9423828125
7326.8291015625
7326.71435546875
7326.60205078125
7326.490234375
7326.3798828125
7326.27001953125
7326.162109375
7326.0546875
7325.94873046875
7325.84521484375
7325.74169921875
7325.6396484375
7325.53857421875
7325.4365234375
7325.33837890625
7325.240234375
7325.142578125
950510656.0
832274816.0
347610.125
415889.28125
471170.3125
947971.875
516576.84375
146735.5625
122378.8203125
163178.84375
176946.9375
151156.265625
131437.4375
112488.0546875
104015.328125
101305.2734375
91765.265625
81006.265625
76056.078125
74511.3828125
69891.5
64342.55078125
60498.0625
58358.41796875
57388.23828125
56609.5
54714.7578125
51846.71875
49102.421875
46879.37890625
45084.42578125
43584.21875
42295.4296875
41160.96875
40142.5078125
39208.99609375
38345.17578125
37533.19140625
36754.65625
36014.39453125
35306.28515625
34612.71875
33929.78125
33271.328125
32647.703125
32059.689453125
31503.181640625
30973.34375
30469.060546875
29986.69140625
29518.0625
29063.296875
28627.1328125
28212.34375
27816.9921875
27437.744140625
27073.8359375
26724.412109375
26389.837890625
26071.365234375
25766.2265625
25471.890625
25187.830078125
24913.916015625
24648.94140625
24392.4765625
24143.671875
23901.69140625
23666.9140625
23439.634765625
23219.849609375
23006.306640625
22797.705078125
22593.8203125
22394.77734375
22200.91796875
22011.853515625
21827.21875
21646.927734375
21470.53515625
21297.5703125
21128.01171875
20961.8359375
20798.76953125
20638.51171875
20481.02734375
20326.39453125
20174.5390625
20025.193359375
19878.38671875
19734.15234375
19592.421875
19453.20703125
19316.443359375
19182.15625
19050.318359375
18920.93359375
18794.1640625
18670.048828125
18548.578125
18429.86328125
18313.77734375
18200.380859375
18089.6875
17981.783203125
17876.673828125
17774.33984375
17674.732421875
17577.76171875
17483.380859375
17391.5390625
17302.173828125
17215.13671875
17130.376953125
17047.767578125
16967.271484375
16888.7578125
16812.123046875
16737.30078125
16664.15625
16592.578125
16522.447265625
16453.697265625
16386.26171875
16320.046875
16254.978515625
16191.017578125
16128.1171875
16066.2392578125
16005.35546875
15945.447265625
15886.4912109375
15828.470703125
15771.3349609375
15715.119140625
15659.7734375
15605.287109375
15551.67578125
15498.912109375
15446.9609375
15395.8359375
15345.490234375
15295.91796875
15247.08203125
15198.994140625
15151.599609375
15104.912109375
15058.84375
15013.3984375
14968.5244140625
14924.220703125
14880.46875
14837.291015625
14794.626953125
14752.4326171875
14710.744140625
14669.5537109375
14628.833984375
14588.5458984375
14548.7109375
14509.34765625
14470.412109375
14431.900390625
14393.783203125
14356.103515625
14318.810546875
14281.919921875
14245.3857421875
14209.23046875
14173.4296875
14137.9892578125
14102.916015625
14068.1640625
14033.765625
13999.7001953125
13965.9560546875
13932.5419921875
13899.45703125
13866.685546875
13834.212890625
13802.072265625
13770.2275390625
13738.677734375
13707.4130859375
13676.4365234375
13645.7734375
13615.40234375
13585.3505859375
13555.658203125
13526.169921875
13496.5625
13467.0341796875
13438.1572265625
13409.802734375
13381.462890625
13353.2451171875
13325.6728515625
13298.51953125
13271.40625
13244.6298828125
13218.359375
13192.2958984375
13166.3828125
13140.87890625
13115.703125
13090.6435546875
13065.859375
13041.4462890625
13017.333984375
12993.44140625
12970.548828125
12947.0205078125
12924.435546875
12899.361328125
12875.5546875
12853.47265625
12831.943359375
12812.8056640625
12786.1953125
12764.91015625
12746.671875
12720.0888671875
12703.609375
12702.33203125
12666.25390625
12649.537109375
12626.82421875
12596.28515625
12581.6201171875
12566.67578125
12582.509765625
12534.34765625
12533.0224609375
12515.279296875
12479.5380859375
12455.875
12438.435546875
12412.578125
12384.779296875
12372.673828125
12345.189453125
12332.8984375
12307.728515625
12286.220703125
12271.28515625
12245.58203125
12226.677734375
12211.0439453125
12188.8046875
12169.53125
12154.078125
12131.4951171875
12115.5224609375
12098.056640625
12076.650390625
12061.9716796875
12043.099609375
12025.2998046875
12010.669921875
11991.783203125
11976.158203125
11960.54296875
11945.34375
11927.328125
11908.669921875
11890.552734375
11875.7890625
11861.6220703125
11842.46875
11825.8896484375
11811.16796875
11795.00390625
11778.40234375
11762.251953125
11748.087890625
11733.42578125
11718.4833984375
11706.521484375
11696.28125
11676.41796875
11656.45703125
11641.99609375
11629.9140625
11615.103515625
11596.0126953125
11582.669921875
11570.4716796875
11552.220703125
11537.0810546875
11525.0078125
11508.5546875
11493.9140625
11482.2978515625
11467.6923828125
11453.2646484375
11441.1689453125
11427.97265625
11414.1513671875
11401.44921875
11388.322265625
11374.65625
11361.919921875
11349.7314453125
11336.92578125
11324.50390625
11313.1630859375
11301.15234375
11287.6796875
11274.22265625
11261.875
11249.755859375
11237.5
11225.5400390625
11213.630859375
11201.38671875
11189.4033203125
11178.2666015625
11167.177734375
11155.6240234375
11144.357421875
11133.296875
11121.90625
11110.69140625
11100.310546875
11090.12109375
11079.2353515625
11068.0517578125
11057.21875
11046.6259765625
11036.10546875
11025.587890625
11014.751953125
11003.4658203125
10992.2529296875
10981.9697265625
10972.6103515625
10963.1953125
10952.8994140625
10941.970703125
10931.318359375
10921.40234375
10911.8828125
10902.333984375
10892.59375
10882.7587890625
10873.0361328125
10863.64453125
10854.5791015625
10845.505859375
10836.119140625
10826.5908203125
10817.38671875
10808.5703125
10799.91015625
10791.17578125
10782.34375
10773.43359375
10764.22265625
10754.736328125
10745.294921875
10736.2890625
10727.791015625
10719.544921875
10711.302734375
10702.98828125
10694.669921875
10686.4609375
10678.3701171875
10670.28515625
10661.974609375
10653.287109375
10644.337890625
10635.4833984375
10627.00390625
10618.828125
10610.6640625
10602.29296875
10593.9150390625
10585.80078125
10577.98046875
10570.310546875
10562.6640625
10554.9580078125
10546.966796875
10538.619140625
10530.15625
10521.970703125
10514.1484375
10506.4287109375
10498.58203125
10490.6123046875
10482.6689453125
10474.8818359375
10467.2626953125
10459.845703125
10452.65625
10446.3505859375
10440.7890625
10438.0546875
10430.646484375
10421.9326171875
10407.2685546875
10399.091796875
10396.466796875
10389.5400390625
10380.380859375
10370.546875
10366.0234375
10362.904296875
10353.810546875
10347.1396484375
10341.890625
10336.212890625
10326.1015625
10316.4345703125
10310.708984375
10306.130859375
10300.3134765625
10291.0732421875
10283.53515625
10278.0869140625
10272.3671875
10265.8037109375
10255.162109375
10246.431640625
10240.970703125
10235.953125
10229.84375
10220.3203125
10213.5390625
10208.3515625
10200.7138671875
10192.3623046875
10184.5419921875
10177.35546875
10169.52734375
10161.099609375
10153.419921875
10146.517578125
10138.50390625
10130.529296875
10123.4794921875
10116.298828125
10108.15234375
10099.537109375
10092.89453125
10088.1015625
10082.197265625
10075.958984375
10070.015625
10066.53125
10057.150390625
10044.84375
10034.3818359375
10029.953125
10027.4892578125
10020.421875
10011.33984375
10005.0068359375
10001.595703125
9996.5693359375
9987.962890625
9980.029296875
9974.697265625
9969.3837890625
9962.3125
9954.921875
9949.4609375
9944.822265625
9938.748046875
9931.958984375
9926.712890625
9923.4853515625
9920.205078125
9914.75390625
9907.283203125
9899.09375
9891.26171875
9884.4091796875
9878.8994140625
9874.3994140625
9869.5625
9863.28515625
9856.1201171875
9849.486328125
9844.015625
9838.93359375
9833.4169921875
9827.369140625
9821.822265625
9817.2880859375
9812.98046875
9807.4189453125
9799.650390625
9790.7265625
9782.5029296875
9776.2265625
9771.533203125
9767.1708984375
9762.0361328125
9755.72265625
9748.4609375
9741.109375
9734.5244140625
9729.0224609375
9724.16796875
9719.3701171875
9714.4296875
9709.5078125
9704.697265625
9699.8583984375
9694.85546875
9689.521484375
9683.8046875
9677.7734375
9671.8046875
9666.3017578125
9661.71875
9657.451171875
9653.357421875
9647.740234375
9641.279296875
9633.900390625
9627.365234375
9622.1484375
9617.646484375
9612.9609375
9607.3212890625
9601.255859375
9595.3046875
9589.9404296875
9585.0
9579.845703125
9574.26171875
9568.423828125
9563.1181640625
9558.6015625
9554.490234375
9550.146484375
9545.201171875
9539.9287109375
9534.84765625
9530.298828125
9526.1953125
9522.1650390625
9518.0244140625
9513.736328125
9509.3037109375
9504.3662109375
9498.990234375
9493.5400390625
9488.68359375
9484.634765625
9481.046875
9477.5205078125
9473.498046875
9469.0546875
9464.0205078125
9458.755859375
9453.3251953125
9447.837890625
9442.6982421875
9438.326171875
9434.703125
9431.435546875
9427.9453125
9424.716796875
9421.61328125
9419.453125
9416.314453125
9412.966796875
9405.71484375
9397.724609375
9391.236328125
9388.654296875
9387.9150390625
9384.892578125
9379.15625
9372.09375
9366.80078125
9363.10546875
9359.041015625
9354.3046875
9350.048828125
9347.2890625
9345.396484375
9342.9306640625
9339.5869140625
9335.728515625
9331.3330078125
9326.1640625
9320.275390625
9315.4296875
9313.076171875
9312.80859375
9311.2861328125
9306.390625
9297.9921875
9290.416015625
9285.751953125
9284.126953125
9281.185546875
9274.642578125
9264.85546875
9255.28125
9248.8515625
9245.7294921875
9243.7998046875
9240.587890625
9235.244140625
9228.6552734375
9222.5703125
9218.0
9214.83984375
9212.119140625
9209.0234375
9205.34765625
9200.03515625
9193.837890625
9188.0517578125
9184.419921875
9182.267578125
9179.265625
9174.537109375
9169.17578125
9165.169921875
9162.4443359375
9159.30078125
9155.423828125
9151.537109375
9148.62890625
9145.8310546875
9142.8310546875
9139.2724609375
9136.095703125
9132.1484375
9127.630859375
9122.703125
9118.748046875
9115.91796875
9113.650390625
9110.822265625
9108.01171875
9106.109375
9106.0234375
9103.9794921875
9099.9755859375
9095.130859375
9093.345703125
9092.134765625
9090.076171875
9083.845703125
9077.9677734375
9070.580078125
9063.69921875
9057.4921875
9053.6181640625
9051.9287109375
9049.271484375
9044.6826171875
9039.171875
9035.05859375
9031.890625
9028.228515625
9023.818359375
9019.8125
9016.482421875
9013.0869140625
9009.07421875
9005.21484375
9002.4970703125
9000.443359375
8998.1044921875
8994.869140625
8991.822265625
8989.408203125
8987.595703125
8985.3056640625
8982.3125
8978.560546875
8974.4765625
8970.2451171875
8966.1181640625
8962.2255859375
8958.59765625
8955.458984375
8952.681640625
8949.73046875
8945.765625
8940.6875
8935.2421875
8930.5439453125
8927.1083984375
8924.498046875
8922.0517578125
8919.310546875
8916.4794921875
8913.5400390625
8910.5634765625
8907.224609375
8904.0615234375
8901.693359375
8900.3623046875
8899.375
8896.9599609375
8894.8193359375
8894.2998046875
8895.115234375
8896.87109375
8899.388671875
8898.302734375
8891.5263671875
8880.5390625
8869.94140625
8862.7978515625
8861.47265625
8861.9072265625
8859.8134765625
8854.5234375
8848.5791015625
8845.2314453125
8845.185546875
8845.732421875
8844.251953125
8841.08984375
8838.501953125
8836.7421875
8837.1455078125
8833.779296875
8827.8916015625
8819.87109375
8815.13671875
8814.5498046875
8814.755859375
8812.681640625
8806.763671875
8800.458984375
8796.1279296875
8793.484375
8790.50390625
8785.943359375
8781.298828125
8777.720703125
8774.5322265625
8770.462890625
8765.435546875
8760.7822265625
8757.400390625
8754.5361328125
8751.861328125
8748.8515625
8745.9560546875
8743.201171875
8740.53515625
8737.6005859375
8734.361328125
8731.546875
8729.322265625
8727.1796875
8724.318359375
8721.140625
8718.349609375
8716.525390625
8715.2919921875
8714.322265625
8712.919921875
8711.380859375
8709.224609375
8706.1416015625
8701.33984375
8695.5107421875
8689.8740234375
8686.119140625
8684.1904296875
8683.783203125
8682.765625
8680.8662109375
8677.28125
8674.18359375
8671.8720703125
8671.255859375
8670.908203125
8670.23046875
8668.2890625
8665.8984375
8662.18359375
8658.439453125
8653.396484375
8649.11328125
8646.0595703125
8645.046875
8645.4462890625
8646.26953125
8646.19921875
8644.5751953125
8642.322265625
8639.0302734375
8636.5791015625
8632.91015625
8629.38671875
8625.62109375
8623.1865234375
8621.3974609375
8619.4072265625
8615.91796875
8611.4609375
8606.72265625
8602.685546875
8599.666015625
8597.22265625
8594.009765625
8589.39453125
8584.2705078125
8579.91015625
8577.306640625
8575.525390625
8574.400390625
8572.169921875
8569.23046875
8565.294921875
8561.7265625
8558.580078125
8555.3896484375
8551.9580078125
8549.1962890625
8548.001953125
8547.814453125
8547.49609375
8545.8046875
8542.501953125
8537.4189453125
8531.78515625
8526.8828125
8523.6611328125
8521.4921875
8519.94140625
8518.3544921875
8516.8349609375
8515.4736328125
8514.251953125
8513.1005859375
8511.853515625
8510.3681640625
8507.978515625
8504.50390625
8500.43359375
8497.41015625
8495.3896484375
8494.439453125
8492.255859375
8489.37109375
8485.0859375
8481.2705078125
8478.2265625
8475.263671875
8472.1796875
8468.404296875
8464.7685546875
8461.7255859375
8459.509765625
8457.541015625
8455.203125
8452.146484375
8448.19140625
8443.947265625
8439.44921875
8435.7216796875
8433.087890625
8431.4033203125
8429.9384765625
8427.85546875
8425.203125
8422.53515625
8420.8359375
8420.5263671875
8421.3486328125
8422.83203125
8423.43359375
8421.7734375
8416.958984375
8411.265625
8408.4912109375
8409.79296875
8413.63671875
8415.33984375
8412.76953125
8405.9912109375
8399.2666015625
8395.36328125
8394.0263671875
8393.125
8391.2607421875
8389.3271484375
8388.5419921875
8389.08984375
8388.9716796875
8386.408203125
8380.6494140625
8373.9970703125
8367.71484375
8363.4814453125
8360.7119140625
8359.2431640625
8358.3671875
8357.3466796875
8355.564453125
8353.248046875
8350.6796875
8348.4013671875
8346.1181640625
8344.3388671875
8342.5625
8341.6220703125
8340.7236328125
8339.68359375
8337.0390625
8332.837890625
8327.5458984375
8322.697265625
8319.1748046875
8317.40234375
8316.3779296875
8315.388671875
8313.0
8309.087890625
8303.517578125
8298.388671875
8295.8583984375
8295.224609375
8294.5234375
8291.5107421875
8288.2548828125
8286.259765625
8286.546875
8286.271484375
8284.23046875
8280.3310546875
8277.005859375
8274.845703125
8273.3798828125
8271.1494140625
8268.6328125
8266.755859375
8265.4384765625
8263.916015625
8261.103515625
8257.7841796875
8253.9208984375
8250.7314453125
8248.3134765625
8248.41015625
8250.421875
8257.326171875
8258.951171875
8257.6494140625
8251.546875
8241.69921875
8234.7392578125
8236.103515625
8238.9892578125
8234.38671875
8227.458984375
8222.853515625
8219.169921875
8215.626953125
8212.083984375
8206.294921875
8198.453125
8193.810546875
8192.669921875
8190.11328125
8186.9677734375
8185.00732421875
8184.51806640625
8185.4267578125
8186.15380859375
8186.26171875
8187.11328125
8191.96728515625
8198.732421875
8202.5224609375
8194.296875
8175.94970703125
8162.853515625
8162.52734375
8165.173828125
8160.58154296875
8152.58447265625
8149.4345703125
8148.64111328125
8145.576171875
8140.86181640625
8136.76611328125
8133.2900390625
8130.76416015625
8128.271484375
8124.0146484375
8120.18017578125
8118.7734375
8117.54345703125
8115.21826171875
8094.22607421875
8096.609375
8100.51416015625
8085.556640625
8091.8974609375
8087.853515625
8079.8828125
8084.9150390625
8077.73388671875
8075.0927734375
8076.88525390625
8069.7626953125
8070.2568359375
8068.4521484375
8063.7900390625
8064.3056640625
8060.9453125
8058.4296875
8057.8115234375
8054.50830078125
8052.962890625
8051.4013671875
8048.68408203125
8047.3193359375
8045.337890625
8043.10986328125
8041.6171875
8039.5224609375
8037.55029296875
8035.95166015625
8033.82958984375
8032.05810546875
8030.31982421875
8028.2841796875
8026.6015625
8024.73388671875
8022.85791015625
8021.1357421875
8019.27197265625
8017.478515625
8015.7197265625
8013.87890625
8012.1103515625
8010.3447265625
8008.51416015625
8006.7607421875
8004.96826171875
8003.171875
8001.40869140625
7999.6083984375
7997.82373046875
7996.0546875
7994.25537109375
7992.4912109375
7990.69384765625
7988.90185546875
7987.1201171875
7985.3203125
7983.52294921875
7981.72705078125
7979.9248046875
7978.1328125
7976.33056640625
7974.5126953125
7972.703125
7970.8779296875
7969.05419921875
7967.2216796875
7965.392578125
7963.552734375
7961.6943359375
7959.8330078125
7957.955078125
7956.0693359375
7954.16259765625
7952.24609375
7950.3212890625
7948.35791015625
7946.37841796875
7944.3662109375
7942.3349609375
7940.2734375
7938.16845703125
7936.04736328125
7933.88232421875
7931.689453125
7929.490234375
7927.2666015625
7925.04638671875
7922.84033203125
7920.6630859375
7918.509765625
7916.3740234375
7914.24853515625
7912.111328125
7909.974609375
7907.833984375
7905.701171875
7903.5869140625
7901.47900390625
7899.39404296875
7897.3232421875
7895.27490234375
7893.26416015625
7891.30712890625
7889.3857421875
7887.541015625
7885.8251953125
7884.6318359375
7884.8896484375
7892.9375
7904.50732421875
7911.43359375
7892.18408203125
7898.3671875
7889.474609375
7886.72607421875
7882.33935546875
7877.505859375
7875.76611328125
7871.12353515625
7869.90478515625
7870.49658203125
7867.16015625
7862.15478515625
7860.2998046875
7855.86572265625
7855.45703125
7853.5498046875
7850.5029296875
7847.98046875
7845.1337890625
7844.28515625
7841.3134765625
7839.1748046875
7837.15087890625
7835.0244140625
7833.9443359375
7830.509765625
7829.4033203125
7827.3662109375
7825.2353515625
7823.36083984375
7821.3251953125
7819.57373046875
7817.86328125
7815.703125
7813.77490234375
7812.23828125
7810.12353515625
7808.34326171875
7806.4775390625
7804.60546875
7802.90087890625
7800.9228515625
7799.10498046875
7797.2998046875
7795.5263671875
7793.66259765625
7791.80322265625
7790.0400390625
7788.19970703125
7786.4560546875
7784.59326171875
7782.82275390625
7781.0576171875
7779.2734375
7777.49951171875
7775.6953125
7773.95703125
7772.1806640625
7770.423828125
7768.658203125
7766.884765625
7765.1396484375
7763.396484375
7761.626953125
7759.87890625
7758.1171875
7756.3623046875
7754.623046875
7752.8740234375
7751.125
7749.3837890625
7747.62939453125
7745.89599609375
7744.1494140625
7742.412109375
7740.6748046875
7738.93212890625
7737.19384765625
7735.4560546875
7733.71142578125
7731.9658203125
7730.23486328125
7728.50341796875
7726.76611328125
7725.0439453125
7723.33642578125
7721.6357421875
7719.98828125
7718.41796875
7716.947265625
7715.5048828125
7713.8857421875
7711.85546875
7709.61376953125
7707.634765625
7706.05517578125
7704.5732421875
7702.88037109375
7700.8935546875
7698.93798828125
7697.212890625
7695.62109375
7693.9541015625
7692.111328125
7690.21484375
7688.4296875
7686.7509765625
7685.078125
7683.3046875
7681.45654296875
7679.63720703125
7677.89990234375
7676.21630859375
7674.4775390625
7672.6591796875
7670.84423828125
7669.0859375
7667.36279296875
7665.6171875
7663.8447265625
7662.05322265625
7660.26611328125
7658.50439453125
7656.75537109375
7655.0009765625
7653.23779296875
7651.46630859375
7649.697265625
7647.94189453125
7646.21533203125
7644.5087890625
7642.78369140625
7641.0498046875
7639.24365234375
7637.40087890625
7635.5625
7633.78125
7632.0625
7630.34912109375
7628.6103515625
7626.81884765625
7625.02734375
7623.275390625
7621.57177734375
7619.9033203125
7618.2421875
7616.61279296875
7615.0625
7613.67724609375
7612.431640625
7611.37255859375
7610.052734375
7608.2841796875
7605.6728515625
7602.9267578125
7600.740234375
7599.345703125
7598.2060546875
7596.6064453125
7594.490234375
7592.3212890625
7590.56591796875
7589.12548828125
7587.564453125
7585.7578125
7583.85791015625
7582.1171875
7580.49755859375
7578.8486328125
7577.12109375
7575.396484375
7573.712890625
7572.04443359375
7570.33740234375
7568.6376953125
7566.98046875
7565.34375
7563.67626953125
7561.984375
7560.2939453125
7558.66064453125
7557.06298828125
7555.4541015625
7553.81640625
7552.19921875
7550.6640625
7549.21533203125
7547.9150390625
7546.6064453125
7545.580078125
7544.1875
7542.8935546875
7540.640625
7538.28369140625
7536.046875
7534.373046875
7533.171875
7532.05810546875
7530.80126953125
7529.0244140625
7527.1640625
7525.5830078125
7524.44921875
7523.69140625
7522.69677734375
7521.25732421875
7519.1904296875
7516.86328125
7515.3896484375
7513.3818359375
7511.92724609375
7510.248046875
7508.5546875
7506.892578125
7505.080078125
7503.5771484375
7501.931640625
7500.51171875
7498.8837890625
7497.37841796875
7496.0
7494.4619140625
7492.93359375
7491.22900390625
7489.337890625
7487.5400390625
7486.00146484375
7484.75244140625
7483.359375
7481.7646484375
7480.037109375
7478.43505859375
7477.00439453125
7475.6328125
7474.3056640625
7472.693359375
7471.0283203125
7469.212890625
7467.5595703125
7465.97119140625
7464.46435546875
7462.9375
7461.357421875
7459.79150390625
7458.2978515625
7456.8125
7455.34716796875
7453.81005859375
7452.3046875
7450.73828125
7449.189453125
7447.6171875
7446.10546875
7444.61767578125
7443.19140625
7441.72705078125
7440.306640625
7438.8466796875
7437.5087890625
7436.154296875
7435.0283203125
7433.9755859375
7433.228515625
7432.72265625
7432.123046875
7431.125
7428.97119140625
7426.3525390625
7424.037109375
7422.2919921875
7420.6962890625
7418.701171875
7416.7138671875
7415.40185546875
7414.8818359375
7414.3564453125
7412.68359375
7409.8623046875
7407.1767578125
7405.75439453125
7405.03125
7403.77099609375
7401.740234375
7399.57958984375
7397.86572265625
7396.65966796875
7395.45166015625
7393.82470703125
7391.9775390625
7390.3916015625
7389.380859375
7388.091796875
7386.857421875
7385.08740234375
7383.66650390625
7381.9892578125
7380.19970703125
7378.2939453125
7376.4833984375
7374.85302734375
7373.384765625
7371.9228515625
7370.39453125
7368.890625
7367.53173828125
7366.30126953125
7364.9853515625
7363.8408203125
7362.677734375
7362.20361328125
7361.3916015625
7360.994140625
7358.51513671875
7355.791015625
7353.2314453125
7351.8193359375
7351.0673828125
7349.681640625
7347.6728515625
7344.76171875
7342.5
7341.22412109375
7340.30224609375
7339.2158203125
7337.5224609375
7335.94140625
7334.60400390625
7333.51611328125
7332.0205078125
7330.12841796875
7328.01171875
7326.228515625
7324.90283203125
7324.13232421875
7323.490234375
7323.3681640625
7322.32763671875
7320.66796875
7316.802734375
7312.701171875
7309.83544921875
7308.8017578125
7308.486328125
7307.18115234375
7304.83203125
7301.74658203125
7299.2900390625
7297.4638671875
7295.1162109375
7291.6220703125
7287.35009765625
7283.7314453125
7281.4853515625
7280.1083984375
7278.671875
7276.53564453125
7274.2353515625
7272.111328125
7270.53125
7268.9091796875
7267.4013671875
7265.8359375
7264.83837890625
7263.92626953125
7263.263671875
7262.375
7261.0498046875
7259.48828125
7256.56103515625
7253.4267578125
7250.50244140625
7248.82177734375
7248.3486328125
7248.5634765625
7248.15185546875
7246.8994140625
7243.998046875
7241.03759765625
7238.4482421875
7236.78271484375
7235.5888671875
7234.7822265625
7234.1865234375
7233.72900390625
7233.45361328125
7233.24853515625
7232.9326171875
7232.7021484375
7232.15869140625
7231.49853515625
7229.72216796875
7226.87841796875
7223.140625
7219.81982421875
7217.90380859375
7217.6318359375
7218.48193359375
7219.0009765625
7218.63818359375
7216.6611328125
7213.9384765625
7210.724609375
7207.96484375
7205.8232421875
7204.4560546875
7203.736328125
7203.2119140625
7202.841796875
7202.04833984375
7201.076171875
7199.20263671875
7196.86328125
7193.7685546875
7190.8505859375
7188.265625
7186.4951171875
7185.1279296875
7184.03466796875
7182.734375
7181.19384765625
7179.4404296875
7177.64794921875
7176.0009765625
7174.5185546875
7173.173828125
7171.943359375
7170.861328125
7170.03955078125
7169.52587890625
7169.3291015625
7169.248046875
7169.177734375
7168.66552734375
7167.5615234375
7165.701171875
7163.4111328125
7161.005859375
7158.892578125
7157.1171875
7155.693359375
7154.455078125
7153.412109375
7152.2421875
7151.0244140625
7149.6962890625
7148.5048828125
7147.365234375
7146.1650390625
7144.7744140625
7143.1298828125
7141.37109375
7139.42041015625
7137.458984375
7135.56005859375
7134.0234375
7133.0234375
7132.455078125
7132.3349609375
7132.41796875
7132.6513671875
7132.67041015625
7132.1591796875
7131.03662109375
7128.9560546875
7126.5732421875
7123.2822265625
7120.36572265625
7117.794921875
7116.345703125
7115.8173828125
7115.60546875
7115.32470703125
7114.6640625
7113.837890625
7112.72412109375
7111.509765625
7109.6728515625
7107.35693359375
7104.37890625
7101.45263671875
7099.11669921875
7097.74365234375
7097.423828125
7097.767578125
7098.27099609375
7098.798828125
7098.744140625
7098.38232421875
7096.90625
7094.7734375
7091.27978515625
7087.689453125
7084.251953125
7082.01416015625
7080.6865234375
7079.775390625
7078.505859375
7076.37109375
7073.658203125
7070.71240234375
7068.4150390625
7066.830078125
7066.24462890625
7066.04345703125
7066.265625
7066.322265625
7066.5078125
7066.35205078125
7066.0087890625
7064.921875
7063.048828125
7060.5634765625
7057.63671875
7054.7890625
7052.01220703125
7049.5478515625
7047.4072265625
7045.68212890625
7044.39013671875
7043.65380859375
7043.40380859375
7043.27392578125
7042.947265625
7042.193359375
7041.23046875
7040.02880859375
7038.751953125
7037.1728515625
7035.5478515625
7033.97412109375
7032.9345703125
7032.447265625
7032.48876953125
7032.5810546875
7032.41748046875
7031.6640625
7030.416015625
7028.8818359375
7027.27978515625
7025.37109375
7023.15966796875
7020.35498046875
7017.8310546875
7015.5263671875
7014.0224609375
7012.81298828125
7011.90478515625
7010.91845703125
7009.927734375
7008.8671875
7007.74462890625
7006.45947265625
7005.0400390625
7003.482421875
7002.12353515625
7000.87451171875
6999.86572265625
6998.482421875
6996.7275390625
6994.2314453125
6991.4326171875
6988.64697265625
6986.4140625
6985.0126953125
6984.3662109375
6984.2421875
6984.21826171875
6984.1064453125
6983.64794921875
6982.8720703125
6981.6923828125
6980.2587890625
6978.61962890625
6977.060546875
6975.740234375
6974.93603515625
6974.509765625
6974.48095703125
6974.462890625
6974.44189453125
6974.0927734375
6973.546875
6972.708984375
6971.7138671875
6970.67333984375
6969.40478515625
6968.06396484375
6966.21875
6964.40625
6962.4453125
6961.15966796875
6960.001953125
6958.9931640625
6957.0107421875
6954.359375
6951.6494140625
6950.0244140625
6949.4296875
6948.8994140625
6947.6435546875
6945.12890625
6942.67431640625
6940.82666015625
6940.32861328125
6940.09765625
6939.68994140625
6938.48828125
6936.8896484375
6934.96826171875
6932.7294921875
6930.1357421875
6927.43701171875
6925.28125
6924.0380859375
6923.7587890625
6923.6298828125
6923.19384765625
6921.7353515625
6919.619140625
6917.0810546875
6914.75537109375
6913.1767578125
6912.41845703125
6912.50830078125
6912.81689453125
6912.919921875
6912.0361328125
6910.20654296875
6907.4189453125
6904.599609375
6902.0322265625
6900.423828125
6899.4345703125
6899.029296875
6898.576171875
6897.9716796875
6897.03515625
6896.0166015625
6895.0556640625
6894.41796875
6894.0400390625
6893.810546875
6893.55908203125
6893.00537109375
6892.6328125
6891.76318359375
6891.1806640625
6889.6591796875
6888.12109375
6886.2509765625
6885.22119140625
6884.4453125
6883.80322265625
6881.93212890625
6878.95947265625
6875.4599609375
6872.81396484375
6871.5673828125
6871.6884765625
6871.97998046875
6871.69482421875
6870.00732421875
6867.35546875
6864.2841796875
6861.48486328125
6859.1474609375
6857.1328125
6855.3662109375
6853.5048828125
6851.67041015625
6849.57421875
6847.4013671875
6844.861328125
6842.2099609375
6839.3310546875
6836.498046875
6833.791015625
6831.46142578125
6829.50634765625
6827.8896484375
6826.4296875
6824.97314453125
6823.515625
6822.0263671875
6820.7197265625
6819.533203125
6818.58984375
6817.74267578125
6817.0849609375
6816.5302734375
6816.18994140625
6816.0185546875
6816.04296875
6816.12841796875
6816.18212890625
6815.9765625
6815.2626953125
6813.74365234375
6811.353515625
6808.45556640625
6805.63232421875
6803.52685546875
6802.10546875
6801.271484375
6800.38720703125
6799.462890625
6798.14453125
6796.90673828125
6795.640625
6794.60205078125
6793.75537109375
6792.91552734375
6792.33984375
6791.6103515625
6791.0224609375
6790.22021484375
6789.224609375
6788.14208984375
6786.6796875
6785.48193359375
6784.28955078125
6783.9921875
6784.23046875
6785.2158203125
6786.451171875
6787.39697265625
6787.85888671875
6787.1748046875
6785.7021484375
6783.49951171875
6781.2412109375
6779.4912109375
6778.52490234375
6778.11669921875
6777.439453125
6775.43115234375
6771.6298828125
6767.03125
6762.5400390625
6759.44970703125
6757.38671875
6756.25341796875
6755.017578125
6753.8505859375
6752.2412109375
6750.5419921875
6748.28857421875
6745.68359375
6742.9501953125
6740.61181640625
6738.9501953125
6737.9091796875
6737.029296875
6735.849609375
6734.361328125
6732.994140625
6732.10009765625
6731.7509765625
6731.4736328125
6730.865234375
6729.755859375
6728.6142578125
6727.9091796875
6727.77294921875
6727.7607421875
6727.2236328125
6725.7431640625
6723.4736328125
6720.89306640625
6718.75048828125
6717.2685546875
6716.72705078125
6716.66015625
6717.11328125
6717.44140625
6717.798828125
6717.55615234375
6717.07568359375
6716.04541015625
6715.0341796875
6713.876953125
6712.80615234375
6711.498046875
6710.115234375
6708.728515625
6707.708984375
6707.0966796875
6706.640625
6706.0400390625
6704.873046875
6703.4365234375
6701.68310546875
6700.09912109375
6698.685546875
6697.2998046875
6696.01171875
6694.3701171875
6692.7001953125
6690.744140625
6688.90234375
6686.91796875
6685.279296875
6683.78173828125
6682.677734375
6681.63720703125
6680.51953125
6679.19482421875
6677.6904296875
6676.23291015625
6674.8095703125
6673.63134765625
6672.42578125
6671.564453125
6670.798828125
6670.6123046875
6670.453125
6670.53466796875
6669.98046875
6669.02099609375
6667.2421875
6665.53564453125
6664.1240234375
6664.0546875
6664.81103515625
6666.7451171875
6668.046875
6669.0537109375
6668.09521484375
6666.41796875
6663.85546875
6661.3798828125
6658.8388671875
6656.98974609375
6655.759765625
6655.4091796875
6655.10986328125
6654.5986328125
6653.1435546875
6651.25390625
6649.2138671875
6648.0859375
6647.61328125
6647.73046875
6647.28564453125
6645.85693359375
6643.11083984375
6639.7490234375
6636.74072265625
6634.9423828125
6634.462890625
6634.6611328125
6634.84326171875
6634.12744140625
6632.6181640625
6630.431640625
6628.46142578125
6627.03515625
6626.2197265625
6625.65234375
6624.80810546875
6623.6865234375
6621.9970703125
6620.1171875
6617.94140625
6615.8486328125
6613.84716796875
6612.1259765625
6610.7080078125
6609.4892578125
6608.34375
6607.1533203125
6605.88720703125
6604.6337890625
6603.3310546875
6602.06298828125
6600.78564453125
6599.6357421875
6598.5478515625
6597.6015625
6596.71533203125
6595.96044921875
6595.27587890625
6594.79248046875
6594.392578125
6594.14599609375
6593.8447265625
