7576.7890625
7567.30078125
7558.47216796875
7550.24755859375
7542.578125
7535.39453125
7528.63671875
7522.25390625
7516.19873046875
7510.43994140625
7504.94287109375
7499.68359375
7494.6435546875
7489.802734375
7485.14453125
7480.65673828125
7476.326171875
7472.1435546875
7468.1044921875
7464.20263671875
7460.4287109375
7456.7802734375
7453.251953125
7449.8447265625
7446.55078125
7443.3671875
7440.28857421875
7437.310546875
7434.431640625
7431.64453125
7428.94677734375
7426.33203125
7423.7978515625
7421.34326171875
7418.9619140625
7416.65234375
7414.41162109375
7412.23779296875
7410.1279296875
7408.07958984375
7406.0927734375
7404.1630859375
7402.28955078125
7400.46923828125
7398.69970703125
7396.97998046875
7395.30615234375
7393.68212890625
7392.1015625
7390.5634765625
7389.06884765625
7387.611328125
7386.19287109375
7384.814453125
7383.46875
7382.15966796875
7380.8857421875
7379.64453125
7378.43359375
7377.2548828125
7376.10546875
7374.9833984375
7373.8916015625
7372.82421875
7371.78271484375
7370.765625
7369.77490234375
7368.806640625
7367.861328125
7366.9375
7366.03466796875
7365.15576171875
7364.2939453125
7363.4501953125
7362.6240234375
7361.81494140625
7361.025390625
7360.2548828125
7359.5009765625
7358.76025390625
7358.03515625
7357.32568359375
7356.630859375
7355.951171875
7355.28515625
7354.63232421875
7353.9921875
7353.36767578125
7352.7578125
7352.1572265625
7351.56689453125
7350.99169921875
7350.4287109375
7349.87646484375
7349.33447265625
7348.8037109375
7348.28515625
7347.7763671875
7347.2783203125
7346.791015625
7346.3125
7345.84375
7345.384765625
7344.9365234375
7344.49560546875
7344.068359375
7343.6494140625
7343.2353515625
7342.8330078125
7342.439453125
7342.0517578125
7341.673828125
7341.30419921875
7340.94140625
7340.5869140625
7340.23828125
7339.89794921875
7339.564453125
7339.23779296875
7338.919921875
7338.6064453125
7338.30029296875
7338.0009765625
7337.70703125
7337.4189453125
7337.138671875
7336.86376953125
7336.591796875
7336.3291015625
7336.0673828125
7335.810546875
7335.5615234375
7335.31640625
7335.07568359375
7334.83984375
7334.60791015625
7334.380859375
7334.1552734375
7333.9365234375
7333.71875
7333.5068359375
7333.2978515625
7333.091796875
7332.89013671875
7332.6904296875
7332.49609375
7332.3017578125
7332.1142578125
7331.92724609375
7331.7451171875
7331.564453125
7331.3837890625
7331.208984375
7331.0380859375
7330.8671875
7330.69970703125
7330.5361328125
7330.373046875
7330.2138671875
7330.056640625
7329.900390625
7329.748046875
7329.59521484375
7329.4443359375
7329.298828125
7329.15380859375
7329.01025390625
7328.86669921875
7328.7265625
7328.5888671875
7328.45263671875
7328.3203125
7328.1865234375
7328.0546875
7327.9248046875
7327.796875
7327.6708984375
7327.54541015625
7327.421875
7327.30078125
7327.1796875
7327.060546875
7326.9423828125
7326.8291015625
7326.71435546875
7326.60205078125
7326.490234375
7326.3798828125
7326.27001953125
7326.162109375
7326.0546875
7325.94873046875
7325.84521484375
7325.74169921875
7325.6396484375
7325.53857421875
7325.4365234375
7325.33837890625
7325.240234375
7325.142578125
10571024.0
23038408.0
54172.73046875
68865.6484375
219919.125
111599.890625
133778.921875
195595.4375
257232.4375
152645.828125
89227.4375
75580.28125
72508.25
68144.6640625
63647.796875
60526.5
58438.0390625
57120.5703125
56268.45703125
55427.26953125
54312.671875
53016.76171875
51724.46484375
50449.15625
49162.109375
47920.30078125
46756.80078125
45646.8203125
44578.2578125
43553.8671875
42574.2265625
41645.9296875
40774.62109375
39956.671875
39173.328125
38396.6796875
37604.5859375
36802.6796875
36033.859375
35337.61328125
34707.18359375
34109.8671875
33509.87109375
32878.67578125
32224.5546875
31590.58203125
31012.169921875
30490.21875
29987.41015625
29477.986328125
28967.515625
28472.361328125
28003.4609375
27561.2734375
27147.619140625
26753.71484375
26370.53125
25995.169921875
25627.98828125
25270.990234375
24926.181640625
24593.1328125
24271.771484375
23963.31640625
23666.896484375
23381.177734375
23106.85546875
22844.283203125
22591.99609375
22348.314453125
22112.576171875
21883.87109375
21661.349609375
21444.4453125
21232.421875
21025.080078125
20822.958984375
20626.919921875
20436.47265625
20251.845703125
20072.1484375
19897.984375
19728.85546875
19564.001953125
19403.751953125
19247.677734375
19096.017578125
18948.439453125
18804.541015625
18663.859375
18526.34375
18391.83984375
18260.314453125
18131.517578125
18005.013671875
17880.77734375
17759.107421875
17639.56640625
17521.640625
17406.03125
17292.671875
17181.037109375
17071.396484375
16963.9375
16858.06640625
16753.82421875
16651.453125
16550.48828125
16450.935546875
16352.8740234375
16256.123046875
16160.673828125
16066.6669921875
15974.0244140625
15882.658203125
15792.7353515625
15704.224609375
15616.98046875
15531.0146484375
15446.078125
15362.2412109375
15279.73046875
15198.73828125
15119.0537109375
15040.3935546875
14962.626953125
14885.8447265625
14810.216796875
14735.8271484375
14662.484375
14590.056640625
14518.490234375
14447.9375
14378.427734375
14309.947265625
14242.4296875
14175.724609375
14109.8173828125
14044.64453125
13980.26953125
13916.65625
13853.7587890625
13791.5234375
13729.87890625
13668.783203125
13608.1982421875
13548.0859375
13488.400390625
13429.1728515625
13370.306640625
13311.8125
13253.67578125
13195.8818359375
13138.326171875
13080.921875
13023.857421875
12967.2958984375
12911.166015625
12855.466796875
12800.6025390625
12746.6572265625
12693.666015625
12641.67578125
12590.740234375
12540.578125
12491.025390625
12441.716796875
12392.232421875
12342.611328125
12293.119140625
12243.9609375
12195.3125
12147.3515625
12099.9375
12052.875
12006.21484375
11959.9521484375
11913.9140625
11868.0517578125
11822.513671875
11777.3779296875
11732.4912109375
11687.939453125
11643.953125
11600.45703125
11557.1875
11514.345703125
11472.0576171875
11430.1494140625
11388.513671875
11347.330078125
11306.4990234375
11265.818359375
11225.33203125
11185.1669921875
11145.2578125
11105.607421875
11066.3076171875
11027.26171875
10988.4453125
10949.8564453125
10911.5
10873.259765625
10835.083984375
10797.015625
10759.1279296875
10721.5400390625
10684.322265625
10647.4609375
10610.8671875
10574.5029296875
10538.275390625
10502.20703125
10466.314453125
10430.65234375
10395.2578125
10360.1396484375
10325.3056640625
10290.7392578125
10256.4140625
10222.318359375
10188.447265625
10154.79296875
10121.388671875
10088.2265625
10055.318359375
10022.6796875
9990.322265625
9958.228515625
9926.39453125
9894.802734375
9863.478515625
9832.40234375
9801.564453125
9770.978515625
9740.6103515625
9710.4921875
9680.58984375
9650.921875
9621.458984375
9592.248046875
9563.2861328125
9534.66796875
9506.603515625
9479.52734375
9452.5283203125
9423.37109375
9392.7431640625
9365.427734375
9339.849609375
9312.271484375
9283.66796875
9257.3291015625
9229.083984375
9200.03515625
9173.748046875
9148.0390625
9120.650390625
9093.6220703125
9068.080078125
9042.171875
9016.25
8990.482421875
8964.703125
8939.736328125
8915.66796875
8890.828125
8865.4697265625
8840.72265625
8816.0498046875
8791.419921875
8767.36328125
8743.47265625
8719.1484375
8694.9248046875
8671.203125
8647.7265625
8624.39453125
8601.2353515625
8578.2060546875
8555.150390625
8531.7802734375
8508.130859375
8484.77734375
8462.1064453125
8439.72265625
8417.2578125
8394.990234375
8373.1728515625
8351.517578125
8329.5712890625
8307.5966796875
8285.8125
8264.3203125
8243.015625
8221.9306640625
8201.0166015625
8180.15576171875
8159.37451171875
8138.693359375
8118.0263671875
8097.26953125
8076.5341796875
8055.92041015625
8035.4375
8014.90478515625
7994.2607421875
7973.50537109375
7952.7705078125
7932.3681640625
7912.345703125
7892.412109375
7871.91748046875
7850.9814453125
7830.1796875
7809.7783203125
7789.26513671875
7768.34765625
7747.55224609375
7727.37109375
7707.4091796875
7686.9814453125
7666.34375
7646.30615234375
7626.884765625
7607.482421875
7587.99560546875
7568.8974609375
7550.34716796875
7531.9833984375
7513.55517578125
7495.2646484375
7477.30810546875
7459.60546875
7442.05859375
7424.66845703125
7407.4033203125
7390.1728515625
7373.05322265625
7356.66845703125
7341.46630859375
7327.81884765625
7314.66552734375
7300.43408203125
7280.23974609375
7259.03955078125
7243.23876953125
7229.1064453125
7211.21435546875
7192.79296875
7178.2333984375
7163.4072265625
7145.857421875
7129.94873046875
7116.02587890625
7100.24609375
7084.68359375
7072.03466796875
7059.20068359375
7045.1181640625
7029.2470703125
7011.8359375
6994.24658203125
6980.09033203125
6968.0458984375
6952.4853515625
6935.2275390625
6920.6328125
6908.38916015625
6893.9013671875
6877.12744140625
6862.15234375
6849.1083984375
6835.75146484375
6821.72802734375
6808.013671875
6794.74609375
6781.33642578125
6767.7529296875
6754.81787109375
6742.39794921875
6729.55078125
6715.0888671875
6699.89306640625
6685.859375
6673.341796875
6660.95068359375
6647.45556640625
6633.08056640625
6619.12548828125
6606.298828125
6594.43359375
6582.7236328125
6570.77978515625
6558.84375
6547.638671875
6536.6064453125
6524.9482421875
6511.046875
6496.2236328125
6482.173828125
6469.58642578125
6457.4521484375
6444.85107421875
6431.9013671875
6419.27392578125
6407.3759765625
6395.54833984375
6383.0791015625
6370.2138671875
6357.84521484375
6346.2275390625
6334.5986328125
6322.47412109375
6310.13671875
6298.18701171875
6286.6494140625
6275.11083984375
6263.36572265625
6251.5888671875
6240.08251953125
6228.89599609375
6217.67578125
6206.12890625
6194.47802734375
6183.3525390625
6172.8818359375
6162.62890625
6151.9814453125
6140.58251953125
6128.287109375
6115.80419921875
6104.26708984375
6094.07470703125
6084.45458984375
6074.5498046875
6064.2275390625
6054.40234375
6044.66455078125
6034.44091796875
6022.83056640625
6011.81982421875
6002.0419921875
5993.14404296875
5982.4970703125
5970.41015625
5958.916015625
5949.5615234375
5940.74072265625
5930.66064453125
5919.8076171875
5908.9912109375
5898.0947265625
5887.00244140625
5876.43798828125
5866.8203125
5857.79833984375
5848.916015625
5839.970703125
5830.67822265625
5820.76318359375
5810.6025390625
5800.1572265625
5790.0283203125
5780.6806640625
5771.6201171875
5762.115234375
5751.97802734375
5742.1884765625
5733.28759765625
5725.00830078125
5716.80322265625
5708.04052734375
5698.77880859375
5689.5078125
5680.5732421875
5671.72314453125
5662.638671875
5653.337890625
5643.998046875
5634.75
5625.66064453125
5616.765625
5608.09619140625
5599.55712890625
5590.9814453125
5582.404296875
5574.0244140625
5565.93896484375
5558.123046875
5550.4384765625
5542.9306640625
5535.37744140625
5527.6669921875
5519.2431640625
5510.3173828125
5501.07421875
5492.115234375
5483.31201171875
5474.435546875
5465.4853515625
5457.13037109375
5449.447265625
5441.712890625
5433.36572265625
5424.78125
5416.85400390625
5409.79345703125
5403.0712890625
5396.16748046875
5388.634765625
5380.2607421875
5371.01611328125
5361.63232421875
5352.86865234375
5344.9794921875
5337.5625
5330.5107421875
5323.4560546875
5316.69189453125
5309.24755859375
5301.79345703125
5293.57080078125
5285.5791015625
5277.6513671875
5269.853515625
5262.26708984375
5255.00732421875
5248.1708984375
5241.5654296875
5235.220703125
5228.76025390625
5221.68603515625
5213.61279296875
5204.9833984375
5196.43505859375
5189.1806640625
5183.81201171875
5178.94970703125
5173.15771484375
5166.75146484375
5161.51171875
5156.388671875
5150.72119140625
5142.130859375
5131.9677734375
5120.892578125
5111.62158203125
5105.0
5099.7314453125
5093.85302734375
5086.197265625
5077.9677734375
5070.14501953125
5063.42822265625
5057.19580078125
5050.59033203125
5043.61474609375
5035.88916015625
5028.1181640625
5020.7431640625
5014.28271484375
5008.46533203125
5002.86328125
4997.2744140625
4991.68212890625
4986.359375
4981.630859375
4977.0009765625
4971.9384765625
4965.25927734375
4957.2548828125
4948.361328125
4939.8173828125
4932.42919921875
4926.75244140625
4922.16650390625
4917.486328125
4911.15234375
4903.0634765625
4893.91015625
4885.25146484375
4877.95703125
4871.69482421875
4865.69287109375
4859.2060546875
4852.296875
4845.296875
4838.77197265625
4832.90234375
4827.5400390625
4822.205078125
4816.47998046875
4810.3115234375
4803.884765625
4797.560546875
4791.46484375
4785.26806640625
4778.705078125
4771.7783203125
4764.97705078125
4758.6513671875
4752.91845703125
4747.3349609375
4741.91796875
4736.353515625
4731.20556640625
4726.08740234375
4721.119140625
4715.76123046875
4710.17529296875
4704.4326171875
4698.73095703125
4693.46435546875
4688.767578125
4684.6708984375
4680.6171875
4676.1787109375
4670.732421875
4664.2412109375
4657.10498046875
4650.0712890625
4644.31591796875
4639.681640625
4635.51953125
4630.27734375
4623.63623046875
4616.1005859375
4609.11328125
4603.71826171875
4599.69384765625
4596.3935546875
4592.501953125
4587.86279296875
4582.47900390625
4577.3701171875
4572.44091796875
4568.091796875
4564.0625
4560.05712890625
4555.646484375
4549.4375
4542.591796875
4536.70703125
4532.228515625
4527.96142578125
4521.787109375
4513.9501953125
4506.2158203125
4500.5517578125
4496.919921875
4493.67236328125
4489.81591796875
4485.47265625
4482.74951171875
4481.50634765625
4481.71875
4478.2431640625
4472.24658203125
4460.9912109375
4450.2890625
4442.39208984375
4438.03759765625
4435.421875
4431.53369140625
4426.10400390625
4419.02490234375
4412.544921875
4407.0625
4401.494140625
4395.17236328125
4387.9775390625
4381.712890625
4377.13916015625
4373.6767578125
4370.08740234375
4365.78662109375
4361.53271484375
4357.91796875
4354.4951171875
4350.4296875
4345.203125
4339.92041015625
4335.603515625
4333.06787109375
4331.595703125
4330.2109375
4327.0185546875
4321.64794921875
4314.0986328125
4306.6015625
4300.74755859375
4297.10791015625
4294.64404296875
4291.548828125
4287.5732421875
4283.0087890625
4278.8232421875
4275.375
4272.20849609375
4268.73193359375
4264.205078125
4258.62548828125
4252.08935546875
4245.4482421875
4239.5419921875
4235.22998046875
4232.40087890625
4230.177734375
4227.3193359375
4222.783203125
4216.5126953125
4209.77392578125
4203.4638671875
4198.2529296875
4194.6005859375
4192.197265625
4189.779296875
4186.189453125
4181.6640625
4177.759765625
4175.021484375
4172.5693359375
4168.6552734375
4162.6357421875
4154.53564453125
4146.07177734375
4139.31103515625
4135.7099609375
4134.3857421875
4132.7216796875
4129.67822265625
4125.68994140625
4122.416015625
4119.986328125
4117.85986328125
4114.783203125
4110.1728515625
4103.3837890625
4096.62646484375
4090.54052734375
4085.9482421875
4081.966796875
4077.9140625
4073.71826171875
4069.615234375
4066.32470703125
4062.943359375
4060.07568359375
4055.67431640625
4051.31396484375
4046.4990234375
4043.04296875
4041.8193359375
4043.1650390625
4046.31201171875
4046.2314453125
4039.8779296875
4027.42626953125
4017.0048828125
4010.6181640625
4004.96875
3997.7998046875
3991.470703125
3987.15087890625
3983.9345703125
3980.42041015625
3976.177734375
3971.380859375
3966.39501953125
3961.72265625
3957.78564453125
3953.109375
3947.89208984375
3943.17138671875
3940.2666015625
3938.4609375
3938.423828125
3939.82177734375
3942.69580078125
3943.47900390625
3936.9091796875
3924.76171875
3914.3515625
3910.619140625
3912.89892578125
3913.04052734375
3908.638671875
3901.0595703125
3896.02734375
3890.1572265625
3880.85693359375
3871.60791015625
3866.6162109375
3865.9775390625
3865.09521484375
3860.99365234375
3855.087890625
3848.6123046875
3841.5654296875
3835.140625
3831.8447265625
3831.40673828125
3830.08544921875
3826.56640625
3821.57177734375
3816.0859375
3810.60791015625
3806.7568359375
3804.734375
3802.9873046875
3800.6875
3797.75
3794.8427734375
3792.36572265625
3791.5048828125
3792.0087890625
3792.71044921875
3792.630859375
3791.4208984375
3788.9384765625
3785.76171875
3782.0126953125
3778.8896484375
3776.07470703125
3774.4111328125
3773.54833984375
3774.0380859375
3774.2431640625
3772.87744140625
3768.15966796875
3760.416015625
3750.0224609375
3739.599609375
3730.986328125
3725.7509765625
3723.2861328125
3722.0263671875
3719.6435546875
3714.97265625
3709.38330078125
3705.05029296875
3703.185546875
3702.8544921875
3701.681640625
3698.2294921875
3692.27392578125
3685.46826171875
3678.9375
3673.79150390625
3669.64599609375
3665.8916015625
3661.85888671875
3657.51611328125
3653.5244140625
3650.431640625
3648.2861328125
3646.61083984375
3645.392578125
3645.06103515625
3646.189453125
3647.68994140625
3647.98681640625
3644.55126953125
3637.55126953125
3628.265625
3619.80126953125
3614.11962890625
3611.40283203125
3610.1708984375
3609.09619140625
3607.3828125
3605.3525390625
3603.6748046875
3603.06982421875
3602.5234375
3601.40087890625
3598.6123046875
3595.0615234375
3591.6650390625
3590.2470703125
3590.05419921875
3591.43798828125
3591.0546875
3590.2509765625
3586.3056640625
3582.2431640625
3577.908203125
3575.0537109375
3572.7626953125
3570.47021484375
3566.1708984375
3559.806640625
3552.8095703125
3547.84130859375
3546.873046875
3549.2822265625
3552.3798828125
3550.6796875
3542.04638671875
3528.96630859375
3518.48974609375
3515.015625
3515.84130859375
3515.59130859375
3510.75439453125
3502.568359375
3495.46923828125
3492.1533203125
3491.5166015625
3490.13720703125
3486.6025390625
3482.65087890625
3479.701171875
3478.07177734375
3476.60107421875
3475.1376953125
3473.83837890625
3473.15478515625
3472.435546875
3471.53125
3470.7451171875
3470.59375
3470.45947265625
3469.6474609375
3467.984375
3465.19921875
3461.6201171875
3457.0009765625
3451.814453125
3446.6240234375
3441.69482421875
3437.83642578125
3435.43603515625
3435.11181640625
3436.20556640625
3438.30322265625
3440.12255859375
3441.27734375
3440.33349609375
3437.88525390625
3433.23291015625
3428.84619140625
3424.15234375
3421.0283203125
3417.7890625
3414.91943359375
3410.9521484375
3407.33056640625
3403.48388671875
3400.66064453125
3397.88818359375
3395.478515625
3392.74072265625
3390.27099609375
3387.94482421875
3386.93310546875
3386.5068359375
3386.6396484375
3385.6806640625
3383.1591796875
3378.8447265625
3373.42138671875
3369.01220703125
3365.572265625
3362.02197265625
3357.234375
3352.32861328125
3348.66748046875
3344.77294921875
3338.33349609375
3331.14892578125
3326.80322265625
3324.93798828125
3322.27685546875
3318.9951171875
3315.39208984375
3310.6787109375
3306.67626953125
3306.1953125
3307.17724609375
3305.7392578125
3303.51513671875
3302.44921875
3302.75634765625
3302.748046875
3303.5029296875
3302.47265625
3300.5615234375
3298.8154296875
3297.35791015625
3295.13330078125
3292.31396484375
3289.74462890625
3287.18310546875
3284.5048828125
3283.0712890625
3281.69921875
3280.88525390625
3280.490234375
3281.091796875
3248.37109375
3253.07275390625
3262.7353515625
3237.466796875
3251.7041015625
3245.134765625
3233.83349609375
3244.544921875
3232.64404296875
3231.48876953125
3234.76904296875
3225.0166015625
3227.494140625
3225.5166015625
3219.9169921875
3221.82080078125
3218.025390625
3215.27734375
3215.6318359375
3211.8818359375
3210.447265625
3209.6103515625
3206.46826171875
3205.45458984375
3203.93359375
3201.38916015625
3200.39599609375
3198.56005859375
3196.4560546875
3195.3720703125
3193.3837890625
3191.638671875
3190.37353515625
3188.396484375
3186.86572265625
3185.42138671875
3183.54296875
3182.111328125
3180.5400390625
3178.78955078125
3177.3603515625
3175.72314453125
3174.0830078125
3172.6162109375
3170.96923828125
3169.40283203125
3167.896484375
3166.279296875
3164.7421875
3163.2021484375
3161.6181640625
3160.0908203125
3158.54638671875
3156.98876953125
3155.4638671875
3153.9208984375
3152.376953125
3150.85546875
3149.31640625
3147.78369140625
3146.26025390625
3144.72998046875
3143.203125
3141.68115234375
3140.158203125
3138.63037109375
3137.1181640625
3135.59619140625
3134.0771484375
3132.5732421875
3131.05712890625
3129.54443359375
3128.03857421875
3126.52880859375
3125.02392578125
3123.5244140625
3122.02099609375
3120.52587890625
3119.02685546875
3117.525390625
3116.0302734375
3114.54052734375
3113.0478515625
3111.55029296875
3110.0654296875
3108.57470703125
3107.087890625
3105.607421875
3104.1240234375
3102.64306640625
3101.16259765625
3099.67919921875
3098.20556640625
3096.72900390625
3095.2529296875
3093.7802734375
3092.30126953125
3090.83203125
3089.36328125
3087.8935546875
3086.42822265625
3084.96728515625
3083.50537109375
3082.04296875
3080.5830078125
3079.126953125
3077.66748046875
3076.2109375
3074.75537109375
3073.298828125
3071.849609375
3070.3974609375
3068.94970703125
3067.50244140625
3066.05859375
3064.6142578125
3063.173828125
3061.7265625
3060.28466796875
3058.85302734375
3057.41552734375
3055.9765625
3054.544921875
3053.10693359375
3051.671875
3050.2392578125
3048.81005859375
3047.380859375
3045.95458984375
3044.52978515625
3043.10400390625
3041.67919921875
3040.2626953125
3038.8447265625
3037.4287109375
3036.00927734375
3034.5869140625
3033.17138671875
3031.7548828125
3030.34521484375
3028.9306640625
3027.52587890625
3026.119140625
3024.712890625
3023.3095703125
3021.9033203125
3020.50244140625
3019.09716796875
3017.7001953125
3016.29736328125
3014.89453125
3013.498046875
3012.10498046875
3010.70751953125
3009.31396484375
3007.9189453125
3006.52587890625
3005.13623046875
3003.7412109375
3002.35498046875
3000.962890625
2999.57666015625
2998.18798828125
2996.80126953125
2995.421875
2994.041015625
2992.65771484375
2991.279296875
2989.89892578125
2988.52001953125
2987.1396484375
2985.765625
2984.38720703125
2983.0146484375
2981.640625
2980.263671875
2978.89013671875
2977.51171875
2976.1435546875
2974.76904296875
2973.396484375
2972.0283203125
2970.66357421875
2969.294921875
2967.93017578125
2966.5595703125
2965.19140625
2963.82421875
2962.4599609375
2961.09912109375
2959.73486328125
2958.3701171875
2957.00146484375
2955.63671875
2954.267578125
2952.89404296875
2951.52685546875
2950.15869140625
2948.787109375
2947.4111328125
2946.03662109375
2944.66259765625
2943.2822265625
2941.90234375
2940.521484375
2939.13818359375
2937.7548828125
2936.357421875
2934.9658203125
2933.56689453125
2932.1640625
2930.75341796875
2929.33984375
2927.91796875
2926.4921875
2925.0615234375
2923.6240234375
2922.18603515625
2920.73974609375
2919.2841796875
2917.83447265625
2916.37646484375
2914.9169921875
2913.46337890625
2912.00830078125
2910.556640625
2909.10498046875
2907.66015625
2906.22607421875
2904.7919921875
2903.361328125
2901.9404296875
2900.525390625
2899.1123046875
2897.71044921875
2896.31640625
2894.9287109375
2893.54345703125
2892.16796875
2890.79248046875
2889.42822265625
2888.0693359375
2886.7099609375
2885.3564453125
2884.00830078125
2882.6630859375
2881.3232421875
2879.986328125
2878.6513671875
2877.31787109375
2875.99072265625
2874.6640625
2873.341796875
2872.02001953125
2870.69873046875
2869.3818359375
2868.0712890625
2866.7578125
2865.44091796875
2864.12158203125
2862.81640625
2861.51171875
2860.20361328125
2858.89208984375
2857.591796875
2856.28955078125
2854.98583984375
2853.68359375
2852.38916015625
2851.0908203125
2849.794921875
2848.50048828125
2847.2021484375
2845.91357421875
2844.62451171875
2843.3369140625
2842.05029296875
2840.759765625
2839.4775390625
2838.189453125
2836.90625
2835.62109375
2834.3369140625
2833.0556640625
2831.7744140625
2830.49462890625
2829.2197265625
2827.94140625
2826.66748046875
2825.38916015625
2824.107421875
2822.8349609375
2821.56103515625
2820.29052734375
2819.0185546875
2817.74658203125
2816.47216796875
2815.1982421875
2813.9208984375
2812.646484375
2811.375
2810.10302734375
2808.8359375
2807.56640625
2806.29541015625
2805.02294921875
2803.748046875
2802.47802734375
2801.20654296875
2799.93359375
2798.6591796875
2797.3876953125
2796.11669921875
2794.841796875
2793.56298828125
2792.29150390625
2791.0224609375
2789.75244140625
2788.4814453125
2787.20849609375
2785.93603515625
2784.66845703125
2783.4013671875
2782.13525390625
2780.87255859375
2779.60888671875
2778.34716796875
2777.08544921875
2775.82470703125
2774.56396484375
2773.30224609375
2772.05126953125
2770.798828125
2769.548828125
2768.3037109375
2767.05419921875
2765.80810546875
2764.560546875
2763.322265625
2762.08251953125
2760.84423828125
2759.6083984375
2758.375
2757.1396484375
2755.91064453125
2754.6796875
2753.45556640625
2752.23388671875
2751.013671875
2749.78955078125
2748.57177734375
2747.3505859375
2746.1337890625
2744.91455078125
2743.70556640625
2742.48291015625
2741.271484375
2740.0546875
2738.84228515625
2737.63037109375
2736.4228515625
2735.21435546875
2734.00732421875
2732.80615234375
2731.603515625
2730.39599609375
2729.1923828125
2727.99462890625
2726.79736328125
2725.595703125
2724.40380859375
2723.205078125
2722.0185546875
2720.82568359375
2719.63330078125
2718.44482421875
2717.2578125
2716.06640625
2714.87744140625
2713.69189453125
2712.51171875
2711.328125
2710.1494140625
2708.96630859375
2707.7978515625
2706.64404296875
2705.541015625
2704.57470703125
2703.962890625
2704.21337890625
2706.09033203125
2708.94677734375
2708.03076171875
2700.81982421875
2696.94677734375
2699.0439453125
2698.0
2693.9775390625
2693.796875
2693.14892578125
2690.072265625
2689.53857421875
2689.1123046875
2686.36572265625
2685.2744140625
2684.98779296875
2682.88623046875
2681.5205078125
2680.83544921875
2679.224609375
2677.96484375
2677.03173828125
2675.49462890625
2674.32470703125
2673.41357421875
2671.912109375
2670.70166015625
2669.76318359375
2668.4326171875
2667.19677734375
2666.19970703125
2664.99072265625
2663.82861328125
2662.849609375
2661.67578125
2660.4658203125
2659.3037109375
2657.99267578125
2656.71044921875
2655.67041015625
2654.638671875
2653.53125
2652.5322265625
2651.5634765625
2650.69775390625
2649.87255859375
2649.02734375
2647.59521484375
2645.98974609375
2644.5205078125
2643.34326171875
2642.4375
2641.5986328125
2640.61572265625
2639.3291015625
2637.88232421875
2636.5234375
2635.34130859375
2634.2021484375
2633.009765625
2631.85693359375
2630.76806640625
2629.62353515625
2628.38427734375
2627.17578125
2626.08154296875
2625.009765625
2623.8271484375
2622.6435546875
2621.56396484375
2620.5302734375
2619.46337890625
2618.39404296875
2617.43994140625
2616.6328125
2615.90625
2615.2431640625
2614.6142578125
2613.9208984375
2612.8857421875
2611.35400390625
2609.38330078125
2607.36181640625
2605.70068359375
2604.59130859375
2603.9013671875
2603.306640625
2602.498046875
2601.3974609375
2600.234375
2599.3359375
2599.10400390625
2599.32177734375
2600.02392578125
2599.5869140625
2598.01123046875
2594.5908203125
2591.36376953125
2589.5908203125
2589.1845703125
2589.0390625
2588.05712890625
2586.40087890625
2584.61083984375
2583.2255859375
2582.220703125
2581.357421875
2580.50927734375
2579.76953125
2579.15087890625
2579.0859375
2578.9111328125
2579.22705078125
2578.7685546875
2577.93359375
2575.79638671875
2573.47509765625
2571.72119140625
2571.0654296875
2571.32373046875
2571.8720703125
2572.40673828125
2572.60888671875
2572.99658203125
2573.56396484375
2574.4921875
2575.10595703125
2575.744140625
2575.70556640625
2575.951171875
2576.326171875
2577.5419921875
2579.03369140625
2580.6142578125
2581.5673828125
2581.32177734375
2579.14013671875
2574.74072265625
2569.4765625
2565.5751953125
2564.45361328125
2565.55029296875
2566.8115234375
2566.76123046875
2565.1181640625
2562.88916015625
2560.99072265625
2559.5703125
2558.85205078125
2557.9150390625
2556.6103515625
2554.1171875
2550.9404296875
2548.44482421875
2547.64892578125
2548.234375
2548.7568359375
2547.5107421875
2544.5546875
2540.7666015625
2537.80810546875
2535.49755859375
2533.49560546875
2531.0888671875
2528.25244140625
2525.4150390625
2522.60791015625
2519.8681640625
2517.310546875
2515.27734375
2514.17626953125
2513.7509765625
2513.36474609375
2512.24267578125
2510.40283203125
2508.3583984375
2507.068359375
2506.41796875
2506.2822265625
2505.283203125
2503.69677734375
2501.97119140625
2500.72265625
2499.80078125
2498.8203125
2497.60595703125
2496.4189453125
2495.404296875
2494.74755859375
2494.134765625
2493.5
2492.68994140625
2491.81494140625
2490.78125
2489.81396484375
2488.9345703125
2488.3583984375
2487.66259765625
2486.80859375
2485.4775390625
2484.01513671875
2482.537109375
2481.27099609375
2480.3662109375
2479.77734375
2479.328125
2478.81640625
2478.2294921875
2477.6513671875
2476.98193359375
2476.02587890625
2474.70458984375
2473.255859375
2472.16162109375
2471.5703125
2471.4013671875
2471.24853515625
2470.935546875
2470.4111328125
2469.81298828125
2469.326171875
2468.84423828125
2468.30712890625
2467.251953125
2465.53125
2463.05029296875
2460.29833984375
2457.7958984375
2455.9990234375
2454.916015625
2454.28564453125
2453.85205078125
2452.9521484375
2451.61279296875
2449.69677734375
2447.759765625
2446.10546875
2444.8828125
2443.75146484375
2442.4384765625
2440.84228515625
2439.10302734375
2437.541015625
2436.25244140625
2435.28076171875
2434.66552734375
2434.28173828125
2434.15185546875
2433.89306640625
2433.62158203125
2433.19091796875
2432.9521484375
2433.005859375
2433.0166015625
2433.2333984375
2433.00390625
2432.732421875
2432.7041015625
2432.4921875
2432.5458984375
2432.31884765625
2431.73095703125
2431.26416015625
2430.564453125
2430.328125
2430.36962890625
2431.0810546875
2432.29345703125
2434.46630859375
2436.77294921875
2437.81494140625
2435.43212890625
2429.75732421875
2422.64599609375
2416.9072265625
2414.2138671875
2413.42041015625
2413.314453125
2412.14697265625
2410.31787109375
2408.42626953125
2407.1044921875
2405.90185546875
2404.49609375
2402.82763671875
2401.06005859375
2399.6962890625
2398.3525390625
2397.24755859375
2395.82568359375
2394.349609375
2392.806640625
2391.4814453125
2390.5556640625
2389.9794921875
2389.67138671875
2388.87841796875
2387.93310546875
2386.32275390625
2384.9873046875
2384.03173828125
2383.24658203125
2382.146484375
2380.541015625
2378.876953125
2377.65673828125
2377.099609375
2377.04443359375
2377.18701171875
2377.32861328125
2377.4326171875
2377.6943359375
2378.599609375
2380.19287109375
2382.08544921875
2383.056640625
2381.33447265625
2376.7568359375
2372.01318359375
2369.53564453125
2368.85498046875
2368.06201171875
2367.25439453125
2366.8017578125
2366.11083984375
2364.83984375
2362.3134765625
2359.4296875
2356.39404296875
2353.2158203125
2350.39453125
2348.5068359375
2347.7568359375
2347.01220703125
2345.5185546875
2343.5185546875
2342.06396484375
2341.40283203125
2341.4462890625
2341.68896484375
2341.95361328125
2341.1689453125
2339.34326171875
2336.71875
2334.72802734375
2333.6591796875
2333.87109375
2334.57373046875
2335.31201171875
2334.97119140625
2333.67138671875
2331.63671875
2329.62255859375
2328.0703125
2327.28662109375
2327.3271484375
2327.833984375
2328.6171875
2329.2197265625
2329.41015625
2328.59765625
2326.9892578125
2324.94775390625
2323.31591796875
2322.39013671875
2322.3916015625
2322.796875
2323.4814453125
2323.94384765625
2324.33056640625
2324.4658203125
2324.2587890625
2323.24658203125
2321.4345703125
2318.97265625
2316.65673828125
2315.0166015625
2314.41650390625
2314.412109375
2314.3642578125
2313.50048828125
2311.57275390625
2309.048828125
2306.5986328125
2305.1171875
2304.6669921875
2304.94140625
2305.064453125
2304.29443359375
2302.23486328125
2299.09912109375
2295.5185546875
2292.5263671875
2290.53662109375
2289.62841796875
2289.16796875
2288.66748046875
2287.68798828125
2286.267578125
2284.32373046875
2282.10888671875
2279.484375
2276.92333984375
2274.6474609375
2273.16796875
2272.5751953125
2272.75390625
2273.3349609375
2273.9853515625
2274.50927734375
2274.81494140625
2275.06201171875
2274.9755859375
2274.97314453125
2274.078125
2272.962890625
2271.19873046875
2269.96435546875
2269.32666015625
2269.478515625
2269.85595703125
2270.31982421875
2270.54296875
2270.71484375
2270.654296875
2270.55078125
2269.90869140625
2268.8408203125
2266.994140625
2264.962890625
2262.93896484375
2261.39111328125
2260.275390625
2259.71875
2259.6455078125
2259.9560546875
2260.1494140625
2259.9765625
2258.84326171875
2257.265625
2254.9453125
2252.8271484375
2250.56884765625
2248.86083984375
2247.3037109375
2246.20263671875
2245.2001953125
2244.61181640625
2244.1240234375
2244.19482421875
2244.09814453125
2244.43505859375
2244.212890625
2244.677734375
2244.6650390625
2244.7216796875
2243.82373046875
2241.615234375
2237.81298828125
2232.966796875
2228.35986328125
2225.22509765625
2224.31640625
2225.064453125
2226.61474609375
2227.7607421875
2227.91748046875
2226.666015625
2224.74853515625
2222.3369140625
2220.4345703125
2218.7509765625
2217.60009765625
2216.734375
2216.05126953125
2215.65966796875
2215.22314453125
2214.82763671875
2214.1728515625
2213.478515625
2212.6181640625
2212.01708984375
2211.466796875
2211.21875
2210.677734375
2209.97998046875
2208.95849609375
2207.8984375
2207.00732421875
2206.3818359375
2205.9619140625
2205.5830078125
2205.1904296875
2204.9443359375
2204.9052734375
2205.298828125
2205.6640625
2205.76025390625
2205.0
2203.72802734375
2202.078125
2200.67236328125
2199.4990234375
2198.8935546875
2198.88671875
2199.482421875
2200.60693359375
2201.5908203125
2202.3125
2201.4150390625
2199.32470703125
2194.70849609375
2189.61474609375
2185.43896484375
2183.16357421875
2182.36669921875
2182.5947265625
2183.78173828125
2184.87451171875
2185.15087890625
2184.4462890625
2183.5322265625
2182.45947265625
2181.23388671875
2179.86767578125
2178.83837890625
2177.9833984375
2176.70263671875
2174.7958984375
2172.5712890625
2170.65234375
2169.48291015625
2169.06640625
2169.13818359375
2168.755859375
2167.53955078125
2165.4296875
2163.47607421875
2162.38916015625
2162.7529296875
2164.064453125
2165.9443359375
2167.28173828125
2167.662109375
2166.50927734375
2164.1162109375
2160.9658203125
2157.59130859375
2154.6728515625
2152.19091796875
2150.2177734375
2148.3564453125
2146.6455078125
2144.9580078125
2143.4853515625
2142.4580078125
2141.82421875
2141.916015625
2142.2109375
2142.84765625
2143.11865234375
2143.31298828125
2143.10888671875
2142.919921875
2142.53369140625
2142.12890625
2141.51904296875
2140.9599609375
2140.30126953125
2139.59716796875
2138.60302734375
2137.1630859375
2135.30517578125
2133.24365234375
2131.60302734375
2130.65087890625
2130.6650390625
2131.09375
2131.80615234375
2132.189453125
2132.79150390625
2133.0419921875
2133.5185546875
2133.23193359375
2132.7099609375
2131.2431640625
2129.1640625
2126.5673828125
2123.47021484375
2120.4482421875
2117.9560546875
2116.6259765625
2116.87158203125
2118.0185546875
2119.18212890625
2119.279296875
2118.10888671875
2115.8798828125
2113.548828125
2111.87890625
2111.16845703125
2111.2744140625
2111.3759765625
2110.87060546875
2109.373046875
2107.18359375
2105.05078125
2103.3447265625
2102.0595703125
