7576.7890625
7567.30078125
7558.47216796875
7550.24755859375
7542.578125
7535.39453125
7528.63671875
7522.25390625
7516.19873046875
7510.43994140625
7504.94287109375
7499.68359375
7494.6435546875
7489.802734375
7485.14453125
7480.65673828125
7476.326171875
7472.1435546875
7468.1044921875
7464.20263671875
7460.4287109375
7456.7802734375
7453.251953125
7449.8447265625
7446.55078125
7443.3671875
7440.28857421875
7437.310546875
7434.431640625
7431.64453125
7428.94677734375
7426.33203125
7423.7978515625
7421.34326171875
7418.9619140625
7416.65234375
7414.41162109375
7412.23779296875
7410.1279296875
7408.07958984375
7406.0927734375
7404.1630859375
7402.28955078125
7400.46923828125
7398.69970703125
7396.97998046875
7395.30615234375
7393.68212890625
7392.1015625
7390.5634765625
7389.06884765625
7387.611328125
7386.19287109375
7384.814453125
7383.46875
7382.15966796875
7380.8857421875
7379.64453125
7378.43359375
7377.2548828125
7376.10546875
7374.9833984375
7373.8916015625
7372.82421875
7371.78271484375
7370.765625
7369.77490234375
7368.806640625
7367.861328125
7366.9375
7366.03466796875
7365.15576171875
7364.2939453125
7363.4501953125
7362.6240234375
7361.81494140625
7361.025390625
7360.2548828125
7359.5009765625
7358.76025390625
7358.03515625
7357.32568359375
7356.630859375
7355.951171875
7355.28515625
7354.63232421875
7353.9921875
7353.36767578125
7352.7578125
7352.1572265625
7351.56689453125
7350.99169921875
7350.4287109375
7349.87646484375
7349.33447265625
7348.8037109375
7348.28515625
7347.7763671875
7347.2783203125
7346.791015625
7346.3125
7345.84375
7345.384765625
7344.9365234375
7344.49560546875
7344.068359375
7343.6494140625
7343.2353515625
7342.8330078125
7342.439453125
7342.0517578125
7341.673828125
7341.30419921875
7340.94140625
7340.5869140625
7340.23828125
7339.89794921875
7339.564453125
7339.23779296875
7338.919921875
7338.6064453125
7338.30029296875
7338.0009765625
7337.70703125
7337.4189453125
7337.138671875
7336.86376953125
7336.591796875
7336.3291015625
7336.0673828125
7335.810546875
7335.5615234375
7335.31640625
7335.07568359375
7334.83984375
7334.60791015625
7334.380859375
7334.1552734375
7333.9365234375
7333.71875
7333.5068359375
7333.2978515625
7333.091796875
7332.89013671875
7332.6904296875
7332.49609375
7332.3017578125
7332.1142578125
7331.92724609375
7331.7451171875
7331.564453125
7331.3837890625
7331.208984375
7331.0380859375
7330.8671875
7330.69970703125
7330.5361328125
7330.373046875
7330.2138671875
7330.056640625
7329.900390625
7329.748046875
7329.59521484375
7329.4443359375
7329.298828125
7329.15380859375
7329.01025390625
7328.86669921875
7328.7265625
7328.5888671875
7328.45263671875
7328.3203125
7328.1865234375
7328.0546875
7327.9248046875
7327.796875
7327.6708984375
7327.54541015625
7327.421875
7327.30078125
7327.1796875
7327.060546875
7326.9423828125
7326.8291015625
7326.71435546875
7326.60205078125
7326.490234375
7326.3798828125
7326.27001953125
7326.162109375
7326.0546875
7325.94873046875
7325.84521484375
7325.74169921875
7325.6396484375
7325.53857421875
7325.4365234375
7325.33837890625
7325.240234375
7325.142578125
493134.09375
2697151.5
47217.45703125
46942.05078125
48095.7734375
47002.859375
44752.9375
42267.296875
41181.91015625
40231.640625
38987.45703125
37299.1015625
35495.07421875
33934.1484375
32574.904296875
31249.15234375
29897.30859375
28649.578125
27566.994140625
26513.525390625
25428.64453125
24338.796875
23314.744140625
22403.314453125
21584.189453125
20807.779296875
20044.076171875
19271.447265625
18512.509765625
17802.109375
17144.408203125
16526.7734375
15934.587890625
15358.966796875
14796.3251953125
14255.0146484375
13751.841796875
13290.04296875
12856.8388671875
12443.6123046875
12047.37890625
11666.3642578125
11304.435546875
10963.85546875
10648.744140625
10354.111328125
10079.5078125
9824.412109375
9577.96484375
9338.6259765625
9112.9033203125
8900.431640625
8698.248046875
8505.7333984375
8322.0126953125
8147.103515625
7979.5283203125
7817.595703125
7663.3994140625
7518.1142578125
7379.51171875
7246.7041015625
7118.57666015625
6994.54443359375
6876.666015625
6765.302734375
6658.91845703125
6557.8095703125
6462.0966796875
6370.46826171875
6282.0078125
6196.2939453125
6113.1318359375
6032.765625
5955.29150390625
5880.9560546875
5809.75
5740.7890625
5674.28369140625
5610.150390625
5548.0458984375
5487.744140625
5429.11279296875
5372.013671875
5316.3916015625
5262.4033203125
5210.03271484375
5158.8828125
5108.57470703125
5059.1240234375
5010.5439453125
4962.8369140625
4915.9150390625
4870.0322265625
4825.43212890625
4782.005859375
4739.37744140625
4697.7958984375
4657.32373046875
4617.86328125
4579.2509765625
4541.4384765625
4504.4345703125
4468.2255859375
4432.7646484375
4397.966796875
4363.91650390625
4330.572265625
4297.9453125
4265.99072265625
4234.697265625
4204.046875
4174.0478515625
4144.671875
4115.8427734375
4087.5634765625
4059.8642578125
4032.67578125
4005.962646484375
3979.768798828125
3954.16162109375
3929.10400390625
3904.540771484375
3880.3076171875
3856.26318359375
3832.3515625
3808.611328125
3785.211669921875
3762.41015625
3740.20703125
3718.25244140625
3696.5361328125
3675.074951171875
3653.87353515625
3632.947021484375
3612.25634765625
3591.927734375
3571.884033203125
3552.02001953125
3532.31298828125
3512.76025390625
3493.458251953125
3474.447998046875
3455.641357421875
3436.990234375
3418.4765625
3400.113037109375
3381.907958984375
3363.87060546875
3345.9599609375
3328.195556640625
3310.57275390625
3293.12646484375
3275.865234375
3258.78857421875
3241.90087890625
3225.22216796875
3208.7451171875
3192.490234375
3176.474609375
3160.66748046875
3145.064453125
3129.61669921875
3114.3076171875
3099.14453125
3084.16015625
3069.392578125
3054.86376953125
3040.591796875
3026.5673828125
3012.724609375
2998.99462890625
2985.32373046875
2971.70458984375
2958.2998046875
2945.16064453125
2932.18408203125
2919.2158203125
2906.322265625
2893.64111328125
2881.130859375
2868.6748046875
2856.28955078125
2844.05419921875
2831.9677734375
2819.95166015625
2808.017578125
2796.2470703125
2784.6123046875
2773.08935546875
2761.67333984375
2750.42822265625
2739.3349609375
2728.19775390625
2717.02880859375
2706.12109375
2695.4833984375
2684.8359375
2674.15869140625
2663.71435546875
2653.45654296875
2643.17919921875
2633.00830078125
2623.0302734375
2613.10986328125
2603.2333984375
2593.51220703125
2583.89453125
2574.2958984375
2564.76611328125
2555.32666015625
2545.98583984375
2536.767578125
2527.6982421875
2518.666015625
2509.65185546875
2500.5205078125
2491.333984375
2482.13916015625
2473.201171875
2464.5087890625
2455.818359375
2447.0068359375
2438.17578125
2429.548828125
2421.12939453125
2412.73095703125
2404.287109375
2395.83984375
2387.53955078125
2379.34521484375
2371.14990234375
2362.91943359375
2354.75341796875
2346.748046875
2338.86328125
2331.0556640625
2323.35107421875
2315.8427734375
2308.7041015625
2302.49560546875
2298.7119140625
2296.51953125
2286.759765625
2273.26904296875
2268.91064453125
2262.14892578125
2251.54296875
2246.7021484375
2239.14111328125
2230.19482421875
2225.0234375
2217.4091796875
2209.8330078125
2203.6845703125
2196.54931640625
2190.03515625
2183.150390625
2176.5849609375
2170.2880859375
2163.16064453125
2156.9130859375
2150.29248046875
2143.63134765625
2137.81494140625
2131.02099609375
2124.7666015625
2119.091796875
2112.48828125
2105.958984375
2099.2705078125
2092.86474609375
2087.0576171875
2080.58984375
2074.08251953125
2068.0185546875
2062.01220703125
2056.1318359375
2050.0126953125
2044.060546875
2038.24658203125
2032.0625
2026.08984375
2020.39013671875
2014.3837890625
2008.298828125
2002.46240234375
1996.806640625
1991.08154296875
1985.1181640625
1979.15625
1973.28125
1967.3310546875
1961.3505859375
1955.42822265625
1949.5361328125
1943.6435546875
1937.9111328125
1932.61572265625
1927.4375
1921.22705078125
1913.767578125
1906.9091796875
1901.62548828125
1896.4765625
1890.1826171875
1883.7763671875
1878.50830078125
1873.455078125
1867.60546875
1861.837890625
1856.90673828125
1851.92724609375
1846.3583984375
1840.9814453125
1836.134765625
1831.228515625
1826.166015625
1821.51025390625
1817.2021484375
1812.6552734375
1807.76220703125
1802.4990234375
1797.421875
1791.92138671875
1787.1025390625
1782.5341796875
1777.81494140625
1772.849609375
1768.0087890625
1763.640625
1758.9326171875
1754.2216796875
1749.8515625
1746.130859375
1743.00341796875
1739.76171875
1735.80078125
1730.17626953125
1724.24609375
1719.8125
1716.44091796875
1712.4677734375
1707.69970703125
1703.5517578125
1699.7080078125
1695.3701171875
1691.34375
1688.01416015625
1684.37744140625
1680.01513671875
1676.07568359375
1672.896484375
1669.2353515625
1665.001953125
1660.89404296875
1657.0537109375
1653.21728515625
1649.60107421875
1646.25732421875
1642.58349609375
1638.83349609375
1635.70556640625
1633.32373046875
1630.79736328125
1628.43505859375
1625.19091796875
1622.11083984375
1618.02734375
1614.30419921875
1610.671875
1606.7646484375
1602.744140625
1598.9013671875
1595.6396484375
1592.55078125
1589.55712890625
1586.38818359375
1583.08154296875
1579.8076171875
1576.64013671875
1573.28271484375
1569.6435546875
1565.728515625
1562.10498046875
1559.07861328125
1556.693359375
1554.55810546875
1552.00830078125
1548.21142578125
1543.56005859375
1539.50927734375
1536.84716796875
1534.47021484375
1531.10595703125
1527.01513671875
1523.60595703125
1521.310546875
1519.12548828125
1516.14453125
1512.4375
1508.7158203125
1505.3447265625
1502.52099609375
1499.9931640625
1496.8955078125
1492.31640625
1486.7197265625
1482.08544921875
1478.9052734375
1475.595703125
1470.7880859375
1465.498046875
1463.2861328125
1478.08056640625
1530.01953125
1495.04443359375
1452.20849609375
1486.32568359375
1446.64306640625
1469.00927734375
1439.6767578125
1452.8388671875
1430.0810546875
1440.7431640625
1425.333984375
1425.98828125
1417.814453125
1416.80712890625
1411.0146484375
1410.041015625
1403.08837890625
1402.4287109375
1395.64892578125
1395.89892578125
1390.568359375
1389.916015625
1384.63818359375
1383.13427734375
1377.79638671875
1376.75732421875
1371.736328125
1371.0927734375
1366.001953125
1364.48779296875
1360.62353515625
1358.76171875
1355.45458984375
1353.51806640625
1350.92041015625
1349.3408203125
1346.50634765625
1343.5869140625
1340.142578125
1337.35791015625
1335.56201171875
1334.251953125
1332.83203125
1331.2353515625
1328.515625
1325.43603515625
1321.74462890625
1318.22119140625
1315.40478515625
1312.8583984375
1311.0458984375
1309.23828125
1308.15625
1305.80810546875
1303.62841796875
1299.62109375
1295.671875
1292.4013671875
1290.4658203125
1289.21435546875
1286.96630859375
1283.74462890625
1279.9736328125
1277.58935546875
1275.5107421875
1273.69482421875
1271.115234375
1268.234375
1265.712890625
1263.294921875
1260.87158203125
1258.14990234375
1256.0869140625
1253.830078125
1251.9736328125
1249.20556640625
1246.50244140625
1244.1376953125
1242.359375
1240.8857421875
1239.572265625
1239.27783203125
1239.18212890625
1239.33154296875
1236.71728515625
1231.7783203125
1226.7783203125
1224.427734375
1224.47412109375
1224.3095703125
1222.6650390625
1219.12744140625
1216.53076171875
1215.09228515625
1213.896484375
1211.98974609375
1209.2451171875
1206.96044921875
1204.2421875
1201.1728515625
1197.12060546875
1194.0390625
1192.4892578125
1191.419921875
1189.650390625
1186.7578125
1184.00634765625
1182.0576171875
1180.32958984375
1178.64111328125
1176.09619140625
1174.25732421875
1172.06494140625
1169.9150390625
1167.4541015625
1165.1953125
1163.76171875
1162.99560546875
1162.2822265625
1160.85693359375
1159.4150390625
1157.96533203125
1156.27978515625
1153.8447265625
1151.22802734375
1149.94677734375
1150.24658203125
1150.89892578125
1150.07080078125
1147.40625
1143.58349609375
1140.61376953125
1139.8251953125
1140.271484375
1140.22802734375
1138.44921875
1136.0830078125
1133.9072265625
1132.7373046875
1130.94775390625
1128.38134765625
1125.3427734375
1122.81103515625
1120.51611328125
1118.24169921875
1116.39306640625
1115.591796875
1115.58056640625
1114.845703125
1112.53662109375
1109.13720703125
1106.28076171875
1104.87890625
1104.42822265625
1103.69970703125
1101.947265625
1099.5029296875
1097.390625
1096.181640625
1095.53369140625
1094.49951171875
1092.78271484375
1090.759765625
1089.392578125
1088.7080078125
1088.0625
1086.57421875
1083.72021484375
1080.470703125
1077.80322265625
1076.24755859375
1075.08154296875
1073.5673828125
1071.49365234375
1069.4453125
1067.94677734375
1066.89599609375
1065.7900390625
1064.8427734375
1063.8125
1063.76611328125
1062.9833984375
1062.6044921875
1062.2138671875
1063.3076171875
1066.69921875
1070.45556640625
1071.19970703125
1065.25
1061.0361328125
1062.81884765625
1063.56982421875
1056.48779296875
1049.5703125
1049.79541015625
1052.07861328125
1052.42529296875
1052.09423828125
1047.4208984375
1038.65576171875
1035.45947265625
1036.552734375
1034.49951171875
1033.427734375
1034.88134765625
1033.50537109375
1028.00390625
1026.74072265625
1026.49658203125
1026.5146484375
1028.66845703125
1027.1923828125
1021.4609375
1018.4013671875
1019.83203125
1018.1318359375
1013.01904296875
1010.02685546875
1010.0634765625
1008.27490234375
1003.41015625
1002.86474609375
1004.7109375
1003.13525390625
1001.03662109375
999.38037109375
997.357421875
994.43310546875
992.20361328125
991.654296875
990.48486328125
988.3564453125
987.3427734375
987.052734375
985.8564453125
984.0009765625
983.1279296875
982.30078125
982.33642578125
983.77880859375
986.5029296875
988.765625
988.4052734375
985.54541015625
981.2802734375
977.494140625
974.7783203125
972.88671875
970.880859375
968.7529296875
967.0146484375
966.28857421875
966.08642578125
965.94970703125
965.48779296875
965.31787109375
965.1357421875
964.5478515625
962.78759765625
960.193359375
957.2685546875
954.72412109375
952.6689453125
951.1513671875
950.02978515625
949.548828125
949.89404296875
951.2001953125
953.07275390625
954.7705078125
955.34716796875
953.96826171875
951.0146484375
947.70947265625
945.76416015625
945.75830078125
946.75830078125
946.58984375
944.1796875
940.1826171875
936.8447265625
935.64306640625
936.3935546875
936.853515625
935.5244140625
932.3173828125
929.0234375
926.88916015625
926.40771484375
926.27978515625
925.599609375
923.87060546875
921.7998046875
920.03271484375
918.9697265625
918.4482421875
918.21728515625
917.810546875
916.83056640625
915.2119140625
913.20947265625
911.62548828125
910.6005859375
910.0869140625
909.23193359375
907.64208984375
905.5771484375
904.01806640625
903.55224609375
903.84423828125
904.17919921875
903.927734375
903.18017578125
902.40234375
902.265625
902.76513671875
903.69580078125
904.21630859375
904.11328125
902.986328125
901.21142578125
899.0478515625
897.26220703125
896.7080078125
898.01806640625
901.0361328125
904.611328125
907.4033203125
907.87353515625
905.47021484375
900.138671875
893.533203125
887.9228515625
885.17822265625
885.38232421875
887.20703125
888.8212890625
889.2041015625
888.04833984375
886.03125
883.57373046875
881.2724609375
879.322265625
877.74267578125
876.59423828125
875.7490234375
875.380859375
874.7216796875
873.9794921875
873.28076171875
872.990234375
872.21923828125
870.1142578125
866.94873046875
864.2578125
863.486328125
864.6162109375
866.1962890625
867.66015625
868.818359375
870.91552734375
873.28662109375
876.05859375
877.021484375
876.4111328125
872.7373046875
867.30419921875
861.66259765625
858.23388671875
858.2314453125
860.5859375
862.58251953125
861.91796875
859.03857421875
856.0498046875
854.81884765625
855.4326171875
855.8544921875
855.060546875
852.9921875
851.46630859375
850.56298828125
850.21630859375
849.91357421875
850.5849609375
852.3701171875
854.97802734375
857.5205078125
859.3349609375
860.43798828125
859.5625
857.4482421875
854.0498046875
851.12548828125
848.322265625
846.099609375
844.08837890625
842.43798828125
840.78076171875
839.083984375
837.23876953125
835.16748046875
833.5068359375
831.91845703125
830.27197265625
828.240234375
826.029296875
824.423828125
823.39599609375
822.70458984375
821.46337890625
819.802734375
818.06591796875
816.837890625
816.3359375
816.3203125
816.07373046875
815.06005859375
813.62646484375
812.8330078125
812.5576171875
811.8447265625
810.48388671875
809.0546875
808.0556640625
807.26904296875
806.47265625
805.72900390625
804.693359375
804.24365234375
804.00048828125
804.2919921875
804.06689453125
803.6328125
803.18017578125
803.0830078125
803.06884765625
803.6611328125
803.76318359375
803.5
803.0
805.896484375
812.98876953125
812.29931640625
802.44384765625
803.13134765625
805.02001953125
796.3046875
793.5546875
790.54296875
783.0556640625
782.7119140625
781.10693359375
778.0859375
781.06640625
777.77294921875
779.41748046875
780.44091796875
780.73876953125
785.037109375
785.212890625
787.8212890625
785.1259765625
780.24560546875
775.26416015625
771.134765625
771.6875
772.0166015625
773.11669921875
771.32763671875
769.09716796875
766.84228515625
764.66943359375
763.8427734375
762.609375
762.25048828125
761.9794921875
761.3681640625
760.6220703125
758.947265625
758.4794921875
758.68505859375
760.13330078125
760.83642578125
760.2294921875
758.86083984375
757.138671875
756.84130859375
757.09765625
758.5478515625
760.509765625
763.3203125
766.9091796875
770.70556640625
773.1552734375
772.10791015625
766.546875
757.9248046875
749.86865234375
745.60009765625
745.52197265625
747.2939453125
747.8447265625
745.7802734375
742.09375
739.015625
737.67626953125
737.87255859375
738.14892578125
738.10302734375
737.3876953125
736.875
736.412109375
736.75537109375
737.4287109375
738.4501953125
738.76318359375
738.337890625
736.9140625
735.6337890625
734.37939453125
733.9384765625
732.8779296875
731.85986328125
729.8505859375
728.361328125
727.13916015625
727.1884765625
727.79296875
729.3583984375
731.25537109375
733.861328125
736.419921875
737.330078125
735.3388671875
732.072265625
731.7861328125
735.529296875
739.20947265625
739.09033203125
736.2890625
733.46728515625
731.30419921875
727.677734375
723.30419921875
720.36474609375
719.4765625
718.59130859375
716.94873046875
715.5673828125
715.25830078125
714.78173828125
713.16015625
711.06103515625
709.720703125
709.2294921875
709.0419921875
708.9873046875
709.32275390625
709.73974609375
710.27783203125
711.0166015625
712.71923828125
714.78515625
717.15625
717.90771484375
717.873046875
715.2451171875
712.0859375
708.53076171875
706.123046875
705.03173828125
705.06494140625
706.15673828125
707.62109375
709.25732421875
709.3251953125
707.95556640625
704.8984375
702.1474609375
701.10302734375
702.876953125
706.353515625
709.0673828125
709.13818359375
705.189453125
676.1748046875
687.021484375
689.7041015625
672.50830078125
687.7998046875
676.52880859375
675.51416015625
681.3681640625
671.150390625
676.74462890625
673.98583984375
670.82275390625
674.125
669.85107421875
670.701171875
670.3583984375
668.35205078125
669.11279296875
667.72607421875
667.333984375
666.99853515625
666.1953125
665.91162109375
665.29296875
664.92822265625
664.40087890625
663.99658203125
663.603515625
663.09326171875
662.78125
662.3193359375
661.93359375
661.57861328125
661.1630859375
660.80419921875
660.44384765625
660.06396484375
659.69775390625
659.3662109375
658.9853515625
658.6396484375
658.3154296875
657.927734375
657.61767578125
657.2646484375
656.912109375
656.59228515625
656.22900390625
655.90185546875
655.5625
655.2138671875
654.88427734375
654.5322265625
654.2001953125
653.85205078125
653.5009765625
653.17041015625
652.8046875
652.46533203125
652.10498046875
651.7392578125
651.39111328125
651.01220703125
650.64501953125
650.27880859375
649.8837890625
649.50390625
649.107421875
648.69921875
648.2978515625
647.8857421875
647.47119140625
647.05908203125
646.6435546875
646.240234375
645.841796875
645.443359375
645.0654296875
644.68359375
644.30810546875
643.9384765625
643.56787109375
643.21044921875
642.8525390625
642.50390625
642.15966796875
641.81201171875
641.47216796875
641.1357421875
640.79638671875
640.46435546875
640.134765625
639.80859375
639.48779296875
639.16552734375
638.849609375
638.52978515625
638.21533203125
637.8955078125
637.58056640625
637.26416015625
636.95068359375
636.6396484375
636.32666015625
636.015625
635.7021484375
635.392578125
635.083984375
634.77587890625
634.46875
634.16015625
633.8544921875
633.5537109375
633.248046875
632.94775390625
632.6435546875
632.33984375
632.041015625
631.74365234375
631.44775390625
631.1455078125
630.8466796875
630.5517578125
630.2578125
629.9677734375
629.66943359375
629.3759765625
629.0849609375
628.79345703125
628.50146484375
628.212890625
627.91943359375
627.62841796875
627.337890625
627.052734375
626.7666015625
626.4765625
626.19140625
625.908203125
625.6201171875
625.33740234375
625.048828125
624.76806640625
624.48291015625
624.1982421875
623.9140625
623.64208984375
623.35693359375
623.07373046875
622.79638671875
622.5166015625
622.23974609375
621.9599609375
621.68310546875
621.4052734375
621.1279296875
620.85107421875
620.5732421875
620.29345703125
620.01416015625
619.73828125
619.4619140625
619.18310546875
618.912109375
618.63623046875
618.36474609375
618.0927734375
617.8193359375
617.5458984375
617.27099609375
616.9990234375
616.7255859375
616.45654296875
616.185546875
615.91259765625
615.64208984375
615.3720703125
615.09912109375
614.83447265625
614.5625
614.2880859375
614.0205078125
613.7529296875
613.482421875
613.216796875
612.94873046875
612.68212890625
612.41796875
612.1572265625
611.89501953125
611.62890625
611.3603515625
611.095703125
610.833984375
610.5673828125
610.30517578125
610.04638671875
609.7841796875
609.521484375
609.2607421875
609.00146484375
608.73828125
608.47802734375
608.22265625
607.9599609375
607.7041015625
607.44482421875
607.18359375
606.92431640625
606.66650390625
606.40771484375
606.15185546875
605.890625
605.63134765625
605.375
605.12060546875
604.869140625
604.615234375
604.35986328125
604.10400390625
603.8505859375
603.59765625
603.345703125
603.09130859375
602.83837890625
602.58740234375
602.33837890625
602.08544921875
601.8349609375
601.578125
601.33251953125
601.08544921875
600.8310546875
600.58203125
600.33349609375
600.08447265625
599.8330078125
599.58056640625
599.3349609375
599.08349609375
598.8359375
598.58642578125
598.341796875
598.09814453125
597.85302734375
597.60546875
597.3603515625
597.1142578125
596.86474609375
596.62158203125
596.37451171875
596.12890625
595.884765625
595.64306640625
595.3994140625
595.15625
594.91357421875
594.6708984375
594.431640625
594.19091796875
593.95361328125
593.7138671875
593.47265625
593.2353515625
592.99072265625
592.751953125
592.509765625
592.27392578125
592.037109375
591.7998046875
591.55908203125
591.32421875
591.08642578125
590.8505859375
590.619140625
590.38427734375
590.15283203125
589.92041015625
589.68505859375
589.45458984375
589.22119140625
588.9931640625
588.75732421875
588.52734375
588.29541015625
588.06884765625
587.83837890625
587.6083984375
587.38134765625
587.1513671875
586.92138671875
586.697265625
586.4716796875
586.24658203125
586.0205078125
585.79638671875
585.5712890625
585.3486328125
585.1240234375
584.90185546875
584.681640625
584.46044921875
584.240234375
584.01953125
583.8017578125
583.58251953125
583.35888671875
583.140625
582.9296875
582.7177734375
582.51708984375
582.3232421875
582.1484375
582.021484375
581.96533203125
582.03857421875
582.29541015625
582.85400390625
583.5263671875
584.12841796875
583.5986328125
582.078125
580.310546875
579.78173828125
580.40380859375
580.8017578125
580.22705078125
579.16259765625
578.75390625
578.97509765625
578.94677734375
578.42236328125
577.93994140625
577.828125
577.73388671875
577.40087890625
577.087890625
576.9140625
576.7138671875
576.40625
576.16552734375
576.02587890625
575.81298828125
575.49755859375
575.25927734375
575.125
574.927734375
574.63916015625
574.38818359375
574.2314453125
574.0517578125
573.7939453125
573.5400390625
573.3486328125
573.16845703125
572.93896484375
572.69677734375
572.48486328125
572.28564453125
572.0712890625
571.8466796875
571.62646484375
571.4189453125
571.20263671875
570.98388671875
570.76611328125
570.548828125
570.33056640625
570.1064453125
569.8896484375
569.67529296875
569.453125
569.2294921875
569.0048828125
568.78515625
568.5634765625
568.337890625
568.111328125
567.88720703125
567.6630859375
567.43408203125
567.2001953125
566.9697265625
566.74072265625
566.50439453125
566.27099609375
566.04052734375
565.8046875
565.56396484375
565.31884765625
565.08056640625
564.83154296875
564.58251953125
564.33251953125
564.08203125
563.828125
563.57373046875
563.3154296875
563.04736328125
562.7802734375
562.51025390625
562.23583984375
561.95947265625
561.68603515625
561.4091796875
561.12841796875
560.84912109375
560.56396484375
560.2822265625
559.9951171875
559.7099609375
559.42578125
559.1328125
558.84765625
558.56640625
558.2802734375
557.99560546875
557.716796875
557.4404296875
557.16455078125
556.8935546875
556.63427734375
556.38427734375
556.1572265625
555.97900390625
555.88037109375
555.8916015625
556.00244140625
556.00830078125
555.67919921875
555.07568359375
554.61669921875
554.31396484375
554.076171875
553.85205078125
553.62646484375
553.36279296875
553.0888671875
552.93896484375
552.90087890625
552.83837890625
552.79931640625
552.970703125
553.39208984375
553.8662109375
553.939453125
553.400390625
552.2265625
551.06884765625
550.5048828125
550.56640625
550.77734375
550.6494140625
550.177734375
549.68359375
549.4169921875
549.2861328125
549.07861328125
548.76318359375
548.4755859375
548.33154296875
548.26171875
548.10205078125
547.826171875
547.55419921875
547.46630859375
547.59716796875
547.91015625
548.2724609375
548.826171875
549.26123046875
549.62548828125
549.056640625
548.0224609375
546.8076171875
546.19287109375
546.134765625
546.55029296875
546.85986328125
547.23876953125
546.92919921875
546.63427734375
545.716796875
544.93798828125
544.2236328125
544.0048828125
544.15380859375
544.40283203125
544.58447265625
544.71044921875
545.1240234375
545.884765625
546.91015625
547.45654296875
547.33740234375
546.17919921875
544.81982421875
543.70263671875
543.37939453125
543.5146484375
543.80712890625
544.029296875
544.287109375
544.98486328125
546.22119140625
547.7890625
548.81494140625
548.52490234375
546.90380859375
544.86279296875
543.287109375
542.42041015625
542.056640625
541.88525390625
541.71923828125
541.46337890625
540.970703125
540.365234375
539.92822265625
540.1171875
541.05859375
542.537109375
543.916015625
544.99853515625
545.5380859375
546.14697265625
547.10595703125
548.7890625
551.02880859375
553.09765625
554.3125
554.3837890625
553.662109375
552.90869140625
552.779296875
553.59375
554.98876953125
556.3349609375
557.2783203125
557.294921875
556.58447265625
554.23876953125
551.74658203125
549.1123046875
547.78125
547.37158203125
547.91748046875
548.73291015625
549.30615234375
548.96044921875
548.033203125
547.458984375
546.9765625
546.2177734375
545.26318359375
545.1298828125
546.63916015625
549.09619140625
550.59130859375
549.1982421875
545.15673828125
540.509765625
537.482421875
536.8828125
537.83984375
539.2744140625
540.01904296875
539.51123046875
537.57958984375
535.181640625
533.46142578125
533.2177734375
533.9462890625
534.607421875
534.38720703125
533.45068359375
532.48193359375
532.06005859375
532.369140625
533.14501953125
534.22119140625
535.28662109375
536.38720703125
537.234375
538.09228515625
538.67041015625
539.3466796875
539.779296875
540.162109375
540.2919921875
539.80908203125
538.53857421875
536.36767578125
533.94482421875
531.88134765625
530.6357421875
530.0732421875
529.76611328125
529.49462890625
529.06591796875
528.92626953125
529.04296875
529.7177734375
530.44970703125
531.37255859375
531.95263671875
532.91796875
533.83154296875
535.36328125
536.55517578125
537.689453125
538.0517578125
538.2578125
538.38037109375
538.88720703125
539.64306640625
540.22705078125
540.23095703125
539.51171875
538.453125
537.43408203125
536.8740234375
536.67919921875
536.6455078125
536.2568359375
535.3046875
533.57666015625
531.5361328125
529.576171875
528.5126953125
528.3212890625
528.927734375
529.57470703125
529.79736328125
529.27490234375
528.2978515625
527.3271484375
527.10986328125
527.7265625
529.18115234375
530.328125
530.77099609375
529.5498046875
527.7392578125
525.5224609375
524.19140625
523.4033203125
523.17431640625
522.81982421875
522.15087890625
521.3134765625
520.564453125
520.21142578125
520.21728515625
520.5830078125
521.0810546875
521.8671875
522.87939453125
524.05126953125
525.21630859375
526.1474609375
526.861328125
527.12890625
526.98779296875
526.24853515625
525.37109375
524.576171875
524.599609375
525.595703125
527.70947265625
530.5361328125
533.5966796875
536.302734375
538.26123046875
538.9345703125
538.29541015625
535.9404296875
532.552734375
528.51708984375
525.056640625
522.75634765625
521.96826171875
522.28125
523.1083984375
523.81787109375
524.28662109375
524.431640625
524.5830078125
524.70458984375
524.9189453125
524.97265625
524.84521484375
524.36474609375
523.51953125
522.603515625
521.8818359375
521.73193359375
522.140625
522.92822265625
523.6923828125
524.33349609375
524.7587890625
525.17919921875
525.59912109375
525.86669921875
525.59228515625
524.17578125
521.65380859375
518.6865234375
516.224609375
515.30126953125
515.4404296875
516.30908203125
516.69677734375
516.58447265625
515.91796875
515.5556640625
515.88720703125
517.17724609375
518.9287109375
520.67529296875
521.6865234375
521.75439453125
520.8740234375
519.58203125
518.5810546875
518.35205078125
519.1884765625
520.470703125
521.51123046875
521.36279296875
519.77294921875
517.26416015625
514.982421875
513.830078125
513.97021484375
514.78662109375
515.419921875
515.37841796875
514.685546875
513.955078125
513.70703125
514.23974609375
515.58740234375
517.4794921875
519.84912109375
522.13623046875
524.216796875
525.62646484375
526.33740234375
526.0009765625
524.5634765625
522.14501953125
519.8076171875
518.599609375
519.275390625
521.32373046875
523.841796875
525.48828125
525.45947265625
523.77978515625
521.0283203125
518.3818359375
516.46630859375
515.7919921875
516.13818359375
517.40625
518.8994140625
520.35205078125
520.89599609375
520.671875
519.36083984375
517.89013671875
516.23974609375
515.36669921875
514.8974609375
515.080078125
515.248046875
515.20947265625
514.79833984375
513.89892578125
513.01806640625
512.26025390625
512.08740234375
512.31787109375
512.42626953125
512.099609375
510.87158203125
509.3232421875
507.62158203125
506.59716796875
506.05517578125
506.00439453125
505.880859375
505.5595703125
504.9814453125
504.37255859375
504.025390625
504.08203125
504.57666015625
505.26171875
505.8935546875
506.15478515625
505.92822265625
505.22314453125
504.30908203125
503.42529296875
502.94677734375
502.82421875
503.1201171875
503.4521484375
503.78759765625
503.89111328125
503.93017578125
503.9189453125
504.11669921875
504.66259765625
505.75341796875
507.21435546875
508.822265625
510.0791015625
510.77880859375
510.873046875
510.4697265625
509.89404296875
509.3623046875
509.08740234375
509.37646484375
510.12060546875
511.47802734375
513.0400390625
514.9013671875
516.47607421875
518.02685546875
519.048828125
519.89501953125
520.271484375
520.51416015625
520.57373046875
520.4921875
520.24462890625
519.4775390625
518.23193359375
516.3984375
514.25927734375
512.0986328125
510.3095703125
509.22216796875
508.6416015625
508.31787109375
507.47607421875
505.94677734375
503.73095703125
501.52392578125
499.80859375
498.80908203125
498.01513671875
497.37451171875
496.68896484375
496.46875
496.50048828125
496.7197265625
496.677734375
496.5556640625
496.6513671875
497.0029296875
497.658203125
497.96240234375
498.23388671875
497.970703125
497.66552734375
497.07568359375
496.90625
497.392578125
498.76123046875
500.6318359375
502.5126953125
504.15478515625
505.51171875
506.79443359375
507.81298828125
508.22119140625
507.8095703125
506.515625
504.8046875
503.07373046875
501.666015625
500.67822265625
500.1982421875
500.30712890625
500.85693359375
501.50732421875
501.8935546875
501.7822265625
501.4189453125
500.9794921875
500.81103515625
500.77734375
500.853515625
500.68212890625
500.3193359375
499.7744140625
499.36962890625
499.19873046875
499.34375
499.66064453125
500.15966796875
500.4775390625
500.3330078125
499.74658203125
499.03759765625
498.80419921875
498.53125
497.9892578125
496.70166015625
495.294921875
494.52587890625
495.1025390625
496.716796875
498.56494140625
499.79248046875
500.130859375
499.8662109375
499.2919921875
498.96044921875
498.9521484375
499.92529296875
501.32763671875
503.5966796875
505.28466796875
506.6904296875
506.65234375
505.7685546875
504.02978515625
502.07421875
500.06103515625
498.181640625
496.818359375
495.7041015625
495.525390625
496.0693359375
497.56201171875
499.5146484375
501.9755859375
504.67578125
507.29443359375
508.6318359375
507.93798828125
505.59765625
502.8037109375
500.6279296875
498.40771484375
496.06884765625
493.5693359375
492.08740234375
492.3671875
494.02490234375
496.04296875
497.28173828125
495.94384765625
492.93505859375
490.51708984375
488.97802734375
487.74072265625
486.44287109375
485.51953125
485.05810546875
485.07373046875
485.19384765625
485.35107421875
485.44677734375
485.82861328125
486.6884765625
488.09521484375
489.68017578125
491.31689453125
492.72265625
494.15185546875
495.13671875
495.6943359375
495.1982421875
493.67724609375
491.490234375
489.21044921875
487.3603515625
485.98486328125
485.19189453125
484.6279296875
484.3251953125
483.9296875
483.52685546875
482.98486328125
482.5673828125
482.2333984375
482.25
482.37255859375
482.724609375
482.93701171875
483.1845703125
