7576.7890625
7567.30078125
7558.47216796875
7550.24755859375
7542.578125
7535.39453125
7528.63671875
7522.25390625
7516.19873046875
7510.43994140625
7504.94287109375
7499.68359375
7494.6435546875
7489.802734375
7485.14453125
7480.65673828125
7476.326171875
7472.1435546875
7468.1044921875
7464.20263671875
7460.4287109375
7456.7802734375
7453.251953125
7449.8447265625
7446.55078125
7443.3671875
7440.28857421875
7437.310546875
7434.431640625
7431.64453125
7428.94677734375
7426.33203125
7423.7978515625
7421.34326171875
7418.9619140625
7416.65234375
7414.41162109375
7412.23779296875
7410.1279296875
7408.07958984375
7406.0927734375
7404.1630859375
7402.28955078125
7400.46923828125
7398.69970703125
7396.97998046875
7395.30615234375
7393.68212890625
7392.1015625
7390.5634765625
7389.06884765625
7387.611328125
7386.19287109375
7384.814453125
7383.46875
7382.15966796875
7380.8857421875
7379.64453125
7378.43359375
7377.2548828125
7376.10546875
7374.9833984375
7373.8916015625
7372.82421875
7371.78271484375
7370.765625
7369.77490234375
7368.806640625
7367.861328125
7366.9375
7366.03466796875
7365.15576171875
7364.2939453125
7363.4501953125
7362.6240234375
7361.81494140625
7361.025390625
7360.2548828125
7359.5009765625
7358.76025390625
7358.03515625
7357.32568359375
7356.630859375
7355.951171875
7355.28515625
7354.63232421875
7353.9921875
7353.36767578125
7352.7578125
7352.1572265625
7351.56689453125
7350.99169921875
7350.4287109375
7349.87646484375
7349.33447265625
7348.8037109375
7348.28515625
7347.7763671875
7347.2783203125
7346.791015625
7346.3125
7345.84375
7345.384765625
7344.9365234375
7344.49560546875
7344.068359375
7343.6494140625
7343.2353515625
7342.8330078125
7342.439453125
7342.0517578125
7341.673828125
7341.30419921875
7340.94140625
7340.5869140625
7340.23828125
7339.89794921875
7339.564453125
7339.23779296875
7338.919921875
7338.6064453125
7338.30029296875
7338.0009765625
7337.70703125
7337.4189453125
7337.138671875
7336.86376953125
7336.591796875
7336.3291015625
7336.0673828125
7335.810546875
7335.5615234375
7335.31640625
7335.07568359375
7334.83984375
7334.60791015625
7334.380859375
7334.1552734375
7333.9365234375
7333.71875
7333.5068359375
7333.2978515625
7333.091796875
7332.89013671875
7332.6904296875
7332.49609375
7332.3017578125
7332.1142578125
7331.92724609375
7331.7451171875
7331.564453125
7331.3837890625
7331.208984375
7331.0380859375
7330.8671875
7330.69970703125
7330.5361328125
7330.373046875
7330.2138671875
7330.056640625
7329.900390625
7329.748046875
7329.59521484375
7329.4443359375
7329.298828125
7329.15380859375
7329.01025390625
7328.86669921875
7328.7265625
7328.5888671875
7328.45263671875
7328.3203125
7328.1865234375
7328.0546875
7327.9248046875
7327.796875
7327.6708984375
7327.54541015625
7327.421875
7327.30078125
7327.1796875
7327.060546875
7326.9423828125
7326.8291015625
7326.71435546875
7326.60205078125
7326.490234375
7326.3798828125
7326.27001953125
7326.162109375
7326.0546875
7325.94873046875
7325.84521484375
7325.74169921875
7325.6396484375
7325.53857421875
7325.4365234375
7325.33837890625
7325.240234375
7325.142578125
550595.1875
59586.0078125
42886.91015625
43744.140625
45846.6015625
45066.94140625
42264.1875
40293.91796875
39058.21484375
38007.02734375
36526.61328125
34872.8984375
33560.4609375
32599.033203125
31569.193359375
30229.841796875
28765.14453125
27467.08984375
26351.5234375
25309.23828125
24212.955078125
23133.234375
22156.376953125
21274.029296875
20441.09375
19625.482421875
18808.0390625
18003.1015625
17273.67578125
16632.16796875
16038.4912109375
15467.4482421875
14897.31640625
14340.392578125
13816.65625
13334.1826171875
12887.0048828125
12464.013671875
12065.48046875
11687.919921875
11333.6220703125
10996.16015625
10677.5810546875
10379.07421875
10097.908203125
9830.4609375
9575.23828125
9332.390625
9099.236328125
8877.984375
8668.36328125
8468.291015625
8274.19921875
8086.2587890625
7902.7939453125
7723.55078125
7550.3466796875
7387.2568359375
7234.787109375
7092.3203125
6957.966796875
6830.7109375
6710.73828125
6598.16796875
6490.94140625
6387.3564453125
6286.9716796875
6190.3935546875
6097.607421875
6008.0517578125
5921.43212890625
5837.40869140625
5756.2060546875
5677.72216796875
5601.6806640625
5527.8447265625
5456.078125
5386.3486328125
5318.5546875
5252.47412109375
5188.04638671875
5125.2470703125
5063.9130859375
5003.9150390625
4945.2119140625
4887.9013671875
4832.0498046875
4778.00634765625
4725.734375
4673.6064453125
4622.7900390625
4574.232421875
4524.658203125
4478.1884765625
4448.6259765625
4401.19384765625
4359.25634765625
4316.3046875
4277.599609375
4240.3232421875
4197.046875
4156.58935546875
4122.453125
4084.30908203125
4047.6494140625
4025.17626953125
4003.032958984375
3969.453857421875
3928.572509765625
3888.73681640625
3865.52197265625
3833.408203125
3800.016845703125
3775.30224609375
3745.247802734375
3712.118896484375
3684.288818359375
3662.51708984375
3641.4921875
3628.76708984375
3604.55224609375
3569.226806640625
3535.671142578125
3516.174560546875
3498.7783203125
3466.3251953125
3445.42333984375
3426.23681640625
3400.3642578125
3374.37646484375
3354.23388671875
3332.55126953125
3318.06982421875
3297.2705078125
3273.0712890625
3249.236328125
3233.02490234375
3215.8046875
3194.33984375
3174.4150390625
3155.77197265625
3135.54150390625
3114.32080078125
3094.46435546875
3074.30810546875
3097.640625
3143.83349609375
3291.67724609375
3348.59716796875
3314.419921875
3257.240234375
3207.5625
3164.12841796875
3124.546875
3088.72900390625
3052.57666015625
3017.5068359375
2982.4453125
2947.4658203125
2926.0703125
2920.0634765625
2907.5498046875
2882.0234375
2853.71630859375
2826.61865234375
2803.419921875
2780.68798828125
2754.4677734375
2730.26318359375
2711.087890625
2690.2841796875
2666.748046875
2644.8681640625
2626.19482421875
2607.78515625
2588.4423828125
2568.39990234375
2547.10107421875
2527.41455078125
2510.75830078125
2493.68994140625
2476.0693359375
2459.9619140625
2445.13330078125
2430.2470703125
2415.05859375
2400.17822265625
2385.56591796875
2371.82080078125
2358.984375
2345.58740234375
2331.86669921875
2319.08935546875
2306.662109375
2293.8740234375
2281.0791015625
2268.78125
2256.85595703125
2245.021484375
2233.1640625
2221.0234375
2208.52978515625
2196.48486328125
2185.05322265625
2173.39697265625
2161.2685546875
2149.62060546875
2138.66943359375
2127.44921875
2115.947265625
2104.92724609375
2094.107421875
2083.02294921875
2072.0498046875
2061.3125
2050.5791015625
2040.048828125
2029.87890625
2019.642578125
2009.27392578125
1999.1552734375
1989.1845703125
1979.10693359375
1969.0791015625
1959.26025390625
1949.4921875
1939.70947265625
1930.09765625
1920.6318359375
1911.1708984375
1901.7763671875
1892.51904296875
1883.302734375
1874.111328125
1865.0126953125
1856.0
1847.025390625
1838.08837890625
1829.26513671875
1820.49365234375
1811.76806640625
1803.1083984375
1794.5380859375
1786.03857421875
1777.64794921875
1769.365234375
1761.6337890625
1753.1240234375
1745.4345703125
1736.263671875
1727.79296875
1719.8076171875
1712.12744140625
1705.0439453125
1696.25048828125
1687.95556640625
1679.958984375
1672.23193359375
1664.802734375
1656.548828125
1648.62744140625
1640.6376953125
1633.19775390625
1627.0751953125
1620.11328125
1614.73974609375
1604.5927734375
1596.51416015625
1590.98974609375
1584.236328125
1577.123046875
1569.1591796875
1563.111328125
1558.4560546875
1549.041015625
1543.84716796875
1541.35888671875
1531.3076171875
1525.41357421875
1527.56005859375
1511.712890625
1512.09814453125
1508.36328125
1495.02392578125
1494.63037109375
1479.82568359375
1480.0205078125
1467.3349609375
1468.12744140625
1460.98291015625
1454.2314453125
1447.60986328125
1440.080078125
1434.9619140625
1429.03271484375
1422.21875
1416.861328125
1412.66845703125
1405.77392578125
1401.54296875
1394.2109375
1390.576171875
1384.20068359375
1380.43408203125
1373.71044921875
1368.70654296875
1364.0615234375
1358.837890625
1355.1611328125
1348.443359375
1344.89892578125
1341.57373046875
1335.1708984375
1330.91455078125
1329.064453125
1321.2333984375
1322.01611328125
1332.291015625
1323.77685546875
1313.96044921875
1311.1806640625
1304.78369140625
1300.81787109375
1289.16357421875
1290.52587890625
1282.02978515625
1278.2724609375
1275.3994140625
1269.0234375
1266.279296875
1262.24169921875
1256.07177734375
1253.4365234375
1249.2939453125
1244.7236328125
1242.5205078125
1237.32421875
1233.37548828125
1230.82861328125
1225.9599609375
1223.29150390625
1219.404296875
1215.50537109375
1212.18994140625
1208.7236328125
1205.1474609375
1202.1015625
1198.95947265625
1196.091796875
1193.05908203125
1189.228515625
1185.0625
1181.525390625
1178.3828125
1175.71142578125
1172.1171875
1168.32861328125
1165.169921875
1162.4580078125
1159.6552734375
1156.291015625
1152.97705078125
1150.0419921875
1147.5869140625
1144.69384765625
1141.88671875
1138.9921875
1136.34375
1133.548828125
1130.390625
1127.16552734375
1124.41015625
1122.2138671875
1119.67333984375
1116.43310546875
1113.25830078125
1111.04345703125
1109.072265625
1107.1298828125
1105.1767578125
1104.09375
1102.6650390625
1099.568359375
1094.86865234375
1090.64794921875
1088.0625
1086.1259765625
1083.32373046875
1079.7412109375
1076.88037109375
1074.88671875
1072.4365234375
1069.12890625
1066.2333984375
1064.2431640625
1062.1337890625
1059.0166015625
1056.02392578125
1053.67333984375
1051.66259765625
1048.9521484375
1046.171875
1043.71728515625
1041.54736328125
1039.173828125
1036.8427734375
1034.8525390625
1033.07861328125
1031.33154296875
1029.82470703125
1028.744140625
1027.2548828125
1024.6396484375
1021.0849609375
1018.13671875
1016.6748046875
1016.3232421875
1016.09814453125
1014.86328125
1012.013671875
1007.93603515625
1004.4970703125
1002.7294921875
1001.8271484375
1000.20556640625
997.79345703125
995.42333984375
993.92041015625
991.8701171875
989.2861328125
986.75830078125
985.4130859375
984.3115234375
982.26513671875
979.3466796875
976.9169921875
975.4541015625
973.98779296875
971.77880859375
969.3525390625
967.646484375
966.638671875
965.439453125
963.5849609375
961.79296875
960.49658203125
958.99560546875
956.38525390625
953.94384765625
952.86767578125
952.38232421875
950.63623046875
947.2412109375
944.0791015625
942.33447265625
941.22216796875
939.806640625
938.15771484375
936.55712890625
935.09375
933.98095703125
933.6875
933.4189453125
933.31103515625
932.13427734375
932.16845703125
931.00048828125
929.82275390625
927.2060546875
924.61328125
922.5078125
920.546875
918.23681640625
915.345703125
913.05029296875
911.68994140625
910.7646484375
909.77880859375
908.0341796875
906.12353515625
904.67724609375
903.861328125
902.74462890625
900.6435546875
897.9912109375
895.85986328125
894.90283203125
894.70751953125
894.3388671875
893.39404296875
891.65771484375
889.6181640625
887.845703125
887.06494140625
887.3544921875
887.25244140625
885.3564453125
881.85888671875
879.2490234375
878.6552734375
878.52587890625
877.2568359375
874.97314453125
873.0009765625
871.30908203125
869.5048828125
868.1826171875
867.8232421875
867.376953125
865.74560546875
863.57275390625
862.0703125
861.123046875
859.9970703125
858.76123046875
857.88037109375
857.150390625
855.83447265625
854.13134765625
852.39453125
850.9658203125
849.88134765625
849.2392578125
848.78125
848.01025390625
846.75341796875
845.234375
843.64111328125
842.10107421875
840.58154296875
839.3740234375
838.2177734375
837.03466796875
835.453125
833.83935546875
832.3828125
831.15673828125
829.96484375
828.64501953125
827.24853515625
825.87255859375
824.72265625
823.76123046875
822.876953125
821.90380859375
820.802734375
819.8212890625
818.98046875
818.67578125
818.14111328125
817.5029296875
816.1396484375
814.7119140625
813.67578125
813.234375
812.88818359375
812.35302734375
811.6416015625
811.2060546875
811.16455078125
810.84228515625
810.03955078125
808.193359375
805.71630859375
803.84326171875
803.51708984375
804.6923828125
805.44482421875
805.87841796875
804.08056640625
802.06201171875
799.5537109375
797.37548828125
796.12646484375
795.86328125
796.8681640625
796.35986328125
795.150390625
793.46142578125
792.87109375
793.1904296875
793.123046875
792.1875
789.490234375
786.75439453125
784.9375
784.24365234375
783.8271484375
782.35791015625
780.27001953125
777.64599609375
775.6416015625
774.06396484375
772.79052734375
771.919921875
770.87841796875
769.115234375
766.5625
765.62158203125
765.6552734375
765.0771484375
765.02392578125
765.802734375
764.89013671875
762.04296875
759.8310546875
758.87548828125
758.96728515625
758.67041015625
757.001953125
754.90673828125
755.0244140625
754.802734375
753.53173828125
751.873046875
751.40966796875
750.9296875
750.17041015625
749.32666015625
748.54833984375
747.81640625
746.47119140625
744.82080078125
743.77294921875
743.82958984375
744.25537109375
744.14453125
742.81005859375
740.60546875
738.939453125
738.6884765625
739.32568359375
740.095703125
740.51708984375
740.2939453125
739.4892578125
738.48046875
737.9130859375
738.02587890625
738.97021484375
739.10302734375
737.5224609375
733.85546875
730.7216796875
728.96630859375
728.791015625
728.1962890625
727.1259765625
725.54541015625
725.1328125
725.234375
725.13525390625
724.5712890625
724.166015625
724.89599609375
725.42822265625
725.71875
724.34765625
723.8955078125
724.3291015625
726.30712890625
728.2021484375
728.6689453125
727.53857421875
725.11669921875
722.447265625
719.28466796875
716.78466796875
714.7744140625
714.482421875
714.90234375
714.32470703125
713.22265625
711.10888671875
710.5068359375
708.8095703125
707.33642578125
705.302734375
703.44091796875
701.47265625
699.1767578125
697.46630859375
695.6982421875
694.61767578125
693.74365234375
692.84912109375
692.16845703125
691.4931640625
691.25732421875
690.63134765625
689.92431640625
688.81298828125
687.421875
686.39453125
686.02001953125
686.6953125
687.701171875
689.3388671875
691.12890625
692.96630859375
693.93994140625
693.12890625
690.8525390625
688.32861328125
688.15087890625
689.8359375
692.8310546875
693.283203125
690.7451171875
687.2275390625
684.82080078125
683.6103515625
682.61083984375
681.9482421875
681.912109375
681.712890625
680.06396484375
676.791015625
674.2744140625
673.462890625
674.078125
673.43359375
671.08837890625
668.01611328125
666.2490234375
666.08984375
666.7275390625
667.02783203125
666.96826171875
666.85791015625
667.0771484375
667.322265625
667.0927734375
666.36474609375
665.5751953125
665.53369140625
666.4423828125
667.9990234375
669.37109375
670.07470703125
670.080078125
670.34521484375
671.091796875
672.27099609375
672.41650390625
670.77978515625
667.91796875
664.6884765625
663.13427734375
661.861328125
661.7666015625
661.8642578125
662.37939453125
662.26025390625
660.8720703125
658.09619140625
655.48681640625
655.28173828125
657.82568359375
661.74755859375
664.2099609375
663.1591796875
659.0888671875
655.099609375
653.66943359375
653.78759765625
652.8076171875
650.1044921875
647.65478515625
647.5947265625
649.1708984375
650.18359375
650.75244140625
648.5625
647.24365234375
648.06298828125
649.1162109375
650.5400390625
649.337890625
649.18212890625
648.453125
647.32666015625
644.36083984375
641.18359375
640.6513671875
642.89990234375
646.1181640625
648.44580078125
649.4306640625
648.98388671875
647.1171875
643.9072265625
639.7421875
636.318359375
634.1376953125
634.06982421875
635.73291015625
637.01904296875
637.86962890625
637.09521484375
635.896484375
634.40576171875
632.71630859375
631.67626953125
631.40185546875
631.93359375
632.55224609375
632.86865234375
632.80908203125
632.708984375
632.3291015625
632.318359375
632.84765625
634.72412109375
636.98828125
638.79052734375
638.71240234375
637.1728515625
635.34619140625
634.265625
634.32958984375
634.11328125
632.89013671875
630.6875
628.38330078125
627.56640625
628.181640625
629.94189453125
631.4677734375
632.1416015625
631.20654296875
629.46435546875
627.84375
627.69970703125
629.13671875
631.77978515625
633.630859375
633.75830078125
631.171875
628.41943359375
627.3837890625
628.82421875
631.029296875
632.54443359375
632.31396484375
631.65771484375
630.53076171875
629.66845703125
626.74755859375
623.19287109375
618.876953125
616.21630859375
615.25830078125
615.984375
616.4365234375
616.51953125
615.7412109375
615.3798828125
615.46142578125
616.4990234375
617.35400390625
619.0380859375
620.216796875
621.6865234375
621.82666015625
620.21240234375
617.50244140625
615.27734375
615.412109375
617.16796875
619.90625
620.79931640625
620.4306640625
619.1103515625
618.09130859375
617.43603515625
616.4775390625
614.703125
612.138671875
609.84814453125
608.1240234375
607.85791015625
607.7705078125
608.1748046875
608.34814453125
608.408203125
608.13134765625
607.66796875
607.55712890625
608.01708984375
609.5341796875
611.76513671875
613.8544921875
615.2236328125
615.2470703125
614.1728515625
612.044921875
609.359375
606.02783203125
603.12744140625
601.10888671875
600.5185546875
600.63134765625
601.14208984375
601.65771484375
601.962890625
601.998046875
602.595703125
604.068359375
607.001953125
610.0693359375
613.59912109375
616.10009765625
618.84619140625
620.3642578125
621.61181640625
621.4130859375
620.30126953125
619.1279296875
619.04638671875
620.89697265625
621.1171875
619.00634765625
612.958984375
606.16845703125
601.1025390625
599.0458984375
599.14453125
599.8427734375
600.59423828125
600.708984375
599.96826171875
597.509765625
593.86181640625
590.3203125
588.78662109375
589.595703125
592.0859375
594.6494140625
596.35205078125
596.5595703125
595.75341796875
594.1279296875
592.81494140625
591.4326171875
590.43603515625
588.85986328125
587.22216796875
585.642578125
584.7265625
584.798828125
585.4296875
586.68701171875
587.8505859375
589.244140625
590.6015625
592.21923828125
593.64208984375
594.51904296875
594.15625
593.1357421875
592.4267578125
592.84033203125
593.99609375
594.92041015625
594.716796875
594.037109375
593.62109375
593.99462890625
594.7509765625
595.8623046875
596.755859375
598.236328125
599.29443359375
600.72314453125
601.55908203125
602.87109375
603.3984375
603.8037109375
602.46435546875
600.2451171875
596.9677734375
594.58349609375
594.0849609375
596.02734375
598.8955078125
600.60498046875
599.79345703125
597.1533203125
594.71875
593.56396484375
592.6708984375
591.1689453125
588.85498046875
587.21484375
587.02490234375
588.27197265625
589.98974609375
590.74365234375
590.353515625
588.76806640625
562.5009765625
570.14111328125
576.1494140625
558.26171875
571.85546875
564.90625
559.90625
568.1669921875
559.00927734375
561.52294921875
562.82861328125
557.37451171875
560.93896484375
558.8193359375
557.16943359375
558.97314453125
556.69384765625
556.716796875
556.96484375
555.60546875
555.78271484375
555.482421875
554.755859375
554.72705078125
554.42431640625
553.89501953125
553.7900390625
553.52099609375
553.03759765625
552.974609375
552.64892578125
552.2392578125
552.2021484375
551.80224609375
551.51708984375
551.4306640625
551.01025390625
550.833984375
550.66357421875
550.29638671875
550.18310546875
549.94873046875
549.67919921875
549.57568359375
549.32763671875
549.134765625
549.0078125
548.78076171875
548.6328125
548.47998046875
548.28271484375
548.14111328125
547.9755859375
547.80029296875
547.66259765625
547.49755859375
547.333984375
547.177734375
547.01611328125
546.8583984375
546.6982421875
546.53662109375
546.38525390625
546.22265625
546.064453125
545.908203125
545.7509765625
545.591796875
545.43408203125
545.2802734375
545.125
544.9697265625
544.8154296875
544.66650390625
544.51123046875
544.35791015625
544.20751953125
544.05322265625
543.90283203125
543.7509765625
543.6005859375
543.45068359375
543.29931640625
543.14794921875
542.99658203125
542.84130859375
542.68994140625
542.53857421875
542.3896484375
542.2412109375
542.09033203125
541.93994140625
541.791015625
541.6435546875
541.49267578125
541.34521484375
541.19970703125
541.05224609375
540.9013671875
540.75341796875
540.60693359375
540.46142578125
540.310546875
540.16357421875
540.01904296875
539.875
539.728515625
539.58642578125
539.4384765625
539.29248046875
539.1494140625
539.001953125
538.85693359375
538.71337890625
538.56689453125
538.421875
538.2783203125
538.13232421875
537.9892578125
537.8466796875
537.7001953125
537.556640625
537.41650390625
537.2734375
537.12548828125
536.98486328125
536.83984375
536.69140625
536.5478515625
536.40625
536.26220703125
536.119140625
535.974609375
535.83203125
535.68798828125
535.5419921875
535.3955078125
535.25341796875
535.111328125
534.96728515625
534.82666015625
534.68212890625
534.5380859375
534.3994140625
534.2568359375
534.11181640625
533.96923828125
533.8271484375
533.68701171875
533.55126953125
533.4052734375
533.25634765625
533.11669921875
532.978515625
532.8349609375
532.6923828125
532.55224609375
532.41064453125
532.27001953125
532.13330078125
531.9873046875
531.8515625
531.71533203125
531.57080078125
531.43359375
531.2890625
531.14306640625
531.00341796875
530.86767578125
530.72265625
530.58154296875
530.44384765625
530.30517578125
530.16455078125
530.0244140625
529.88232421875
529.73681640625
529.60107421875
529.46240234375
529.3203125
529.177734375
529.0380859375
528.89501953125
528.75390625
528.615234375
528.4765625
528.337890625
528.19580078125
528.0546875
527.91552734375
527.7763671875
527.634765625
527.4970703125
527.3564453125
527.216796875
527.07421875
526.93408203125
526.7978515625
526.6591796875
526.51806640625
526.3818359375
526.24072265625
526.10107421875
525.9609375
525.8212890625
525.6767578125
525.53466796875
525.39599609375
525.25439453125
525.11181640625
524.97607421875
524.83544921875
524.68994140625
524.5498046875
524.41064453125
524.263671875
524.12255859375
523.97900390625
523.837890625
523.69482421875
523.5556640625
523.4130859375
523.2734375
523.13134765625
522.9921875
522.8466796875
522.70703125
522.56103515625
522.41748046875
522.27490234375
522.13037109375
521.98583984375
521.8447265625
521.70068359375
521.5537109375
521.41162109375
521.26513671875
521.119140625
520.9755859375
520.82666015625
520.6787109375
520.529296875
520.384765625
520.240234375
520.0908203125
519.94482421875
519.798828125
519.64892578125
519.50048828125
519.34912109375
519.20166015625
519.052734375
518.904296875
518.75244140625
518.60302734375
518.4541015625
518.3056640625
518.15478515625
518.0029296875
517.85107421875
517.689453125
517.5341796875
517.3818359375
517.22509765625
517.064453125
516.9033203125
516.74560546875
516.58203125
516.41845703125
516.25537109375
516.09326171875
515.927734375
515.759765625
515.5966796875
515.4208984375
515.24609375
515.08154296875
514.927734375
514.83154296875
514.89013671875
515.3544921875
516.4287109375
516.73876953125
514.84423828125
513.5751953125
514.6083984375
514.33349609375
512.91162109375
513.26416015625
513.19091796875
511.9931640625
512.06103515625
511.97412109375
510.90234375
510.7060546875
510.56005859375
509.65283203125
509.26806640625
509.01318359375
508.255859375
507.78076171875
507.48193359375
506.84765625
506.341796875
506.068359375
505.5986328125
505.19921875
505.17431640625
505.3818359375
506.28759765625
508.08935546875
508.7666015625
506.5107421875
503.3662109375
503.6611328125
505.1376953125
504.3837890625
502.03369140625
501.96484375
503.1240234375
502.23779296875
500.80419921875
501.1318359375
501.6884765625
500.7392578125
500.33935546875
500.72119140625
500.99951171875
499.9443359375
499.9921875
499.53662109375
498.88720703125
498.314453125
498.39697265625
498.64794921875
498.34423828125
498.94287109375
498.5048828125
498.2509765625
497.2841796875
496.96337890625
496.9970703125
497.10205078125
497.7158203125
497.9404296875
498.80322265625
498.13671875
497.740234375
497.30908203125
496.3076171875
495.9033203125
495.212890625
495.236328125
495.25732421875
495.0966796875
494.61962890625
493.92236328125
493.64453125
493.6640625
493.8583984375
493.5107421875
492.91552734375
492.3720703125
492.09814453125
492.08544921875
492.115234375
491.99072265625
491.62841796875
491.31005859375
491.03271484375
490.87646484375
490.66162109375
490.4375
490.1884765625
489.953125
489.77294921875
489.6171875
489.4921875
489.28125
489.08447265625
488.82666015625
488.6015625
488.36328125
488.154296875
487.9599609375
487.7568359375
487.55517578125
487.349609375
487.1494140625
486.94482421875
486.7548828125
486.56982421875
486.3935546875
486.20458984375
486.0419921875
485.904296875
485.92578125
486.28564453125
487.47412109375
489.31201171875
489.53564453125
486.927734375
485.75341796875
487.08251953125
486.83447265625
487.0283203125
489.4521484375
490.6796875
491.51806640625
492.1455078125
490.126953125
486.4111328125
484.119140625
483.61865234375
484.45654296875
485.52978515625
485.22705078125
483.70751953125
482.3427734375
481.89599609375
482.24755859375
482.330078125
481.9541015625
481.1611328125
480.45751953125
480.158203125
480.2158203125
479.9658203125
479.39208984375
478.85302734375
478.5732421875
478.470703125
478.46337890625
478.13916015625
477.6787109375
477.333984375
477.30078125
477.37158203125
477.5419921875
477.505859375
477.4833984375
477.44921875
477.63720703125
477.71044921875
477.71240234375
477.232421875
476.79931640625
476.0068359375
475.8603515625
475.025390625
474.67041015625
474.1806640625
473.95166015625
473.7646484375
473.572265625
473.29638671875
472.97216796875
472.861328125
472.62060546875
472.6787109375
472.4267578125
472.1796875
472.01904296875
471.64794921875
471.56103515625
471.28076171875
471.267578125
471.09716796875
471.146484375
470.98779296875
471.0869140625
470.822265625
470.8466796875
470.56591796875
470.529296875
470.3173828125
470.3095703125
470.1044921875
470.00244140625
469.7109375
469.4619140625
469.0634765625
468.71728515625
468.3154296875
468.0556640625
467.82080078125
467.728515625
467.6513671875
467.57470703125
467.51171875
467.37939453125
467.3212890625
467.23291015625
467.28125
467.3447265625
467.59375
467.90478515625
468.5
469.2333984375
470.09716796875
470.681640625
470.529296875
469.69287109375
468.39453125
467.630859375
467.28369140625
467.34765625
467.2666015625
466.97119140625
466.58056640625
466.37060546875
466.2578125
466.46484375
466.548828125
467.0908203125
467.27392578125
467.42626953125
467.236328125
466.966796875
466.92138671875
466.93798828125
467.14501953125
467.11572265625
467.1806640625
467.06103515625
467.40478515625
467.98193359375
469.06640625
470.21142578125
471.494140625
472.556640625
473.47021484375
474.08203125
474.61279296875
475.33056640625
476.4658203125
478.2255859375
479.93994140625
481.59130859375
481.57373046875
480.9326171875
479.10009765625
477.603515625
476.85400390625
477.0703125
477.96240234375
478.98779296875
479.87890625
480.708984375
481.62451171875
482.67138671875
483.0458984375
482.77587890625
480.93212890625
479.1650390625
477.125
476.2158203125
475.859375
476.23193359375
476.16552734375
475.49560546875
474.0234375
472.5361328125
471.521484375
471.32958984375
471.259765625
470.95263671875
469.69970703125
468.27490234375
466.7861328125
465.98193359375
465.61474609375
465.4853515625
465.23095703125
464.97265625
464.55712890625
464.2841796875
463.56689453125
462.6904296875
461.232421875
459.990234375
459.10400390625
458.8779296875
458.9287109375
458.953125
458.759765625
458.494140625
458.2900390625
458.1533203125
458.00390625
457.84619140625
457.755859375
457.80810546875
457.87353515625
457.833984375
457.4970703125
457.03759765625
456.509765625
456.18896484375
456.109375
456.3818359375
456.93896484375
457.80322265625
458.7158203125
459.87451171875
460.84912109375
462.17822265625
463.34375
464.82763671875
466.26171875
467.71533203125
468.8916015625
469.35009765625
469.025390625
467.509765625
465.7685546875
463.923828125
463.1826171875
463.146484375
463.693359375
463.75390625
462.9296875
461.2548828125
459.49755859375
458.49951171875
458.78125
460.13525390625
461.86279296875
463.3349609375
464.0791015625
464.25
464.1279296875
464.17529296875
464.3984375
464.5361328125
464.060546875
462.45361328125
459.85888671875
456.60498046875
453.66015625
451.5703125
450.74267578125
450.64208984375
450.81591796875
450.48486328125
449.51513671875
448.11865234375
446.69189453125
446.03759765625
446.033203125
446.603515625
447.15966796875
447.31884765625
447.03857421875
446.50634765625
446.1162109375
446.11767578125
446.5986328125
447.51416015625
448.65966796875
449.93505859375
451.1123046875
452.1669921875
452.96044921875
453.5869140625
454.03466796875
454.36279296875
454.53173828125
454.5439453125
454.2998046875
453.79931640625
453.06298828125
452.3017578125
451.5859375
451.0966796875
450.81787109375
450.9775390625
451.5234375
452.89208984375
454.84375
457.494140625
459.765625
461.1328125
460.6640625
458.98974609375
455.83935546875
452.583984375
449.95947265625
449.0908203125
450.2490234375
453.08251953125
456.18017578125
457.7265625
457.2919921875
455.787109375
454.673828125
454.55322265625
454.94189453125
454.9375
454.0712890625
452.72607421875
451.5673828125
451.0966796875
450.98583984375
451.04931640625
451.1337890625
451.41845703125
452.2919921875
453.5732421875
454.0771484375
452.6171875
449.22216796875
445.8330078125
444.92236328125
445.24951171875
446.1611328125
445.77978515625
444.5576171875
442.82958984375
441.6025390625
441.3671875
441.5732421875
442.20751953125
442.46240234375
442.5859375
442.28369140625
442.35546875
442.24169921875
442.3076171875
441.6669921875
440.62353515625
439.125
437.6884765625
436.6875
436.17431640625
436.115234375
436.14111328125
436.12939453125
435.9716796875
435.791015625
435.65625
435.6015625
435.6923828125
435.8125
436.126953125
436.53125
437.177734375
437.89208984375
438.619140625
439.2568359375
439.85986328125
440.3955078125
441.03857421875
441.5576171875
442.2099609375
442.52978515625
442.8798828125
442.7783203125
442.60400390625
442.03564453125
441.45751953125
440.7177734375
440.2939453125
440.046875
439.984375
439.74072265625
438.8935546875
437.5595703125
435.84375
434.57958984375
433.82568359375
433.89453125
434.15869140625
434.51416015625
434.47509765625
434.236328125
434.060546875
434.44091796875
435.52294921875
437.09228515625
438.35986328125
438.6953125
437.74462890625
436.02001953125
434.30078125
433.271484375
433.09716796875
433.36865234375
433.80126953125
433.86279296875
433.69140625
433.33984375
433.255859375
433.7158203125
434.68310546875
436.0908203125
437.39306640625
438.57763671875
439.17578125
439.50732421875
439.28271484375
438.8837890625
438.46337890625
438.31884765625
438.74658203125
439.67724609375
440.70703125
441.69189453125
442.16357421875
442.6767578125
443.23046875
444.2939453125
445.4228515625
446.05078125
445.298828125
443.6103515625
441.18798828125
440.2021484375
440.12109375
441.634765625
443.162109375
444.41064453125
444.599609375
444.36767578125
444.0205078125
444.173828125
444.21142578125
443.75
442.46826171875
440.6630859375
439.03759765625
437.908203125
436.98583984375
435.80859375
434.015625
432.201171875
430.77978515625
430.16015625
430.1650390625
430.1064453125
429.537109375
428.34033203125
427.115234375
426.3583984375
426.3056640625
426.67626953125
427.2451171875
427.5537109375
427.79248046875
427.5263671875
427.3330078125
426.45703125
425.57373046875
424.30126953125
423.29736328125
422.85302734375
423.05908203125
423.90185546875
424.8681640625
425.75146484375
426.0185546875
425.85498046875
425.28173828125
424.7607421875
424.3525390625
424.33642578125
424.2900390625
424.2734375
423.8232421875
423.267578125
422.48095703125
422.05078125
421.69384765625
421.6474609375
421.494140625
421.24462890625
420.88427734375
420.400390625
420.201171875
420.1826171875
420.65283203125
421.27734375
422.03125
422.62109375
423.24951171875
424.09033203125
425.76904296875
428.53564453125
433.27880859375
438.82958984375
446.48095703125
452.310546875
457.75830078125
460.06640625
460.04541015625
458.2744140625
456.1376953125
454.689453125
453.7041015625
452.36767578125
449.61376953125
445.3720703125
440.65966796875
435.71826171875
432.640625
429.22265625
426.79931640625
424.48681640625
422.29248046875
420.11376953125
418.33349609375
417.0849609375
416.19091796875
415.84912109375
415.00146484375
414.619140625
413.4091796875
412.7978515625
412.1181640625
411.80859375
411.68212890625
411.787109375
412.126953125
412.53564453125
412.9638671875
413.08740234375
413.3193359375
413.10009765625
413.3671875
413.140625
413.0869140625
412.73095703125
412.01904296875
411.19482421875
410.0498046875
409.25634765625
408.51025390625
408.37158203125
408.4541015625
408.98486328125
409.81787109375
410.68505859375
411.712890625
412.296875
412.912109375
412.7353515625
412.51025390625
411.669921875
411.0546875
410.591796875
410.7861328125
411.60888671875
413.1025390625
415.31396484375
417.845703125
420.958984375
423.78857421875
426.97265625
429.7119140625
432.59912109375
434.9697265625
435.96435546875
436.16796875
433.96142578125
430.98046875
426.6123046875
422.78076171875
420.1923828125
419.74365234375
420.22900390625
420.521484375
419.4365234375
417.375
415.6591796875
414.94580078125
415.86572265625
416.33251953125
416.15576171875
414.71337890625
412.46435546875
410.20849609375
408.0791015625
406.2734375
404.6640625
403.45849609375
403.01806640625
403.107421875
403.77294921875
404.21240234375
404.57421875
404.619140625
405.0537109375
405.5478515625
406.90673828125
407.458984375
408.2900390625
408.23681640625
407.95751953125
407.3134765625
