9130.8681640625
9128.3203125
9126.181640625
9124.375
9122.83203125
9121.4677734375
9120.2392578125
9119.1005859375
9118.037109375
9117.03515625
9116.0830078125
9115.177734375
9114.3125
9113.4892578125
9112.703125
9111.955078125
9111.244140625
9110.5634765625
9109.908203125
9109.279296875
9108.6689453125
9108.078125
9107.5048828125
9106.951171875
9106.4091796875
9105.8837890625
9105.37109375
9104.873046875
9104.390625
9103.9189453125
9103.4560546875
9103.0087890625
9102.5703125
9102.138671875
9101.720703125
9101.3115234375
9100.91015625
9100.513671875
9100.126953125
9099.7490234375
9099.376953125
9099.01171875
9098.65234375
9098.30078125
9097.955078125
9097.615234375
9097.279296875
9096.9521484375
9096.6298828125
9096.310546875
9095.99609375
9095.6865234375
9095.384765625
9095.083984375
9094.7890625
9094.4970703125
9094.2109375
9093.92578125
9093.6484375
9093.3740234375
9093.1015625
9092.8330078125
9092.56640625
9092.306640625
9092.048828125
9091.79296875
9091.54296875
9091.2939453125
9091.048828125
9090.80859375
9090.5693359375
9090.3330078125
9090.099609375
9089.8671875
9089.6396484375
9089.4140625
9089.1904296875
9088.970703125
9088.75
9088.5361328125
9088.3212890625
9088.109375
9087.900390625
9087.6923828125
9087.48828125
9087.28515625
9087.083984375
9086.884765625
9086.6904296875
9086.4921875
9086.30078125
9086.109375
9085.921875
9085.732421875
9085.548828125
9085.3642578125
9085.18359375
9085.0009765625
9084.822265625
9084.642578125
9084.466796875
9084.291015625
9084.1171875
9083.9453125
9083.775390625
9083.6044921875
9083.4365234375
9083.267578125
9083.1015625
9082.9375
9082.7734375
9082.609375
9082.44921875
9082.2880859375
9082.12890625
9081.9697265625
9081.8125
9081.65625
9081.4990234375
9081.345703125
9081.1923828125
9081.041015625
9080.8857421875
9080.7333984375
9080.5830078125
9080.431640625
9080.28125
9080.1328125
9079.984375
9079.837890625
9079.6904296875
9079.54296875
9079.3984375
9079.2490234375
9079.107421875
9078.9609375
9078.8203125
9078.677734375
9078.5341796875
9078.3916015625
9078.2490234375
9078.1064453125
9077.966796875
9077.8251953125
9077.685546875
9077.546875
9077.4052734375
9077.265625
9077.126953125
9076.990234375
9076.8515625
9076.7138671875
9076.576171875
9076.439453125
9076.302734375
9076.166015625
9076.03125
9075.8935546875
9075.7568359375
9075.6220703125
9075.4873046875
9075.3544921875
9075.220703125
9075.0869140625
9074.955078125
9074.822265625
9074.689453125
9074.5546875
9074.421875
9074.2890625
9074.158203125
9074.025390625
9073.892578125
9073.759765625
9073.6279296875
9073.498046875
9073.3671875
9073.236328125
9073.1044921875
9072.974609375
9072.8447265625
9072.7138671875
9072.583984375
9072.455078125
9072.3271484375
9072.1953125
9072.0673828125
9071.9375
9071.8115234375
9071.6806640625
9071.5556640625
9071.4296875
9071.30078125
9071.1748046875
9071.046875
9070.9208984375
9070.794921875
9070.669921875
9070.54296875
9070.416015625
658201792.0
6921933291520.0
366660288512.0
472591728640.0
68482864.0
337999462400.0
46859423744.0
56305752.0
2384061.75
1792389.375
3034296.5
6614132.5
15188389.0
27981850.0
32695558.0
25131566.0
14528695.0
7283879.5
3526458.75
1786785.125
1044871.375
835452.1875
1050288.75
1857178.75
3769858.25
7850197.5
15924463.0
30128890.0
49889764.0
66127496.0
65519648.0
49760284.0
32106134.0
19441850.0
11743907.0
7290958.0
4708531.5
3173196.75
2229703.0
1629635.75
1234805.875
966921.1875
779849.625
645883.4375
547642.4375
474154.3125
418131.5625
374704.875
340569.5
313347.28125
291397.53125
273496.78125
258756.453125
246500.6875
236225.578125
227545.78125
220170.578125
213861.984375
208432.546875
203730.875
199637.4375
196056.921875
192912.828125
190137.53125
187682.4375
185498.34375
183546.625
181794.15625
180219.125
178795.703125
177507.53125
176339.046875
175275.0
174300.046875
173407.921875
172587.8125
171833.609375
171135.28125
170488.046875
169883.140625
169321.828125
168797.390625
168303.203125
167841.578125
167406.609375
166993.890625
166605.5
166236.921875
165885.265625
165549.328125
165230.109375
164923.65625
164629.921875
164344.65625
164072.453125
163809.21875
163553.09375
163305.65625
163065.375
162829.96875
162599.265625
162376.921875
162156.28125
161941.640625
161730.140625
161521.171875
161316.515625
161115.578125
160918.109375
160721.8125
160528.453125
160337.5625
160148.984375
159959.984375
159775.375
159591.890625
159409.40625
159229.015625
159050.90625
158871.546875
158696.03125
158519.203125
158342.71875
158169.9375
157995.46875
157821.046875
157650.640625
157480.375
157309.640625
157139.796875
156971.125
156803.203125
156640.359375
156472.890625
156308.453125
156142.328125
155979.140625
155813.578125
155650.859375
155486.5625
155322.75
155160.515625
154999.65625
154839.328125
154678.46875
154517.84375
154357.0625
154199.46875
154038.8125
153879.140625
153721.78125
153563.671875
153406.125
153250.21875
153091.578125
152934.984375
152780.421875
152625.25
152469.875
152314.328125
152160.390625
152008.421875
151853.875
151698.25
151544.328125
151390.0625
151236.671875
151081.8125
150926.265625
150773.0
150622.3125
150493.8125
150396.4375
150154.90625
150057.921875
149859.078125
149750.109375
149557.296875
149401.046875
149253.9375
149088.40625
148950.484375
148795.0
148636.296875
148491.234375
148339.5625
148181.453125
148034.109375
147884.9375
147728.65625
147577.78125
147431.5625
147277.90625
147126.828125
146983.359375
146831.828125
146682.578125
146538.453125
146389.203125
146243.921875
146097.234375
145949.328125
145802.703125
145658.53125
145512.515625
145366.21875
145222.09375
145074.5
144929.609375
144785.078125
144641.34375
144497.953125
144359.671875
144208.234375
144065.90625
143933.984375
143777.140625
143646.78125
143549.21875
143381.203125
143251.75
143097.328125
142938.875
142806.34375
142691.28125
142577.09375
142443.265625
142314.390625
142165.515625
142008.328125
141870.953125
141725.203125
141563.265625
141433.796875
141288.046875
141144.671875
140994.984375
140852.140625
140718.21875
140569.625
140426.59375
140286.578125
140145.0
140002.25
139859.921875
139720.703125
139581.8125
139441.3125
139298.78125
139159.015625
139021.71875
138884.171875
138746.21875
138607.484375
138471.84375
138334.625
138198.1875
138062.171875
137924.71875
137790.296875
137659.515625
137521.640625
137390.5
137255.25
137123.640625
136983.28125
136863.34375
136748.390625
136645.75
136499.34375
136367.734375
136241.953125
136096.953125
135951.8125
135822.359375
135689.609375
135553.4375
135418.65625
135287.421875
135157.765625
135021.6875
134886.21875
134757.296875
134625.734375
134491.1875
134361.625
134231.828125
134098.6875
133966.765625
133835.46875
133705.875
133575.125
133444.765625
133315.546875
133187.078125
133056.296875
132925.953125
132797.625
132667.8125
132539.59375
132412.5
132283.96875
132156.21875
132029.046875
131902.40625
131775.171875
131649.484375
131521.3125
131395.171875
131269.28125
131143.515625
131017.5234375
130891.71875
130764.6953125
130639.6953125
130514.1796875
130388.984375
130264.2109375
130138.796875
130013.75
129890.296875
129766.9609375
129641.53125
129516.6328125
129394.1015625
129268.65625
129144.7265625
129021.8125
128898.671875
128773.65625
128649.0625
128526.3984375
128403.046875
128279.7578125
128158.8203125
128035.8203125
127912.5234375
127788.7890625
127668.2578125
127545.15625
127422.9375
127301.625
127180.7578125
127059.84375
126938.8828125
126816.4921875
126692.734375
126573.9453125
126453.1875
126331.578125
126211.4453125
126093.4140625
125973.578125
125851.578125
125732.359375
125611.96875
125491.140625
125370.328125
125252.140625
125132.6875
125012.9140625
124893.3046875
124774.5078125
124655.25
124536.7890625
124417.875
124301.6875
124181.6484375
124064.234375
123946.6953125
123827.7421875
123710.359375
123592.5078125
123475.1640625
123358.7109375
123242.21875
123124.7890625
123007.5
122890.59375
122773.7265625
122658.3046875
122541.84375
122425.578125
122311.1015625
122193.859375
122077.1796875
121960.59375
121845.703125
121729.890625
121615.125
121500.765625
121384.046875
121268.6171875
121153.8125
121039.8359375
120925.9296875
120811.3984375
120697.265625
120582.2109375
120467.6640625
120355.0078125
120241.359375
120128.671875
120014.4453125
119901.8203125
119788.171875
119677.25
119563.5546875
119450.9453125
119339.109375
119227.84375
119115.9609375
119005.6796875
118895.9375
118785.4140625
118675.453125
118563.390625
118454.3359375
118345.234375
118237.453125
118130.8125
118021.171875
117908.8671875
117797.90625
117689.609375
117583.2890625
117476.3828125
117365.6796875
117256.875
117151.0
117044.2109375
116935.9765625
116827.796875
116723.40625
116616.625
116510.734375
116404.3203125
116298.8046875
116195.3125
116090.0
115983.8515625
115879.453125
115774.9765625
115670.359375
115565.1953125
115460.7265625
115355.9765625
115252.8828125
115148.984375
115046.046875
114942.5859375
114839.1328125
114734.3046875
114631.96875
114529.6484375
114427.453125
114323.2890625
114220.828125
114117.6953125
114014.3203125
113912.765625
113809.59375
113708.59375
113607.2109375
113506.1484375
113404.765625
113304.484375
113201.703125
113101.3515625
113002.921875
112902.578125
112804.203125
112702.0625
112599.3515625
112496.53125
112396.921875
112300.953125
112199.40625
112096.4609375
111995.2421875
111897.1015625
111798.453125
111698.5859375
111598.5859375
111498.71875
111399.984375
111300.7734375
111202.796875
111104.2578125
111006.96875
110908.3671875
110809.5703125
110711.3828125
110614.4921875
110516.984375
110419.8671875
110322.7890625
110226.625
110131.5546875
110036.4921875
109942.65625
109850.7890625
109755.0859375
109657.8984375
109556.5625
109459.671875
109367.015625
109272.390625
109175.9921875
109076.921875
108981.7890625
108890.6875
108795.7421875
108698.2421875
108602.734375
108509.8125
108417.4609375
108321.40625
108226.3046875
108131.890625
108043.6875
107953.0703125
107866.9375
107772.546875
107676.7109375
107574.7734375
107483.640625
107395.828125
107301.109375
107203.1484375
107108.1796875
107019.8828125
106931.0234375
106834.625
106741.9921875
106653.765625
106562.2734375
106469.4765625
106379.1171875
106288.3203125
106199.7734375
106107.953125
106018.296875
105927.0703125
105835.765625
105743.9765625
105656.3671875
105566.484375
105475.3515625
105385.0234375
105293.8359375
105202.140625
105113.0859375
105024.8984375
104936.984375
104846.40625
104756.4453125
104664.8359375
104573.703125
104483.65625
104394.8203125
104307.2578125
104218.703125
104129.015625
104039.21875
103951.046875
103862.5234375
103776.2109375
103688.8984375
103601.7890625
103514.5234375
103427.3359375
103341.265625
103254.140625
103169.0703125
103084.484375
102999.421875
102914.8984375
102832.1015625
102745.484375
102654.6484375
102568.0
102482.40625
102393.75
102311.515625
102225.703125
102141.2265625
102058.453125
101971.765625
101886.6875
101801.2890625
101715.3515625
101630.6875
101546.90625
101461.390625
101376.8359375
101292.6875
101208.4921875
101124.5
101040.7421875
100957.2421875
100875.140625
100791.3125
100708.5625
100627.09375
100545.2578125
100462.1953125
100378.4921875
100294.453125
100213.8125
100132.6484375
100050.0234375
99968.34375
99886.1171875
99803.4140625
99723.1171875
99644.59375
99567.2890625
99487.2265625
99403.0546875
99317.59375
99235.6953125
99156.671875
99076.09375
98991.546875
98908.0625
98828.0078125
98749.828125
98669.4375
98587.859375
98507.2890625
98429.1484375
98348.6640625
98268.3359375
98189.4375
98110.8359375
98032.5859375
97953.9765625
97875.75
97796.8515625
97718.5234375
97637.0234375
97557.359375
97479.8515625
97403.1640625
97324.7265625
97246.40625
97168.8203125
97092.5859375
97016.296875
96941.7265625
96865.2578125
96787.7734375
96711.5
96635.984375
96559.2578125
96483.046875
96404.953125
96326.9375
96249.859375
96174.8359375
96098.0859375
96024.1953125
95954.2578125
95882.0859375
95800.8203125
95719.3203125
95644.015625
95569.3515625
95493.5
95419.5
95345.390625
95268.0625
95191.71875
95119.3515625
95048.2421875
94976.7578125
94904.6875
94829.515625
94752.5078125
94674.0390625
94598.734375
94527.9609375
94454.546875
94382.6796875
94306.296875
94233.59375
94164.0234375
94085.796875
94011.09375
93939.984375
93866.6484375
93794.84375
93720.359375
93645.90625
93575.53125
93503.828125
93431.6953125
93360.25
93287.0390625
93215.0703125
93142.9296875
93071.171875
92998.96875
92928.84375
92858.65625
92788.1484375
92716.125
92645.2421875
92574.0703125
92502.421875
92432.4921875
92361.7734375
92290.9296875
92220.5859375
92150.625
92080.5625
92009.15625
91938.984375
91869.453125
91799.84375
91730.7109375
91662.1328125
91593.4375
91524.5390625
91456.1171875
91386.9765625
91319.140625
91250.875
91183.3359375
91117.3984375
91049.3671875
90984.25
90918.3046875
90850.9375
90783.859375
90714.859375
90644.6328125
90574.359375
90504.6875
90438.640625
90373.59375
90308.0
90241.171875
90173.8359375
90105.015625
90038.1484375
89971.4453125
89905.2421875
89838.3359375
89770.0546875
89703.640625
89638.1015625
89572.640625
89508.203125
89442.5234375
89378.328125
89313.3828125
89246.5546875
89180.3125
89113.765625
89047.65625
88984.0078125
88921.3828125
88858.890625
88796.25
88732.75
88667.7109375
88602.7109375
88536.09375
88471.609375
88407.5
88343.03125
88278.515625
88212.171875
88146.3359375
88080.3203125
88016.15625
87954.1484375
87892.0625
87829.4453125
87766.328125
87701.8828125
87638.8046875
87575.0625
87513.5859375
87452.40625
87390.7109375
87328.9765625
87265.59375
87202.5234375
87140.828125
87079.6328125
87017.1796875
86954.6328125
86890.8984375
86827.4140625
86765.6328125
86703.1328125
86640.9453125
86578.21875
86514.5625
86453.1484375
86392.3671875
86332.09375
86271.2421875
86209.7578125
86148.0703125
86086.8828125
86026.125
85966.4453125
85905.4765625
85844.5546875
85783.2265625
85722.0859375
85662.2265625
85601.8828125
85542.65625
85482.5234375
85422.4375
85361.3515625
85299.6953125
85238.859375
85180.296875
85122.109375
85064.9609375
85008.0859375
84949.0625
84890.234375
84833.8828125
84776.8671875
84719.265625
84659.7265625
84597.9375
84537.734375
84479.0546875
84420.5546875
84362.3671875
84304.34375
84245.8828125
84187.1015625
84129.640625
84072.609375
84015.7265625
83958.8359375
83901.5390625
83842.5390625
83783.7109375
83724.59375
83666.890625
83610.1640625
83554.4296875
83496.6640625
83439.8125
83380.953125
83321.8828125
83262.34375
83206.15625
83150.7734375
83096.4453125
83041.2578125
82986.96875
82929.796875
82874.40625
82816.5
82759.7421875
82703.9140625
82647.1875
82592.203125
82537.5234375
82483.7578125
82429.4453125
82375.3125
82321.1953125
82265.5078125
82212.5
82155.6015625
82100.46875
82045.859375
81991.421875
81935.875
81880.6640625
81826.609375
81774.828125
81726.2421875
81676.1640625
81624.890625
81567.3125
81506.78125
81444.453125
81386.625
81331.8125
81280.0859375
81228.6953125
81175.3046875
81122.0703125
81066.2578125
81011.640625
80958.3359375
80905.3046875
80853.2734375
80799.2890625
80745.359375
80690.7265625
80637.078125
80583.03125
80529.78125
80476.2109375
80423.171875
80371.5703125
80319.5
80265.8125
80212.2109375
80158.3828125
80104.375
80051.6015625
79999.34375
79948.46875
79897.4921875
79846.0078125
79794.71875
79742.6171875
79690.515625
79638.78125
79586.7890625
79535.1875
79484.484375
79434.3984375
79385.046875
79335.0234375
79285.96875
79236.03125
79186.8671875
79136.4375
79086.6171875
79036.875
78986.40625
78936.03125
78885.953125
78836.234375
78786.203125
78733.71875
78681.6953125
78629.5625
78578.265625
78527.8046875
78477.5546875
78427.375
78376.7265625
78326.59375
78278.2421875
78228.765625
78179.9296875
78131.0078125
78081.3125
78031.609375
77981.7421875
77933.328125
77885.9375
77837.5078125
77789.7109375
77740.84375
77692.171875
77642.8203125
77595.015625
77546.1171875
77500.7109375
77453.3125
77407.7109375
77360.1953125
77311.0390625
77259.7578125
77209.5625
77160.46875
77112.265625
77063.5546875
77015.0859375
76966.234375
76918.8125
76871.4921875
76822.7890625
76771.8046875
76723.09375
76675.140625
76629.96875
76584.2890625
76537.390625
76489.0390625
76443.9375
76398.84375
76355.484375
76309.484375
76260.71875
76208.4375
76157.34375
76107.15625
76060.75
76015.859375
75971.2109375
75925.6953125
75879.828125
75829.1640625
75801.765625
75774.2265625
75729.0
75706.8984375
75669.734375
75633.9375
75608.171875
75570.15625
75539.046875
75508.5
75473.078125
75442.890625
75410.84375
75376.90625
75346.84375
75313.9296875
75282.1640625
75249.984375
75218.4140625
75186.4375
75154.1953125
75123.0
75091.109375
75058.6015625
75027.21875
74995.4609375
74963.90625
74932.453125
74900.2109375
74869.109375
74837.71875
74805.875
74774.703125
74743.3515625
74711.6640625
74680.375
74648.40625
74617.1484375
74585.8515625
74554.2890625
74523.375
74491.75
74460.78125
74428.609375
74398.3125
74366.4375
74335.03125
74304.25
74272.796875
74241.9296875
74210.8359375
74179.5625
74148.2265625
74117.4765625
74086.2421875
74055.203125
74024.5390625
73993.265625
73962.2421875
73931.1796875
73900.78125
73869.703125
73838.5234375
73808.2421875
73776.8984375
73745.859375
73715.4375
73685.1015625
73653.6640625
73623.2578125
73592.5859375
73561.71875
73531.1171875
73500.8984375
73470.296875
73439.65625
73409.015625
73379.1015625
73348.484375
73317.2578125
73287.578125
73256.5234375
73226.4375
73196.140625
73165.9140625
73135.4609375
73105.171875
73075.2734375
73044.9140625
73014.0625
72983.9453125
72953.4375
72923.859375
72893.671875
72863.3671875
72833.4375
72802.921875
72773.0390625
72742.9375
72713.1875
72682.625
72652.546875
72623.3515625
72592.875
72562.953125
72532.453125
72503.1015625
72472.859375
72443.59375
72413.7578125
72383.8359375
72353.6484375
72324.1953125
72294.7265625
72264.8046875
72234.8671875
72205.2265625
72175.3828125
72145.78125
72115.9140625
72086.0
72056.6015625
72027.015625
71997.515625
71968.046875
71938.3125
71909.1484375
71879.328125
71850.4921875
71821.1796875
71791.6015625
71761.9453125
71733.28125
71703.609375
71673.96875
71645.0
71615.9609375
71586.4375
71557.46875
71527.921875
71499.578125
71470.078125
71441.2421875
71411.84375
71383.171875
71354.046875
71325.1953125
71296.28125
71266.7734375
71238.2578125
71209.109375
71180.2421875
71150.9609375
71122.5703125
71093.578125
71064.609375
71036.375
71006.546875
70977.90625
70949.3515625
70920.421875
70892.078125
70862.890625
70834.765625
70805.9296875
70777.3203125
70748.421875
70719.8515625
70691.3671875
70662.5078125
70634.546875
70605.7578125
70577.109375
70548.8203125
70520.296875
70492.0859375
70463.375
70435.5234375
70406.8125
70378.203125
70350.2890625
70321.65625
70293.5625
70265.7890625
70238.3125
70211.859375
70187.8515625
70166.546875
70142.859375
70102.1640625
70075.2421875
70048.09375
70016.265625
69990.2265625
69960.0625
69931.3359375
69903.9140625
69874.203125
69846.5390625
69817.3515625
69790.2734375
69761.140625
69733.1640625
69704.96875
69676.609375
69648.6171875
69620.2421875
69592.234375
69564.3828125
69536.328125
69507.9765625
69480.6796875
69452.7109375
69424.59375
69396.8359375
69368.65625
69341.4296875
69313.6328125
69285.7890625
69258.265625
69229.96875
69202.2265625
69174.875
69147.4140625
69119.734375
69092.2109375
69064.453125
69037.7421875
69009.7890625
68982.5234375
68954.75
68927.546875
68899.8203125
68872.6171875
68845.15625
68817.78125
68790.1875
68763.5546875
68735.8984375
68708.3828125
68681.4609375
68654.5625
68626.96875
68599.953125
68573.015625
68545.90625
68518.3984375
68491.5234375
68464.578125
68437.5234375
68410.921875
68383.796875
68356.6484375
68330.0078125
68302.5234375
68275.8984375
68248.875
68222.1953125
68195.0546875
68168.734375
68141.5234375
68114.75
68087.7421875
68061.3828125
68034.296875
68007.78125
67981.4296875
67955.1640625
67928.46875
67901.515625
67875.2109375
67849.65625
67823.484375
67798.515625
67770.2734375
67742.046875
67715.296875
67688.796875
67663.6640625
67637.875
67612.7734375
67584.9609375
67556.9453125
67531.0
67506.8125
67482.265625
67452.6171875
67425.1171875
67399.78125
67374.59375
67349.453125
67320.9375
67293.9140625
67270.40625
67245.71875
67216.71875
67189.25
67165.2109375
67141.921875
67112.84375
67085.8515625
67063.171875
67037.2578125
67007.8671875
66981.6640625
66958.09375
66933.140625
66903.171875
66880.15625
66856.7421875
66827.46875
66802.125
66781.90625
66753.421875
66725.65625
66705.171875
66675.3203125
66647.6875
66624.546875
66596.9296875
66570.15625
66545.1484375
66519.7265625
66491.7890625
66467.625
66440.84375
66415.0078125
66390.3359375
66363.9765625
66337.90625
66313.2109375
66286.96875
66261.515625
66236.7578125
66210.3359375
66185.21875
66159.75
66134.9921875
66108.9140625
66083.2578125
66058.453125
66032.9296875
66007.1484375
65982.84375
65957.546875
65932.5625
65908.671875
65884.3671875
65860.421875
65834.5390625
65807.4296875
65781.5546875
65757.9140625
65735.390625
65710.7578125
65684.1484375
65656.765625
65631.140625
65607.3984375
65582.59375
65556.453125
65531.3828125
65507.06640625
65482.02734375
65456.515625
65431.70703125
65406.8046875
65382.2734375
65357.27734375
65331.98828125
65307.1015625
65282.6875
65257.7109375
65232.8671875
65208.6171875
65183.28515625
65159.25
65134.49609375
65109.890625
65085.37109375
65060.78125
65036.15625
65011.6328125
64986.98828125
64962.37890625
64938.40625
64913.8203125
64889.0859375
64864.75
64840.5234375
64815.73046875
64791.65625
64767.203125
64743.1015625
64718.9140625
64694.734375
64669.90234375
64645.96875
64621.84375
64597.79296875
64573.34375
64549.6640625
64525.03125
64501.09375
64476.93359375
64452.921875
64428.56640625
64405.30078125
64381.1328125
64356.80078125
64332.78515625
64308.5625
64284.328125
64260.3203125
64236.92578125
64213.578125
64188.9296875
64165.05078125
64140.45703125
64115.4296875
64092.671875
64074.85546875
64082.9453125
64109.5546875
64034.03515625
64012.0859375
63985.04296875
63946.66015625
63934.28125
63893.109375
63879.26953125
63846.3359375
63825.87890625
63796.765625
63773.01171875
63747.24609375
63720.3359375
63697.65234375
63670.59765625
63649.2578125
63621.6875
63602.1796875
63573.640625
63554.2265625
63525.70703125
63505.24609375
63477.421875
63456.3359375
63430.83203125
63408.93359375
63384.75
63362.06640625
63338.52734375
63314.66015625
63292.05859375
63267.58984375
63244.953125
63220.92578125
63198.18359375
63174.734375
63151.51953125
63128.1875
63105.7578125
63082.82421875
63059.8984375
63036.9375
63014.12109375
62990.55859375
62967.82421875
62944.953125
62922.15234375
62899.234375
62876.8828125
62854.68359375
62832.12109375
62810.34375
62788.3359375
62766.30859375
62743.98046875
62721.08203125
62697.484375
62673.67578125
62649.69921875
62627.7265625
62604.90234375
62583.2421875
62560.85546875
62538.3125
62515.98828125
62493.078125
62470.3984375
62447.41796875
62424.78125
62402.6171875
62379.9921875
62357.3671875
62334.6328125
62311.8828125
62289.4375
62267.484375
62245.09765625
62222.69140625
62200.31640625
62178.17578125
62155.59765625
62133.5546875
62111.78515625
62089.984375
62067.84375
62046.296875
62024.74609375
62004.15625
61982.44140625
61961.9140625
61940.3828125
61918.375
61895.140625
61871.6796875
61849.0390625
61826.34375
61805.13671875
61783.64453125
61762.18359375
61740.98046875
61719.6484375
61698.58203125
61677.87890625
61657.19140625
61635.4921875
61612.80859375
61589.21875
61566.8828125
61546.3125
61527.140625
61508.14453125
61487.125
61464.65234375
61441.515625
61419.0625
61397.9296875
61377.796875
61357.1953125
61335.5234375
61314.1015625
61293.06640625
61272.99609375
61252.69921875
61230.89453125
61207.21875
61182.08984375
61158.9921875
61138.50390625
61118.58203125
61097.921875
61075.0078125
61052.40625
61030.4921875
61009.29296875
60988.36328125
60966.6953125
60945.4296875
60924.12890625
60903.546875
60882.77734375
60862.03125
60840.55859375
60818.88671875
60796.49609375
60774.67578125
60752.703125
60731.7734375
60710.546875
60689.11328125
60667.38671875
60646.62890625
60626.27734375
60605.609375
60584.25
60562.44140625
60541.2265625
60519.33984375
60498.43359375
60476.8515625
60455.89453125
60433.93359375
60412.625
60392.2578125
60371.0546875
60350.2421875
60329.18359375
60307.94921875
60286.34765625
60265.26171875
60244.68359375
60223.9140625
60202.8671875
60181.984375
60161.3515625
60139.75390625
60118.87109375
60097.984375
60077.94921875
60057.578125
60037.625
60017.01953125
59996.8671875
59976.96875
59956.56640625
59936.65625
59916.3515625
59895.61328125
59875.390625
59854.21875
59833.4140625
59813.20703125
59793.01171875
59773.16796875
59753.625
59734.13671875
59714.1875
59694.03125
59674.375
59653.8671875
59633.46875
59613.48828125
59593.78515625
59575.0234375
59555.92578125
59536.421875
59516.79296875
59496.625
59475.76953125
59455.63671875
59434.95703125
59414.38671875
59394.19921875
59374.6015625
59355.234375
59335.046875
59315.05859375
59294.62890625
59273.765625
59253.91796875
59233.87890625
59214.08203125
59193.7890625
59173.96484375
59153.81640625
59133.66015625
59113.6328125
59093.015625
59073.00390625
59053.1953125
59033.54296875
59014.7890625
58995.46484375
58976.66796875
58958.46875
58939.6640625
58921.578125
58903.3515625
58884.734375
58865.640625
58844.9296875
58824.6484375
58802.95703125
58781.859375
58760.875
58741.03515625
58722.484375
58704.16796875
58685.1015625
58665.87890625
58645.73828125
58625.6640625
58605.59765625
58586.015625
58565.75390625
58545.44921875
58524.46484375
58503.828125
58483.6484375
58464.46875
58445.1953125
58426.0390625
58406.59375
58386.76171875
58366.8984375
58347.74609375
58329.13671875
58311.1953125
58293.671875
58275.984375
58258.51171875
58240.26171875
58222.42578125
58204.3359375
58185.62890625
58166.16796875
58146.46484375
58125.8203125
58104.7890625
58083.73828125
58063.296875
58043.91796875
58025.16015625
58007.08984375
57988.84765625
57970.4140625
57951.89453125
57933.69921875
57915.01171875
57896.359375
57876.1953125
57856.6484375
57837.17578125
57818.828125
57801.86328125
57784.1953125
57766.5703125
57747.99609375
57729.6328125
57711.0234375
57692.578125
57673.03515625
57651.9921875
57631.4375
57611.21875
57591.734375
57572.94140625
57554.59765625
57535.15625
57516.7578125
57498.5546875
57480.96484375
57462.36328125
57444.171875
57424.2109375
57404.546875
57385.16796875
57365.875
57347.515625
57328.92578125
57310.3203125
57291.49609375
57272.9765625
57254.1015625
57235.1953125
57216.890625
57198.43359375
57179.9609375
57162.2890625
57144.02734375
57126.8359375
57109.33203125
57091.953125
57074.71484375
57057.69921875
57040.8359375
57023.921875
57006.5
56989.33984375
56971.23046875
56953.140625
56934.73046875
56916.65234375
56898.90625
56881.6953125
56865.453125
56848.453125
56831.625
56814.1015625
56796.74609375
56779.265625
56760.73828125
56742.94921875
56724.5234375
56705.48828125
56686.6171875
56667.40625
56648.3671875
56629.7578125
56611.44921875
56594.5
56576.78125
56559.7734375
56541.53125
56522.453125
56502.16796875
56481.7734375
56461.80078125
56442.98046875
56424.515625
56407.5390625
56390.93359375
56374.27734375
56356.9765625
56339.25390625
56320.87890625
56302.47265625
56283.84375
56265.62890625
56247.66015625
56230.5078125
56213.3828125
56196.0
56178.78515625
56161.45703125
56144.34375
56127.1171875
56110.25390625
56093.62109375
56077.6015625
56060.88671875
56043.86328125
56026.19140625
56007.40234375
55988.50390625
55970.4921875
55953.51171875
55937.3828125
55921.27734375
55904.1328125
55886.08203125
55866.8515625
55848.5
55830.85546875
55813.89453125
55797.8125
55780.26953125
55762.8125
55743.7109375
55725.05859375
55707.81640625
55690.875
55675.37890625
55659.36328125
55642.83203125
55625.21875
55607.109375
55589.09375
55570.6953125
55552.50390625
55534.3671875
55517.41796875
55499.61328125
55482.66796875
55465.55078125
55448.8125
55431.7578125
55415.4765625
55398.88671875
55382.890625
55366.4453125
55349.9453125
55333.17578125
55315.6796875
55297.84375
55280.15625
55262.9609375
55246.625
55230.5625
55215.015625
55200.13671875
55185.671875
55170.7890625
55154.6796875
55137.609375
55120.0859375
55102.74609375
55085.9765625
55070.5390625
55054.734375
55037.76953125
55021.390625
55004.30859375
54988.171875
54970.9375
54953.72265625
54936.2734375
54918.578125
54900.75
54883.6796875
54867.09765625
54849.7734375
54832.6171875
54814.92578125
54798.11328125
54780.6484375
54763.7109375
54746.78125
54730.640625
54714.4296875
54698.5390625
54682.7109375
54667.3984375
54652.21875
54637.48828125
54621.90234375
54606.6796875
54590.046875
54572.3828125
54555.1484375
54537.10546875
54520.65234375
54503.18359375
54486.0703125
54469.58984375
54453.578125
54437.875
54421.546875
54405.46484375
54389.0
54372.0859375
54354.5625
54337.34765625
54320.3984375
54302.90625
54286.37109375
54270.359375
54254.58203125
54239.671875
54224.8828125
54209.6328125
54194.8203125
54179.08984375
54163.4609375
54146.34375
54128.94921875
54110.8359375
54092.9921875
54075.8125
54058.92578125
54042.32421875
54026.015625
54010.21484375
53994.24609375
53978.5
53962.08984375
53945.59375
53929.8359375
53913.640625
53897.9453125
53882.30859375
53866.88671875
53851.52734375
53835.88671875
53819.70703125
53804.24609375
53788.5234375
53773.3515625
53758.40234375
53743.7265625
53729.19140625
53715.0625
53700.6484375
53685.81640625
53671.375
53656.7890625
53641.3515625
53625.4375
53608.62890625
53591.7734375
53575.39453125
53559.421875
53544.28125
53529.953125
53516.05859375
53502.91015625
53489.3125
53475.484375
53460.4140625
53444.63671875
53428.74609375
53412.10546875
53396.0234375
53380.27734375
53365.1171875
53350.0234375
53334.109375
53317.53515625
53300.109375
53282.6953125
53264.875
53248.21484375
53231.72265625
53216.1171875
53200.6640625
53185.0859375
53169.671875
53154.5703125
53139.18359375
53123.2265625
53107.29296875
53091.1796875
53075.640625
53060.1796875
53044.65625
