9130.8681640625
9128.3203125
9126.181640625
9124.375
9122.83203125
9121.4677734375
9120.2392578125
9119.1005859375
9118.037109375
9117.03515625
9116.0830078125
9115.177734375
9114.3125
9113.4892578125
9112.703125
9111.955078125
9111.244140625
9110.5634765625
9109.908203125
9109.279296875
9108.6689453125
9108.078125
9107.5048828125
9106.951171875
9106.4091796875
9105.8837890625
9105.37109375
9104.873046875
9104.390625
9103.9189453125
9103.4560546875
9103.0087890625
9102.5703125
9102.138671875
9101.720703125
9101.3115234375
9100.91015625
9100.513671875
9100.126953125
9099.7490234375
9099.376953125
9099.01171875
9098.65234375
9098.30078125
9097.955078125
9097.615234375
9097.279296875
9096.9521484375
9096.6298828125
9096.310546875
9095.99609375
9095.6865234375
9095.384765625
9095.083984375
9094.7890625
9094.4970703125
9094.2109375
9093.92578125
9093.6484375
9093.3740234375
9093.1015625
9092.8330078125
9092.56640625
9092.306640625
9092.048828125
9091.79296875
9091.54296875
9091.2939453125
9091.048828125
9090.80859375
9090.5693359375
9090.3330078125
9090.099609375
9089.8671875
9089.6396484375
9089.4140625
9089.1904296875
9088.970703125
9088.75
9088.5361328125
9088.3212890625
9088.109375
9087.900390625
9087.6923828125
9087.48828125
9087.28515625
9087.083984375
9086.884765625
9086.6904296875
9086.4921875
9086.30078125
9086.109375
9085.921875
9085.732421875
9085.548828125
9085.3642578125
9085.18359375
9085.0009765625
9084.822265625
9084.642578125
9084.466796875
9084.291015625
9084.1171875
9083.9453125
9083.775390625
9083.6044921875
9083.4365234375
9083.267578125
9083.1015625
9082.9375
9082.7734375
9082.609375
9082.44921875
9082.2880859375
9082.12890625
9081.9697265625
9081.8125
9081.65625
9081.4990234375
9081.345703125
9081.1923828125
9081.041015625
9080.8857421875
9080.7333984375
9080.5830078125
9080.431640625
9080.28125
9080.1328125
9079.984375
9079.837890625
9079.6904296875
9079.54296875
9079.3984375
9079.2490234375
9079.107421875
9078.9609375
9078.8203125
9078.677734375
9078.5341796875
9078.3916015625
9078.2490234375
9078.1064453125
9077.966796875
9077.8251953125
9077.685546875
9077.546875
9077.4052734375
9077.265625
9077.126953125
9076.990234375
9076.8515625
9076.7138671875
9076.576171875
9076.439453125
9076.302734375
9076.166015625
9076.03125
9075.8935546875
9075.7568359375
9075.6220703125
9075.4873046875
9075.3544921875
9075.220703125
9075.0869140625
9074.955078125
9074.822265625
9074.689453125
9074.5546875
9074.421875
9074.2890625
9074.158203125
9074.025390625
9073.892578125
9073.759765625
9073.6279296875
9073.498046875
9073.3671875
9073.236328125
9073.1044921875
9072.974609375
9072.8447265625
9072.7138671875
9072.583984375
9072.455078125
9072.3271484375
9072.1953125
9072.0673828125
9071.9375
9071.8115234375
9071.6806640625
9071.5556640625
9071.4296875
9071.30078125
9071.1748046875
9071.046875
9070.9208984375
9070.794921875
9070.669921875
9070.54296875
9070.416015625
255984960.0
742448.5
1935554.875
5199334.0
10171616.0
6735050752.0
1433394.25
11135496.0
541140.0625
445698.0625
152083.546875
205112.15625
522425.21875
1047657.5
1210929.75
470604.71875
585289.6875
553655.0625
542266.1875
297151.9375
285653.6875
308001.5
309746.0
272278.625
217682.1875
172301.765625
144241.765625
131235.9375
128993.140625
132485.40625
136216.15625
137211.09375
135740.515625
132628.546875
127955.578125
121882.2734375
115010.8984375
108082.1796875
101705.6484375
96371.734375
91730.6015625
88435.140625
87695.234375
84407.7109375
81156.5078125
79159.8515625
77583.4921875
76193.3671875
74915.546875
73727.234375
72609.1953125
71547.1640625
70533.7265625
69565.28125
68643.5
67762.2421875
66924.203125
66128.4453125
65375.203125
64660.6953125
63988.59375
63357.71484375
62766.20703125
62206.1875
61672.95703125
61161.61328125
60669.66015625
60195.80078125
59738.5390625
59298.0625
58873.46875
58463.62890625
58066.296875
57680.1484375
57304.7421875
56939.73828125
56584.9140625
56241.1484375
55917.046875
55590.21484375
55261.9296875
54967.3359375
54653.296875
54373.96875
54082.06640625
53814.29296875
53543.14453125
53281.72265625
53028.94140625
52775.1796875
52527.0546875
52286.8671875
52043.03125
51811.0546875
51574.1171875
51345.625
51119.93359375
50897.1953125
50679.3125
50462.26953125
50252.5390625
50042.921875
49839.921875
49638.2734375
49442.59765625
49247.671875
49057.3203125
48869.984375
48687.01953125
48508.75390625
48333.1328125
48159.16796875
47987.62890625
47816.34375
47647.6953125
47483.46484375
47320.64453125
47160.7109375
47001.0390625
46844.5859375
46690.36328125
46538.234375
46387.484375
46237.453125
46088.859375
45942.01171875
45796.84375
45653.05859375
45510.3984375
45368.65625
45228.3125
45089.19140625
44951.58984375
44815.15625
44679.8203125
44545.484375
44412.21875
44280.1875
44149.3671875
44019.88671875
43891.5
43764.47265625
43638.59375
43514.2109375
43391.21484375
43269.71484375
43149.70703125
43031.05859375
42913.90625
42798.08984375
42683.71875
42570.58984375
42458.8828125
42348.375
42239.19140625
42131.12109375
42024.28515625
41918.53125
41813.95703125
41710.48046875
41608.1015625
41506.82421875
41406.546875
41307.40625
41209.23046875
41112.12890625
41015.7890625
40920.5703125
40825.87109375
40732.2578125
40638.91796875
40546.625
40454.75
40363.85546875
40273.578125
40184.20703125
40095.375
40007.359375
39919.90234375
39833.12109375
39747.05859375
39661.5
39576.7890625
39492.2734375
39408.67578125
39324.86328125
39241.84765625
39159.1171875
39077.109375
38995.7421875
38915.09765625
38835.21484375
38756.23046875
38678.07421875
38600.796875
38523.2421875
38445.7109375
38368.2265625
38292.00390625
38217.078125
38143.1484375
38070.08984375
37997.12890625
37922.86328125
37848.3984375
37774.6796875
37703.0234375
37632.671875
37562.5
37492.9453125
37418.6484375
37347.140625
37278.375
37209.171875
37139.08984375
37068.21484375
36997.6953125
36928.46875
36860.25
36792.33203125
36724.1875
36656.05078125
36589.140625
36523.17578125
36458.21484375
36393.58203125
36329.19921875
36265.328125
36201.90234375
36139.359375
36077.578125
36016.55078125
35955.51171875
35894.73046875
35834.26953125
35774.23828125
35714.90625
35656.09375
35597.984375
35539.53125
35480.37890625
35421.5859375
35364.3046875
35307.2109375
35249.625
35192.9453125
35137.21875
35081.61328125
35025.2109375
34969.76171875
34914.97265625
34860.109375
34806.0625
34752.5546875
34699.25
34645.7265625
34592.96484375
34540.16796875
34487.81640625
34436.2578125
34385.48828125
34335.0234375
34283.2890625
34232.515625
34181.8125
34131.9140625
34082.421875
34033.53125
33986.1328125
33937.0703125
33888.296875
33839.12109375
33791.69921875
33745.7109375
33698.6484375
33653.20703125
33604.83984375
33557.6796875
33511.58984375
33466.3515625
33421.59375
33375.29296875
33329.4453125
33284.625
33240.4453125
33196.421875
33152.04296875
33108.234375
33064.44921875
33020.953125
32977.9609375
32935.4140625
32892.8125
32850.37890625
32808.09765625
32765.9453125
32723.619140625
32682.048828125
32640.6171875
32599.44140625
32557.87890625
32516.599609375
32475.484375
32434.80078125
32394.255859375
32353.96484375
32313.873046875
32273.869140625
32233.58984375
32193.392578125
32153.7578125
32114.828125
32075.140625
32034.810546875
31994.375
31954.96484375
31916.42578125
31877.93359375
31839.34765625
31800.921875
31763.234375
31726.025390625
31688.890625
31651.95703125
31615.359375
31579.2890625
31543.486328125
31508.05078125
31472.55078125
31438.255859375
31402.55078125
31367.751953125
31331.47265625
31295.453125
31259.1640625
31223.3984375
31188.76953125
31154.9921875
31121.5078125
31087.0703125
31052.84375
31017.833984375
30983.75
30949.708984375
30916.3828125
30883.296875
30850.751953125
30818.16796875
30784.3125
30750.25
30716.79296875
30684.00390625
30651.92578125
30619.390625
30587.1953125
30554.416015625
30521.818359375
30489.609375
30457.828125
30426.708984375
30395.47265625
30363.876953125
30332.03125
30300.28125
30268.439453125
30237.048828125
30205.71484375
30174.5234375
30143.515625
30112.822265625
30082.34375
30052.037109375
30021.71875
29991.48046875
29961.6328125
29931.37109375
29900.98046875
29869.80859375
29839.697265625
29809.40234375
29778.908203125
29748.91796875
29719.6171875
29690.29296875
29660.93359375
29632.6640625
29603.16796875
29573.76953125
29543.890625
29514.630859375
29485.552734375
29456.962890625
29428.6796875
29400.38671875
29372.609375
29344.45703125
29316.66796875
29288.1328125
29259.724609375
29231.78125
29203.345703125
29175.68359375
29147.927734375
29120.6796875
29093.4453125
29066.681640625
29039.03515625
29011.80078125
28983.50390625
28956.09375
28928.630859375
28901.7890625
28875.2421875
28848.58203125
28822.681640625
28796.30859375
28771.587890625
28745.26953125
28720.533203125
28694.314453125
28669.796875
28644.2734375
28618.9296875
28591.15625
28562.767578125
28536.333984375
28511.625
28489.091796875
28463.1640625
28437.607421875
28409.55859375
28381.693359375
28353.1640625
28326.388671875
28302.751953125
28278.806640625
28255.224609375
28228.015625
28201.849609375
28175.93359375
28151.818359375
28127.74609375
28105.09765625
28080.3359375
28054.875
28029.8828125
28005.1796875
27981.615234375
27958.19140625
27936.078125
27911.01953125
27885.890625
27860.91796875
27837.259765625
27814.09765625
27791.33984375
27769.0625
27745.99609375
27723.521484375
27699.6015625
27676.392578125
27652.83984375
27630.146484375
27607.70703125
27585.38671875
27562.86328125
27540.12109375
27516.94921875
27494.0
27471.6171875
27449.732421875
27428.44921875
27406.12109375
27384.466796875
27361.4296875
27339.63671875
27318.375
27297.11328125
27276.37109375
27252.8046875
27229.7890625
27207.27734375
27185.396484375
27164.5
27143.185546875
27122.87109375
27099.64453125
27077.43359375
27057.2265625
27036.15625
27016.671875
26992.2109375
26976.6640625
26977.875
26951.19140625
26930.916015625
26905.57421875
26879.0078125
26864.13671875
26875.70703125
26847.998046875
26824.640625
26806.04296875
26782.5078125
26749.416015625
26730.55078125
26711.828125
26686.42578125
26661.904296875
26640.9921875
26619.755859375
26593.9453125
26574.1875
26554.919921875
26535.0234375
26513.76171875
26494.1875
26474.01171875
26454.375
26432.748046875
26413.6796875
26394.583984375
26374.255859375
26354.43359375
26334.05078125
26315.162109375
26295.73828125
26277.0390625
26257.26953125
26238.83984375
26218.423828125
26198.7109375
26178.9609375
26159.828125
26141.294921875
26122.455078125
26103.8203125
26085.05078125
26066.388671875
26047.005859375
26027.77734375
26008.03515625
25989.03515625
25969.88671875
25951.341796875
25932.38671875
25913.421875
25894.21875
25875.208984375
25856.462890625
25838.208984375
25819.90234375
25801.9140625
25783.373046875
25765.076171875
25746.333984375
25728.07421875
25709.529296875
25691.19140625
25672.80078125
25654.587890625
25636.42578125
25618.44921875
25600.580078125
25582.60546875
25564.697265625
25546.486328125
25528.52734375
25510.830078125
25493.4375
25476.81640625
25459.97265625
25442.77734375
25424.29296875
25404.630859375
25384.69140625
25365.1796875
25346.94140625
25329.5234375
25312.611328125
25295.447265625
25277.9140625
25260.13671875
25242.59375
25225.62890625
25209.109375
25192.90625
25175.99609375
25158.638671875
25140.2734375
25121.630859375
25102.62109375
25082.8671875
25061.63671875
25039.298828125
25019.3046875
25002.86328125
24987.748046875
24970.80078125
24952.59375
24936.1640625
24921.46484375
24905.962890625
24889.05859375
24871.955078125
24854.88671875
24836.91796875
24818.88671875
24802.033203125
24786.935546875
24771.984375
24757.392578125
24742.451171875
24728.19140625
24712.078125
24696.0546875
24680.025390625
24664.8828125
24649.70703125
24635.150390625
24620.48828125
24606.158203125
24590.16796875
24574.134765625
24558.90234375
24544.388671875
24530.40625
24515.619140625
24500.8515625
24485.8984375
24471.55859375
24457.208984375
24443.20703125
24428.998046875
24414.953125
24400.548828125
24386.58203125
24372.642578125
24359.02734375
24344.943359375
24330.90625
24317.140625
24304.076171875
24291.275390625
24278.76171875
24266.3125
24254.43359375
24242.28515625
24229.74609375
24216.037109375
24201.66796875
24187.109375
24172.275390625
24157.501953125
24142.50390625
24128.08203125
24114.310546875
24101.3671875
24089.3515625
24077.068359375
24064.81640625
24051.2734375
24037.52734375
24023.609375
24010.279296875
23997.3671875
23984.798828125
23972.2890625
23959.798828125
23946.958984375
23933.900390625
23920.35546875
23906.59765625
23892.61328125
23878.6484375
23865.05859375
23851.96875
23839.62890625
23827.46875
23815.52734375
23802.90234375
23790.33203125
23777.22265625
23764.6640625
23752.115234375
23740.095703125
23727.859375
23715.60546875
23703.046875
23690.291015625
23677.45703125
23664.16796875
23650.90625
23637.48046875
23624.90234375
23612.76171875
23601.5
23590.01171875
23578.6875
23566.328125
23554.005859375
23541.046875
23528.705078125
23516.095703125
23503.90625
23490.880859375
23477.5703125
23464.13671875
23451.28515625
23439.78125
23427.87109375
23416.1015625
23402.50390625
23388.87890625
23375.216796875
23362.390625
23350.18359375
23337.96484375
23325.55078125
23312.86328125
23300.421875
23288.490234375
23277.35546875
23266.59765625
23256.279296875
23244.94921875
23232.97265625
23218.8125
23204.849609375
23190.6796875
23178.4140625
23166.8203125
23155.978515625
23144.697265625
23133.33203125
23121.44140625
23109.798828125
23097.8203125
23086.5859375
23074.328125
23062.126953125
23049.125
23035.822265625
23022.583984375
23009.291015625
22996.7421875
22984.56640625
22973.134765625
22961.82421875
22950.595703125
22939.57421875
22928.6640625
22918.35546875
22907.3828125
22896.94140625
22885.728515625
22874.40625
22861.80078125
22849.26171875
22837.056640625
22825.556640625
22814.28515625
22803.5703125
22792.87109375
22781.73828125
22766.5234375
22752.19921875
22741.740234375
22734.548828125
22723.587890625
22709.814453125
22697.546875
22689.14453125
22679.16796875
22667.8203125
22658.068359375
22648.765625
22636.685546875
22623.359375
22612.203125
22601.4609375
22586.16796875
22570.71484375
22558.546875
22549.55859375
22538.6484375
22525.400390625
22510.83203125
22497.28125
22486.267578125
22476.833984375
22465.345703125
22451.513671875
22437.28515625
22424.73828125
22412.7890625
22400.48828125
22388.185546875
22376.595703125
22365.326171875
22354.548828125
22342.705078125
22331.1328125
22319.0234375
22308.294921875
22296.8046875
22285.708984375
22273.4375
22261.46484375
22248.58984375
22235.6015625
22222.056640625
22209.63671875
22197.5078125
22186.640625
22176.26171875
22166.875
22157.091796875
22147.69140625
22136.234375
22125.279296875
22113.4375
22103.4609375
22093.015625
22082.62109375
22071.056640625
22059.2890625
22046.92578125
22034.59375
22022.8203125
22012.1640625
22001.853515625
21991.20703125
21980.318359375
21969.69140625
21959.44921875
21949.1484375
21939.1015625
21929.166015625
21919.634765625
21909.958984375
21900.162109375
21890.333984375
21880.23046875
21870.42578125
21860.4140625
21851.3984375
21842.19140625
21833.693359375
21824.267578125
21814.66796875
21803.71875
21792.904296875
21781.58984375
21771.546875
21760.6328125
21750.16015625
21737.763671875
21725.689453125
21713.775390625
21703.6328125
21694.525390625
21685.828125
21676.45703125
21665.71875
21653.72265625
21641.6796875
21630.76953125
21621.873046875
21614.068359375
21606.453125
21598.16796875
21589.6015625
21581.44921875
21572.60546875
21563.046875
21551.146484375
21539.4921875
21527.82421875
21518.1328125
21508.484375
21499.224609375
21489.20703125
21479.703125
21470.15234375
21461.2109375
21452.173828125
21442.90625
21433.48046875
21423.552734375
21413.763671875
21403.345703125
21393.40234375
21382.703125
21372.185546875
21360.796875
21350.1171875
21339.984375
21330.72265625
21321.16796875
21311.09765625
21300.94140625
21291.818359375
21284.228515625
21277.61328125
21270.984375
21262.56640625
21251.4140625
21237.16015625
21223.173828125
21211.56640625
21203.6171875
21196.041015625
21187.15234375
21174.966796875
21162.80859375
21152.224609375
21144.82421875
21137.400390625
21128.8125
21117.953125
21107.306640625
21097.375
21088.685546875
21079.28515625
21069.33203125
21058.810546875
21049.1796875
21040.12890625
21031.537109375
21022.376953125
21012.98828125
21003.25
20993.908203125
20984.478515625
20975.435546875
20966.109375
20957.48828125
20948.50390625
20940.140625
20930.6328125
20921.59765625
20912.0078125
20903.41796875
20895.05078125
20887.76953125
20880.58984375
20873.951171875
20865.85546875
20856.89453125
20845.1484375
20833.14453125
20820.595703125
20810.28125
20801.22265625
20793.95703125
20786.2421875
20778.0
20768.19140625
20757.732421875
20746.775390625
20736.1875
20725.8203125
20716.66796875
20708.546875
20700.890625
20693.439453125
20684.390625
20674.66015625
20663.837890625
20653.693359375
20645.37109375
20638.359375
20632.294921875
20623.76171875
20613.767578125
20602.744140625
20594.486328125
20588.78515625
20583.05078125
20574.8125
20564.427734375
20552.7890625
20540.07421875
20526.96875
20514.619140625
20504.427734375
20495.728515625
20487.77734375
20478.888671875
20469.228515625
20458.890625
20449.0859375
20440.30078125
20432.0234375
20424.732421875
20417.470703125
20411.13671875
20404.00390625
20397.94140625
20390.33203125
20365.935546875
20363.94140625
20363.841796875
20344.33984375
20347.3046875
20337.91015625
20327.03125
20327.22265625
20315.53125
20310.0859375
20305.923828125
20296.015625
20292.01953125
20285.35546875
20277.6640625
20273.14453125
20265.86328125
20259.49609375
20254.162109375
20247.119140625
20241.2578125
20235.40234375
20228.73046875
20222.98828125
20216.8984375
20210.5625
20204.75390625
20198.609375
20192.48828125
20186.591796875
20180.501953125
20174.44140625
20168.53125
20162.466796875
20156.474609375
20150.57421875
20144.513671875
20138.583984375
20132.658203125
20126.64453125
20120.75
20114.796875
20108.83203125
20102.94140625
20097.0
20091.078125
20085.1875
20079.259765625
20073.37109375
20067.484375
20061.5859375
20055.69921875
20049.8203125
20043.951171875
20038.0703125
20032.201171875
20026.34375
20020.49609375
20014.62109375
20008.78515625
20002.9453125
19997.10546875
19991.265625
19985.4375
19979.609375
19973.787109375
19967.970703125
19962.15625
19956.32421875
19950.515625
19944.72265625
19938.9296875
19933.12890625
19927.349609375
19921.546875
19915.765625
19909.984375
19904.197265625
19898.41796875
19892.6484375
19886.87890625
19881.12109375
19875.359375
19869.603515625
19863.853515625
19858.10546875
19852.35546875
19846.61328125
19840.87890625
19835.146484375
19829.408203125
19823.6953125
19817.97265625
19812.248046875
19806.5234375
19800.8125
19795.1015625
19789.408203125
19783.69921875
19778.00390625
19772.3125
19766.62109375
19760.921875
19755.240234375
19749.544921875
19743.87109375
19738.189453125
19732.51953125
19726.84765625
19721.17578125
19715.49609375
19709.8359375
19704.171875
19698.529296875
19692.86328125
19687.21484375
19681.578125
19675.92578125
19670.29296875
19664.650390625
19659.015625
19653.380859375
19647.74609375
19642.126953125
19636.48828125
19630.86328125
19625.23046875
19619.62109375
19614.0
19608.37890625
19602.76171875
19597.1328125
19591.525390625
19585.904296875
19580.287109375
19574.658203125
19569.04296875
19563.419921875
19557.7734375
19552.138671875
19546.51171875
19540.87109375
19535.228515625
19529.57421875
19523.927734375
19518.275390625
19512.6171875
19506.947265625
19501.291015625
19495.619140625
19489.93359375
19484.25
19478.580078125
19472.89453125
19467.203125
19461.51953125
19455.84765625
19450.171875
19444.48828125
19438.8203125
19433.15625
19427.513671875
19421.8671875
19416.2578125
19410.6484375
19405.0625
19399.4765625
19393.90625
19388.328125
19382.763671875
19377.19921875
19371.64453125
19366.0859375
19360.52734375
19354.962890625
19349.40234375
19343.828125
19338.265625
19332.697265625
19327.11328125
19321.5546875
19315.9921875
19310.42578125
19304.865234375
19299.328125
19293.77734375
19288.21875
19282.65625
19277.1171875
19271.5703125
19266.00390625
19260.4609375
19254.91015625
19249.37109375
19243.828125
19238.26953125
19232.724609375
19227.18359375
19221.63671875
19216.087890625
19210.55078125
19205.005859375
19199.46484375
19193.91796875
19188.3828125
19182.83984375
19177.306640625
19171.76171875
19166.23046875
19160.7109375
19155.17578125
19149.646484375
19144.11328125
19138.59765625
19133.072265625
19127.5546875
19122.0390625
19116.517578125
19111.025390625
19105.501953125
19100.013671875
19094.51953125
19089.015625
19083.52734375
19078.0546875
19072.583984375
19067.103515625
19061.625
19056.18359375
19050.71875
19045.265625
19039.81640625
19034.376953125
19028.955078125
19023.521484375
19018.09765625
19012.6875
19007.28515625
19001.87109375
18996.48046875
18991.083984375
18985.685546875
18980.3203125
18974.9375
18969.578125
18964.205078125
18958.845703125
18953.484375
18948.13671875
18942.779296875
18937.4453125
18932.109375
18926.76953125
18921.45703125
18916.125
18910.802734375
18905.482421875
18900.171875
18894.859375
18889.55859375
18884.25390625
18878.9609375
18873.66015625
18868.3671875
18863.083984375
18857.8125
18852.53515625
18847.263671875
18841.99609375
18836.7265625
18831.47265625
18826.203125
18820.951171875
18815.69921875
18810.443359375
18805.1953125
18799.958984375
18794.7109375
18789.46484375
18784.24609375
18779.01953125
18773.7890625
18768.5703125
18763.3359375
18758.123046875
18752.908203125
18747.6953125
18742.486328125
18737.271484375
18732.06640625
18726.880859375
18721.67578125
18716.484375
18711.271484375
18706.087890625
18700.904296875
18695.71484375
18690.5234375
18685.34375
18680.16796875
18675.00390625
18669.8125
18664.65234375
18659.4765625
18654.31640625
18649.14453125
18643.984375
18638.82421875
18633.671875
18628.515625
18623.37109375
18618.23046875
18613.078125
18607.9375
18602.7890625
18597.658203125
18592.53125
18587.390625
18582.265625
18577.146484375
18572.01953125
18566.90234375
18561.783203125
18556.66796875
18551.5546875
18546.435546875
18541.333984375
18536.2265625
18531.1171875
18526.0234375
18520.92578125
18515.826171875
18510.728515625
18505.642578125
18500.537109375
18495.458984375
18490.369140625
18485.28125
18480.19140625
18475.125
18470.0390625
18464.970703125
18459.89453125
18454.83203125
18449.7578125
18444.69921875
18439.63671875
18434.576171875
18429.517578125
18424.4609375
18419.3984375
18414.361328125
18409.31640625
18404.26953125
18399.22265625
18394.1875
18389.158203125
18384.125
18379.087890625
18374.064453125
18369.025390625
18364.0078125
18358.982421875
18353.970703125
18348.953125
18343.947265625
18338.9375
18333.9140625
18328.90234375
18323.88671875
18318.8828125
18313.88671875
18308.875
18303.888671875
18298.89453125
18293.91796875
18288.951171875
18284.04296875
18279.23046875
18274.603515625
18270.375
18266.66015625
18264.0546875
18260.12890625
18254.75390625
18245.33203125
18239.80078125
18237.4921875
18231.369140625
18224.630859375
18220.73046875
18215.73828125
18209.84375
18205.3203125
18200.212890625
18194.8359375
18190.244140625
18185.0
18179.83984375
18175.287109375
18170.0
18164.96484375
18160.376953125
18155.11328125
18150.2109375
18145.58203125
18140.4453125
18135.70703125
18131.033203125
18126.048828125
18121.2578125
18116.30078125
18111.0859375
18106.03125
18100.953125
18096.0
18091.26171875
18086.41015625
18081.578125
18076.6875
18071.63671875
18066.68359375
18061.798828125
18056.9140625
18052.12890625
18047.3125
18042.40625
18037.5625
18032.76953125
18028.060546875
18023.578125
18019.17578125
18014.7890625
18010.03125
18005.134765625
18000.619140625
17997.123046875
17994.3359375
17991.1953125
17986.33984375
17979.62109375
17972.384765625
17966.26953125
17961.259765625
17956.77734375
17952.330078125
17947.734375
17942.69140625
17937.08984375
17931.7421875
17927.0078125
17922.669921875
17917.83203125
17912.41796875
17907.1640625
17902.484375
17898.013671875
17893.216796875
17888.17578125
17883.17578125
17878.349609375
17873.47265625
17868.54296875
17863.6875
17858.8984375
17854.09375
17849.15234375
17844.201171875
17839.375
17834.619140625
17829.79296875
17824.890625
17819.94140625
17815.08203125
17810.22265625
17805.361328125
17800.48828125
17795.609375
17790.73046875
17785.84375
17780.94921875
17776.05859375
17771.22265625
17766.3828125
17761.521484375
17756.64453125
17751.78125
17746.9375
17742.099609375
17737.275390625
17732.42578125
17727.64453125
17722.8671875
17718.19140625
17713.49609375
17709.09765625
17704.52734375
17700.39453125
17696.0546875
17691.88671875
17687.513671875
17682.578125
17677.134765625
17671.58984375
17666.90625
17663.533203125
17660.05859375
17656.3125
17649.490234375
17641.51171875
17634.5390625
17629.63671875
17625.73828125
17621.314453125
17616.41796875
17611.802734375
17607.62890625
17603.46484375
17600.16015625
17596.423828125
17592.46875
17588.0859375
17582.98828125
17578.22265625
17573.6328125
17570.3359375
17565.619140625
17560.78515625
17555.15625
17550.3828125
17546.52734375
17542.56640625
17539.064453125
17534.609375
17531.00390625
17525.712890625
17521.595703125
17514.98828125
17508.896484375
17502.18359375
17496.228515625
17490.955078125
17486.3828125
17482.3828125
17478.1796875
17474.5078125
17469.546875
17464.87109375
17460.419921875
17455.884765625
17451.5703125
17446.857421875
17442.505859375
17437.8828125
17433.453125
17428.375
17423.390625
17418.439453125
17413.880859375
17409.4609375
17404.9921875
17400.16015625
17394.970703125
17389.8125
17384.93359375
17380.51171875
17376.361328125
17372.275390625
17368.107421875
17363.73046875
17359.287109375
17354.76953125
17350.236328125
17345.56640625
17340.765625
17335.939453125
17331.1953125
17326.7734375
17322.611328125
17318.671875
17314.728515625
17310.80078125
17306.841796875
17302.8046875
17298.537109375
17293.19140625
17286.84375
17279.658203125
17273.421875
17268.703125
17265.416015625
17261.953125
17257.49609375
17251.646484375
17245.4921875
17239.83984375
17235.34375
17231.28125
17227.109375
17222.234375
17217.1015625
17212.052734375
17207.529296875
17203.19140625
17198.9296875
17194.46484375
17190.16015625
17186.109375
17182.5
17178.7734375
17174.7109375
17169.65234375
17164.037109375
17157.984375
17152.390625
17147.150390625
17142.67578125
17138.3359375
17134.3046875
17130.11328125
17125.84765625
17121.30859375
17116.6484375
17111.888671875
17107.3359375
17102.80078125
17098.61328125
17094.1171875
17089.802734375
17084.90234375
17080.1015625
17074.837890625
17069.71875
17064.46484375
17059.4765625
17054.650390625
17050.1484375
17045.8203125
17041.6640625
17037.564453125
17033.47265625
17029.3359375
17025.1171875
17020.8359375
17016.595703125
17012.38671875
17008.35546875
17004.234375
16999.986328125
16995.19921875
16990.12890625
16984.576171875
16979.47265625
16974.39453125
16970.083984375
16965.62890625
16961.1484375
16956.453125
16951.4765625
16946.712890625
16941.94921875
16937.775390625
16933.748046875
16930.0390625
16926.21875
16922.4609375
16918.54296875
16914.6015625
16910.615234375
16906.61328125
16902.794921875
16899.015625
16895.326171875
16891.541015625
16887.60546875
16883.703125
16879.53515625
16875.115234375
16870.02734375
16864.6015625
16858.9140625
16853.6640625
16848.962890625
16844.921875
16841.19140625
16837.7578125
16834.14453125
16830.529296875
16826.13671875
16821.2734375
16815.55078125
16809.98046875
16804.7265625
16800.279296875
16795.986328125
16791.5390625
16786.388671875
16780.56640625
16774.66015625
16769.19921875
16764.56640625
16760.4453125
16756.53515625
16752.3203125
16747.9921875
16743.3828125
16738.96484375
16734.482421875
16730.1015625
16725.54296875
16720.98046875
16716.3671875
16712.02734375
16707.875
16703.9765625
16700.015625
16695.841796875
16691.34375
16686.578125
16681.7734375
16677.09765625
16672.673828125
16668.41015625
16664.1796875
16659.8359375
16655.3671875
16650.841796875
16646.5078125
16642.31640625
16638.470703125
16634.5078125
16630.810546875
16626.65234375
16622.943359375
16618.736328125
16615.12109375
16610.767578125
16606.53125
16601.48046875
16596.57421875
16591.833984375
16587.94921875
16584.61328125
16581.599609375
16578.259765625
16574.423828125
16569.74609375
16565.07421875
16560.0
16555.3828125
16550.283203125
16545.30078125
16539.8203125
16534.71875
16529.77734375
16525.21875
16520.486328125
16515.31640625
16509.78515625
16504.12890625
16498.90625
16494.23046875
16490.08984375
16486.203125
16482.400390625
16478.625
16474.84765625
16471.05859375
16466.99609375
16462.6484375
16457.9140625
16453.1328125
16448.51953125
16444.2109375
16440.16796875
16436.16015625
16432.052734375
16427.71875
16423.18359375
16418.412109375
16413.6328125
16408.76171875
16404.16796875
16399.59375
16395.25390625
16390.744140625
16386.203125
16381.400390625
16376.65625
16371.9892578125
16367.736328125
16363.8212890625
16360.201171875
16356.5830078125
16352.537109375
16347.9306640625
16342.505859375
16336.759765625
16330.9375
16325.59765625
16320.8603515625
16316.6591796875
16312.82421875
16309.138671875
16305.5693359375
16301.97265625
16298.2587890625
16293.9375
16288.9853515625
16283.279296875
16277.6328125
16272.498046875
16268.111328125
16264.4384765625
16260.806640625
16257.48828125
16254.126953125
16251.1015625
16247.97265625
16244.216796875
16239.353515625
16233.3125
16226.8896484375
16220.470703125
16214.78515625
16209.5400390625
16204.794921875
16200.09375
16195.298828125
16190.345703125
16185.4453125
16180.71484375
16176.287109375
16171.9033203125
16167.4619140625
16162.7431640625
16157.73046875
16152.6962890625
16147.7666015625
16143.138671875
16138.724609375
16134.390625
16130.10546875
16125.8544921875
16121.716796875
16117.76171875
16113.79296875
16109.908203125
16105.90625
16102.0078125
16098.15625
16094.515625
16091.083984375
16087.8291015625
16084.9052734375
16081.9306640625
16079.359375
16076.232421875
16073.345703125
16069.412109375
16065.3134765625
16060.1103515625
16054.4921875
16048.2109375
16041.912109375
16035.875
16030.7978515625
16026.646484375
16023.119140625
16019.8310546875
16015.892578125
16011.5263671875
16006.5498046875
16001.5927734375
15996.912109375
15992.9833984375
15989.326171875
15985.9609375
15981.73828125
15977.2685546875
15971.974609375
15966.810546875
15961.51953125
15956.447265625
15951.390625
15946.3994140625
15941.607421875
15937.2001953125
15933.2412109375
15929.603515625
15926.015625
15922.384765625
15918.2197265625
15913.66015625
15907.3291015625
15899.6943359375
15890.62890625
15882.1279296875
15874.859375
15868.8388671875
15863.2265625
15857.36328125
15851.5126953125
15846.3564453125
15842.271484375
15838.7333984375
15834.818359375
15829.9541015625
15824.693359375
15819.5
15815.25390625
15810.943359375
15806.7626953125
15801.689453125
15796.662109375
15791.6826171875
15787.30859375
15783.126953125
15779.037109375
15774.7421875
15770.5546875
15766.412109375
15762.70703125
15759.078125
15755.9189453125
15752.8984375
15750.603515625
15748.482421875
15746.8984375
15745.013671875
15743.08984375
15740.412109375
15737.47265625
15733.830078125
15730.6748046875
15727.052734375
15723.4814453125
15718.4404296875
15712.5966796875
15706.0791015625
15699.5302734375
15693.40234375
15687.76171875
15682.826171875
15677.37890625
15671.76171875
15665.9765625
15660.6572265625
15656.158203125
15652.29296875
15648.970703125
15645.15234375
15640.96875
15636.0986328125
15630.927734375
15625.943359375
15621.2138671875
15617.0849609375
15613.244140625
15609.654296875
15605.9462890625
15602.0498046875
15598.005859375
15593.724609375
15589.39453125
15585.2470703125
15581.4248046875
15578.3310546875
15575.6748046875
15573.587890625
15571.263671875
15568.9462890625
15565.6171875
15561.880859375
15557.0546875
15552.29296875
15547.6201171875
15543.712890625
15540.134765625
15536.541015625
15532.8505859375
15529.208984375
15525.8720703125
15522.8798828125
15519.9501953125
15516.9462890625
15513.56640625
15509.8017578125
15505.6708984375
15501.28125
15496.9140625
15492.859375
15488.900390625
15484.8212890625
15480.4677734375
15476.0556640625
15471.7060546875
15467.486328125
15463.259765625
