9130.8681640625
9128.3203125
9126.181640625
9124.375
9122.83203125
9121.4677734375
9120.2392578125
9119.1005859375
9118.037109375
9117.03515625
9116.0830078125
9115.177734375
9114.3125
9113.4892578125
9112.703125
9111.955078125
9111.244140625
9110.5634765625
9109.908203125
9109.279296875
9108.6689453125
9108.078125
9107.5048828125
9106.951171875
9106.4091796875
9105.8837890625
9105.37109375
9104.873046875
9104.390625
9103.9189453125
9103.4560546875
9103.0087890625
9102.5703125
9102.138671875
9101.720703125
9101.3115234375
9100.91015625
9100.513671875
9100.126953125
9099.7490234375
9099.376953125
9099.01171875
9098.65234375
9098.30078125
9097.955078125
9097.615234375
9097.279296875
9096.9521484375
9096.6298828125
9096.310546875
9095.99609375
9095.6865234375
9095.384765625
9095.083984375
9094.7890625
9094.4970703125
9094.2109375
9093.92578125
9093.6484375
9093.3740234375
9093.1015625
9092.8330078125
9092.56640625
9092.306640625
9092.048828125
9091.79296875
9091.54296875
9091.2939453125
9091.048828125
9090.80859375
9090.5693359375
9090.3330078125
9090.099609375
9089.8671875
9089.6396484375
9089.4140625
9089.1904296875
9088.970703125
9088.75
9088.5361328125
9088.3212890625
9088.109375
9087.900390625
9087.6923828125
9087.48828125
9087.28515625
9087.083984375
9086.884765625
9086.6904296875
9086.4921875
9086.30078125
9086.109375
9085.921875
9085.732421875
9085.548828125
9085.3642578125
9085.18359375
9085.0009765625
9084.822265625
9084.642578125
9084.466796875
9084.291015625
9084.1171875
9083.9453125
9083.775390625
9083.6044921875
9083.4365234375
9083.267578125
9083.1015625
9082.9375
9082.7734375
9082.609375
9082.44921875
9082.2880859375
9082.12890625
9081.9697265625
9081.8125
9081.65625
9081.4990234375
9081.345703125
9081.1923828125
9081.041015625
9080.8857421875
9080.7333984375
9080.5830078125
9080.431640625
9080.28125
9080.1328125
9079.984375
9079.837890625
9079.6904296875
9079.54296875
9079.3984375
9079.2490234375
9079.107421875
9078.9609375
9078.8203125
9078.677734375
9078.5341796875
9078.3916015625
9078.2490234375
9078.1064453125
9077.966796875
9077.8251953125
9077.685546875
9077.546875
9077.4052734375
9077.265625
9077.126953125
9076.990234375
9076.8515625
9076.7138671875
9076.576171875
9076.439453125
9076.302734375
9076.166015625
9076.03125
9075.8935546875
9075.7568359375
9075.6220703125
9075.4873046875
9075.3544921875
9075.220703125
9075.0869140625
9074.955078125
9074.822265625
9074.689453125
9074.5546875
9074.421875
9074.2890625
9074.158203125
9074.025390625
9073.892578125
9073.759765625
9073.6279296875
9073.498046875
9073.3671875
9073.236328125
9073.1044921875
9072.974609375
9072.8447265625
9072.7138671875
9072.583984375
9072.455078125
9072.3271484375
9072.1953125
9072.0673828125
9071.9375
9071.8115234375
9071.6806640625
9071.5556640625
9071.4296875
9071.30078125
9071.1748046875
9071.046875
9070.9208984375
9070.794921875
9070.669921875
9070.54296875
9070.416015625
19900206678016.0
398359.875
229683.71875
732899776.0
4160522.0
2649854720.0
41206888.0
4639027200.0
2297335808.0
1214766.125
409377.1875
193195.5625
120830.6015625
97445.4453125
116661.796875
236478.875
345156.9375
362326.78125
513879.0
385224.15625
181832.578125
101609.484375
74387.875
63945.32421875
59293.83984375
57073.8984375
55479.9375
54591.015625
54011.1015625
53610.953125
53303.6875
53037.5546875
52814.39453125
52614.0
52429.75390625
52252.98828125
52054.1640625
51845.7578125
51620.7890625
51382.98046875
51140.2421875
50888.13671875
50618.578125
50329.8671875
50026.671875
49717.796875
49399.390625
49067.0234375
48725.8125
48381.546875
48039.2265625
47697.85546875
47355.0234375
47011.1953125
46664.72265625
46315.359375
45964.1484375
45613.10546875
45266.90625
44925.1796875
44586.9609375
44251.9140625
43920.546875
43593.625
43271.734375
42955.0546875
42642.94921875
42336.234375
42035.9921875
41741.46875
41452.02734375
41168.0625
40889.4453125
40615.15625
40346.1875
40082.3203125
39823.93359375
39570.27734375
39321.32421875
39076.625
38837.328125
38602.17578125
38370.46875
38142.40625
37919.28515625
37701.44921875
37488.71875
37280.90625
37076.9765625
36877.28515625
36682.90234375
36493.9609375
36309.984375
36130.28125
35954.4921875
35782.99609375
35615.546875
35451.9375
35291.95703125
35135.75390625
34983.296875
34834.33984375
34688.3828125
34545.34765625
34405.6640625
34268.8046875
34134.45703125
34002.57421875
33873.0546875
33746.03515625
33620.9765625
33498.08984375
33377.1328125
33257.99609375
33140.9140625
33025.70703125
32912.921875
32802.75390625
32695.26171875
32590.01953125
32486.6484375
32385.1015625
32285.2578125
32187.41796875
32091.21484375
31996.70703125
31904.10546875
31813.25
31723.99609375
31636.44921875
31550.5078125
31465.9765625
31382.771484375
31300.876953125
31220.26171875
31140.8359375
31062.62109375
30985.55078125
30909.8125
30835.501953125
30762.72265625
30690.2421875
30616.78125
30545.46484375
30477.134765625
30409.73046875
30346.033203125
30284.90234375
30211.8671875
30137.15625
30078.08984375
30014.380859375
29943.529296875
29884.234375
29821.583984375
29755.2578125
29697.46875
29634.681640625
29572.9765625
29515.951171875
29454.44140625
29397.064453125
29340.353515625
29281.662109375
29227.0625
29170.890625
29115.4375
29062.32421875
29007.41796875
28954.640625
28902.412109375
28849.435546875
28798.509765625
28747.2734375
28696.271484375
28646.658203125
28596.630859375
28547.3359375
28498.73828125
28449.87890625
28401.771484375
28354.1484375
28306.3359375
28259.166015625
28212.1015625
28164.91796875
28118.1640625
28071.4765625
28024.62890625
27978.28125
27932.2734375
27886.5859375
27841.7109375
27797.802734375
27754.796875
27712.8359375
27671.861328125
27631.53515625
27591.65625
27552.31640625
27513.357421875
27476.3515625
27438.0546875
27400.044921875
27357.734375
27322.99609375
27289.103515625
27245.310546875
27214.76171875
27179.84765625
27138.52734375
27107.96875
27062.744140625
27028.111328125
26989.490234375
26956.02734375
26920.4296875
26882.44140625
26847.146484375
26810.89453125
26778.0859375
26741.701171875
26707.384765625
26672.1875
26639.734375
26605.80078125
26571.94140625
26537.79296875
26505.103515625
26472.68359375
26439.033203125
26405.736328125
26372.625
26340.66796875
26308.810546875
26278.91015625
26252.02734375
26219.818359375
26178.1640625
26135.30078125
26107.8203125
26081.20703125
26041.671875
26010.32421875
25987.013671875
25953.640625
25924.57421875
25897.875
25866.640625
25837.890625
25814.4609375
25799.09765625
25760.693359375
25735.66796875
25704.7578125
25674.859375
25646.767578125
25624.58203125
25591.07421875
25567.54296875
25549.5
25516.75390625
25492.599609375
25463.32421875
25439.564453125
25411.25
25387.56640625
25361.162109375
25335.935546875
25311.365234375
25285.109375
25262.67578125
25236.31640625
25211.578125
25188.671875
25163.673828125
25140.1015625
25116.001953125
25091.669921875
25068.962890625
25045.09375
25021.36328125
24998.7890625
24975.37890625
24952.712890625
24929.98828125
24906.703125
24884.599609375
24861.78125
24839.435546875
24817.271484375
24794.94140625
24772.951171875
24751.095703125
24729.0234375
24707.359375
24685.7265625
24664.087890625
24642.658203125
24621.07421875
24599.8671875
24578.69140625
24557.486328125
24536.35546875
24515.2578125
24494.314453125
24473.630859375
24452.947265625
24432.341796875
24411.876953125
24391.73828125
24371.890625
24352.3671875
24332.91796875
24313.248046875
24293.013671875
24272.54296875
24252.689453125
24233.658203125
24215.03515625
24196.08984375
24176.978515625
24158.24609375
24140.341796875
24122.712890625
24105.03125
24085.98828125
24065.990234375
24046.2890625
24028.42578125
24011.345703125
23993.41796875
23974.310546875
23954.97265625
23936.962890625
23920.23046875
23903.46875
23885.77734375
23867.375
23849.552734375
23832.625
23815.85546875
23798.55078125
23780.56640625
23762.55859375
23745.146484375
23728.2890625
23711.69921875
23695.1640625
23678.716796875
23662.1484375
23645.609375
23629.09375
23612.71484375
23595.9765625
23579.072265625
23562.115234375
23545.525390625
23529.55859375
23514.23828125
23499.509765625
23485.52734375
23472.57421875
23461.142578125
23449.388671875
23434.9140625
23417.345703125
23397.37890625
23379.626953125
23362.306640625
23347.599609375
23332.30859375
23315.0625
23299.35546875
23285.50390625
23271.5390625
23255.599609375
23239.04296875
23223.41796875
23208.240234375
23193.23828125
23179.64453125
23166.138671875
23151.40234375
23136.83203125
23123.486328125
23110.07421875
23094.640625
23077.81640625
23061.9453125
23047.77734375
23034.80859375
23021.66015625
23007.06640625
22991.513671875
22977.05859375
22964.43359375
22951.841796875
22937.734375
22923.037109375
22909.45703125
22896.91796875
22884.34375
22871.2578125
22858.162109375
22845.091796875
22831.7734375
22817.880859375
22803.7734375
22790.12890625
22777.359375
22765.359375
22753.6640625
22741.82421875
22729.71875
22716.82421875
22703.244140625
22689.056640625
22675.22265625
22662.44921875
22650.630859375
22638.81640625
22626.06640625
22612.51171875
22599.1484375
22586.830078125
22575.44140625
22564.052734375
22552.041015625
22539.03515625
22525.923828125
22513.544921875
22502.259765625
22491.064453125
22478.65625
22465.060546875
22451.833984375
22440.884765625
22431.43359375
22423.58203125
22411.60546875
22397.05078125
22382.49609375
22372.908203125
22359.55078125
22347.546875
22337.875
22325.181640625
22316.8203125
22305.03125
22293.640625
22285.931640625
22277.931640625
22272.8828125
22260.453125
22243.818359375
22225.373046875
22215.09765625
22209.546875
22195.375
22177.962890625
22166.603515625
22159.6015625
22149.78515625
22135.88671875
22124.07421875
22113.736328125
22102.1796875
22090.220703125
22079.134765625
22067.84765625
22056.2578125
22045.4609375
22035.3046875
22025.55078125
22015.6640625
22004.474609375
21992.619140625
21981.99609375
21971.904296875
21961.0
21950.25
21940.21875
21929.98828125
21919.015625
21907.90234375
21897.5859375
21887.619140625
21877.3046875
21867.087890625
21856.90234375
21846.69140625
21836.80078125
21826.775390625
21816.4296875
21806.42578125
21796.720703125
21786.9296875
21777.1796875
21767.669921875
21758.412109375
21749.6953125
21741.76953125
21734.732421875
21727.859375
21719.328125
21707.80859375
21695.046875
21684.7578125
21677.39453125
21670.1171875
21659.95703125
21648.287109375
21638.36328125
21631.46484375
21625.23046875
21617.5
21609.79296875
21603.96484375
21597.576171875
21585.28125
21567.40234375
21553.392578125
21545.892578125
21538.427734375
21526.25390625
21513.775390625
21505.833984375
21498.060546875
21486.201171875
21473.82421875
21465.693359375
21459.1953125
21449.89453125
21439.056640625
21430.326171875
21422.94921875
21414.87890625
21405.89453125
21399.296875
21393.591796875
21387.1171875
21373.7734375
21354.578125
21340.30859375
21335.240234375
21330.15625
21317.009765625
21301.16796875
21290.99609375
21283.01171875
21271.328125
21258.521484375
21251.58203125
21243.37109375
21228.607421875
21212.359375
21203.693359375
21197.396484375
21188.0078125
21178.21875
21170.2734375
21163.015625
21157.05078125
21154.00390625
21151.23828125
21137.935546875
21122.40234375
21107.11328125
21100.06640625
21097.15234375
21092.1640625
21083.1171875
21068.65234375
21061.466796875
21060.62890625
21051.8203125
21038.533203125
21028.482421875
21021.849609375
21016.4296875
21006.763671875
20999.703125
20994.107421875
20984.7890625
20977.8203125
20971.71875
20963.9765625
20955.4453125
20947.71484375
20942.087890625
20935.23046875
20927.12109375
20917.255859375
20909.94140625
20902.55078125
20895.6328125
20890.412109375
20881.931640625
20874.21875
20868.302734375
20858.8359375
20848.49609375
20839.435546875
20833.251953125
20828.20703125
20820.91015625
20814.08203125
20806.9375
20799.78515625
20792.5703125
20783.4765625
20775.60546875
20768.17578125
20761.109375
20754.828125
20748.125
20741.818359375
20735.259765625
20728.6328125
20721.740234375
20715.00390625
20708.4140625
20701.76171875
20694.16796875
20686.453125
20678.515625
20670.890625
20663.537109375
20656.640625
20650.19140625
20643.833984375
20637.4296875
20630.904296875
20624.55859375
20618.259765625
20612.08984375
20605.2578125
20597.66015625
20589.85546875
20581.69140625
20574.287109375
20566.333984375
20558.017578125
20548.744140625
20539.109375
20529.40234375
20520.296875
20512.119140625
20505.015625
20498.958984375
20493.486328125
20489.017578125
20482.626953125
20474.576171875
20463.76171875
20453.728515625
20446.12890625
20440.24609375
20434.52734375
20427.5859375
20420.50390625
20412.26953125
20404.2421875
20397.419921875
20390.3984375
20382.705078125
20375.58203125
20368.38671875
20361.833984375
20355.228515625
20348.5
20342.05078125
20335.5703125
20329.8203125
20323.8828125
20318.607421875
20314.24609375
20310.3984375
20306.70703125
20301.46484375
20294.998046875
20287.27734375
20278.986328125
20271.10546875
20264.0859375
20259.1328125
20255.580078125
20252.205078125
20247.212890625
20239.384765625
20229.421875
20218.810546875
20209.87109375
20203.611328125
20199.1484375
20194.94140625
20189.7578125
20183.677734375
20177.291015625
20170.55859375
20163.662109375
20157.52734375
20153.3125
20149.587890625
20144.54296875
20137.53515625
20130.59375
20124.15234375
20117.9921875
20111.50390625
20106.04296875
20102.06640625
20098.931640625
20095.33203125
20091.111328125
20086.451171875
20080.0390625
20070.7578125
20060.173828125
20052.220703125
20048.02734375
20044.20703125
20037.63671875
20028.79296875
20021.64453125
20017.87109375
20014.935546875
20009.6796875
20002.189453125
19995.072265625
19989.53125
19984.474609375
19979.19140625
19974.38671875
19971.34375
19968.912109375
19965.564453125
19960.65234375
19955.5
19950.912109375
19946.58984375
19942.005859375
19937.37109375
19934.19921875
19932.880859375
19929.2109375
19916.85546875
19905.33984375
19905.171875
19906.20703125
19897.431640625
19886.587890625
19881.42578125
19875.26953125
19865.771484375
19860.791015625
19857.953125
19850.998046875
19844.935546875
19841.57421875
19836.21875
19830.4609375
19826.88671875
19822.37890625
19816.455078125
19811.9453125
19807.82421875
19803.484375
19799.419921875
19796.03125
19791.333984375
19786.728515625
19782.759765625
19778.9921875
19775.07421875
19771.73828125
19767.98828125
19764.01171875
19759.779296875
19755.90234375
19751.77734375
19747.369140625
19742.265625
19736.744140625
19730.39453125
19724.62890625
19719.25390625
19714.51953125
19710.30078125
19706.9453125
19704.0
19701.7421875
19700.015625
19698.0078125
19695.060546875
19690.23828125
19683.59765625
19676.04296875
19668.66015625
19663.279296875
19659.640625
19657.38671875
19655.0
19652.125
19648.6875
19645.2109375
19641.740234375
19637.3828125
19631.73828125
19624.900390625
19618.296875
19612.865234375
19608.58984375
19604.861328125
19600.50390625
19595.62890625
19590.375
19585.666015625
19581.6484375
19577.98828125
19574.22265625
19570.0859375
19565.97265625
19562.05078125
19558.775390625
19554.98046875
19550.244140625
19544.20703125
19537.6328125
19531.365234375
19525.849609375
19521.609375
19518.765625
19517.72265625
19516.5625
19515.279296875
19510.8359375
19504.763671875
19500.40625
19498.046875
19495.1796875
19490.912109375
19484.33203125
19478.00390625
19473.44921875
19471.21875
19468.546875
19464.625
19458.673828125
19452.642578125
19448.083984375
19445.16796875
19443.111328125
19440.232421875
19437.603515625
19436.078125
19436.10546875
19438.638671875
19449.80078125
19473.76953125
19478.27734375
19433.01171875
19442.849609375
19442.32421875
19419.5859375
19425.125
19413.4140625
19403.06640625
19401.92578125
19390.744140625
19388.73828125
19384.42578125
19379.03125
19380.083984375
19372.060546875
19370.89453125
19361.30859375
19357.49609375
19350.66796875
19345.7421875
19342.302734375
19337.3515625
19334.515625
19330.12109375
19326.140625
19320.21484375
19314.78125
19310.533203125
19308.244140625
19306.888671875
19305.48046875
19302.8359375
19299.82421875
19295.5
19289.51953125
19283.44140625
19277.873046875
19274.583984375
19272.19921875
19269.939453125
19266.65625
19262.013671875
19257.16015625
19253.01953125
19250.33203125
19248.3515625
19246.2890625
19244.287109375
19242.216796875
19240.01171875
19238.107421875
19236.927734375
19236.447265625
19236.328125
19235.62890625
19234.1796875
19230.609375
19224.7578125
19217.26953125
19210.037109375
19204.912109375
19202.822265625
19202.720703125
19203.00390625
19201.75
19198.455078125
19193.59375
19188.64453125
19184.431640625
19180.94140625
19177.79296875
19174.724609375
19171.9140625
19169.40234375
19167.00390625
19164.099609375
19160.08984375
19155.00390625
19149.43359375
19144.76953125
19142.265625
19142.291015625
19143.201171875
19141.3359375
19136.232421875
19129.6328125
19124.548828125
19120.02734375
19115.10546875
19109.859375
19105.0546875
19102.185546875
19099.625
19096.037109375
19092.39453125
19089.8046875
19086.921875
19084.56640625
19083.33203125
19082.267578125
19079.61328125
19076.32421875
19071.828125
19066.89453125
19062.353515625
19059.626953125
19057.6328125
19056.671875
19055.939453125
19055.06640625
19053.712890625
19052.388671875
19051.515625
19050.98046875
19051.23828125
19051.791015625
19051.125
19046.87890625
19039.4375
19033.052734375
19030.30078125
19029.28125
19028.5078125
19025.953125
19020.916015625
19014.734375
19009.5
19004.50390625
19000.515625
18996.67578125
18993.197265625
18989.314453125
18984.7578125
18980.484375
18978.125
18976.861328125
18975.40625
18974.125
18972.876953125
18970.82421875
18953.19921875
18955.951171875
18957.669921875
18945.265625
18951.720703125
18945.396484375
18941.0625
18944.001953125
18936.5625
18936.78515625
18935.244140625
18930.46875
18930.978515625
18927.494140625
18925.20703125
18924.265625
18921.076171875
18919.607421875
18917.68359375
18915.291015625
18913.64453125
18911.595703125
18909.525390625
18907.70703125
18905.76171875
18903.720703125
18901.9140625
18899.982421875
18897.99609375
18896.203125
18894.23828125
18892.29296875
18890.525390625
18888.53125
18886.66796875
18884.84765625
18882.859375
18881.056640625
18879.15625
18877.234375
18875.41796875
18873.48828125
18871.6171875
18869.76953125
18867.8671875
18866.001953125
18864.12890625
18862.251953125
18860.396484375
18858.517578125
18856.65234375
18854.796875
18852.921875
18851.0625
18849.201171875
18847.361328125
18845.494140625
18843.65234375
18841.82421875
18839.96875
18838.138671875
18836.302734375
18834.4609375
18832.650390625
18830.8046875
18828.98828125
18827.16015625
18825.33203125
18823.50390625
18821.685546875
18819.85546875
18818.04296875
18816.216796875
18814.3984375
18812.572265625
18810.75390625
18808.9375
18807.10546875
18805.28515625
18803.455078125
18801.6328125
18799.8203125
18797.98828125
18796.16015625
18794.3359375
18792.505859375
18790.66796875
18788.83984375
18787.0
18785.1640625
18783.326171875
18781.48046875
18779.640625
18777.775390625
18775.91796875
18774.068359375
18772.208984375
18770.369140625
18768.515625
18766.66015625
18764.787109375
18762.94140625
18761.08203125
18759.22265625
18757.3828125
18755.537109375
18753.70703125
18751.8671875
18750.046875
18748.21484375
18746.388671875
18744.583984375
18742.77734375
18740.994140625
18739.205078125
18737.423828125
18735.6328125
18733.849609375
18732.076171875
18730.3125
18728.548828125
18726.7890625
18725.029296875
18723.28515625
18721.54296875
18719.7890625
18718.048828125
18716.3203125
18714.5859375
18712.86328125
18711.13671875
18709.421875
18707.703125
18705.984375
18704.26953125
18702.548828125
18700.830078125
18699.123046875
18697.41796875
18695.71484375
18694.00390625
18692.287109375
18690.578125
18688.876953125
18687.1640625
18685.478515625
18683.78125
18682.07421875
18680.38671875
18678.6796875
18676.96875
18675.28515625
18673.587890625
18671.90234375
18670.208984375
18668.51953125
18666.8359375
18665.1328125
18663.4375
18661.75390625
18660.078125
18658.390625
18656.703125
18655.01953125
18653.328125
18651.6484375
18649.958984375
18648.28515625
18646.58984375
18644.908203125
18643.20703125
18641.51953125
18639.845703125
18638.15234375
18636.4609375
18634.76953125
18633.087890625
18631.400390625
18629.69921875
18628.01171875
18626.318359375
18624.626953125
18622.923828125
18621.234375
18619.53125
18617.83984375
18616.123046875
18614.41796875
18612.716796875
18610.9921875
18609.28515625
18607.560546875
18605.83984375
18604.12890625
18602.40234375
18600.669921875
18598.927734375
18597.19140625
18595.443359375
18593.701171875
18591.95703125
18590.20703125
18588.4453125
18586.681640625
18584.921875
18583.15234375
18581.3671875
18579.583984375
18577.796875
18576.0078125
18574.216796875
18572.40625
18570.5859375
18568.755859375
18566.921875
18565.0859375
18563.259765625
18561.4140625
18559.5703125
18557.7421875
18555.90234375
18554.0625
18552.240234375
18550.421875
18548.6171875
18546.84375
18545.05078125
18543.26953125
18541.494140625
18539.7265625
18537.947265625
18536.16796875
18534.40234375
18532.646484375
18530.89453125
18529.154296875
18527.40234375
18525.658203125
18523.916015625
18522.185546875
18520.45703125
18518.751953125
18517.033203125
18515.32421875
18513.625
18511.9140625
18510.19921875
18508.509765625
18506.8203125
18505.126953125
18503.44921875
18501.771484375
18500.095703125
18498.412109375
18496.7421875
18495.091796875
18493.4375
18491.7890625
18490.140625
18488.5
18486.861328125
18485.232421875
18483.595703125
18481.9765625
18480.357421875
18478.73828125
18477.1328125
18475.53125
18473.93359375
18472.32421875
18470.724609375
18469.1328125
18467.544921875
18465.96484375
18464.38671875
18462.806640625
18461.263671875
18459.71484375
18458.1953125
18456.73046875
18455.458984375
18454.04296875
18453.4296875
18451.162109375
18449.505859375
18447.44921875
18445.74609375
18444.15625
18442.64453125
18441.232421875
18439.83984375
18438.849609375
18437.29296875
18436.515625
18434.021484375
18432.1328125
18430.439453125
18428.96484375
18427.6875
18426.37109375
18425.53515625
18423.5625
18422.08984375
18420.1015625
18418.4296875
18416.859375
18415.392578125
18414.048828125
18412.6640625
18411.548828125
18409.98046875
18408.861328125
18406.931640625
18405.40234375
18403.845703125
18402.5234375
18401.49609375
18400.57421875
18400.1640625
18399.140625
18398.08203125
18395.482421875
18393.09765625
18390.615234375
18389.375
18388.44921875
18387.267578125
18385.560546875
18383.3203125
18381.46484375
18380.27734375
18379.427734375
18378.51953125
18377.259765625
18375.9609375
18375.30078125
18373.9609375
18372.40234375
18369.44921875
18367.0859375
18365.45703125
18364.515625
18363.390625
18361.6015625
18359.501953125
18357.7578125
18356.51953125
18355.38671875
18353.970703125
18352.2734375
18350.845703125
18349.52734375
18349.037109375
18347.01953125
18345.40625
18343.392578125
18341.8046875
18340.353515625
18338.939453125
18337.46484375
18335.94921875
18334.49609375
18333.107421875
18331.748046875
18330.38671875
18329.06640625
18327.771484375
18327.001953125
18325.595703125
18325.314453125
18322.587890625
18320.673828125
18319.21875
18318.01953125
18317.3359375
18315.931640625
18315.33203125
18312.92578125
18311.20703125
18309.59765625
18308.15234375
18306.70703125
18305.326171875
18304.0234375
18302.78515625
18301.96875
18300.71875
18300.83203125
18297.64453125
18295.6015625
18294.5078125
18294.015625
18296.466796875
18291.25
18296.4296875
18330.623046875
18321.689453125
18324.935546875
18312.49609375
18305.97265625
18295.603515625
18296.25390625
18315.66015625
18312.091796875
18306.337890625
18301.89453125
18284.431640625
18305.73828125
18368.892578125
18355.09375
18363.43359375
18357.30859375
18346.484375
18346.71875
18335.529296875
18325.818359375
18320.705078125
18312.6328125
18310.02734375
18299.63671875
18291.544921875
18283.4140625
18271.115234375
18268.6640625
18268.28515625
18265.9609375
18267.66015625
18266.857421875
18258.16796875
18251.953125
18251.1171875
18246.982421875
18241.822265625
18241.58984375
18239.931640625
18235.87890625
18235.15234375
18233.45703125
18232.19921875
18228.76953125
18225.75390625
18225.08203125
18222.9140625
18220.630859375
18219.46484375
18217.046875
18216.015625
18214.7734375
18212.37109375
18211.208984375
18210.203125
18208.275390625
18207.1171875
18205.470703125
18204.142578125
18202.94140625
18201.5546875
18200.47265625
18199.640625
18199.056640625
18199.23046875
18199.384765625
18200.0
18199.5234375
18197.056640625
18192.65234375
18188.5
18186.248046875
18186.26953125
18186.5703125
18185.142578125
18182.431640625
18179.814453125
18178.623046875
18178.38671875
18177.509765625
18175.7578125
18173.9296875
18172.837890625
18172.068359375
18171.02734375
18169.103515625
18167.21875
18165.693359375
18164.640625
18163.63671875
18162.40234375
18160.94140625
18159.294921875
18157.5703125
18156.02734375
18154.94140625
18154.388671875
18153.94140625
18153.01953125
18151.40625
18149.86328125
18149.8046875
18153.74609375
18160.18359375
18163.68359375
18159.07421875
18159.11328125
18161.455078125
18161.8828125
18158.33203125
18153.169921875
18160.69140625
18159.4296875
18150.41015625
18147.13671875
18146.791015625
18142.90625
18141.12109375
18135.53125
18136.71484375
18137.8515625
18132.5859375
18129.076171875
18128.1953125
18126.14453125
18124.458984375
18121.259765625
18121.099609375
18121.39453125
18118.78125
18117.765625
18117.921875
18117.43359375
18117.24609375
18116.4140625
18117.76171875
18118.568359375
18118.5625
18119.626953125
18120.578125
18120.33984375
18117.779296875
18114.681640625
18112.125
18109.48046875
18107.7734375
18106.94921875
18106.212890625
18105.41015625
18103.58984375
18101.33203125
18099.001953125
18096.6328125
18094.68359375
18093.9140625
18093.421875
18092.78515625
18091.36328125
18089.28125
18087.11328125
18085.296875
18084.12109375
18083.568359375
18082.873046875
18081.81640625
18080.203125
18078.572265625
18077.091796875
18075.875
18074.9453125
18074.1171875
18073.3203125
18072.466796875
18071.681640625
18070.79296875
18069.7265625
18068.212890625
18066.44921875
18064.6484375
18063.265625
18062.482421875
18062.39453125
18062.86328125
18063.734375
18064.7578125
18065.912109375
18066.625
18066.7265625
18065.64453125
18063.59765625
18060.8125
18057.63671875
18054.494140625
18051.76953125
18049.791015625
18048.703125
18048.41796875
18048.681640625
18049.005859375
18048.90234375
18048.0
18046.40625
18044.494140625
18042.720703125
18041.458984375
18040.4765625
18039.576171875
18038.51171875
18037.4140625
18036.5078125
18035.91796875
18035.6015625
18035.251953125
18034.69140625
18033.650390625
18032.095703125
18030.26953125
18028.44140625
18026.943359375
18025.892578125
18025.220703125
18024.814453125
18024.51171875
18024.275390625
18023.859375
18023.16015625
18021.93359375
18020.328125
18018.5859375
18017.228515625
18016.515625
18016.408203125
18016.658203125
18016.90234375
18016.72265625
18015.76171875
18013.7265625
18010.8125
18007.62890625
18004.92578125
18003.3125
18002.609375
18002.4609375
18002.154296875
18001.4453125
18000.201171875
17998.92578125
17997.94140625
17997.5625
17997.640625
17997.91015625
17998.15234375
17998.12890625
17998.021484375
17997.6640625
17997.20703125
17996.328125
17995.265625
17994.26171875
17993.685546875
17993.595703125
17992.9375
17990.990234375
17987.47265625
17984.1484375
17982.572265625
17982.837890625
17983.59765625
17983.43359375
17982.150390625
17980.58203125
17979.697265625
17979.3125
17978.5625
17976.90625
17974.97265625
17973.623046875
17973.25
17973.212890625
17972.994140625
17972.47265625
17972.10546875
17972.080078125
17972.404296875
17972.845703125
17973.5
17974.28125
17974.58203125
17973.73828125
17971.755859375
17969.765625
17969.02734375
17969.3828125
17969.7421875
17968.82421875
17966.501953125
17963.560546875
17961.296875
17960.16015625
17960.03515625
17960.072265625
17959.796875
17958.8515625
17957.369140625
17955.515625
17953.546875
17951.603515625
17949.765625
17948.1796875
17946.6875
17945.30859375
17943.859375
17942.3828125
17941.015625
17939.80859375
17938.7421875
17937.607421875
17936.484375
17935.357421875
17934.47265625
17933.8671875
17933.474609375
17933.046875
17932.431640625
17931.544921875
17930.43359375
17929.08984375
17927.583984375
17925.875
17924.16015625
17922.642578125
17921.5
17920.740234375
17920.21484375
17919.7109375
17919.037109375
17918.142578125
17917.103515625
17916.17578125
17915.56640625
17915.34765625
17915.546875
17915.90625
17916.373046875
17916.59765625
17916.68359375
17916.478515625
17916.451171875
17916.494140625
17917.359375
17917.40234375
17917.21875
17913.81640625
17909.951171875
17907.04296875
17906.908203125
17908.193359375
17908.1953125
17906.5
17903.8046875
17902.78515625
17903.73828125
17905.076171875
17905.107421875
17903.6484375
17901.888671875
17900.41796875
17898.869140625
17897.13671875
17895.736328125
17895.265625
17895.4609375
17895.166015625
17894.02734375
17892.291015625
17890.65234375
17889.3828125
17888.318359375
17887.466796875
17886.880859375
17886.58203125
17886.240234375
17885.501953125
17884.345703125
17882.91796875
17881.41796875
17879.74609375
17877.990234375
17876.220703125
17874.69921875
17873.62109375
17872.947265625
17872.70703125
17872.63671875
17872.64453125
17872.27734375
17871.4453125
17870.0234375
17868.66015625
17867.896484375
17868.1953125
17869.244140625
17870.548828125
17871.19921875
17870.80078125
17869.42578125
17867.63671875
17866.025390625
17864.8359375
17864.00390625
17862.95703125
17861.60546875
17859.70703125
17857.849609375
17856.140625
17854.8359375
17853.734375
17852.73046875
17851.693359375
17850.849609375
17850.19921875
17849.859375
17849.62890625
17849.46875
17849.265625
17848.98828125
17848.546875
17848.076171875
17847.64453125
17847.595703125
17847.80859375
17848.1328125
17848.0
17847.0078125
17845.015625
17842.322265625
17839.609375
17837.556640625
17836.46484375
17836.173828125
17836.17578125
17836.01171875
17835.298828125
17834.08984375
17832.501953125
17830.888671875
17829.462890625
17828.427734375
17827.890625
17827.7734375
17828.060546875
17828.55078125
17829.1640625
17829.6796875
17829.9609375
17829.93359375
17829.552734375
17829.140625
17828.7421875
17828.79296875
17828.755859375
17828.484375
17827.328125
17825.34765625
17822.8828125
17820.486328125
17818.673828125
17817.47265625
17816.779296875
17816.13671875
17815.38671875
17814.291015625
17812.93359375
17811.28125
17809.5
17807.66796875
17805.939453125
17804.423828125
17803.27734375
17802.45703125
17802.0625
17801.8359375
17801.759765625
17801.55859375
17801.40234375
17801.142578125
17801.056640625
17800.857421875
17800.6484375
17800.05078125
17799.15625
17797.9296875
17796.6328125
17795.548828125
17794.794921875
17794.46875
17794.3515625
17794.32421875
17794.125
17793.587890625
17792.5546875
17791.078125
17789.287109375
17787.45703125
17785.798828125
17784.4296875
17783.4140625
17782.65625
17782.13671875
17781.671875
17781.333984375
17780.92578125
17780.60546875
17780.169921875
17779.80078125
17779.318359375
17778.859375
17778.3203125
17777.875
17777.484375
17777.302734375
17777.27734375
17777.5078125
17777.859375
17778.4453125
17779.0859375
17780.025390625
17780.951171875
17781.966796875
17782.78515625
17783.47265625
17783.91796875
17784.0546875
17783.435546875
17781.72265625
17778.763671875
17775.10546875
17771.71484375
17769.35546875
17768.11328125
17767.46484375
17766.7578125
17765.634765625
17764.134765625
17762.75
17761.6875
17760.931640625
17759.94140625
17758.4765625
17756.439453125
17754.365234375
17752.66015625
17751.666015625
17751.1640625
17750.83203125
17750.357421875
17749.58203125
17748.73046875
17747.873046875
17747.29296875
17746.89453125
17746.697265625
17746.4765625
17746.169921875
17745.6640625
17745.0390625
17744.40234375
17743.83984375
17743.419921875
17743.126953125
17742.931640625
17742.796875
17742.73046875
17742.69921875
17742.67578125
17742.583984375
17742.5859375
17742.595703125
17742.775390625
17742.9375
17743.11328125
17743.3671875
17743.943359375
17745.080078125
17746.6484375
17748.1953125
17748.337890625
17746.1953125
17741.3203125
17735.546875
17731.201171875
17729.5859375
17730.12890625
17730.84375
17730.3203125
17728.17578125
17725.6015625
17723.89453125
17723.41796875
17723.49609375
17723.18359375
17722.078125
17720.54296875
