9351.4775390625
9345.9248046875
9341.2041015625
9337.2421875
9333.9453125
9331.197265625
9328.896484375
9326.9482421875
9325.263671875
9323.7724609375
9322.4140625
9321.14453125
9319.93359375
9318.763671875
9317.6220703125
9316.51171875
9315.4384765625
9314.4052734375
9313.4169921875
9312.4814453125
9311.5986328125
9310.7705078125
9309.99609375
9309.26953125
9308.587890625
9307.943359375
9307.3349609375
9306.75390625
9306.1953125
9305.6591796875
9305.142578125
9304.6435546875
9304.166015625
9303.703125
9303.2587890625
9302.830078125
9302.421875
9302.0283203125
9301.65234375
9301.2890625
9300.939453125
9300.6044921875
9300.283203125
9299.9716796875
9299.673828125
9299.3828125
9299.1015625
9298.828125
9298.5625
9298.3056640625
9298.0546875
9297.810546875
9297.572265625
9297.34375
9297.1171875
9296.900390625
9296.6875
9296.4794921875
9296.275390625
9296.076171875
9295.8798828125
9295.6904296875
9295.5
9295.31640625
9295.134765625
9294.955078125
9294.78125
9294.607421875
9294.4375
9294.26953125
9294.1064453125
9293.94140625
9293.783203125
9293.6240234375
9293.46875
9293.3134765625
9293.1611328125
9293.009765625
9292.8662109375
9292.720703125
9292.5771484375
9292.4345703125
9292.2919921875
9292.150390625
9292.0146484375
9291.8759765625
9291.740234375
9291.6044921875
9291.470703125
9291.3388671875
9291.2060546875
9291.07421875
9290.9423828125
9290.8134765625
9290.6865234375
9290.5625
9290.435546875
9290.3095703125
9290.1845703125
9290.0615234375
9289.939453125
9289.81640625
9289.6953125
9289.5732421875
9289.4541015625
9289.3359375
9289.216796875
9289.0966796875
9288.978515625
9288.861328125
9288.744140625
9288.6279296875
9288.51171875
9288.396484375
9288.2822265625
9288.166015625
9288.052734375
9287.9375
9287.82421875
9287.7109375
9287.5966796875
9287.484375
9287.3740234375
9287.26171875
9287.1494140625
9287.0400390625
9286.927734375
9286.818359375
9286.7080078125
9286.599609375
9286.48828125
9286.380859375
9286.2724609375
9286.1630859375
9286.052734375
9285.943359375
9285.8359375
9285.7265625
9285.62109375
9285.5126953125
9285.4052734375
9285.296875
9285.1904296875
9285.083984375
9284.9765625
9284.869140625
9284.763671875
9284.658203125
9284.548828125
9284.4443359375
9284.3388671875
9284.2333984375
9284.1279296875
9284.0234375
9283.91796875
9283.8125
9283.708984375
9283.603515625
9283.501953125
9283.3984375
9283.29296875
9283.189453125
9283.0830078125
9282.9794921875
9282.8779296875
9282.7744140625
9282.6708984375
9282.5693359375
9282.466796875
9282.365234375
9282.2607421875
9282.162109375
9282.0576171875
9281.95703125
9281.8564453125
9281.7548828125
9281.654296875
9281.5546875
9281.455078125
9281.35546875
9281.255859375
9281.15625
9281.0576171875
9280.958984375
9280.8603515625
9280.763671875
9280.666015625
9280.5693359375
9280.4736328125
9280.3779296875
9280.28125
9280.1884765625
9280.091796875
9279.9970703125
9279.9052734375
9279.814453125
9279.7216796875
9279.626953125
9279.53515625
9279.4453125
5767019008.0
86761120.0
415870484480.0
36103096.0
872718.75
274252.96875
600941.0625
1333285.75
3778516.0
5488863.0
1615965.375
1050527.5
1269481.0
1616170.125
2101226.25
2939820.75
4086643.5
5254038.0
6158921.5
6833186.5
7516992.5
7935201.5
7256813.5
5475092.5
3584152.75
2224531.75
1404672.875
937544.4375
669713.5
510532.8125
411620.75
347417.625
304180.78125
274191.65625
252920.53125
237561.125
226338.34375
218046.984375
211853.609375
207183.484375
203636.3125
200918.734375
198815.03125
197165.34375
195854.171875
194794.96875
193930.703125
193205.109375
192574.140625
192004.359375
191471.84375
190963.953125
190468.765625
189977.0
189487.40625
188987.640625
188480.3125
187959.328125
187423.828125
186881.9375
186324.734375
185757.5625
185178.84375
184588.09375
183993.21875
183377.375
182753.234375
182121.921875
181481.171875
180831.953125
180177.9375
179514.578125
178854.359375
178188.09375
177520.125
176848.375
176177.125
175507.453125
174834.6875
174164.34375
173493.984375
172827.828125
172162.71875
171502.25
170847.09375
170196.84375
169546.90625
168904.15625
168267.890625
167632.75
167003.125
166379.390625
165761.34375
165148.5
164543.375
163939.234375
163344.71875
162750.78125
162163.9375
161583.78125
161007.390625
160436.5625
159867.625
159304.96875
158752.09375
158194.484375
157648.1875
157103.46875
156566.765625
156036.453125
155507.203125
154987.625
154469.078125
153952.015625
153446.984375
152941.375
152441.4375
151946.015625
151454.625
150968.34375
150487.6875
150009.96875
149538.984375
149069.15625
148609.5625
148147.0625
147694.3125
147242.203125
146792.65625
146349.5
145911.15625
145476.25
145045.8125
144617.171875
144196.140625
143775.296875
143356.734375
142945.171875
142537.34375
142133.03125
141731.578125
141330.28125
140936.078125
140543.0
140156.546875
139766.984375
139385.546875
139004.71875
138624.609375
138250.203125
137881.734375
137512.78125
137148.59375
136783.53125
136426.1875
136069.921875
135715.015625
135362.828125
135018.1875
134673.515625
134325.921875
133987.375
133650.078125
133314.03125
132980.671875
132649.984375
132324.59375
131999.296875
131674.359375
131353.609375
131036.140625
130718.0078125
130405.2890625
130092.3125
129784.5234375
129477.6953125
129172.1796875
128870.390625
128571.7109375
128273.5390625
127977.3515625
127685.7890625
127391.703125
127101.9296875
126815.1953125
126528.8046875
126246.9140625
125964.6171875
125687.2421875
125408.1015625
125133.7734375
124857.9921875
124587.796875
124316.1796875
124049.7265625
123782.109375
123518.984375
123255.078125
122995.90625
122733.171875
122473.7734375
122220.609375
121967.0390625
121713.9921875
121460.2421875
121212.015625
120962.0078125
120711.2890625
120467.0
120224.3203125
119978.7734375
119739.21875
119500.53125
119256.15625
119027.34375
118794.75
118554.078125
118321.875
118088.890625
117857.234375
117627.96875
117400.109375
117172.1328125
116946.875
116720.8125
116502.40625
116280.84375
116061.0546875
115843.375
115627.8828125
115414.109375
115201.140625
114987.015625
114776.703125
114566.625
114359.5546875
114153.4453125
113945.25
113742.234375
113535.9921875
113333.3984375
113135.4453125
112935.765625
112735.4296875
112535.6484375
112338.5
112148.3203125
111951.875
111755.5234375
111564.46875
111370.234375
111180.5625
110991.21875
110805.578125
110618.578125
110432.578125
110246.53125
110062.28125
109881.53125
109698.03125
109519.4296875
109339.8515625
109160.53125
108983.8515625
108806.578125
108631.8515625
108458.9296875
108287.4921875
108114.484375
107941.6796875
107772.90625
107603.109375
107433.109375
107266.296875
107098.609375
106935.921875
106768.2421875
106605.53125
106442.984375
106280.484375
106119.734375
105958.34375
105801.234375
105645.5390625
105488.2578125
105330.9140625
105170.265625
105016.171875
104864.640625
104706.7421875
104550.453125
104400.484375
104248.828125
104098.234375
103948.9609375
103795.890625
103648.65625
103502.859375
103352.578125
103204.8046875
103060.265625
102913.359375
102774.7578125
102637.1484375
102498.3046875
102345.03125
102199.203125
102061.859375
101918.53125
101776.7109375
101641.46875
101498.6796875
101361.1484375
101225.609375
101087.0859375
100951.6875
100814.0546875
100677.265625
100545.4921875
100423.640625
100329.4921875
100225.140625
100047.640625
99943.546875
99799.65625
99663.4609375
99535.125
99389.0078125
99264.2421875
99125.9140625
98993.640625
98868.8828125
98738.578125
98604.7890625
98479.4765625
98349.765625
98219.65625
98097.078125
97965.328125
97840.0859375
97717.8125
97593.96875
97470.703125
97348.7890625
97222.9921875
97103.0
96984.0234375
96863.3359375
96743.9140625
96625.046875
96500.96875
96382.578125
96265.6796875
96146.34375
96029.1953125
95909.421875
95793.109375
95679.6953125
95561.84375
95446.4140625
95333.6171875
95217.9765625
95105.5
94993.6484375
94879.796875
94767.0703125
94655.609375
94540.53125
94429.609375
94316.4609375
94206.6015625
94099.15625
93986.8515625
93876.96875
93764.484375
93653.4453125
93545.3046875
93435.5
93323.4765625
93214.6015625
93104.96875
92996.2265625
92887.2265625
92775.8203125
92668.859375
92560.625
92453.703125
92348.6953125
92242.9296875
92141.640625
92038.0625
91935.0859375
91833.28125
91731.3515625
91630.90625
91529.484375
91429.6953125
91331.15625
91230.6484375
91130.875
91031.4375
90930.8984375
90829.7421875
90731.4921875
90631.796875
90533.28125
90432.90625
90336.6953125
90239.0234375
90141.1484375
90043.4375
89949.4375
89853.5546875
89757.078125
89661.984375
89566.421875
89472.71875
89375.921875
89283.90625
89190.421875
89095.5703125
89000.9921875
88908.96875
88812.4375
88719.8125
88627.5859375
88538.40625
88444.9453125
88355.59375
88262.15625
88172.125
88080.234375
87987.4375
87898.0546875
87807.4296875
87718.3125
87628.375
87539.65625
87450.90625
87362.765625
87276.5
87191.3984375
87104.171875
87019.734375
86929.6953125
86840.3671875
86750.546875
86662.515625
86577.1640625
86492.921875
86405.5859375
86320.359375
86233.34375
86147.359375
86061.9609375
85976.6171875
85896.6875
85809.5859375
85720.75
85637.40625
85553.640625
85473.96875
85382.703125
85299.4375
85224.09375
85132.5390625
85044.953125
84961.234375
84880.75
84794.4765625
84710.6171875
84629.5
84548.296875
84465.140625
84382.25
84303.265625
84222.0390625
84138.984375
84057.7578125
83979.515625
83899.25
83818.9921875
83738.6171875
83660.96875
83582.6640625
83502.140625
83423.3671875
83347.671875
83269.203125
83191.6875
83113.953125
83038.0625
82962.9921875
82886.109375
82812.703125
82735.09375
82662.5
82588.734375
82513.859375
82439.828125
82360.609375
82284.4921875
82210.2890625
82136.921875
82064.3828125
81989.3984375
81915.8046875
81844.875
81771.0859375
81699.2890625
81626.03125
81555.046875
81482.3671875
81410.6171875
81340.2734375
81270.515625
81198.09375
81127.96875
81055.2578125
80985.671875
80915.6640625
80848.578125
80785.625
80730.4453125
80670.578125
80593.9296875
80505.9375
80472.671875
80386.4921875
80316.4375
80242.625
80180.84375
80097.109375
80036.46875
79957.75
79888.578125
79820.0546875
79747.4765625
79682.8671875
79610.0
79552.0703125
79473.515625
79403.28125
79338.09375
79273.703125
79220.9140625
79137.5
79068.0
79010.234375
78931.5625
78862.875
78796.9375
78733.9140625
78668.625
78600.71875
78535.8828125
78468.9765625
78405.03125
78339.203125
78274.6953125
78208.1015625
78146.203125
78080.7578125
78016.234375
77949.4921875
77886.0
77823.0
77759.2578125
77695.453125
77632.3671875
77572.2265625
77507.1796875
77449.640625
77389.0546875
77324.1015625
77258.234375
77189.2578125
77127.3046875
77064.671875
77002.8984375
76940.5625
76879.2734375
76815.8125
76756.0234375
76693.0703125
76635.203125
76573.0625
76510.3046875
76448.4765625
76385.1875
76326.453125
76267.640625
76211.515625
76154.0
76092.2578125
76032.046875
75971.9140625
75913.1640625
75848.1328125
75785.3125
75727.859375
75671.203125
75611.46875
75548.359375
75487.5
75429.5
75371.375
75314.921875
75256.875
75195.7734375
75135.5
75077.2578125
75017.8984375
74958.0
74902.640625
74842.296875
74788.6953125
74729.6171875
74672.984375
74615.0625
74558.0390625
74500.8203125
74440.9453125
74383.28125
74323.984375
74267.796875
74208.5703125
74151.7890625
74095.6875
74039.0859375
73980.734375
73921.6484375
73864.796875
73807.453125
73752.640625
73696.28125
73641.53125
73584.921875
73528.3984375
73472.15625
73416.328125
73362.0
73306.1796875
73251.390625
73196.1640625
73142.0703125
73086.9609375
73033.15625
72976.140625
72920.3515625
72866.1171875
72811.4921875
72758.5859375
72703.40625
72651.0859375
72597.234375
72542.40625
72488.734375
72436.453125
72382.5
72328.1640625
72277.046875
72223.8828125
72167.109375
72112.75
72058.03125
72004.9765625
71953.65625
71903.140625
71848.328125
71796.8046875
71747.7734375
71696.53125
71644.1171875
71590.6640625
71535.984375
71480.5078125
71429.15625
71374.8515625
71322.3125
71269.4609375
71217.3046875
71165.8046875
71113.640625
71062.421875
71012.71875
70962.625
70910.71875
70860.6484375
70810.03125
70759.3828125
70709.109375
70657.140625
70604.9765625
70553.453125
70504.1953125
70458.59375
70408.1875
70355.5234375
70300.6796875
70246.59375
70194.4296875
70146.59375
70096.3671875
70045.8359375
69994.6875
69942.8046875
69892.1953125
69842.9609375
69796.9609375
69746.6875
69696.6875
69647.828125
69599.578125
69551.84375
69503.0625
69451.296875
69398.6484375
69346.828125
69295.953125
69246.6484375
69198.3203125
69151.265625
69103.515625
69051.703125
69001.453125
68953.171875
68904.4140625
68857.53125
68808.484375
68759.8515625
68708.9609375
68660.5703125
68611.125
68564.28125
68515.171875
68468.3828125
68418.6640625
68369.7734375
68322.9765625
68275.09375
68230.5625
68182.65625
68134.546875
68086.4453125
68038.5546875
67990.265625
67945.515625
67899.8046875
67855.9453125
67810.015625
67762.484375
67714.9765625
67668.40625
67621.5078125
67576.0078125
67527.796875
67480.3046875
67432.7421875
67384.984375
67338.0703125
67290.5234375
67244.21875
67197.015625
67149.0546875
67102.2578125
67054.3203125
67006.734375
66961.9453125
66918.90625
66874.6640625
66827.7109375
66778.7421875
66732.578125
66685.515625
66638.6484375
66594.6484375
66551.421875
66506.9453125
66459.40625
66414.328125
66368.859375
66324.8203125
66280.7890625
66238.015625
66192.25
66146.25
66099.1875
66051.6484375
66006.609375
65963.0625
65918.9453125
65873.1171875
65830.875
65787.9296875
65746.65625
65705.296875
65662.2734375
65622.375
65579.703125
65534.22265625
65486.84375
65440.75
65393.2421875
65348.12890625
65302.7734375
65259.68359375
65217.20703125
65174.7421875
65132.390625
65090.03125
65047.828125
65006.38671875
64962.953125
64920.08984375
64875.4296875
64832.671875
64790.1484375
64748.1328125
64705.80859375
64661.8125
64617.078125
64571.48046875
64527.96875
64488.32421875
64450.08203125
64409.4375
64366.52734375
64323.5703125
64278.5234375
64235.4609375
64190.66015625
64147.546875
64106.3828125
64064.94140625
64023.5546875
63981.79296875
63940.390625
63897.91015625
63856.38671875
63814.84375
63776.41015625
63737.03125
63693.8046875
63652.06640625
63611.640625
63570.97265625
63532.58203125
63494.12109375
63455.98828125
63417.453125
63378.8671875
63338.6328125
63295.75390625
63253.734375
63207.8671875
63167.09375
63126.86328125
63089.92578125
63047.078125
63006.3203125
62964.53125
62926.2421875
62887.37109375
62847.69921875
62804.90625
62761.9140625
62722.25390625
62682.0703125
62644.22265625
62603.01171875
62565.0625
62525.1640625
62484.92578125
62445.05078125
62407.6640625
62368.02734375
62330.2109375
62291.75
62251.44921875
62212.8984375
62173.36328125
62131.671875
62092.16015625
62054.97265625
62016.1015625
61978.9140625
61938.09765625
61900.41796875
61860.09765625
61820.6328125
61779.4921875
61740.46484375
61702.1796875
61662.8984375
61623.10546875
61586.359375
61548.640625
61511.15625
61473.859375
61435.40625
61395.7421875
61352.921875
61314.4140625
61278.6640625
61242.37890625
61203.98828125
61166.75
61131.24609375
61094.74609375
61059.3125
61024.0546875
60987.0234375
60947.96484375
60910.0390625
60870.75
60829.3125
60790.0078125
60754.91015625
60718.015625
60680.671875
60640.65234375
60601.75
60562.46875
60523.73046875
60485.78515625
60448.97265625
60413.66015625
60378.18359375
60345.09765625
60311.4609375
60274.94921875
60236.1640625
60202.59765625
60170.09375
60134.37890625
60096.36328125
60058.9921875
60020.8515625
59981.04296875
59944.5078125
59907.0703125
59871.828125
59834.00390625
59803.6015625
59777.13671875
59745.609375
59689.05859375
59652.98046875
59628.87890625
59581.5625
59541.921875
59515.16015625
59473.59765625
59436.25390625
59405.90625
59367.5078125
59331.19140625
59293.9921875
59255.203125
59216.62109375
59182.546875
59145.69140625
59112.203125
59078.5234375
59043.16796875
59009.34765625
58975.94140625
58940.08203125
58907.4375
58873.1484375
58835.18359375
58799.93359375
58765.05859375
58732.61328125
58699.74609375
58668.2734375
58634.5
58600.109375
58564.6015625
58528.85546875
58491.8671875
58457.41796875
58422.5703125
58386.23828125
58352.09375
58314.94921875
58279.859375
58245.84765625
58211.609375
58178.234375
58145.41796875
58110.484375
58077.23828125
58041.65625
58005.9765625
57970.6328125
57936.09375
57901.9765625
57866.4375
57832.10546875
57788.06640625
57768.95703125
57749.8828125
57711.2421875
57698.91015625
57668.6015625
57641.16015625
57621.9375
57590.37109375
57568.625
57544.83203125
57517.21875
57495.73046875
57468.63671875
57444.33203125
57420.2109375
57393.7578125
57370.5234375
57345.3671875
57321.2578125
57296.59765625
57270.80078125
57247.5390625
57223.16015625
57199.65625
57174.9609375
57149.80078125
57126.54296875
57102.52734375
57078.01171875
57055.56640625
57030.703125
57007.00390625
56983.34765625
56959.234375
56936.3203125
56911.484375
56888.640625
56863.83203125
56840.953125
56817.41796875
56793.3515625
56767.32421875
56745.90625
56722.5078125
56699.20703125
56675.75
56651.140625
56629.40234375
56604.984375
56581.20703125
56557.70703125
56534.6328125
56511.83203125
56487.828125
56463.0625
56439.625
56418.32421875
56394.86328125
56371.6484375
56347.0625
56323.7265625
56300.96875
56277.73046875
56253.9453125
56231.1484375
56207.171875
56185.625
56161.828125
56138.28515625
56116.4296875
56092.578125
56069.5859375
56046.12890625
56023.0546875
56000.19140625
55976.6015625
55953.24609375
55930.3984375
55906.79296875
55883.7890625
55861.1015625
55838.34375
55814.953125
55793.3125
55770.21484375
55747.84375
55724.14453125
55699.9921875
55677.95703125
55655.0546875
55633.0
55610.140625
55586.21875
55564.484375
55541.140625
55517.5234375
55496.16796875
55472.2734375
55448.8046875
55426.32421875
55404.11328125
55382.125
55359.25
55335.37109375
55312.890625
55291.1953125
55267.9921875
55245.7734375
55222.9296875
55200.7265625
55177.63671875
55154.51953125
55133.2421875
55111.30078125
55088.94140625
55065.79296875
55042.7578125
55019.6796875
54998.51953125
54976.7578125
54954.5390625
54931.375
54908.453125
54886.609375
54864.5546875
54842.65625
54819.7578125
54797.05078125
54775.5703125
54752.94140625
54731.11328125
54708.7421875
54685.6640625
54663.41796875
54641.3984375
54619.0546875
54597.15625
54576.921875
54553.625
54531.98828125
54510.25390625
54486.84765625
54466.0390625
54443.37890625
54420.40234375
54398.8515625
54376.75390625
54355.28515625
54331.484375
54309.87890625
54288.69921875
54268.0703125
54244.98828125
54224.59375
54201.43359375
54178.7421875
54157.5390625
54135.42578125
54114.3046875
54091.9921875
54068.98828125
54047.98828125
54027.62890625
54005.40625
53983.39453125
53960.77734375
53940.18359375
53918.66796875
53896.16015625
53875.859375
53852.2578125
53830.94921875
53809.453125
53786.79296875
53766.390625
53744.31640625
53724.0078125
53702.171875
53679.6015625
53658.08203125
53637.0390625
53615.5234375
53593.1796875
53570.84765625
53549.89453125
53527.3125
53505.11328125
53483.5546875
53462.8203125
53440.55859375
53418.74609375
53396.53515625
53375.31640625
53353.31640625
53331.0859375
53309.3125
53288.05078125
53267.44140625
53244.63671875
53225.05859375
53212.26953125
53200.6484375
53173.27734375
53140.43359375
53123.49609375
53102.03125
53076.2890625
53056.953125
53034.9375
53010.0390625
52991.0390625
52966.984375
52944.703125
52925.83203125
52901.4140625
52881.32421875
52859.56640625
52836.9453125
52817.53125
52793.359375
52774.51171875
52751.4375
52728.41015625
52709.28515625
52688.08984375
52665.4375
52644.97265625
52622.6640625
52602.78125
52581.2734375
52558.62890625
52540.16015625
52518.01171875
52496.9140625
52475.8203125
52454.6953125
52434.16015625
52412.3203125
52390.078125
52369.9453125
52348.9375
52327.87890625
52306.96484375
52285.8046875
52265.265625
52244.2578125
52223.2265625
52202.06640625
52181.5625
52159.5703125
52139.36328125
52116.671875
52096.36328125
52075.69921875
52054.62890625
52034.6484375
52012.85546875
51992.875
51973.46875
51953.01953125
51929.609375
51909.109375
51889.62109375
51868.12109375
51847.74609375
51826.2578125
51805.16015625
51785.0859375
51764.8046875
51744.7265625
51723.80078125
51703.05078125
51683.05078125
51662.36328125
51641.05859375
51620.97265625
51600.60546875
51579.171875
51559.60546875
51538.515625
51519.0546875
51497.703125
51477.25
51457.109375
51436.08984375
51416.98828125
51395.57421875
51375.25
51354.78515625
51334.2890625
51314.77734375
51294.54296875
51273.2578125
51254.2265625
51232.453125
51211.95703125
51192.9453125
51172.6171875
51152.63671875
51130.85546875
51110.546875
51090.7890625
51070.703125
51049.98046875
51029.5390625
51008.2578125
50988.74609375
50968.01171875
50946.671875
50926.46875
50905.1796875
50885.1640625
50865.13671875
50844.015625
50824.68359375
50803.99609375
50783.62890625
50763.13671875
50741.9609375
50722.5234375
50703.16015625
50682.40625
50661.7578125
50641.53125
50621.86328125
50600.1796875
50580.8828125
50560.08984375
50540.3671875
50520.9375
50498.84375
50478.98828125
50459.4140625
50437.76171875
50418.125
50398.01953125
50378.1015625
50358.54296875
50337.69921875
50318.2421875
50298.21875
50277.625
50258.22265625
50237.58984375
50217.12109375
50198.0546875
50176.49609375
50156.921875
50135.9375
50116.0
50095.484375
50075.80859375
50055.890625
50035.38671875
50014.984375
49994.96875
49975.84375
49954.3515625
49934.32421875
49914.125
49895.06640625
49875.07421875
49854.25
49834.9765625
49815.3671875
49794.5
49775.359375
49754.34765625
49734.67578125
49714.55859375
49694.234375
49676.03125
49655.4375
49634.578125
49613.94140625
49594.6328125
49573.328125
49552.61328125
49531.9140625
49511.234375
49490.0859375
49470.171875
49449.03515625
49426.53515625
49406.49609375
49386.42578125
49365.05859375
49344.6015625
49323.63671875
49302.5703125
49282.78125
49262.546875
49241.84765625
49222.86328125
49204.02734375
49183.60546875
49164.55078125
49144.8203125
49124.42578125
49105.3671875
49086.34765625
49066.5390625
49046.21875
49027.4296875
49008.515625
48988.99609375
48969.4765625
48949.40625
48929.2890625
48910.7578125
48891.5078125
48871.1640625
48852.61328125
48833.84375
48815.078125
48795.0234375
48776.28515625
48757.12890625
48736.68359375
48717.77734375
48699.51953125
48679.7421875
48660.75390625
48641.78515625
48622.99609375
48603.890625
48584.859375
48564.7109375
48545.4453125
48527.98046875
48508.875
48489.4765625
48470.953125
48452.01171875
48431.7578125
48413.74609375
48395.07421875
48375.484375
48358.38671875
48339.35546875
48319.47265625
48300.30859375
48281.76171875
48262.2421875
48242.453125
48223.203125
48204.15625
48185.2109375
48166.5703125
48146.3515625
48127.16796875
48109.578125
48089.53515625
48070.4765625
48051.78515625
48032.97265625
48013.9140625
47994.33984375
47975.82421875
47957.890625
47938.44921875
47919.0859375
47900.32421875
47880.484375
47862.9921875
47842.28125
47823.3984375
47804.76953125
47785.0390625
47766.1875
47746.2265625
47727.9296875
47708.234375
47689.0625
47671.4140625
47652.05859375
47633.6171875
47614.8046875
47594.5078125
47576.01953125
47557.0703125
47538.50390625
47518.9296875
47499.9375
47481.8125
47463.1640625
47445.26171875
47428.96875
47408.91796875
47388.546875
47370.00390625
47350.29296875
47331.0390625
47313.41015625
47294.54296875
47276.07421875
47257.21875
47238.41015625
47220.3046875
47201.98828125
47183.3125
47164.21484375
47144.484375
47126.22265625
47109.25
47091.390625
47073.82421875
47056.25390625
47037.6875
47020.234375
47001.6953125
46981.65234375
46963.0546875
46945.109375
46928.2578125
46911.8046875
46895.875
46879.875
46864.7890625
46848.89453125
46828.8984375
46807.11328125
46784.7890625
46765.09375
46749.09375
46734.4140625
46719.33984375
46702.46484375
46684.1640625
46665.90625
46646.1015625
46624.50390625
46606.10546875
46587.38671875
46568.70703125
46549.6484375
46531.65234375
46512.328125
46493.6015625
46474.21484375
46455.49609375
46437.78125
46420.00390625
46402.93359375
46385.734375
46366.921875
46346.140625
46328.078125
46309.94140625
46291.94140625
46274.234375
46254.7109375
46236.56640625
46217.953125
46198.9453125
46180.84375
46161.89453125
46142.88671875
46125.921875
46106.453125
46088.63671875
46070.8515625
46052.14453125
46034.66796875
46017.015625
45998.71875
45980.52734375
45963.4375
45945.34375
45926.359375
45909.12890625
45891.26171875
45873.48046875
45855.90625
45838.796875
45822.01171875
45805.8671875
45788.640625
45773.09375
45756.078125
45738.515625
45721.2265625
45702.7890625
45685.8359375
45666.828125
45648.82421875
45632.171875
45615.71875
45599.0078125
45581.890625
45563.8515625
45544.19140625
45525.6171875
45507.734375
45489.23828125
45471.7421875
45455.2734375
45438.82421875
45421.06640625
45404.046875
45387.3828125
45371.0390625
45355.38671875
45339.35546875
45322.5
45305.68359375
45288.8046875
45272.32421875
45254.453125
45238.16796875
45220.54296875
45202.2421875
45185.625
45172.109375
45152.80859375
45126.32421875
45113.48046875
45093.33203125
45075.6796875
45060.7890625
45040.828125
45026.61328125
45008.15234375
44990.6875
44969.8359375
44950.18359375
44930.94140625
44913.296875
44897.9375
44879.45703125
44863.2890625
44843.23828125
44827.16796875
44808.1171875
44790.70703125
44772.90234375
44755.52734375
44738.1796875
44722.203125
44704.65625
44688.4921875
44671.234375
44655.25
44638.859375
44622.1171875
44605.53125
44589.703125
44573.3359375
44558.09765625
44541.546875
44523.5078125
44506.046875
44488.671875
44472.0703125
44452.9296875
44435.4609375
44417.984375
44401.56640625
44383.5625
44366.24609375
44349.3671875
44331.828125
44315.203125
44298.484375
44283.125
44265.28515625
44247.75
44231.87109375
44214.8984375
44198.09765625
44181.2265625
44164.58203125
44149.36328125
44131.75
44116.5078125
44099.8203125
44083.97265625
44069.3515625
44053.14453125
44037.921875
44022.6640625
44006.6328125
43989.28515625
43971.44140625
43953.21875
43934.69140625
43917.40234375
43901.28515625
43882.3125
43862.859375
43846.953125
43829.89453125
43814.7890625
43797.7109375
43781.50390625
43765.640625
43748.4921875
43732.35546875
43716.65234375
43699.91015625
43684.16796875
43666.18359375
43650.4375
43634.21875
43617.4375
43603.12890625
43588.1171875
43574.11328125
43558.8359375
43543.70703125
43528.91796875
43512.2890625
43496.9765625
43482.1328125
43467.46875
43451.98828125
43437.24609375
43420.25
43402.125
43383.390625
43364.9765625
43349.07421875
43335.78125
43320.75
43303.9765625
43285.96484375
43267.33203125
43247.51171875
43229.11328125
43210.76953125
43193.296875
43177.56640625
43162.00390625
43146.4375
43130.89453125
43114.8359375
43098.6484375
43082.65234375
43068.1015625
43053.26171875
43038.30859375
43022.734375
43007.02734375
42989.08984375
42971.91015625
42953.9609375
42935.8828125
42918.59375
42902.8359375
42885.3515625
42869.171875
42852.546875
42836.80078125
42820.79296875
42805.47265625
42789.84375
42774.375
42759.9765625
42742.96484375
42726.765625
42710.3359375
42693.34375
42678.37109375
42662.6875
42647.8203125
42632.7109375
42616.2421875
42600.40625
42583.015625
42565.59765625
42550.9921875
42534.68359375
42519.4921875
42504.02734375
42488.01171875
42473.21875
42457.7734375
42442.03515625
42427.1171875
42412.62890625
42399.69921875
42384.8359375
42371.0078125
42357.3671875
42342.6875
42329.27734375
42315.28515625
42301.2578125
42287.75
42273.4140625
42259.48046875
42243.88671875
42226.3671875
42207.62890625
42188.51171875
42169.7265625
42152.43359375
42136.9296875
42122.30078125
42109.00390625
42095.3359375
42079.90234375
42063.85546875
42047.296875
42030.88671875
42016.6953125
42001.78515625
41985.6328125
41970.19140625
41954.60546875
41936.8828125
41919.625
41901.85546875
41883.3203125
41866.4921875
41850.5078125
41835.16796875
41819.640625
41805.4296875
41790.85546875
41774.6796875
41757.8515625
41742.23046875
41726.06640625
41711.84375
41698.6484375
41685.53515625
41672.4296875
41657.765625
41641.45703125
41624.75
41606.484375
41590.42578125
41574.47265625
41560.9921875
41548.640625
41535.125
41520.80078125
41506.640625
41490.05859375
41472.671875
41455.78125
41441.203125
41426.98046875
41413.16015625
41397.671875
41380.29296875
41362.69140625
41344.4765625
41326.4921875
41309.515625
41292.70703125
41277.85546875
41263.9765625
41248.98046875
41234.5546875
41218.921875
41203.1875
41188.8046875
41172.0390625
41156.8125
41140.5703125
41124.15625
41107.8125
41091.12109375
41075.25390625
41060.23046875
41044.0234375
41029.06640625
41013.5
40998.3984375
40983.234375
40968.3671875
40953.69921875
40939.3203125
40923.921875
40908.3671875
40893.48046875
40876.63671875
40861.1796875
40844.5546875
40828.2109375
40811.81640625
40795.0
40777.8046875
40761.5390625
40745.69140625
40729.5625
40713.5390625
40697.4375
40681.62109375
40666.26171875
40652.11328125
40637.390625
40620.96484375
40605.1484375
40589.19140625
40573.6171875
40557.6796875
40542.7265625
40528.6015625
40515.3671875
40500.0546875
40486.1328125
40470.25390625
40453.09375
40435.97265625
40418.3515625
40401.0390625
40384.640625
40368.42578125
40351.8828125
40336.25390625
40320.2578125
40304.86328125
40289.6875
40273.875
40257.671875
40242.0625
40225.828125
40210.71875
40194.86328125
40180.28125
40164.875
40149.828125
40133.89453125
40118.3203125
40103.4296875
40087.5625
40072.8984375
40057.98828125
40042.80078125
40029.08984375
40014.39453125
40000.9765625
39986.8984375
39973.58984375
39960.33203125
39947.6484375
39935.47265625
39921.9140625
39907.66015625
39892.1171875
39876.5078125
39860.19140625
39845.296875
39831.1484375
39817.90625
39804.6875
39791.35546875
39778.8125
39765.56640625
39751.3828125
39738.94140625
39724.51953125
39709.56640625
39693.6171875
39677.6796875
39662.046875
39645.85546875
39631.0390625
39617.6640625
39603.8515625
39589.86328125
39575.6328125
39561.20703125
39546.3515625
39531.92578125
39516.4296875
39502.30078125
39487.859375
39472.5859375
39459.34765625
39445.6796875
39431.9921875
39416.61328125
39402.01171875
39387.12109375
39373.30078125
39358.99609375
39345.265625
39331.76953125
39319.0234375
39304.65234375
39290.1171875
39274.57421875
39260.03515625
39244.6875
39229.8515625
39217.0
39204.46875
39192.74609375
39181.078125
39169.0
39157.046875
39145.48828125
39135.1796875
39124.875
