9351.4775390625
9345.9248046875
9341.2041015625
9337.2421875
9333.9453125
9331.197265625
9328.896484375
9326.9482421875
9325.263671875
9323.7724609375
9322.4140625
9321.14453125
9319.93359375
9318.763671875
9317.6220703125
9316.51171875
9315.4384765625
9314.4052734375
9313.4169921875
9312.4814453125
9311.5986328125
9310.7705078125
9309.99609375
9309.26953125
9308.587890625
9307.943359375
9307.3349609375
9306.75390625
9306.1953125
9305.6591796875
9305.142578125
9304.6435546875
9304.166015625
9303.703125
9303.2587890625
9302.830078125
9302.421875
9302.0283203125
9301.65234375
9301.2890625
9300.939453125
9300.6044921875
9300.283203125
9299.9716796875
9299.673828125
9299.3828125
9299.1015625
9298.828125
9298.5625
9298.3056640625
9298.0546875
9297.810546875
9297.572265625
9297.34375
9297.1171875
9296.900390625
9296.6875
9296.4794921875
9296.275390625
9296.076171875
9295.8798828125
9295.6904296875
9295.5
9295.31640625
9295.134765625
9294.955078125
9294.78125
9294.607421875
9294.4375
9294.26953125
9294.1064453125
9293.94140625
9293.783203125
9293.6240234375
9293.46875
9293.3134765625
9293.1611328125
9293.009765625
9292.8662109375
9292.720703125
9292.5771484375
9292.4345703125
9292.2919921875
9292.150390625
9292.0146484375
9291.8759765625
9291.740234375
9291.6044921875
9291.470703125
9291.3388671875
9291.2060546875
9291.07421875
9290.9423828125
9290.8134765625
9290.6865234375
9290.5625
9290.435546875
9290.3095703125
9290.1845703125
9290.0615234375
9289.939453125
9289.81640625
9289.6953125
9289.5732421875
9289.4541015625
9289.3359375
9289.216796875
9289.0966796875
9288.978515625
9288.861328125
9288.744140625
9288.6279296875
9288.51171875
9288.396484375
9288.2822265625
9288.166015625
9288.052734375
9287.9375
9287.82421875
9287.7109375
9287.5966796875
9287.484375
9287.3740234375
9287.26171875
9287.1494140625
9287.0400390625
9286.927734375
9286.818359375
9286.7080078125
9286.599609375
9286.48828125
9286.380859375
9286.2724609375
9286.1630859375
9286.052734375
9285.943359375
9285.8359375
9285.7265625
9285.62109375
9285.5126953125
9285.4052734375
9285.296875
9285.1904296875
9285.083984375
9284.9765625
9284.869140625
9284.763671875
9284.658203125
9284.548828125
9284.4443359375
9284.3388671875
9284.2333984375
9284.1279296875
9284.0234375
9283.91796875
9283.8125
9283.708984375
9283.603515625
9283.501953125
9283.3984375
9283.29296875
9283.189453125
9283.0830078125
9282.9794921875
9282.8779296875
9282.7744140625
9282.6708984375
9282.5693359375
9282.466796875
9282.365234375
9282.2607421875
9282.162109375
9282.0576171875
9281.95703125
9281.8564453125
9281.7548828125
9281.654296875
9281.5546875
9281.455078125
9281.35546875
9281.255859375
9281.15625
9281.0576171875
9280.958984375
9280.8603515625
9280.763671875
9280.666015625
9280.5693359375
9280.4736328125
9280.3779296875
9280.28125
9280.1884765625
9280.091796875
9279.9970703125
9279.9052734375
9279.814453125
9279.7216796875
9279.626953125
9279.53515625
9279.4453125
90936208.0
1784163456.0
690004.0625
21472638.0
832649.25
1253618089984.0
3544625.25
311020480.0
464280682496.0
4056799488.0
7281461.0
1325941.25
618546.5625
861403.875
532599.25
221516.4375
189947.390625
189424.53125
197372.546875
209187.796875
223468.625
239131.640625
255233.015625
271251.96875
286947.9375
301929.3125
315864.375
328749.3125
340102.34375
350048.09375
358528.4375
365484.8125
370844.4375
374543.1875
376648.90625
377305.0
376637.6875
374786.65625
371891.6875
368073.125
363456.9375
358187.125
352345.84375
346047.09375
339368.0
332432.4375
325343.75
318186.25
311040.34375
303932.59375
296903.0625
289976.75
283175.28125
276518.84375
270034.71875
263742.78125
257652.09375
251762.390625
246083.890625
240600.1875
235322.84375
230250.09375
225372.375
220679.859375
216168.609375
211835.546875
207675.0
203686.0625
199852.46875
196171.6875
192632.484375
189233.046875
185962.40625
182815.875
179791.90625
176879.484375
174075.5
171377.640625
168774.28125
166267.171875
163847.0625
161512.46875
159256.640625
157079.578125
154977.15625
152940.9375
150972.25
149068.734375
147222.984375
145437.46875
143703.765625
142025.265625
140393.25
138812.703125
137275.84375
135783.609375
134329.734375
132919.078125
131545.671875
130208.515625
128905.109375
127635.9375
126400.3203125
125192.5625
124015.375
122866.1953125
121743.5390625
120646.0546875
119574.6328125
118527.421875
117499.9765625
116497.9296875
115513.625
114553.3515625
113610.40625
112688.375
111783.765625
110896.484375
110025.5234375
109170.0703125
108331.34375
107508.015625
106697.890625
105902.59375
105119.1640625
104349.65625
103591.1796875
102845.34375
102111.8046875
101392.7421875
100679.765625
99977.5625
99288.6328125
98610.734375
97946.796875
97295.171875
96655.484375
96025.7890625
95407.6953125
94801.078125
94205.1796875
93619.75
93042.734375
92472.8046875
91911.5
91358.3125
90814.96875
90280.03125
89754.375
89236.703125
88726.109375
88223.1953125
87727.9765625
87239.5625
86758.4140625
86295.5546875
85827.90625
85366.0859375
84910.1796875
84459.9375
84014.75
83574.328125
83139.59375
82707.0703125
82281.609375
81861.8046875
81447.453125
81039.1796875
80632.3359375
80244.1640625
79870.171875
79496.34375
79110.8515625
78733.390625
78356.484375
77984.21875
77616.7109375
77252.953125
76893.34375
76537.9375
76186.9296875
75839.1796875
75496.9765625
75158.3046875
74823.359375
74493.171875
74167.2734375
73842.828125
73523.796875
73207.5625
72895.0625
72585.40625
72278.796875
71974.4609375
71673.828125
71388.15625
71094.59375
70812.8671875
70528.421875
70246.375
69964.0234375
69684.625
69406.90625
69133.5390625
68877.3359375
68611.0234375
68358.5
68102.1796875
67845.0390625
67588.359375
67334.265625
67083.0625
66834.1796875
66586.359375
66341.3828125
66097.328125
65855.296875
65614.765625
65384.82421875
65149.671875
64921.65625
64693.5078125
64468.2109375
64244.7578125
64023.66015625
63805.078125
63588.75390625
63371.72265625
63156.57421875
62944.609375
62736.58203125
62528.0625
62320.4140625
62116.640625
61914.60546875
61713.40625
61514.03515625
61317.953125
61122.453125
60928.515625
60737.0859375
60546.796875
60356.3359375
60168.56640625
59982.7734375
59798.86328125
59616.52734375
59435.61328125
59256.1953125
59076.4453125
58899.5390625
58724.01953125
58550.234375
58378.3125
58207.34765625
58037.4765625
57868.7890625
57701.8203125
57536.69921875
57372.16796875
57209.3984375
57047.77734375
56887.515625
56728.1875
56570.73828125
56414.1796875
56259.44140625
56105.71484375
55953.171875
55802.0078125
55652.6171875
55504.08984375
55356.97265625
55210.59765625
55065.37109375
54921.0859375
54778.17578125
54636.703125
54496.00390625
54356.1640625
54217.59765625
54079.90625
53943.2890625
53807.4296875
53672.60546875
53539.203125
53406.53515625
53274.8125
53143.55859375
53014.09375
52885.22265625
52756.54296875
52628.72265625
52502.22265625
52376.55078125
52251.4453125
52127.34765625
52003.65234375
51880.87890625
51759.12109375
51638.12890625
51517.609375
51397.91015625
51278.8046875
51159.79296875
51041.6484375
50924.796875
50809.609375
50695.5546875
50580.625
50466.51171875
50351.32421875
50238.00390625
50126.0859375
50014.734375
49905.36328125
49795.640625
49687.0546875
49578.2265625
49471.21484375
49364.859375
49259.328125
49154.13671875
49048.828125
48944.71875
48841.9140625
48739.6953125
48637.82421875
48535.671875
48434.59765625
48334.3828125
48234.49609375
48134.609375
48035.41796875
47936.6484375
47838.828125
47741.875
47645.171875
47549.078125
47453.95703125
47359.3671875
47264.875
47170.91796875
47078.03515625
46985.515625
46893.4140625
46801.72265625
46710.26171875
46619.578125
46529.75
46439.93359375
46351.0234375
46262.61328125
46174.734375
46087.3828125
46000.26171875
45913.97265625
45827.87109375
45742.34765625
45657.37109375
45573.1484375
45489.2421875
45406.1328125
45323.85546875
45241.9296875
45162.30859375
45081.30859375
45001.421875
44919.078125
44838.484375
44760.0078125
44681.34375
44601.98046875
44523.02734375
44445.84375
44369.75
44292.328125
44214.8359375
44139.15625
44064.82421875
43990.12109375
43914.80859375
43841.6796875
43768.46484375
43695.1171875
43620.390625
43547.35546875
43475.54296875
43403.9140625
43332.6015625
43262.15234375
43192.8203125
43122.67578125
43052.80859375
42983.109375
42914.26953125
42845.41015625
42777.3125
42709.10546875
42640.61328125
42572.41015625
42504.0625
42436.16015625
42368.234375
42299.9296875
42232.1796875
42165.578125
42100.015625
42033.84375
41967.3125
41901.09375
41835.65625
41770.68359375
41705.59375
41640.94140625
41576.91015625
41513.5703125
41450.69140625
41388.15625
41325.7265625
41264.2109375
41202.88671875
41142.234375
41081.66796875
41021.34765625
40961.515625
40902.05078125
40842.54296875
40783.34765625
40723.7421875
40663.171875
40602.91015625
40543.8515625
40486.4140625
40428.98046875
40371.98828125
40316.546875
40261.55078125
40205.4296875
40150.90625
40096.70703125
40041.609375
39984.46875
39927.703125
39872.3203125
39818.4375
39766.421875
39714.6484375
39666.9296875
39611.4453125
39555.55078125
39499.42578125
39449.15625
39400.33984375
39343.54296875
39293.65625
39246.1171875
39188.6640625
39142.375
39093.73046875
39036.9609375
38993.79296875
38942.60546875
38890.375
38843.30078125
38787.73828125
38741.5859375
38689.0
38641.07421875
38592.91796875
38544.39453125
38497.265625
38447.0
38400.00390625
38350.89453125
38304.50390625
38257.3125
38210.1328125
38164.07421875
38116.8046875
38071.1328125
38024.6171875
37979.1875
37933.34375
37887.484375
37842.5625
37796.66796875
37752.09375
37707.03125
37662.5625
37618.16796875
37573.7421875
37530.25
37486.96875
37444.21484375
37400.65625
37356.375
37311.8203125
37267.54296875
37224.65234375
37182.53515625
37140.54296875
37098.7421875
37056.35546875
37014.2421875
36971.94921875
36930.6796875
36889.609375
36848.73046875
36807.6015625
36765.8515625
36723.890625
36682.34765625
36641.43359375
36601.41796875
36561.9296875
36521.6015625
36481.40234375
36440.609375
36400.15234375
36360.23046875
36321.3125
36282.67578125
36244.421875
36206.21875
36168.62109375
36130.77734375
36091.58984375
36051.140625
36010.30078125
35971.171875
35933.796875
35897.203125
35859.9140625
35821.78125
35783.1640625
35744.765625
35706.96875
35669.75390625
35632.38671875
35594.9765625
35558.0625
35521.77734375
35485.87890625
35450.21484375
35414.9609375
35380.2265625
35347.11328125
35312.8828125
35277.046875
35236.421875
35199.28125
35165.89453125
35129.984375
35091.83984375
35056.0546875
35021.7421875
34985.7890625
34950.1328125
34917.19921875
34883.5390625
34847.625
34812.6328125
34778.26953125
34743.58984375
34709.55078125
34676.484375
34642.69921875
34608.65625
34575.53515625
34541.73046875
34507.36328125
34474.21875
34442.11328125
34409.984375
34377.44140625
34345.46484375
34312.82421875
34280.3984375
34247.3125
34215.10546875
34182.02734375
34149.82421875
34118.09375
34086.6015625
34055.07421875
34023.80078125
33992.78515625
33962.30078125
33932.6015625
33903.30078125
33876.73828125
33860.3359375
33850.484375
33809.609375
33743.49609375
33746.3203125
33693.5078125
33670.00390625
33639.078125
33601.9140625
33577.96484375
33540.3203125
33516.765625
33478.109375
33454.21484375
33416.234375
33392.78125
33356.55859375
33332.80859375
33298.25390625
33273.16015625
33240.44140625
33215.1640625
33184.8671875
33160.234375
33130.78125
33105.90625
33076.83984375
33050.60546875
33018.91796875
32988.22265625
32955.5
32927.0390625
32899.3046875
32873.6953125
32846.67578125
32818.9609375
32790.40234375
32761.890625
32734.763671875
32708.412109375
32683.177734375
32657.37109375
32631.10546875
32604.71875
32578.02734375
32551.95703125
32525.92578125
32500.1171875
32475.5390625
32447.810546875
32417.875
32385.78515625
32356.4140625
32330.95703125
32304.796875
32277.791015625
32252.11328125
32224.734375
32197.357421875
32172.0
32147.201171875
32120.328125
32093.33984375
32070.12109375
32052.46875
32023.974609375
31992.869140625
31970.5234375
31943.869140625
31928.41796875
31901.8515625
31873.56640625
31850.390625
31823.533203125
31799.337890625
31782.943359375
31769.046875
31757.2421875
31709.41015625
31671.73828125
31657.24609375
31628.046875
31593.931640625
31575.005859375
31549.19921875
31517.341796875
31497.22265625
31472.42578125
31444.564453125
31422.0859375
31396.62109375
31371.990234375
31358.080078125
31356.8046875
31354.28125
31296.134765625
31271.267578125
31258.91796875
31219.328125
31206.70703125
31175.943359375
31155.990234375
31132.466796875
31109.4609375
31089.513671875
31064.60546875
31043.595703125
31017.44921875
30994.1796875
30969.3203125
30946.76953125
30924.9140625
30903.041015625
30882.501953125
30860.39453125
30839.517578125
30818.818359375
30798.1328125
30780.146484375
30759.83203125
30739.7734375
30715.876953125
30691.197265625
30666.541015625
30644.91015625
30625.453125
30607.494140625
30588.55078125
30568.40234375
30547.041015625
30526.0234375
30504.5703125
30483.26171875
30460.8671875
30438.7421875
30417.47265625
30397.40234375
30378.126953125
30357.94921875
30337.263671875
30315.744140625
30295.19921875
30275.693359375
30256.71875
30237.6953125
30217.833984375
30197.63671875
30177.47265625
30157.984375
30139.2578125
30120.81640625
30102.708984375
30084.587890625
30066.8125
30048.87109375
30030.80859375
30011.740234375
29991.123046875
29969.45703125
29947.556640625
29927.0234375
29908.51953125
29894.265625
29877.599609375
29859.08984375
29840.150390625
29824.34765625
29808.78515625
29792.15625
29774.890625
29751.8203125
29731.814453125
29717.4296875
29704.75
29714.458984375
29717.474609375
29710.64453125
29672.07421875
29633.96875
29627.376953125
29584.234375
29581.537109375
29552.6328125
29536.318359375
29512.04296875
29492.67578125
29468.5390625
29452.154296875
29446.046875
29419.74609375
29403.32421875
29379.00390625
29363.59765625
29338.712890625
29324.83203125
29307.5625
29286.390625
29270.31640625
29258.416015625
29242.09765625
29229.328125
29210.1953125
29194.43359375
29175.9765625
29158.30859375
29137.23828125
29116.72265625
29096.978515625
29079.796875
29064.337890625
29046.80859375
29031.30078125
29013.15625
28996.572265625
28979.435546875
28962.8671875
28948.02734375
28932.8125
28918.5078125
28903.392578125
28886.61328125
28869.482421875
28850.6796875
28832.1640625
28815.625
28799.921875
28787.078125
28771.810546875
28755.923828125
28737.025390625
28718.76171875
28702.01953125
28687.625
28674.10546875
28658.80078125
28641.37890625
28622.50390625
28604.294921875
28587.751953125
28572.798828125
28558.234375
28543.2890625
28528.142578125
28512.8671875
28497.96484375
28483.9921875
28471.064453125
28459.072265625
28446.732421875
28432.55078125
28415.28125
28394.953125
28373.93359375
28354.75
28338.462890625
28324.29296875
28310.2734375
28295.296875
28279.427734375
28263.390625
28247.77734375
28232.17578125
28216.958984375
28201.615234375
28186.65234375
28171.546875
28156.5234375
28141.498046875
28126.79296875
28112.640625
28099.01171875
28085.70703125
28072.662109375
28059.35546875
28045.38671875
28030.3046875
28014.345703125
27998.333984375
27983.318359375
27969.826171875
27957.517578125
27944.908203125
27931.125
27915.001953125
27897.25
27879.6171875
27863.931640625
27850.763671875
27838.896484375
27826.890625
27812.73046875
27796.33984375
27779.72265625
27765.484375
27753.021484375
27740.90234375
27727.439453125
27714.515625
27701.0390625
27688.576171875
27674.04296875
27659.2734375
27644.8984375
27632.056640625
27619.353515625
27606.173828125
27592.265625
27578.30859375
27564.25390625
27550.4375
27537.205078125
27525.01171875
27513.521484375
27501.48046875
27488.296875
27474.318359375
27459.998046875
27446.302734375
27432.853515625
27419.810546875
27406.4609375
27393.44140625
27380.423828125
27367.732421875
27355.34765625
27343.26953125
27330.828125
27317.982421875
27304.291015625
27289.9140625
27274.83203125
27259.345703125
27244.083984375
27229.71484375
27216.951171875
27205.11328125
27193.876953125
27181.3671875
27167.6328125
27152.263671875
27136.751953125
27121.76953125
27108.0703125
27095.41796875
27083.78515625
27072.16015625
27060.140625
27046.677734375
27032.1875
27017.3828125
27003.556640625
26991.033203125
26979.50390625
26968.46484375
26957.181640625
26946.07421875
26934.33984375
26922.6953125
26910.3125
26897.77734375
26885.740234375
26874.05078125
26863.607421875
26853.2265625
26843.05078125
26832.263671875
26820.830078125
26808.826171875
26796.875
26785.32421875
26774.755859375
26764.99609375
26754.9375
26743.541015625
26729.107421875
26711.859375
26693.2890625
26676.00390625
26661.873046875
26650.61328125
26640.546875
26630.23046875
26618.87890625
26606.599609375
26594.01953125
26581.255859375
26568.28125
26555.0078125
26541.7421875
26528.865234375
26516.5
26504.62890625
26492.94140625
26481.505859375
26470.0859375
26458.625
26446.830078125
26435.1640625
26423.650390625
26412.775390625
26402.2734375
26391.88671875
26381.068359375
26369.89453125
26358.49609375
26346.955078125
26335.37890625
26323.37890625
26311.169921875
26291.951171875
26287.484375
26281.947265625
26266.478515625
26264.591796875
26253.431640625
26243.646484375
26239.234375
26227.263671875
26220.818359375
26213.2265625
26203.083984375
26197.013671875
26187.8515625
26179.72265625
26172.521484375
26163.548828125
26156.162109375
26148.041015625
26139.849609375
26132.390625
26124.08203125
26116.330078125
26108.46484375
26100.373046875
26092.765625
26084.666015625
26076.94921875
26069.103515625
26061.0625
26053.470703125
26045.5859375
26037.703125
26030.0
26022.09765625
26014.40625
26006.671875
25998.796875
25991.087890625
25983.375
25975.53515625
25967.87890625
25960.123046875
25952.3359375
25944.681640625
25936.93359375
25929.228515625
25921.595703125
25913.85546875
25906.22265625
25898.5234375
25890.890625
25883.232421875
25875.625
25867.99609375
25860.357421875
25852.740234375
25845.18359375
25837.552734375
25829.990234375
25822.396484375
25814.90234375
25807.361328125
25799.8125
25792.265625
25784.7578125
25777.197265625
25769.73828125
25762.240234375
25754.78125
25747.3203125
25739.8671875
25732.4296875
25724.962890625
25717.521484375
25710.19140625
25702.75390625
25695.359375
25688.013671875
25680.60546875
25673.25
25665.97265625
25658.60546875
25651.287109375
25643.982421875
25636.69921875
25629.40234375
25622.15625
25614.888671875
25607.638671875
25600.39453125
25593.171875
25585.970703125
25578.716796875
25571.51953125
25564.341796875
25557.16796875
25549.97265625
25542.787109375
25535.640625
25528.4921875
25521.369140625
25514.2734375
25507.11328125
25500.0234375
25492.8984375
25485.83984375
25478.724609375
25471.64453125
25464.55078125
25457.486328125
25450.43359375
25443.392578125
25436.291015625
25429.26171875
25422.19140625
25415.15234375
25408.11328125
25401.046875
25394.017578125
25386.931640625
25379.84765625
25372.7890625
25365.666015625
25358.5390625
25351.40234375
25344.2109375
25337.0234375
25329.7890625
25322.6328125
25315.46875
25308.30859375
25301.21484375
25294.216796875
25287.240234375
25280.326171875
25273.453125
25266.564453125
25259.70703125
25252.87890625
25246.01953125
25239.1484375
25232.2734375
25225.4375
25218.5390625
25211.720703125
25204.90234375
25198.078125
25191.25
25184.46484375
25177.6875
25170.833984375
25164.09375
25157.27734375
25150.484375
25143.708984375
25136.87890625
25130.12890625
25123.30859375
25116.494140625
25109.65625
25102.8125
25095.98828125
25089.171875
25082.298828125
25075.45703125
25068.60546875
25061.78515625
25054.984375
25048.146484375
25041.359375
25034.607421875
25027.88671875
25021.185546875
25014.537109375
25007.859375
25001.224609375
24994.62109375
24988.005859375
24981.38671875
24974.833984375
24968.28515625
24961.6953125
24955.15625
24948.634765625
24942.072265625
24935.525390625
24928.984375
24922.474609375
24915.96484375
24909.45703125
24902.97265625
24896.42578125
24889.94140625
24883.5234375
24877.02734375
24870.61328125
24864.138671875
24857.734375
24851.296875
24844.896484375
24838.5390625
24832.1328125
24825.720703125
24819.38671875
24813.056640625
24806.658203125
24800.318359375
24793.978515625
24787.67578125
24781.328125
24775.107421875
24768.736328125
24762.47265625
24756.197265625
24749.939453125
24743.6953125
24737.43359375
24731.20703125
24725.005859375
24718.7734375
24712.626953125
24706.384765625
24700.203125
24694.08984375
24687.87109375
24681.720703125
24675.62109375
24669.431640625
24663.283203125
24657.173828125
24651.03125
24644.921875
24638.77734375
24632.705078125
24626.60546875
24620.529296875
24614.40625
24608.310546875
24602.322265625
24596.208984375
24590.1328125
24584.083984375
24578.04296875
24572.01171875
24566.01171875
24559.947265625
24553.93359375
24547.927734375
24541.9609375
24536.013671875
24530.05078125
24524.17578125
24518.330078125
24512.390625
24506.5703125
24500.466796875
24494.4375
24488.36328125
24482.32421875
24476.33203125
24470.45703125
24464.60546875
24458.802734375
24452.9375
24446.970703125
24441.041015625
24435.0703125
24429.1875
24423.302734375
24417.45703125
24411.671875
24405.857421875
24400.03125
24394.20703125
24388.33203125
24382.52734375
24376.720703125
24370.875
24365.125
24359.35546875
24353.55859375
24347.814453125
24342.01953125
24336.265625
24330.50390625
24324.708984375
24318.970703125
24313.21875
24307.482421875
24301.7265625
24296.025390625
24290.31640625
24284.5859375
24278.888671875
24273.125
24267.46484375
24261.76953125
24256.06640625
24250.42578125
24244.685546875
24239.013671875
24233.396484375
24227.67578125
24222.052734375
24216.400390625
24210.744140625
24205.119140625
24199.48828125
24193.857421875
24188.208984375
24182.58984375
24176.9765625
24171.33984375
24165.779296875
24160.171875
24154.55078125
24148.9453125
24143.41015625
24137.81640625
24132.255859375
24126.6953125
24121.171875
24115.572265625
24110.021484375
24104.529296875
24098.96875
24093.44921875
24087.9140625
24082.37109375
24076.884765625
24071.357421875
24065.828125
24060.328125
24054.900390625
24049.384765625
24043.890625
24038.38671875
24032.94140625
24027.4453125
24021.99609375
24016.57421875
24011.1640625
24005.728515625
24000.3359375
23994.98046875
23989.546875
23984.171875
23978.73828125
23973.3359375
23967.8359375
23962.38671875
23956.8984375
23951.466796875
23946.04296875
23940.625
23935.22265625
23929.82421875
23924.439453125
23919.06640625
23913.71484375
23908.373046875
23903.0234375
23897.6484375
23892.26953125
23886.8828125
23881.53125
23876.12890625
23870.81640625
23865.453125
23860.115234375
23854.775390625
23849.498046875
23844.1875
23838.8984375
23833.625
23828.375
23823.09375
23817.73828125
23812.328125
23806.875
23801.3515625
23795.837890625
23790.345703125
23784.935546875
23779.478515625
23774.0703125
23768.578125
23763.1328125
23757.64453125
23752.173828125
23746.75
23741.353515625
23736.005859375
23730.677734375
23725.390625
23720.130859375
23714.86328125
23709.625
23704.375
23699.171875
23693.8828125
23688.63671875
23683.369140625
23678.111328125
23672.97265625
23667.76171875
23662.619140625
23657.546875
23652.583984375
23647.74609375
23643.083984375
23638.5
23633.90625
23628.8046875
23623.1484375
23616.9609375
23610.88671875
23605.369140625
23600.57421875
23595.984375
23591.150390625
23585.75390625
23580.15625
23574.595703125
23569.48828125
23564.67578125
23559.814453125
23554.662109375
23549.29296875
23543.98828125
23538.873046875
23533.943359375
23529.013671875
23523.90234375
23518.783203125
23513.58203125
23508.490234375
23503.57421875
23498.619140625
23493.6328125
23488.546875
23483.484375
23478.46484375
23473.501953125
23468.57421875
23463.65234375
23458.69921875
23453.77734375
23448.8359375
23444.056640625
23439.19921875
23434.46484375
23429.583984375
23424.78125
23419.8203125
23414.86328125
23409.728515625
23404.646484375
23399.41015625
23394.21484375
23388.98828125
23383.8671875
23378.806640625
23373.8125
23368.8671875
23363.98046875
23359.130859375
23354.240234375
23349.40625
23344.544921875
23339.70703125
23334.826171875
23329.95703125
23325.041015625
23320.14453125
23315.25390625
23310.40234375
23305.583984375
23300.84375
23296.234375
23291.51171875
23287.060546875
23282.314453125
23277.734375
23272.82421875
23268.04296875
23263.169921875
23258.3125
23253.421875
23248.580078125
23243.8359375
23239.123046875
23234.447265625
23229.60546875
23224.744140625
23219.73828125
23214.8125
23209.97265625
23205.298828125
23200.75
23196.171875
23191.63671875
23187.02734375
23182.5234375
23178.05859375
23173.69140625
23169.375
23165.341796875
23161.703125
23158.533203125
23155.333984375
23151.7265625
23147.1875
23141.77734375
23136.015625
23130.6953125
23125.740234375
23121.515625
23116.9296875
23112.482421875
23107.140625
23101.673828125
23096.275390625
23091.525390625
23087.609375
23084.259765625
23081.087890625
23077.22265625
23073.224609375
23067.798828125
23062.63671875
23056.546875
23050.802734375
23045.259765625
23040.45703125
23036.451171875
23032.873046875
23029.169921875
23024.31640625
23018.87890625
23013.4453125
23008.978515625
23005.39453125
23001.78515625
22997.658203125
22992.5703125
22987.08984375
22981.669921875
22976.72265625
22972.02734375
22967.2421875
22962.435546875
22957.83203125
22953.388671875
22948.88671875
22944.390625
22940.078125
22936.34765625
22933.298828125
22930.263671875
22926.45703125
22921.87890625
22917.080078125
22912.55078125
22907.9921875
22903.1953125
22897.9609375
22892.50390625
22887.17578125
22882.2265625
22877.875
22873.828125
22869.79296875
22865.630859375
22861.13671875
22856.375
22850.76171875
22844.9296875
22839.158203125
22834.037109375
22829.6328125
22825.66015625
22821.6484375
22817.1171875
22812.234375
22807.0546875
22802.208984375
22797.869140625
22794.08984375
22790.392578125
22786.576171875
22782.26171875
22777.3671875
22772.240234375
22767.087890625
22762.380859375
22757.97265625
22753.9921875
22750.130859375
22746.236328125
22742.171875
22737.9375
22733.71875
22729.4453125
22725.130859375
22720.52734375
22715.75390625
22710.791015625
22705.859375
22701.154296875
22696.6328125
22692.1796875
22687.7109375
22683.142578125
22678.615234375
22674.234375
22670.169921875
22666.484375
22662.923828125
22659.166015625
22654.91015625
22650.181640625
22645.4921875
22641.14453125
22637.05078125
22632.859375
22628.46484375
22623.708984375
22619.232421875
22615.103515625
22611.6796875
22608.501953125
22605.32421875
22601.87890625
22598.0625
22594.12890625
22589.892578125
22585.453125
22580.5078125
22575.267578125
22569.796875
22564.58984375
22559.98046875
22555.91796875
22552.33203125
22548.90234375
22545.328125
22541.380859375
22537.09765625
22532.44921875
22527.46484375
22522.30859375
22517.302734375
22512.86328125
22509.0859375
22505.912109375
22502.845703125
22499.40234375
22495.060546875
22489.671875
22483.546875
22477.283203125
22471.423828125
22466.333984375
22461.802734375
22457.53125
22453.212890625
22448.6484375
22443.900390625
22439.2421875
22434.673828125
22430.12109375
22425.47265625
22420.67578125
22415.8125
22411.14453125
22406.59765625
22402.400390625
22398.16796875
22394.09375
22389.7421875
22385.40625
22380.9296875
22376.6171875
22372.4375
22368.572265625
22364.869140625
22361.40625
22357.91796875
22354.44921875
22350.77734375
22347.3515625
22343.83984375
22340.80859375
22337.60546875
22334.712890625
22331.310546875
22327.826171875
22323.85546875
22319.92578125
22315.9609375
22312.36328125
22308.953125
22305.546875
22301.6953125
22297.109375
22291.873046875
22286.224609375
22280.896484375
22276.294921875
22272.8359375
22270.162109375
22267.625
22264.255859375
22259.58984375
22253.6484375
22247.35546875
22241.66015625
22236.9296875
22232.8203125
22228.72265625
22224.31640625
22219.77734375
22215.765625
22211.99609375
22208.66015625
22204.083984375
22198.779296875
22192.859375
22187.435546875
22182.966796875
22178.85546875
22174.576171875
22169.623046875
22164.466796875
22159.458984375
22155.24609375
22151.603515625
22148.25
22144.638671875
22140.673828125
22136.5625
22132.8046875
22129.37109375
22126.28515625
22122.474609375
22118.001953125
22112.419921875
22106.671875
22101.5625
22097.55859375
22094.396484375
22091.435546875
22088.150390625
22084.076171875
22079.650390625
22075.193359375
22071.2265625
22067.7578125
22064.625
22061.521484375
22058.353515625
22055.048828125
22051.828125
22048.62109375
22045.5390625
22042.30078125
22038.875
22035.12109375
22031.015625
22026.68359375
22022.255859375
22018.0
22013.84375
22010.0078125
22006.18359375
22002.45703125
21998.572265625
21994.875
21991.029296875
21987.708984375
21984.52734375
21982.060546875
21979.412109375
21977.0390625
21974.24609375
21971.482421875
21968.28515625
21964.85546875
21960.5234375
21955.26953125
21948.740234375
21942.2265625
21936.45703125
21932.33203125
21929.701171875
21927.595703125
21925.00390625
21921.185546875
21916.31640625
21910.849609375
21905.41015625
21900.37890625
21895.62109375
21891.06640625
21886.505859375
21881.859375
21877.19921875
21872.580078125
21867.953125
21863.38671875
21859.03125
21855.029296875
21851.4609375
21848.068359375
21844.57421875
21840.921875
21837.185546875
21833.59765625
21830.205078125
21826.94921875
21823.765625
21820.49609375
21817.052734375
21813.330078125
21809.41015625
21805.26171875
21801.24609375
21797.388671875
21793.8046875
21790.427734375
21787.171875
21783.87890625
21780.546875
21777.28125
21773.96875
21770.912109375
21767.6484375
21764.650390625
21761.11328125
21757.46484375
21753.095703125
21748.390625
21743.408203125
21738.65234375
21734.41796875
21730.8984375
21728.19140625
21725.77734375
21723.61328125
21720.8046875
21717.419921875
21713.146484375
21708.376953125
21703.501953125
21698.990234375
21695.138671875
21691.91796875
21689.150390625
21686.47265625
21683.666015625
21680.451171875
21676.890625
21672.861328125
21668.6875
21664.25390625
21659.919921875
21655.486328125
21651.3359375
21647.0703125
21643.0546875
21638.9921875
21635.130859375
21631.419921875
21627.916015625
21624.65625
21621.474609375
21618.42578125
21615.138671875
21611.6015625
21607.3828125
21602.78515625
21598.041015625
21593.951171875
21590.451171875
21587.5703125
21584.556640625
21581.26953125
21577.7265625
21574.3125
21571.443359375
21569.0234375
21566.494140625
21563.26171875
21559.373046875
21554.8515625
21550.51953125
21546.17578125
21542.037109375
21537.7421875
21533.58203125
21529.3671875
21525.546875
21521.828125
21518.48046875
21515.05859375
21511.681640625
21508.0078125
21504.55078125
21501.09765625
21498.34765625
21495.623046875
21493.359375
21490.8046875
21488.66796875
21486.49609375
21484.84375
21482.8046875
21480.359375
21476.4375
21471.404296875
21465.08203125
21458.486328125
21452.048828125
21446.5078125
21441.96875
21438.28125
21435.294921875
21432.3203125
21429.298828125
21425.888671875
21422.1171875
21417.845703125
21413.48828125
21409.17578125
21405.44921875
21402.1640625
21399.412109375
21396.83984375
21394.35546875
21391.947265625
21389.62890625
21387.53515625
21385.384765625
21383.05078125
21379.931640625
21376.1875
21371.740234375
21367.34765625
21362.96484375
21359.234375
21355.84765625
21353.0546875
21350.02734375
21346.57421875
21342.14453125
21337.26953125
21332.333984375
21328.177734375
21324.796875
21322.16015625
21319.474609375
21316.375
21312.61328125
21308.3125
21303.77734375
21299.634765625
21296.19921875
21293.419921875
21291.060546875
21288.455078125
21285.27734375
21281.087890625
21276.072265625
21270.828125
21266.07421875
21262.46484375
21259.740234375
21257.505859375
21255.11328125
21252.359375
21249.35546875
21246.583984375
21244.34765625
21242.43359375
21240.5859375
21238.03125
21234.45703125
21229.703125
21224.1171875
21218.61328125
21213.841796875
21210.3359375
21207.6015625
21205.328125
21202.56640625
21199.3984375
21195.427734375
