9351.4775390625
9345.9248046875
9341.2041015625
9337.2421875
9333.9453125
9331.197265625
9328.896484375
9326.9482421875
9325.263671875
9323.7724609375
9322.4140625
9321.14453125
9319.93359375
9318.763671875
9317.6220703125
9316.51171875
9315.4384765625
9314.4052734375
9313.4169921875
9312.4814453125
9311.5986328125
9310.7705078125
9309.99609375
9309.26953125
9308.587890625
9307.943359375
9307.3349609375
9306.75390625
9306.1953125
9305.6591796875
9305.142578125
9304.6435546875
9304.166015625
9303.703125
9303.2587890625
9302.830078125
9302.421875
9302.0283203125
9301.65234375
9301.2890625
9300.939453125
9300.6044921875
9300.283203125
9299.9716796875
9299.673828125
9299.3828125
9299.1015625
9298.828125
9298.5625
9298.3056640625
9298.0546875
9297.810546875
9297.572265625
9297.34375
9297.1171875
9296.900390625
9296.6875
9296.4794921875
9296.275390625
9296.076171875
9295.8798828125
9295.6904296875
9295.5
9295.31640625
9295.134765625
9294.955078125
9294.78125
9294.607421875
9294.4375
9294.26953125
9294.1064453125
9293.94140625
9293.783203125
9293.6240234375
9293.46875
9293.3134765625
9293.1611328125
9293.009765625
9292.8662109375
9292.720703125
9292.5771484375
9292.4345703125
9292.2919921875
9292.150390625
9292.0146484375
9291.8759765625
9291.740234375
9291.6044921875
9291.470703125
9291.3388671875
9291.2060546875
9291.07421875
9290.9423828125
9290.8134765625
9290.6865234375
9290.5625
9290.435546875
9290.3095703125
9290.1845703125
9290.0615234375
9289.939453125
9289.81640625
9289.6953125
9289.5732421875
9289.4541015625
9289.3359375
9289.216796875
9289.0966796875
9288.978515625
9288.861328125
9288.744140625
9288.6279296875
9288.51171875
9288.396484375
9288.2822265625
9288.166015625
9288.052734375
9287.9375
9287.82421875
9287.7109375
9287.5966796875
9287.484375
9287.3740234375
9287.26171875
9287.1494140625
9287.0400390625
9286.927734375
9286.818359375
9286.7080078125
9286.599609375
9286.48828125
9286.380859375
9286.2724609375
9286.1630859375
9286.052734375
9285.943359375
9285.8359375
9285.7265625
9285.62109375
9285.5126953125
9285.4052734375
9285.296875
9285.1904296875
9285.083984375
9284.9765625
9284.869140625
9284.763671875
9284.658203125
9284.548828125
9284.4443359375
9284.3388671875
9284.2333984375
9284.1279296875
9284.0234375
9283.91796875
9283.8125
9283.708984375
9283.603515625
9283.501953125
9283.3984375
9283.29296875
9283.189453125
9283.0830078125
9282.9794921875
9282.8779296875
9282.7744140625
9282.6708984375
9282.5693359375
9282.466796875
9282.365234375
9282.2607421875
9282.162109375
9282.0576171875
9281.95703125
9281.8564453125
9281.7548828125
9281.654296875
9281.5546875
9281.455078125
9281.35546875
9281.255859375
9281.15625
9281.0576171875
9280.958984375
9280.8603515625
9280.763671875
9280.666015625
9280.5693359375
9280.4736328125
9280.3779296875
9280.28125
9280.1884765625
9280.091796875
9279.9970703125
9279.9052734375
9279.814453125
9279.7216796875
9279.626953125
9279.53515625
9279.4453125
2155653120.0
565747328.0
531900512.0
3815512.0
66963349504.0
241218.078125
336714.6875
584002.6875
95479.828125
86830.25
87621.234375
91612.7890625
98099.765625
106613.46875
116098.421875
126374.0390625
137079.09375
147774.6875
158098.03125
167829.234375
176683.453125
184513.359375
191223.34375
196730.453125
200955.46875
203828.484375
205371.359375
205666.28125
204861.5625
203103.25
200506.53125
197184.4375
193300.921875
188959.828125
184331.9375
179486.265625
174506.390625
169473.53125
164446.453125
159460.765625
154596.96875
149870.53125
145296.84375
140876.609375
136625.890625
132555.34375
128675.375
124982.3046875
121470.5703125
118122.234375
114950.359375
111945.5
109103.9296875
106411.7421875
103856.125
101435.3203125
99136.1484375
96957.6484375
94889.40625
92928.9375
91070.2734375
89302.0546875
87621.828125
86021.28125
84498.859375
83048.7265625
81668.0390625
80351.625
79093.796875
77893.125
76742.546875
75643.046875
74589.7578125
73580.7109375
72611.71875
71682.0078125
70787.3984375
69925.8671875
69092.4375
68285.5390625
67505.5703125
66750.0078125
66019.9140625
65316.3046875
64637.70703125
63983.875
63352.71875
62742.734375
62153.25
61582.6171875
61028.67578125
60491.0234375
59968.75390625
59461.828125
58969.4140625
58490.8203125
58025.09375
57571.65234375
57129.33984375
56698.40625
56278.1328125
55868.38671875
55468.984375
55078.82421875
54698.8125
54328.3671875
53966.1953125
53612.5
53266.7265625
52928.63671875
52597.52734375
52273.48046875
51956.51171875
51645.671875
51341.2890625
51042.4140625
50749.6875
50462.58984375
50181.015625
49904.625
49632.90234375
49366.0234375
49104.50390625
48847.58203125
48594.53515625
48346.37890625
48103.0
47863.78515625
47628.09375
47396.40625
47168.5859375
46944.47265625
46723.8203125
46506.71484375
46292.984375
46082.8125
45875.65625
45671.8125
45470.7265625
45273.1171875
45078.10546875
44886.01953125
44696.50390625
44509.96875
44326.1796875
44144.73046875
43966.1015625
43789.7734375
43615.8125
43444.39453125
43274.94921875
43107.8359375
42942.9296875
42780.4375
42619.57421875
42461.02734375
42303.7734375
42149.2890625
41996.375
41844.8828125
41695.62890625
41547.98046875
41402.29296875
41258.13671875
41115.58203125
40974.3515625
40835.03515625
40696.97265625
40560.38671875
40425.5390625
40291.91796875
40159.91015625
40028.89453125
39899.53515625
39771.625
39645.05078125
39519.578125
39395.609375
39272.890625
39151.41015625
39031.24609375
38912.09765625
38794.328125
38677.70703125
38562.3671875
38448.1640625
38334.953125
38222.94921875
38112.0390625
38002.1796875
37893.0859375
37785.00390625
37678.09765625
37572.3359375
37467.703125
37364.55859375
37262.140625
37162.296875
37058.50390625
36959.171875
36863.5
36761.22265625
36665.765625
36572.7109375
36473.296875
36383.2734375
36288.2421875
36194.12890625
36105.67578125
36010.6640625
35922.54296875
35830.72265625
35742.75
35655.0625
35566.75
35483.671875
35395.97265625
35312.3359375
35225.1640625
35140.92578125
35058.5234375
34977.34375
34897.578125
34812.78515625
34734.5234375
34663.06640625
34573.5859375
34501.2890625
34431.546875
34342.54296875
34279.4375
34196.9140625
34127.62890625
34043.49609375
33974.36328125
33902.109375
33828.0234375
33752.00390625
33680.140625
33605.0546875
33537.14453125
33459.9375
33392.078125
33319.6015625
33253.5859375
33179.9765625
33112.890625
33045.33984375
32979.1875
32909.01953125
32848.34375
32780.078125
32717.763671875
32649.5078125
32586.373046875
32520.01171875
32459.01171875
32393.203125
32333.01171875
32268.275390625
32208.306640625
32145.486328125
32085.515625
32024.193359375
31964.92578125
31903.904296875
31845.95703125
31785.791015625
31727.82421875
31669.0625
31611.97265625
31553.888671875
31496.796875
31439.41015625
31382.873046875
31326.7265625
31271.234375
31215.50390625
31160.1640625
31105.47265625
31051.34375
30997.263671875
30943.2578125
30890.1640625
30837.140625
30784.62109375
30731.84765625
30679.53125
30627.2578125
30575.818359375
30524.705078125
30473.9296875
30423.046875
30372.6796875
30322.62890625
30272.8359375
30223.599609375
30174.244140625
30125.279296875
30076.869140625
30028.86328125
29981.103515625
29933.455078125
29885.89453125
29838.27734375
29791.26171875
29744.83203125
29698.6796875
29652.0546875
29605.5234375
29559.57421875
29513.8828125
29468.51953125
29423.54296875
29378.9609375
29334.34765625
29289.685546875
29245.41015625
29201.765625
29158.140625
29114.771484375
29071.35546875
29028.08203125
28984.96484375
28942.47265625
28900.291015625
28858.087890625
28816.064453125
28774.2734375
28732.56640625
28691.14453125
28649.86328125
28608.9296875
28568.224609375
28527.71484375
28487.625
28447.798828125
28408.01953125
28368.0625
28328.171875
28289.03515625
28249.880859375
28210.49609375
28170.5625
28131.177734375
28092.734375
28054.7421875
28016.40625
27977.65234375
27939.328125
27901.693359375
27864.390625
27826.73046875
27789.275390625
27752.33984375
27715.97265625
27679.80078125
27643.181640625
27606.607421875
27570.4921875
27534.943359375
27499.302734375
27463.02734375
27427.044921875
27391.92578125
27357.208984375
27322.095703125
27286.806640625
27252.06640625
27217.44921875
27182.75390625
27148.15625
27114.005859375
27080.19921875
27046.09765625
27012.296875
26978.810546875
26945.662109375
26912.55859375
26879.78515625
26847.42578125
26815.55078125
26782.9765625
26749.87890625
26715.79296875
26682.693359375
26650.943359375
26619.68359375
26587.828125
26555.353515625
26523.3671875
26492.609375
26462.173828125
26431.71484375
26400.77734375
26370.19140625
26339.05859375
26306.88671875
26274.521484375
26243.32421875
26213.6171875
26184.181640625
26154.1015625
26123.373046875
26092.931640625
26063.197265625
26033.779296875
26004.173828125
25974.701171875
25945.28125
25916.078125
25886.734375
25857.40234375
25828.04296875
25799.12890625
25770.44140625
25742.6171875
25713.86328125
25685.51171875
25656.271484375
25627.638671875
25599.357421875
25571.572265625
25543.865234375
25516.1015625
25488.70703125
25461.306640625
25434.83984375
25408.0703125
25381.8125
25355.3125
25326.90625
25297.361328125
25269.25
25243.7109375
25217.466796875
25189.671875
25161.3359375
25135.240234375
25109.66015625
25082.900390625
25055.34375
25029.095703125
25003.19140625
24976.783203125
24950.642578125
24925.16015625
24899.6484375
24873.33203125
24847.62109375
24823.03515625
24798.48828125
24773.00390625
24746.6875
24720.4765625
24695.8046875
24671.30078125
24646.0859375
24620.3203125
24595.56640625
24571.916015625
24547.50390625
24523.26953125
24498.728515625
24474.455078125
24448.927734375
24423.91015625
24399.375
24375.10546875
24350.5546875
24326.265625
24302.69140625
24278.822265625
24255.16015625
24231.884765625
24209.14453125
24186.609375
24163.73828125
24140.94921875
24117.919921875
24094.58203125
24070.349609375
24046.5859375
24023.48046875
24001.00390625
23978.919921875
23954.947265625
23931.763671875
23909.142578125
23887.171875
23864.208984375
23839.970703125
23816.8046875
23794.203125
23770.52734375
23746.966796875
23724.806640625
23702.77734375
23680.4296875
23657.390625
23636.111328125
23614.666015625
23592.625
23570.25
23549.07421875
23527.271484375
23505.24609375
23483.107421875
23462.0390625
23440.7890625
23418.65234375
23396.927734375
23376.59375
23355.505859375
23333.89453125
23312.75
23292.83984375
23272.78515625
23252.0703125
23232.65234375
23213.4453125
23193.5859375
23172.44140625
23151.859375
23130.94921875
23110.3203125
23089.53515625
23069.923828125
23050.5859375
23030.9609375
23011.568359375
22992.853515625
22973.33984375
22952.853515625
22932.01953125
22912.7109375
22893.69140625
22875.041015625
22856.083984375
22838.984375
22819.18359375
22798.916015625
22778.56640625
22759.92578125
22741.890625
22721.96484375
22701.59375
22681.57421875
22663.025390625
22644.775390625
22625.33984375
22605.58203125
22585.818359375
22566.810546875
22548.1171875
22529.1875
22509.93359375
22490.9453125
22472.798828125
22454.9140625
22436.61328125
22418.2265625
22400.234375
22382.74609375
22364.67578125
22346.30078125
22327.4921875
22309.533203125
22291.779296875
22274.2578125
22256.25
22237.458984375
22218.568359375
22200.01171875
22182.40625
22164.830078125
22147.1796875
22128.62890625
22110.052734375
22091.763671875
22074.16796875
22056.734375
22039.142578125
22021.423828125
22003.765625
21986.4140625
21968.8984375
21951.25
21933.56640625
21916.27734375
21899.478515625
21882.78515625
21865.912109375
21848.953125
21832.16015625
21815.525390625
21798.80859375
21782.212890625
21766.017578125
21750.42578125
21734.544921875
21717.44921875
21698.869140625
21679.875
21661.138671875
21643.69140625
21627.52734375
21612.109375
21596.12890625
21580.2578125
21563.818359375
21548.078125
21530.84375
21513.9296875
21496.0703125
21478.400390625
21460.380859375
21442.95703125
21426.09765625
21410.0625
21394.373046875
21378.40234375
21362.265625
21345.7109375
21329.01953125
21311.412109375
21293.986328125
21277.029296875
21261.37890625
21246.181640625
21231.171875
21215.671875
21200.1953125
21184.2265625
21167.34375
21149.45703125
21131.97265625
21116.3203125
21102.576171875
21090.6953125
21077.431640625
21063.470703125
21044.134765625
21025.09375
21009.2734375
20993.84765625
20977.41015625
20959.349609375
20940.787109375
20924.96484375
20910.50390625
20894.234375
20877.642578125
20863.39453125
20849.56640625
20834.892578125
20821.6484375
20814.44140625
20796.65234375
20776.90234375
20764.154296875
20752.34765625
20738.234375
20718.05078125
20704.46875
20685.962890625
20665.658203125
20656.99609375
20646.34765625
20624.23046875
20610.5
20591.35546875
20575.083984375
20561.6640625
20542.9453125
20531.21875
20514.583984375
20500.60546875
20486.708984375
20472.40234375
20461.650390625
20444.93359375
20424.4609375
20408.1171875
20396.57421875
20380.22265625
20370.14453125
20356.533203125
20342.03125
20321.7109375
20309.73828125
20305.271484375
20291.46875
20274.638671875
20260.94921875
20244.576171875
20230.97265625
20210.80078125
20199.052734375
20192.423828125
20177.7578125
20155.45703125
20148.8125
20135.078125
20111.9140625
20097.8671875
20081.7734375
20065.42578125
20053.49609375
20037.806640625
20023.66796875
20008.841796875
19994.498046875
19981.015625
19967.1796875
19950.849609375
19936.58984375
19922.890625
19909.12109375
19895.306640625
19882.248046875
19868.875
19854.265625
19840.060546875
19825.943359375
19811.765625
19799.4375
19787.5859375
19775.0859375
19762.412109375
19749.7109375
19736.82421875
19724.01171875
19710.88671875
19697.16796875
19682.978515625
19669.7265625
19657.3515625
19645.265625
19632.11328125
19618.326171875
19604.2890625
19591.712890625
19580.388671875
19569.994140625
19558.37890625
19546.17578125
19532.91015625
19519.798828125
19506.54296875
19493.962890625
19481.94921875
19470.87890625
19459.9296875
19448.34765625
19435.279296875
19421.439453125
19407.73046875
19395.626953125
19384.009765625
19373.26171875
19361.26171875
19349.3515625
19335.80859375
19321.9765625
19307.0390625
19291.83203125
19277.19140625
19263.755859375
19251.638671875
19240.046875
19228.9765625
19217.767578125
19206.2265625
19195.15625
19183.27734375
19172.529296875
19159.87890625
19146.466796875
19133.7265625
19120.791015625
19108.9375
19097.32421875
19085.142578125
19072.7578125
19060.392578125
19048.041015625
19035.923828125
19024.53515625
19012.984375
19001.744140625
18989.8515625
18978.30859375
18966.7421875
18955.91015625
18944.83203125
18933.6171875
18921.728515625
18909.890625
18899.15625
18889.75
18882.375
18874.69140625
18865.52734375
18852.98046875
18839.3046875
18825.576171875
18812.09765625
18798.96875
18786.70703125
18776.041015625
18765.72265625
18755.31640625
18743.64453125
18732.546875
18721.607421875
18711.2265625
18700.96484375
18689.55078125
18679.4375
18667.267578125
18656.1875
18645.212890625
18634.423828125
18624.587890625
18615.35546875
18607.87890625
18598.9140625
18588.89453125
18577.16015625
18564.978515625
18553.87890625
18542.1484375
18531.42578125
18520.134765625
18509.390625
18497.12109375
18484.6015625
18472.0859375
18461.193359375
18451.21484375
18441.57421875
18431.6171875
18420.888671875
18410.38671875
18401.8671875
18395.484375
18389.828125
18377.86328125
18363.00390625
18351.42578125
18344.21484375
18334.30078125
18322.248046875
18312.42578125
18303.9921875
18294.48046875
18285.56640625
18278.01171875
18270.154296875
18263.654296875
18257.12109375
18250.8515625
18238.0390625
18224.27734375
18210.068359375
18199.150390625
18192.01171875
18186.09765625
18178.67578125
18167.185546875
18156.546875
18148.57421875
18141.875
18135.1015625
18126.017578125
18115.603515625
18105.5234375
18096.0703125
18086.37109375
18075.251953125
18064.515625
18054.546875
18044.85546875
18035.46875
18025.794921875
18017.46875
18008.1953125
17999.94140625
17989.53515625
17978.775390625
17967.6015625
17957.291015625
17948.58984375
17940.2109375
17932.443359375
17923.873046875
17915.134765625
17906.263671875
17897.822265625
17889.765625
17881.970703125
17874.234375
17866.05859375
17857.197265625
17847.7734375
17838.91796875
17830.580078125
17822.66796875
17814.208984375
17804.9140625
17794.52734375
17783.71875
17773.62890625
17764.9765625
17757.77734375
17750.16015625
17741.55078125
17730.875
17719.998046875
17709.712890625
17701.77734375
17694.8515625
17687.84765625
17679.546875
17670.904296875
17662.87109375
17655.59375
17648.107421875
17640.05859375
17631.93359375
17624.5390625
17618.2734375
17612.341796875
17606.318359375
17599.44921875
17591.888671875
17583.3046875
17574.021484375
17563.8671875
17553.4609375
17542.79296875
17532.90234375
17523.55078125
17515.4140625
17507.84765625
17500.85546875
17493.578125
17486.11328125
17478.5703125
17470.986328125
17464.109375
17457.126953125
17450.591796875
17442.3671875
17433.673828125
17423.740234375
17414.783203125
17406.859375
17400.583984375
17394.390625
17387.97265625
17380.14453125
17371.90234375
17363.580078125
17356.49609375
17350.16015625
17344.0078125
17337.341796875
17329.92578125
17322.263671875
17314.8125
17308.80859375
17303.77734375
17299.9375
17295.208984375
17289.560546875
17281.9765625
17273.86328125
17264.8046875
17254.78515625
17242.86328125
17232.14453125
17225.279296875
17222.18359375
17218.771484375
17211.86328125
17202.263671875
17193.4609375
17187.43359375
17182.02734375
17175.556640625
17166.9140625
17158.1953125
17150.0390625
17142.26171875
17134.419921875
17126.482421875
17119.97265625
17113.96484375
17108.29296875
17078.349609375
17079.2421875
17080.59765625
17057.3984375
17065.60546875
17053.3046875
17042.83984375
17046.109375
17031.048828125
17028.57421875
17024.498046875
17013.203125
17012.2109375
17004.283203125
16997.44921875
16994.66015625
16986.35546875
16982.0234375
16977.1328125
16970.1484375
16966.35546875
16960.33203125
16954.802734375
16950.46875
16944.421875
16939.701171875
16934.673828125
16929.111328125
16924.453125
16919.173828125
16914.046875
16909.203125
16903.94921875
16898.998046875
16894.044921875
16888.884765625
16883.98828125
16878.986328125
16873.9375
16869.037109375
16863.962890625
16858.994140625
16854.0859375
16849.048828125
16844.078125
16839.142578125
16834.09375
16829.21875
16824.203125
16819.21484375
16814.28125
16809.28515625
16804.34375
16799.3984375
16794.4375
16789.513671875
16784.552734375
16779.5703125
16774.646484375
16769.6953125
16764.755859375
16759.845703125
16754.849609375
16749.916015625
16744.982421875
16740.05859375
16735.134765625
16730.16796875
16725.2109375
16720.3125
16715.396484375
16710.48046875
16705.56640625
16700.701171875
16695.75390625
16690.875
16685.98046875
16681.08984375
16676.25390625
16671.37109375
16666.5234375
16661.66796875
16656.8046875
16651.978515625
16647.15234375
16642.333984375
16637.50390625
16632.703125
16627.890625
16623.08984375
16618.259765625
16613.48046875
16608.67578125
16603.912109375
16599.130859375
16594.365234375
16589.623046875
16584.861328125
16580.10546875
16575.39453125
16570.60546875
16565.89453125
16561.1796875
16556.4765625
16551.724609375
16547.015625
16542.3203125
16537.63671875
16532.8828125
16528.19921875
16523.47265625
16518.7890625
16514.0703125
16509.388671875
16504.6953125
16500.01953125
16495.27734375
16490.578125
16485.859375
16481.16796875
16476.4609375
16471.732421875
16466.986328125
16462.2265625
16457.478515625
16452.71875
16447.955078125
16443.15625
16438.375
16433.5546875
16428.755859375
16423.94921875
16419.15234375
16414.384765625
16409.611328125
16404.83203125
16400.064453125
16395.3515625
16390.634765625
16385.94921875
16381.26953125
16376.607421875
16371.9453125
16367.3701171875
16362.7578125
16358.16015625
16353.5888671875
16348.99609375
16344.361328125
16339.79296875
16335.2333984375
16330.625
16326.09375
16321.48828125
16316.884765625
16312.30859375
16307.7080078125
16303.1328125
16298.529296875
16293.876953125
16289.24609375
16284.6064453125
16279.9931640625
16275.380859375
16270.75390625
16266.21484375
16261.67578125
16257.17578125
16252.71484375
16248.2265625
16243.7607421875
16239.3310546875
16234.88671875
16230.462890625
16226.0263671875
16221.6318359375
16217.21875
16212.837890625
16208.455078125
16204.0263671875
16199.6455078125
16195.2734375
16190.888671875
16186.4921875
16182.1142578125
16177.748046875
16173.4375
16169.080078125
16164.701171875
16160.3779296875
16156.0458984375
16151.7060546875
16147.34765625
16143.03515625
16138.6953125
16134.3818359375
16130.0927734375
16125.7578125
16121.44140625
16117.1591796875
16112.865234375
16108.5390625
16104.23046875
16099.9326171875
16095.6328125
16091.3583984375
16087.0390625
16082.76953125
16078.4658203125
16074.1455078125
16069.8515625
16065.568359375
16061.2841796875
16056.962890625
16052.7666015625
16048.703125
16044.9599609375
16041.490234375
16037.240234375
16032.052734375
16027.1708984375
16022.96484375
16018.701171875
16014.2607421875
16010.091796875
16005.662109375
16000.7626953125
15996.3984375
15992.37109375
15987.8564453125
15983.0341796875
15978.6240234375
15974.24609375
15969.55078125
15964.83984375
15960.162109375
15955.32421875
15950.2646484375
15945.140625
15939.841796875
15934.208984375
15928.3515625
15922.5126953125
15916.5595703125
15910.6279296875
15904.931640625
15899.609375
15894.59375
15889.78125
15885.193359375
15880.7333984375
15876.4052734375
15872.138671875
15867.8671875
15863.5947265625
15859.2724609375
15854.8759765625
15850.48046875
15846.048828125
15841.56640625
15837.080078125
15832.6865234375
15828.337890625
15824.0087890625
15819.736328125
15815.52734375
15811.330078125
15807.2275390625
15803.1240234375
15799.234375
15795.232421875
15791.7265625
15787.2265625
15783.0869140625
15778.03125
15773.361328125
15768.94921875
15764.9296875
15761.1708984375
15757.23828125
15753.5302734375
15748.935546875
15744.4052734375
15739.884765625
15735.658203125
15731.658203125
15727.779296875
15723.970703125
15719.7265625
15715.49609375
15711.1298828125
15706.9169921875
15702.912109375
15699.0234375
15695.1181640625
15691.05859375
15686.99609375
15682.759765625
15678.625
15674.6044921875
15670.634765625
15666.748046875
15662.74609375
15658.7919921875
15654.7490234375
15650.697265625
15646.6826171875
15642.7109375
15638.80078125
15634.9140625
15631.0556640625
15627.14453125
15623.2861328125
15619.47265625
15615.6552734375
15611.9921875
15608.5205078125
15605.123046875
15601.677734375
15597.7431640625
15593.25390625
15588.642578125
15584.46484375
15580.9658203125
15577.513671875
15573.607421875
15569.25
15565.0244140625
15561.318359375
15557.818359375
15554.0546875
15549.994140625
15545.9345703125
15542.1240234375
15538.486328125
15534.7080078125
15530.77734375
15526.8505859375
15523.0703125
15519.3876953125
15515.6279296875
15511.7734375
15507.90625
15504.1044921875
15500.41015625
15496.6806640625
15492.837890625
15489.0546875
15485.3046875
15481.638671875
15477.974609375
15474.3203125
15470.921875
15467.5556640625
15465.0390625
15461.220703125
15458.146484375
15452.880859375
15448.208984375
15444.306640625
15441.0556640625
15438.572265625
15435.09375
15431.8828125
15426.529296875
15422.0615234375
15418.6923828125
15415.9404296875
15414.0859375
15409.1416015625
15404.0263671875
15399.943359375
15397.1435546875
15395.298828125
15390.865234375
15385.9375
15381.642578125
15378.923828125
15377.2421875
15372.587890625
15367.638671875
15363.4921875
15360.8427734375
15359.04296875
15353.884765625
15349.1474609375
15345.46484375
15342.599609375
15339.662109375
15334.87890625
15330.6845703125
15327.201171875
15323.982421875
15320.4873046875
15316.2138671875
15312.419921875
15308.892578125
15305.4326171875
15301.78515625
15297.9765625
15294.244140625
15290.67578125
15287.1552734375
15283.5
15279.8125
15276.134765625
15272.5625
15269.0341796875
15265.427734375
15261.8046875
15258.19140625
15254.650390625
15251.11328125
15247.5703125
15243.96484375
15240.4228515625
15236.783203125
15233.1796875
15229.5380859375
15225.9521484375
15222.375
15218.865234375
15215.2939453125
15211.7509765625
15208.220703125
15204.6513671875
15201.13671875
15197.634765625
15194.216796875
15190.810546875
15187.4716796875
15184.119140625
15180.779296875
15177.306640625
15173.7041015625
15169.98828125
15166.4033203125
15163.10546875
15160.0625
15157.123046875
15153.7578125
15149.8828125
15145.7509765625
15141.958984375
15138.640625
15135.646484375
15132.654296875
15129.544921875
15126.1015625
15122.3359375
15118.2685546875
15114.158203125
15110.103515625
15106.4267578125
15102.78125
15099.416015625
15095.810546875
15092.240234375
15088.5
15084.8818359375
15081.375
15077.95703125
15074.4677734375
15070.96484375
15067.373046875
15063.8046875
15060.2939453125
15056.861328125
15053.455078125
15050.1533203125
15046.767578125
15043.51953125
15040.240234375
15037.126953125
15034.056640625
15031.19140625
15028.197265625
15025.279296875
15022.2666015625
15019.779296875
15017.7568359375
15015.0703125
15011.994140625
15007.03515625
15001.798828125
14996.97265625
14992.896484375
14989.796875
14987.107421875
14984.794921875
14981.734375
14978.96875
14975.2080078125
14971.7607421875
14968.431640625
14965.1708984375
14961.916015625
14958.6875
14955.6103515625
14952.4453125
14949.2421875
14945.8994140625
14942.8359375
14939.8779296875
14936.8720703125
14933.6630859375
14930.1123046875
14926.505859375
14922.818359375
14919.302734375
14915.8564453125
14912.58203125
14909.3349609375
14906.142578125
14902.8115234375
14899.3662109375
14895.7734375
14892.26953125
14888.671875
14885.1826171875
14881.48828125
14877.876953125
14874.30078125
14871.1083984375
14868.052734375
14865.2216796875
14862.2890625
14859.48046875
14856.5673828125
14853.7890625
14850.900390625
14848.1787109375
14845.2373046875
14842.349609375
14839.2392578125
14836.408203125
14833.6220703125
14831.513671875
14830.3359375
14832.3134765625
14835.9794921875
14838.431640625
14818.3505859375
14808.884765625
14813.9755859375
14802.7578125
14793.1240234375
14797.4453125
14790.7578125
14782.80859375
14783.326171875
14774.861328125
14770.1259765625
14769.962890625
14764.0302734375
14763.478515625
14760.986328125
14755.1591796875
14753.638671875
14749.9521484375
14747.04296875
14747.029296875
14743.5849609375
14739.15234375
14735.736328125
14728.6728515625
14723.2060546875
14720.0439453125
14716.2431640625
14712.8916015625
14710.61328125
14707.0546875
14701.9912109375
14698.115234375
14694.638671875
14691.3046875
14688.1240234375
14685.21875
14681.6845703125
14677.7236328125
14673.9892578125
14671.18359375
14668.47265625
14665.310546875
14661.537109375
14657.923828125
14654.591796875
14651.939453125
14650.111328125
14648.6181640625
14646.81640625
14644.830078125
14642.59375
14640.041015625
14637.00390625
14633.927734375
14630.46484375
14626.80859375
14622.9697265625
14619.353515625
14615.7880859375
14612.208984375
14608.64453125
14604.826171875
14600.884765625
14597.08203125
14593.37890625
14590.0654296875
14586.794921875
14583.78125
14580.421875
14577.369140625
14573.6640625
14570.6015625
14567.421875
14564.8232421875
14562.333984375
14559.7109375
14556.73828125
14553.4765625
14550.171875
14547.068359375
14543.94140625
14540.7353515625
14537.126953125
14533.451171875
14529.705078125
14526.37890625
14523.0087890625
14520.1162109375
14516.703125
14513.599609375
14509.978515625
14506.6171875
14503.23046875
14500.109375
14497.1083984375
14494.30078125
14491.48828125
14488.68359375
14485.9306640625
14483.029296875
14480.2822265625
14477.361328125
14474.54296875
14471.630859375
14468.7529296875
14466.0146484375
14463.2900390625
14460.84765625
14458.23828125
14455.955078125
14453.4453125
14451.185546875
14448.830078125
14447.07421875
14445.1943359375
14444.25
14442.40234375
14440.6328125
14437.4833984375
14433.478515625
14428.62109375
14423.9990234375
14419.896484375
14416.748046875
14413.953125
14411.1259765625
14407.9130859375
14404.4443359375
14401.248046875
14398.7294921875
14396.6640625
14394.54296875
14391.8759765625
14388.5634765625
14384.6513671875
14380.7744140625
14377.0849609375
14374.037109375
14371.43359375
14369.3359375
14367.2578125
14365.33984375
14362.9736328125
14360.724609375
14357.7255859375
14354.7978515625
14350.7890625
14347.1728515625
14343.3701171875
14340.4423828125
14337.8134765625
14335.4482421875
14332.7216796875
14329.6044921875
14326.064453125
14322.498046875
14319.1826171875
14316.0
14312.916015625
14309.841796875
14306.927734375
14304.4326171875
14302.41796875
14301.0849609375
14299.771484375
14298.07421875
14295.1015625
14290.69921875
14285.189453125
14279.796875
14275.341796875
14272.3154296875
14270.3115234375
14268.62109375
14266.5830078125
14264.1484375
14261.625
14259.296875
14257.349609375
14255.5751953125
14253.701171875
14251.3818359375
14248.767578125
14246.0380859375
14243.3505859375
14240.865234375
14238.115234375
14235.3486328125
14232.4189453125
14229.853515625
14227.64453125
14226.2119140625
14225.1171875
14224.3203125
14222.919921875
14221.2373046875
14217.9384765625
14214.30859375
14208.93359375
14203.70703125
14198.232421875
14193.787109375
14190.271484375
14187.4931640625
14184.896484375
14181.9345703125
14178.66796875
14174.974609375
14171.48828125
14168.474609375
14165.8779296875
14163.4091796875
14160.69921875
14157.818359375
14154.71875
14152.03515625
14149.791015625
14148.0048828125
14146.337890625
14144.59765625
14142.6904296875
14140.634765625
14138.71484375
14136.7421875
14135.025390625
14133.08984375
14131.09375
14128.5908203125
14125.6728515625
14121.908203125
14117.666015625
14113.1728515625
14108.8349609375
14105.083984375
14101.896484375
14099.384765625
14097.08984375
14095.2421875
14093.6171875
14092.1015625
14090.466796875
14088.51953125
14086.109375
14082.908203125
14079.3349609375
14075.271484375
14071.857421875
14068.01171875
14064.767578125
14061.1689453125
14058.13671875
14055.400390625
14052.9921875
14050.7138671875
14048.611328125
14046.564453125
14044.3759765625
14041.8701171875
14039.2919921875
14036.837890625
14035.056640625
14033.8134765625
14033.0166015625
14032.0390625
14030.5888671875
14028.04296875
14024.380859375
14019.751953125
14015.20703125
14011.6455078125
14009.3916015625
14007.921875
14006.4921875
14004.369140625
14001.4296875
13997.9033203125
13994.37890625
13990.9326171875
13987.49609375
13983.7607421875
13979.77734375
13975.8173828125
13972.4189453125
13969.779296875
13967.94140625
13966.580078125
13965.4248046875
13964.0927734375
13962.640625
13961.2734375
13960.0595703125
13959.05859375
13957.583984375
13955.4306640625
13952.3173828125
13948.8515625
13945.32421875
13942.328125
13939.640625
13937.0107421875
13934.076171875
13930.966796875
13928.177734375
13925.984375
13924.5830078125
13923.4287109375
13922.224609375
13920.1591796875
13916.99609375
13912.62890625
13907.740234375
13903.55078125
13900.43359375
13898.4248046875
13896.3701171875
13893.7880859375
13890.271484375
13886.353515625
13882.5859375
13879.341796875
13876.6943359375
13874.33984375
13871.98828125
13869.3505859375
13866.2939453125
13863.041015625
13859.8203125
13856.923828125
13854.208984375
13851.6328125
13849.017578125
13846.3896484375
13843.74609375
13841.130859375
13838.3994140625
13835.7431640625
13832.9267578125
13830.412109375
13827.7431640625
13825.396484375
13822.5068359375
13819.8310546875
13816.5986328125
13813.7421875
13810.7333984375
13807.990234375
13805.3603515625
13802.990234375
13800.9267578125
13799.109375
13797.6845703125
13796.0126953125
13794.4189453125
13791.904296875
13789.1708984375
13785.81640625
13782.62109375
13779.55859375
13776.865234375
13774.34375
13771.9033203125
13769.5263671875
13767.109375
13764.9658203125
13762.962890625
13761.2705078125
13759.75390625
13758.4609375
13757.197265625
13755.9658203125
13754.583984375
13752.8486328125
13750.505859375
13747.599609375
13744.810546875
13742.869140625
13741.7861328125
13741.255859375
13740.625
13739.78125
13737.939453125
13734.568359375
13728.5537109375
13720.6953125
13712.6337890625
13706.80859375
13703.4892578125
13701.7900390625
13699.8359375
13696.8876953125
13693.017578125
13689.5546875
13687.59375
13687.0537109375
13687.4150390625
13687.080078125
13684.4677734375
13678.5029296875
13671.748046875
13668.021484375
13665.9296875
13662.2578125
13658.16796875
13655.0029296875
13651.982421875
13648.623046875
13646.21875
13644.8291015625
13642.244140625
13638.474609375
13634.927734375
13632.1357421875
13629.263671875
13627.0185546875
13624.4599609375
13622.1552734375
13619.115234375
13616.0009765625
13613.5625
13611.892578125
13610.3583984375
13609.185546875
13607.953125
13606.390625
13604.087890625
13601.400390625
13599.2744140625
13597.55078125
13595.78515625
13593.3564453125
13592.205078125
13591.353515625
13589.2685546875
13584.634765625
13580.4697265625
13578.748046875
13578.955078125
13579.103515625
13578.7919921875
13576.609375
13573.20703125
13568.798828125
13564.974609375
13560.4248046875
13555.634765625
13551.2822265625
13548.6611328125
13547.193359375
13545.9365234375
13544.5224609375
13542.0234375
13539.197265625
13536.78515625
13535.486328125
13534.5693359375
13533.6591796875
13531.705078125
