9351.4775390625
9345.9248046875
9341.2041015625
9337.2421875
9333.9453125
9331.197265625
9328.896484375
9326.9482421875
9325.263671875
9323.7724609375
9322.4140625
9321.14453125
9319.93359375
9318.763671875
9317.6220703125
9316.51171875
9315.4384765625
9314.4052734375
9313.4169921875
9312.4814453125
9311.5986328125
9310.7705078125
9309.99609375
9309.26953125
9308.587890625
9307.943359375
9307.3349609375
9306.75390625
9306.1953125
9305.6591796875
9305.142578125
9304.6435546875
9304.166015625
9303.703125
9303.2587890625
9302.830078125
9302.421875
9302.0283203125
9301.65234375
9301.2890625
9300.939453125
9300.6044921875
9300.283203125
9299.9716796875
9299.673828125
9299.3828125
9299.1015625
9298.828125
9298.5625
9298.3056640625
9298.0546875
9297.810546875
9297.572265625
9297.34375
9297.1171875
9296.900390625
9296.6875
9296.4794921875
9296.275390625
9296.076171875
9295.8798828125
9295.6904296875
9295.5
9295.31640625
9295.134765625
9294.955078125
9294.78125
9294.607421875
9294.4375
9294.26953125
9294.1064453125
9293.94140625
9293.783203125
9293.6240234375
9293.46875
9293.3134765625
9293.1611328125
9293.009765625
9292.8662109375
9292.720703125
9292.5771484375
9292.4345703125
9292.2919921875
9292.150390625
9292.0146484375
9291.8759765625
9291.740234375
9291.6044921875
9291.470703125
9291.3388671875
9291.2060546875
9291.07421875
9290.9423828125
9290.8134765625
9290.6865234375
9290.5625
9290.435546875
9290.3095703125
9290.1845703125
9290.0615234375
9289.939453125
9289.81640625
9289.6953125
9289.5732421875
9289.4541015625
9289.3359375
9289.216796875
9289.0966796875
9288.978515625
9288.861328125
9288.744140625
9288.6279296875
9288.51171875
9288.396484375
9288.2822265625
9288.166015625
9288.052734375
9287.9375
9287.82421875
9287.7109375
9287.5966796875
9287.484375
9287.3740234375
9287.26171875
9287.1494140625
9287.0400390625
9286.927734375
9286.818359375
9286.7080078125
9286.599609375
9286.48828125
9286.380859375
9286.2724609375
9286.1630859375
9286.052734375
9285.943359375
9285.8359375
9285.7265625
9285.62109375
9285.5126953125
9285.4052734375
9285.296875
9285.1904296875
9285.083984375
9284.9765625
9284.869140625
9284.763671875
9284.658203125
9284.548828125
9284.4443359375
9284.3388671875
9284.2333984375
9284.1279296875
9284.0234375
9283.91796875
9283.8125
9283.708984375
9283.603515625
9283.501953125
9283.3984375
9283.29296875
9283.189453125
9283.0830078125
9282.9794921875
9282.8779296875
9282.7744140625
9282.6708984375
9282.5693359375
9282.466796875
9282.365234375
9282.2607421875
9282.162109375
9282.0576171875
9281.95703125
9281.8564453125
9281.7548828125
9281.654296875
9281.5546875
9281.455078125
9281.35546875
9281.255859375
9281.15625
9281.0576171875
9280.958984375
9280.8603515625
9280.763671875
9280.666015625
9280.5693359375
9280.4736328125
9280.3779296875
9280.28125
9280.1884765625
9280.091796875
9279.9970703125
9279.9052734375
9279.814453125
9279.7216796875
9279.626953125
9279.53515625
9279.4453125
136421323046912.0
314231.625
280948.40625
2607261.25
13225115.0
7630077.5
12981794.0
692229.375
240627.46875
131413.125
130896.6875
526128.6875
304256.46875
236943.9375
73780.6953125
61744.0390625
60083.04296875
59360.8984375
58726.921875
57662.875
56057.3046875
54169.6484375
52387.625
50878.59375
49583.0546875
48469.8359375
47455.22265625
46514.328125
45665.390625
44942.2578125
44341.33203125
43895.19921875
43625.4921875
43602.0390625
43896.09375
44573.234375
45648.08203125
47046.4765625
48576.62109375
49939.453125
50800.7265625
50872.53125
50073.8984375
48533.7265625
46529.90625
44367.37109375
42267.9453125
40362.53515625
38702.03515625
37294.04296875
36125.2109375
35129.203125
34272.3671875
33525.1640625
32871.16015625
32291.62109375
31767.423828125
31290.265625
30859.779296875
30471.40234375
30114.54296875
29779.38671875
29461.4921875
29161.392578125
28879.177734375
28612.34765625
28357.046875
28112.498046875
27879.572265625
27657.59765625
27444.509765625
27237.951171875
27036.748046875
26841.1328125
26651.51171875
26467.900390625
26289.42578125
26115.58984375
25946.42578125
25781.8671875
25621.849609375
25465.873046875
25313.2890625
25164.47265625
25020.25
24880.69140625
24745.26171875
24613.3984375
24484.859375
24359.59765625
24237.623046875
24118.701171875
24002.572265625
23889.328125
23779.173828125
23672.185546875
23568.27734375
23467.453125
23368.55078125
23271.28125
23175.23046875
23082.279296875
22991.982421875
22902.37109375
22814.0546875
22728.19921875
22644.203125
22560.951171875
22479.03515625
22399.341796875
22321.287109375
22244.2890625
22168.939453125
22095.25
22022.669921875
21951.1015625
21880.80078125
21811.736328125
21743.470703125
21676.12890625
21610.001953125
21544.96484375
21480.955078125
21418.07421875
21356.359375
21295.58984375
21235.767578125
21176.91015625
21118.955078125
21061.966796875
21006.08203125
20951.330078125
20897.677734375
20845.07421875
20793.5078125
20742.93359375
20693.15625
20644.10546875
20595.775390625
20547.99609375
20500.7578125
20454.064453125
20407.908203125
20362.255859375
20317.0859375
20272.435546875
20228.3515625
20184.9296875
20142.20703125
20100.27734375
20059.03125
20017.787109375
19976.306640625
19936.0546875
19896.783203125
19857.16796875
19818.66015625
19781.4609375
19746.51171875
19706.3046875
19666.2109375
19630.109375
19594.65625
19562.01171875
19521.203125
19487.60546875
19449.134765625
19415.2734375
19382.0078125
19350.333984375
19315.244140625
19281.84375
19242.8359375
19212.705078125
19178.8515625
19143.818359375
19113.46484375
19081.193359375
19047.1796875
19019.046875
18989.779296875
18958.1015625
18926.58984375
18894.09375
18863.6484375
18835.4609375
18804.19921875
18772.595703125
18744.80859375
18715.470703125
18684.638671875
18656.880859375
18628.806640625
18599.31640625
18572.060546875
18545.123046875
18517.21875
18490.880859375
18465.09375
18438.478515625
18412.638671875
18387.3828125
18361.515625
18336.14453125
18310.56640625
18284.630859375
18259.0625
18234.18359375
18209.00390625
18184.51953125
18160.892578125
18136.93359375
18113.05859375
18089.55859375
18066.0625
18042.724609375
18019.9140625
17997.4375
17975.150390625
17953.216796875
17930.94921875
17908.26953125
17885.943359375
17864.5234375
17843.1875
17821.60546875
17800.201171875
17779.3203125
17758.48828125
17737.484375
17716.763671875
17696.4140625
17676.12109375
17655.935546875
17636.21484375
17616.87890625
17597.369140625
17577.4140625
17557.33203125
17537.939453125
17519.203125
17500.412109375
17481.31640625
17462.431640625
17444.185546875
17426.08203125
17407.6875
17389.26171875
17371.166015625
17353.462890625
17335.744140625
17317.86328125
17300.26171875
17282.919921875
17265.5
17248.318359375
17231.23828125
17214.0078125
17196.27734375
17178.8828125
17161.9921875
17145.16015625
17128.287109375
17111.78125
17095.52734375
17079.26171875
17063.2578125
17047.26953125
17032.171875
17015.267578125
16998.978515625
16982.193359375
16966.162109375
16950.697265625
16935.61328125
16922.01953125
16905.45703125
16889.02734375
16873.494140625
16858.7421875
16845.09375
16828.857421875
16812.92578125
16797.396484375
16782.80078125
16768.1875
16753.576171875
16740.16796875
16724.71484375
16709.078125
16694.49609375
16680.412109375
16667.396484375
16652.517578125
16637.646484375
16622.69921875
16608.599609375
16594.33203125
16580.298828125
16566.240234375
16552.365234375
16538.74609375
16525.16796875
16511.77734375
16498.060546875
16484.7265625
16470.546875
16456.734375
16443.23046875
16430.16796875
16417.322265625
16404.474609375
16391.974609375
16379.1748046875
16366.7568359375
16353.697265625
16340.958984375
16328.333984375
16315.9619140625
16303.7724609375
16291.7529296875
16280.1162109375
16267.7822265625
16255.689453125
16243.4853515625
16231.3056640625
16219.09375
16207.0986328125
16195.7724609375
16184.43359375
16173.3935546875
16161.072265625
16148.92578125
16136.787109375
16125.283203125
16114.154296875
16103.162109375
16092.390625
16081.0166015625
16070.1015625
16058.3515625
16047.1513671875
16036.365234375
16025.8349609375
16015.90625
16005.51953125
15995.6376953125
15983.7119140625
15971.8046875
15959.814453125
15948.798828125
15938.78125
15929.169921875
15919.828125
15909.044921875
15897.81640625
15886.0615234375
15874.8984375
15864.701171875
15855.087890625
15845.625
15835.103515625
15824.3203125
15813.142578125
15802.6796875
15792.8564453125
15783.1962890625
15773.39453125
15763.427734375
15753.9755859375
15744.4443359375
15734.69140625
15724.060546875
15713.1953125
15703.0322265625
15693.7412109375
15684.80078125
15674.892578125
15664.453125
15653.65234375
15643.69140625
15634.3115234375
15625.0751953125
15615.755859375
15606.5390625
15597.419921875
15587.896484375
15577.916015625
15567.7216796875
15557.80859375
15548.408203125
15539.16015625
15529.884765625
15520.556640625
15511.337890625
15501.94140625
15492.5888671875
15483.26953125
15474.05078125
15464.62109375
15454.8427734375
15445.11328125
15435.6181640625
15426.1640625
15416.6494140625
15407.3525390625
15398.107421875
15388.806640625
15379.1259765625
15369.388671875
15359.73828125
15350.134765625
15340.677734375
15331.5595703125
15322.6298828125
15313.5498046875
15304.154296875
15294.568359375
15285.33203125
15276.5927734375
15268.205078125
15259.4404296875
15250.21875
15240.7392578125
15231.7158203125
15223.232421875
15215.03125
15206.716796875
15198.326171875
15189.9541015625
15181.712890625
15173.21484375
15164.615234375
15156.275390625
15148.595703125
15141.703125
15134.9345703125
15128.244140625
15120.244140625
15111.263671875
15100.89453125
15090.7265625
15082.203125
15074.611328125
15067.6416015625
15059.439453125
15050.3984375
15041.0869140625
15032.646484375
15025.083984375
15017.666015625
15009.873046875
15001.5625
14993.328125
14985.431640625
14977.69140625
14969.8037109375
14961.71484375
14953.607421875
14946.078125
14938.572265625
14931.677734375
14924.2353515625
14916.953125
14909.5
14902.29296875
14894.640625
14887.208984375
14878.4921875
14869.998046875
14861.873046875
14854.6708984375
14848.125
14841.7890625
14835.662109375
14829.328125
14823.5576171875
14818.8359375
14813.78125
14807.60546875
14798.12109375
14788.2265625
14778.6396484375
14770.7822265625
14763.658203125
14756.0634765625
14748.240234375
14740.564453125
14733.703125
14726.380859375
14718.9189453125
14711.11328125
14704.619140625
14698.0751953125
14691.3984375
14684.30859375
14677.15234375
14669.869140625
14661.93359375
14653.904296875
14646.04296875
14639.4853515625
14632.3203125
14625.2373046875
14617.43359375
14609.681640625
14602.357421875
14595.5390625
14588.9873046875
14582.5048828125
14576.509765625
14569.3232421875
14561.810546875
14552.873046875
14543.853515625
14535.126953125
14527.2734375
14520.2236328125
14513.23046875
14506.4951171875
14498.546875
14490.5771484375
14482.345703125
14474.19921875
14466.255859375
14458.18359375
14450.515625
14441.9755859375
14433.7861328125
14425.296875
14417.33984375
14409.8115234375
14402.59375
14395.5078125
14388.357421875
14381.494140625
14374.439453125
14367.927734375
14360.94921875
14354.080078125
14346.998046875
14339.8369140625
14333.2841796875
14326.373046875
14320.22265625
14311.771484375
14303.3984375
14294.6474609375
14287.421875
14281.73046875
14276.63671875
14271.1884765625
14263.80078125
14254.9462890625
14245.4013671875
14237.05078125
14230.40234375
14223.84375
14215.7138671875
14206.55859375
14199.748046875
14194.443359375
14188.0478515625
14180.0966796875
14172.7548828125
14166.255859375
14160.41796875
14154.5654296875
14148.458984375
14142.759765625
14137.052734375
14130.2802734375
14121.4990234375
14112.662109375
14105.3310546875
14100.306640625
14096.240234375
14091.609375
14084.61328125
14074.6796875
14064.1201171875
14055.93359375
14050.873046875
14046.85546875
14041.107421875
14033.2822265625
14025.4140625
14019.70703125
14015.4287109375
14011.0322265625
14004.7080078125
13997.8134765625
13991.0234375
13984.9677734375
13979.1044921875
13972.810546875
13966.564453125
13960.80859375
13955.724609375
13950.78515625
13946.16796875
13941.7666015625
13938.2109375
13933.232421875
13927.513671875
13920.83984375
13915.4677734375
13910.876953125
13905.3759765625
13897.3681640625
13888.55078125
13881.654296875
13877.21875
13873.1796875
13867.7275390625
13861.57421875
13855.6337890625
13851.1708984375
13846.4072265625
13841.640625
13837.05078125
13833.1767578125
13828.9658203125
13823.662109375
13817.3388671875
13811.728515625
13807.607421875
13804.26953125
13799.8056640625
13793.0498046875
13784.83203125
13777.310546875
13771.986328125
13768.658203125
13765.228515625
13760.7666015625
13754.15625
13747.10546875
13740.28515625
13734.15234375
13728.224609375
13722.4140625
13716.2802734375
13710.30078125
13704.3955078125
13698.798828125
13692.7490234375
13686.490234375
13680.34765625
13675.2666015625
13670.794921875
13666.7470703125
13661.61328125
13656.6279296875
13651.28125
13646.15625
13640.3896484375
13634.41015625
13628.7978515625
13624.4912109375
13622.01171875
13625.583984375
13624.5458984375
13614.3779296875
13604.6005859375
13605.125
13604.08984375
13591.638671875
13585.595703125
13580.126953125
13574.2919921875
13571.8974609375
13564.880859375
13559.953125
13553.2099609375
13545.17578125
13540.919921875
13536.4599609375
13531.8486328125
13527.509765625
13521.40625
13516.7373046875
13512.271484375
13507.5107421875
13501.880859375
13496.921875
13493.296875
13488.5693359375
13483.1064453125
13477.7734375
13472.94921875
13469.033203125
13465.353515625
13461.1640625
13457.5859375
13453.0859375
13448.134765625
13442.5283203125
13436.826171875
13431.3212890625
13426.5703125
13422.4365234375
13418.83984375
13415.7724609375
13413.0
13410.244140625
13406.4423828125
13401.375
13394.955078125
13388.4560546875
13382.7392578125
13378.1796875
13374.462890625
13370.107421875
13365.4755859375
13359.8984375
13354.9130859375
13350.4716796875
13346.54296875
13342.271484375
13337.484375
13332.1845703125
13327.04296875
13322.1904296875
13317.818359375
13313.5390625
13309.5654296875
13305.7978515625
13302.5849609375
13299.46875
13296.85546875
13293.919921875
13291.3232421875
13287.8095703125
13283.572265625
13277.9931640625
13272.060546875
13266.7001953125
13262.9375
13260.099609375
13257.7705078125
13254.599609375
13251.216796875
13247.306640625
13243.927734375
13240.291015625
13236.4140625
13231.0625
13224.9072265625
13217.65234375
13211.20703125
13206.083984375
13202.23828125
13198.2548828125
13193.5859375
13188.3515625
13184.072265625
13180.81640625
13178.54296875
13175.482421875
13171.6123046875
13167.037109375
13162.97265625
13159.021484375
13154.8798828125
13149.376953125
13143.275390625
13137.1435546875
13132.447265625
13128.7802734375
13125.75390625
13122.1923828125
13118.0517578125
13113.34375
13109.0458984375
13105.58984375
13103.1943359375
13101.2578125
13098.9453125
13095.4658203125
13090.6533203125
13085.1611328125
13079.658203125
13074.8037109375
13070.451171875
13066.5234375
13062.779296875
13059.3427734375
13055.892578125
13051.8525390625
13047.15234375
13041.9794921875
13037.146484375
13032.8046875
13028.650390625
13024.50390625
13020.04296875
13015.7265625
13011.00390625
13006.126953125
13000.6513671875
12994.826171875
12989.33203125
12984.484375
12980.767578125
12977.53515625
12974.6240234375
12970.58203125
12966.169921875
12960.966796875
12956.0693359375
12951.4443359375
12947.265625
12943.298828125
12939.533203125
12936.142578125
12933.3623046875
12931.34765625
12930.30859375
12929.267578125
12927.93359375
12924.1708984375
12918.689453125
12910.736328125
12903.3955078125
12897.97265625
12894.912109375
12892.8603515625
12889.5966796875
12884.564453125
12878.5380859375
12873.859375
12870.853515625
12868.5908203125
12864.84375
12859.7626953125
12854.5068359375
12851.0234375
12847.90234375
12844.814453125
12840.5224609375
12837.0888671875
12835.623046875
12835.373046875
12835.25390625
12834.55078125
12833.658203125
12831.89453125
12827.5234375
12821.36328125
12816.3896484375
12813.826171875
12811.9345703125
12807.15234375
12798.8515625
12789.818359375
12783.6796875
12781.166015625
12779.5517578125
12777.33203125
12772.9423828125
12767.80859375
12761.6318359375
12755.5234375
12749.326171875
12743.2978515625
12737.2373046875
12731.7529296875
12727.3544921875
12724.0810546875
12720.2421875
12715.2763671875
12709.751953125
12705.0869140625
12701.3984375
12698.02734375
12694.697265625
12691.6494140625
12689.13671875
12686.7958984375
12684.34375
12681.703125
12678.9580078125
12675.3671875
12670.650390625
12664.708984375
12659.267578125
12655.123046875
12652.6640625
12651.083984375
12649.22265625
12646.693359375
12643.34765625
12640.1416015625
12637.626953125
12635.7919921875
12633.9755859375
12631.6630859375
12628.6015625
12625.2607421875
12621.755859375
12618.310546875
12614.69921875
12610.91015625
12606.4921875
12601.5390625
12596.294921875
12591.310546875
12587.037109375
12583.4609375
12580.83203125
12578.650390625
12576.3994140625
12573.091796875
12568.7744140625
12563.52734375
12559.041015625
12554.9892578125
12552.013671875
12548.818359375
12545.71484375
12542.513671875
12539.607421875
12536.677734375
12533.67578125
12530.4423828125
12527.556640625
12525.048828125
12522.99609375
12520.8203125
12518.265625
12515.0166015625
12511.2861328125
12506.9921875
12502.484375
12497.7353515625
12493.326171875
12489.0712890625
12485.0380859375
12480.7099609375
12476.1171875
12471.19921875
12466.3583984375
12461.8876953125
12458.001953125
12454.8046875
12452.158203125
12449.771484375
12447.3154296875
12444.48046875
12441.345703125
12438.0859375
12435.44140625
12433.31640625
12431.962890625
12430.3544921875
12429.0908203125
12426.634765625
12425.4375
12421.12109375
12416.9765625
12412.1826171875
12407.5908203125
12403.10546875
12397.87890625
12393.810546875
12391.0341796875
12390.48046875
12389.75390625
12386.6923828125
12381.6796875
12377.3857421875
12376.494140625
12379.2431640625
12382.822265625
12384.7578125
12381.0625
12372.1796875
12362.5654296875
12356.1435546875
12350.6357421875
12343.7109375
12338.3857421875
12336.18359375
12334.1923828125
12330.28515625
12326.3515625
12323.25390625
12319.6416015625
12315.47265625
12311.419921875
12307.8515625
12303.6806640625
12299.484375
12295.939453125
12293.396484375
12290.7421875
12288.587890625
12286.978515625
12285.177734375
12282.341796875
12264.734375
12266.86328125
12268.5224609375
12255.544921875
12261.7451171875
12255.15234375
12250.185546875
12253.0029296875
12244.96875
12244.806640625
12242.818359375
12237.6328125
12237.5498046875
12233.6708984375
12230.9189453125
12229.271484375
12225.8330078125
12223.6640625
12221.20703125
12218.4931640625
12216.0810546875
12213.7490234375
12211.18359375
12208.8076171875
12206.67578125
12204.111328125
12202.05078125
12199.86328125
12197.4853515625
12195.5986328125
12193.33203125
12191.203125
12189.2412109375
12186.9765625
12184.9794921875
12182.888671875
12180.732421875
12178.732421875
12176.59375
12174.54296875
12172.494140625
12170.4033203125
12168.361328125
12166.296875
12164.259765625
12162.2099609375
12160.1669921875
12158.1552734375
12156.1083984375
12154.095703125
12152.072265625
12150.052734375
12148.0595703125
12146.033203125
12144.0361328125
12142.03515625
12140.0390625
12138.052734375
12136.0517578125
12134.0693359375
12132.1015625
12130.1044921875
12128.125
12126.1533203125
12124.181640625
12122.205078125
12120.23046875
12118.26953125
12116.3046875
12114.34375
12112.3798828125
12110.419921875
12108.4736328125
12106.521484375
12104.5537109375
12102.611328125
12100.658203125
12098.703125
12096.76953125
12094.818359375
12092.888671875
12090.953125
12089.017578125
12087.087890625
12085.1484375
12083.2265625
12081.3046875
12079.376953125
12077.453125
12075.529296875
12073.60546875
12071.6884765625
12069.771484375
12067.859375
12065.9482421875
12064.029296875
12062.115234375
12060.2109375
12058.29296875
12056.3935546875
12054.482421875
12052.572265625
12050.677734375
12048.7705078125
12046.865234375
12044.958984375
12043.06640625
12041.171875
12039.2607421875
12037.357421875
12035.458984375
12033.56640625
12031.666015625
12029.767578125
12027.8662109375
12025.966796875
12024.060546875
12022.169921875
12020.275390625
12018.369140625
12016.4677734375
12014.5556640625
12012.6611328125
12010.763671875
12008.8427734375
12006.923828125
12005.0078125
12003.0966796875
12001.181640625
11999.2685546875
11997.345703125
11995.4228515625
11993.4912109375
11991.5517578125
11989.62109375
11987.685546875
11985.748046875
11983.798828125
11981.845703125
11979.8955078125
11977.94140625
11975.9853515625
11974.021484375
11972.0546875
11970.087890625
11968.1240234375
11966.15625
11964.1865234375
11962.23046875
11960.259765625
11958.294921875
11956.333984375
11954.3828125
11952.4287109375
11950.48046875
11948.5537109375
11946.625
11944.69140625
11942.78125
11940.880859375
11938.9931640625
11937.123046875
11935.2919921875
11933.5224609375
11931.8046875
11930.14453125
11928.2666015625
11926.177734375
11924.208984375
11922.5341796875
11920.8583984375
11918.93359375
11917.0078125
11915.287109375
11913.5830078125
11911.73046875
11909.88671875
11908.1689453125
11906.431640625
11904.615234375
11902.83984375
11901.123046875
11899.36328125
11897.578125
11895.8173828125
11894.080078125
11892.322265625
11890.556640625
11888.81640625
11887.0771484375
11885.328125
11883.572265625
11881.828125
11880.0830078125
11878.33984375
11876.6015625
11874.8583984375
11873.1123046875
11871.375
11869.63671875
11867.884765625
11866.1572265625
11864.4208984375
11862.6826171875
11860.94921875
11859.2138671875
11857.4765625
11855.751953125
11854.01953125
11852.2919921875
11850.5615234375
11848.8359375
11847.1044921875
11845.3779296875
11843.65625
11841.927734375
11840.2021484375
11838.478515625
11836.7626953125
11835.037109375
11833.3095703125
11831.58984375
11829.8583984375
11828.146484375
11826.421875
11824.69921875
11822.982421875
11821.2578125
11819.53125
11817.814453125
11816.1015625
11814.376953125
11812.6572265625
11810.935546875
11809.216796875
11807.4931640625
11805.77734375
11804.0546875
11802.33984375
11800.611328125
11798.8857421875
11797.16796875
11795.435546875
11793.712890625
11791.9892578125
11790.2568359375
11788.541015625
11786.80859375
11785.078125
11783.3466796875
11781.6171875
11779.8896484375
11778.1552734375
11776.4169921875
11774.681640625
11772.94921875
11771.21484375
11769.478515625
11767.724609375
11765.98046875
11764.234375
11762.484375
11760.73046875
11758.97265625
11757.2138671875
11755.4619140625
11753.69140625
11751.939453125
11750.162109375
11748.392578125
11746.615234375
11744.837890625
11743.0595703125
11741.275390625
11739.482421875
11737.6875
11735.9013671875
11734.1015625
11732.2998046875
11730.5029296875
11728.6943359375
11726.8916015625
11725.0810546875
11723.283203125
11721.458984375
11719.658203125
11717.8486328125
11716.03515625
11714.2294921875
11712.40625
11710.609375
11708.7998046875
11706.99609375
11705.197265625
11703.3984375
11701.599609375
11699.796875
11698.0029296875
11696.216796875
11694.4404296875
11692.666015625
11690.888671875
11689.138671875
11687.38671875
11685.642578125
11683.9140625
11682.185546875
11680.4755859375
11678.78515625
11677.109375
11675.423828125
11673.7333984375
11672.0126953125
11670.294921875
11668.59375
11666.95703125
11665.38671875
11663.826171875
11662.1865234375
11660.3876953125
11658.466796875
11656.57421875
11654.814453125
11653.193359375
11651.61328125
11649.990234375
11648.275390625
11646.5205078125
11644.759765625
11643.037109375
11641.36328125
11639.697265625
11638.015625
11636.294921875
11634.564453125
11632.818359375
11631.07421875
11629.34375
11627.607421875
11625.857421875
11624.080078125
11622.310546875
11620.5400390625
11618.755859375
11616.880859375
11614.802734375
11612.5859375
11610.318359375
11608.0546875
11605.7978515625
11603.447265625
11600.9765625
11598.40234375
11595.78515625
11593.193359375
11590.619140625
11588.091796875
11585.65234375
11583.34765625
11581.134765625
11579.01171875
11576.9375
11574.921875
11572.9814453125
11571.109375
11569.2578125
11567.419921875
11565.5625
11563.71875
11561.873046875
11560.044921875
11558.216796875
11556.3818359375
11554.5517578125
11552.744140625
11550.966796875
11549.21484375
11547.470703125
11545.751953125
11544.025390625
11542.322265625
11540.626953125
11538.943359375
11537.26171875
11535.591796875
11533.916015625
11532.26171875
11530.619140625
11528.974609375
11527.33203125
11525.716796875
11524.08984375
11522.484375
11520.888671875
11519.2841796875
11517.701171875
11516.119140625
11514.541015625
11512.970703125
11511.3984375
11509.833984375
11508.2734375
11506.716796875
11505.162109375
11503.609375
11502.076171875
11500.5390625
11498.998046875
11497.4609375
11495.939453125
11494.4111328125
11492.896484375
11491.3876953125
11489.8896484375
11488.40234375
11486.9296875
11485.4638671875
11484.037109375
11482.6396484375
11481.291015625
11479.9775390625
11478.6748046875
11477.3203125
11475.869140625
11474.287109375
11472.6552734375
11471.111328125
11469.6953125
11468.4013671875
11467.08203125
11465.64453125
11463.994140625
11462.26171875
11460.599609375
11459.1015625
11457.73828125
11456.42578125
11455.189453125
11454.193359375
11453.833984375
11454.6015625
11456.482421875
11457.140625
11453.4208984375
11447.017578125
11444.23828125
11444.998046875
11444.20703125
11440.791015625
11438.244140625
11437.876953125
11437.09375
11434.4189453125
11431.966796875
11431.4140625
11430.5712890625
11428.015625
11426.03125
11425.4228515625
11424.0869140625
11421.9765625
11420.68359375
11419.701171875
11418.083984375
11416.466796875
11415.2666015625
11414.0546875
11412.533203125
11410.828125
11409.296875
11407.890625
11406.3125
11404.7890625
11403.623046875
11402.4111328125
11400.9140625
11399.486328125
11398.2705078125
11397.0673828125
11395.9541015625
11395.052734375
11394.494140625
11394.1044921875
11394.0302734375
11393.935546875
11393.9580078125
11393.306640625
11391.853515625
11389.36328125
11386.3408203125
11383.263671875
11380.82421875
11379.33984375
11378.716796875
11378.333984375
11377.7724609375
11376.6689453125
11375.201171875
11373.509765625
11371.8193359375
11370.126953125
11368.4931640625
11366.982421875
11365.642578125
11364.65234375
11363.591796875
11362.6044921875
11361.044921875
11359.353515625
11357.5595703125
11356.1064453125
11355.037109375
11354.09375
11353.017578125
11351.51171875
11349.7421875
11347.80078125
11346.1064453125
11344.826171875
11343.939453125
11343.1875
11342.42578125
11341.4375
11340.4931640625
11339.5380859375
11339.0771484375
11338.560546875
11338.40234375
11337.8505859375
11337.5654296875
11336.9990234375
11336.83203125
11336.701171875
11336.78515625
11336.6142578125
11335.740234375
11334.119140625
11331.509765625
11328.69140625
11325.724609375
11323.197265625
11320.919921875
11319.025390625
11317.115234375
11315.048828125
11313.0078125
11311.71484375
11310.6220703125
11309.2568359375
11307.5576171875
11306.1640625
11304.986328125
11303.7802734375
11302.4677734375
11301.1875
11299.634765625
11297.8486328125
11295.8330078125
11293.8359375
11291.80078125
11289.8955078125
11288.2353515625
11286.896484375
11285.7900390625
11284.875
11284.0556640625
11283.2265625
11282.345703125
11281.408203125
11280.50390625
11279.728515625
11279.1943359375
11278.8203125
11278.484375
11278.06640625
11277.4150390625
11276.359375
11274.75390625
11272.703125
11270.609375
11268.658203125
11267.3896484375
11266.6103515625
11266.548828125
11266.1611328125
11265.474609375
11263.66796875
11261.396484375
11258.775390625
11256.5849609375
11254.58984375
11252.771484375
11250.74609375
11248.69140625
11246.76953125
11245.271484375
11244.072265625
11243.046875
11242.1015625
11241.375
11240.98046875
11241.0693359375
11241.50390625
11242.3486328125
11243.47265625
11244.7705078125
11245.7900390625
11245.517578125
11243.4814453125
11239.40625
11234.34375
11229.7197265625
11226.41796875
11224.76953125
11224.0849609375
11223.703125
11222.87890625
11221.34375
11219.185546875
11216.998046875
11214.94921875
11213.4541015625
11212.1259765625
11210.9423828125
11209.6142578125
11208.27734375
11206.859375
11205.37109375
11203.490234375
11201.33203125
11199.0546875
11197.255859375
11196.09765625
11195.4150390625
11194.728515625
11193.681640625
11192.3154296875
11190.951171875
11190.01953125
11189.685546875
11189.6328125
11189.5654296875
11189.140625
11188.58203125
11188.1435546875
11188.353515625
11189.0234375
11189.94140625
11190.04296875
11189.3359375
11187.4228515625
11185.37890625
11183.19140625
11181.578125
11180.0283203125
11178.7373046875
11177.2587890625
11175.7158203125
11173.7890625
11171.59765625
11169.2490234375
11167.1328125
11165.6171875
11164.66796875
11164.052734375
11163.3828125
11162.310546875
11160.646484375
11158.4130859375
11155.90625
11153.4609375
11151.490234375
11150.1337890625
11149.40625
11149.01171875
11148.8349609375
11148.3984375
11147.6884765625
11146.107421875
11144.1396484375
11141.591796875
11139.1787109375
11136.90625
11135.125
11133.681640625
11132.587890625
11131.615234375
11130.6279296875
11129.462890625
11128.0654296875
11126.646484375
11125.3603515625
11124.412109375
11123.5830078125
11122.7607421875
11121.5390625
11119.982421875
11118.11328125
11116.1943359375
11114.4091796875
11112.8232421875
11111.5546875
11110.45703125
11109.5703125
11108.6826171875
11107.75
11106.5615234375
11105.2197265625
11103.759765625
11102.4736328125
11101.390625
11100.6767578125
11100.16015625
11100.015625
11099.90234375
11099.998046875
11099.7392578125
11099.1708984375
11098.1396484375
11096.951171875
11095.908203125
11095.091796875
11094.28515625
11093.4765625
11092.3212890625
11091.517578125
11090.5712890625
11090.32421875
11089.6728515625
11089.125
11087.6640625
11085.962890625
11083.716796875
11081.623046875
11079.5517578125
11077.810546875
11076.23828125
11074.7861328125
11073.328125
11071.7080078125
11070.1572265625
11068.576171875
11067.1142578125
11065.4560546875
11063.4716796875
11061.087890625
11058.513671875
11056.1943359375
11054.337890625
11053.1171875
11052.2919921875
11051.658203125
11050.7373046875
11049.423828125
11047.68359375
11045.83984375
11044.083984375
11042.556640625
11041.1806640625
11039.826171875
11038.3974609375
11036.869140625
11035.3642578125
11033.966796875
11032.8017578125
11031.77734375
11030.9189453125
11030.099609375
11029.4560546875
11028.986328125
11028.806640625
11028.857421875
11029.140625
11029.568359375
11030.08203125
11030.583984375
11030.951171875
11031.205078125
11031.18359375
11031.009765625
11030.423828125
11029.681640625
11028.4091796875
11026.94921875
11024.8671875
11022.572265625
11019.744140625
11016.9306640625
11014.0166015625
11011.482421875
11009.125
11007.0625
11005.1416015625
11003.37109375
11001.8916015625
11000.740234375
11000.0615234375
10999.6181640625
10999.283203125
10998.541015625
10997.453125
10995.7109375
10993.8349609375
10991.8349609375
10990.3046875
10989.0859375
10988.48046875
10987.943359375
10987.55859375
10986.7119140625
10985.3642578125
10983.3515625
10980.65234375
10977.701171875
10974.78515625
10972.4853515625
10971.095703125
10970.544921875
10970.3427734375
10969.8056640625
10968.4228515625
10966.1611328125
10963.6171875
10961.376953125
10959.765625
10958.736328125
10957.9658203125
10957.267578125
10956.4140625
10955.39453125
10954.130859375
10952.765625
10951.4833984375
10950.515625
10949.9326171875
10949.548828125
10949.1494140625
10948.380859375
10947.37890625
10946.076171875
10945.1279296875
10944.517578125
10944.4287109375
10944.32421875
10944.1015625
10943.5234375
10942.845703125
10942.0205078125
10940.9140625
10939.3125
10936.9248046875
10934.138671875
10931.177734375
10928.7373046875
10927.03125
10926.365234375
10926.5810546875
10927.419921875
10928.396484375
10928.8466796875
10928.509765625
10926.564453125
10923.71484375
10920.0595703125
10916.810546875
10914.5185546875
10913.2421875
10912.4267578125
10911.48828125
10909.904296875
10908.0966796875
10906.0830078125
10904.169921875
10901.7939453125
10899.0869140625
10896.1923828125
10893.8154296875
10891.9775390625
10890.5546875
10889.044921875
10887.4375
10885.9775390625
10885.09375
10884.7041015625
10884.4609375
10883.830078125
10882.6171875
10880.9462890625
10879.048828125
10877.40625
10876.03125
10875.189453125
10874.5263671875
10874.119140625
10873.447265625
10872.673828125
10871.5
10870.419921875
10869.326171875
10868.560546875
10867.7109375
10866.7138671875
10865.2216796875
10863.4912109375
10861.708984375
10860.16796875
10858.943359375
10857.951171875
10857.212890625
10856.6875
10856.5908203125
10856.708984375
10857.0888671875
10857.1396484375
10856.9794921875
10856.125
10855.1083984375
10853.82421875
10852.916015625
10852.1552734375
10851.70703125
10851.0625
10850.298828125
10849.1748046875
10847.87109375
10846.662109375
10845.248046875
10844.08984375
10842.5322265625
10841.076171875
10839.30078125
10837.5078125
10835.26171875
10832.712890625
10829.9140625
10827.4287109375
10825.4765625
10823.87890625
10822.1865234375
10819.95703125
10817.197265625
10814.3984375
10812.2177734375
10810.951171875
10810.314453125
10809.8037109375
10808.916015625
10807.6923828125
10806.23828125
10804.8466796875
10803.326171875
10801.83203125
10800.0810546875
10798.7265625
10797.5146484375
10797.240234375
10797.0810546875
10797.638671875
10797.8388671875
10798.294921875
10798.0205078125
10797.5693359375
10796.24609375
10794.705078125
10792.775390625
10791.041015625
10789.560546875
10788.44140625
10787.8828125
10787.435546875
10787.595703125
10787.8447265625
10790.1826171875
10792.763671875
10789.4736328125
10780.7548828125
10778.337890625
10775.646484375
10772.8017578125
10770.5810546875
10769.365234375
10769.1259765625
10765.5166015625
10765.8984375
10763.28125
10761.5458984375
10760.8740234375
10757.498046875
10756.89453125
10753.9248046875
10753.8330078125
10752.4296875
10751.591796875
10749.744140625
10747.166015625
10745.115234375
10742.419921875
10741.0224609375
10739.0751953125
