9351.4775390625
9345.9248046875
9341.2041015625
9337.2421875
9333.9453125
9331.197265625
9328.896484375
9326.9482421875
9325.263671875
9323.7724609375
9322.4140625
9321.14453125
9319.93359375
9318.763671875
9317.6220703125
9316.51171875
9315.4384765625
9314.4052734375
9313.4169921875
9312.4814453125
9311.5986328125
9310.7705078125
9309.99609375
9309.26953125
9308.587890625
9307.943359375
9307.3349609375
9306.75390625
9306.1953125
9305.6591796875
9305.142578125
9304.6435546875
9304.166015625
9303.703125
9303.2587890625
9302.830078125
9302.421875
9302.0283203125
9301.65234375
9301.2890625
9300.939453125
9300.6044921875
9300.283203125
9299.9716796875
9299.673828125
9299.3828125
9299.1015625
9298.828125
9298.5625
9298.3056640625
9298.0546875
9297.810546875
9297.572265625
9297.34375
9297.1171875
9296.900390625
9296.6875
9296.4794921875
9296.275390625
9296.076171875
9295.8798828125
9295.6904296875
9295.5
9295.31640625
9295.134765625
9294.955078125
9294.78125
9294.607421875
9294.4375
9294.26953125
9294.1064453125
9293.94140625
9293.783203125
9293.6240234375
9293.46875
9293.3134765625
9293.1611328125
9293.009765625
9292.8662109375
9292.720703125
9292.5771484375
9292.4345703125
9292.2919921875
9292.150390625
9292.0146484375
9291.8759765625
9291.740234375
9291.6044921875
9291.470703125
9291.3388671875
9291.2060546875
9291.07421875
9290.9423828125
9290.8134765625
9290.6865234375
9290.5625
9290.435546875
9290.3095703125
9290.1845703125
9290.0615234375
9289.939453125
9289.81640625
9289.6953125
9289.5732421875
9289.4541015625
9289.3359375
9289.216796875
9289.0966796875
9288.978515625
9288.861328125
9288.744140625
9288.6279296875
9288.51171875
9288.396484375
9288.2822265625
9288.166015625
9288.052734375
9287.9375
9287.82421875
9287.7109375
9287.5966796875
9287.484375
9287.3740234375
9287.26171875
9287.1494140625
9287.0400390625
9286.927734375
9286.818359375
9286.7080078125
9286.599609375
9286.48828125
9286.380859375
9286.2724609375
9286.1630859375
9286.052734375
9285.943359375
9285.8359375
9285.7265625
9285.62109375
9285.5126953125
9285.4052734375
9285.296875
9285.1904296875
9285.083984375
9284.9765625
9284.869140625
9284.763671875
9284.658203125
9284.548828125
9284.4443359375
9284.3388671875
9284.2333984375
9284.1279296875
9284.0234375
9283.91796875
9283.8125
9283.708984375
9283.603515625
9283.501953125
9283.3984375
9283.29296875
9283.189453125
9283.0830078125
9282.9794921875
9282.8779296875
9282.7744140625
9282.6708984375
9282.5693359375
9282.466796875
9282.365234375
9282.2607421875
9282.162109375
9282.0576171875
9281.95703125
9281.8564453125
9281.7548828125
9281.654296875
9281.5546875
9281.455078125
9281.35546875
9281.255859375
9281.15625
9281.0576171875
9280.958984375
9280.8603515625
9280.763671875
9280.666015625
9280.5693359375
9280.4736328125
9280.3779296875
9280.28125
9280.1884765625
9280.091796875
9279.9970703125
9279.9052734375
9279.814453125
9279.7216796875
9279.626953125
9279.53515625
9279.4453125
3745696.75
1777228416.0
366665.53125
754669.6875
60522468.0
197056.671875
457635.8125
404029.5625
113603.1796875
66703.2109375
60982.80859375
60236.578125
59678.8828125
59950.1953125
60508.40625
61124.92578125
62114.578125
63760.76953125
67284.7578125
74476.2109375
84806.984375
89993.9921875
83792.25
74517.4296875
68392.015625
65229.625
63676.4296875
62830.765625
62283.25
61893.796875
61551.453125
61189.78125
60805.32421875
60425.34765625
60070.39453125
59741.94921875
59409.74609375
59034.8046875
58609.5625
58176.046875
57780.81640625
57421.046875
57061.27734375
56680.3046875
56285.7578125
55893.6796875
55508.63671875
55123.9140625
54733.3125
54339.59375
53948.61328125
53562.57421875
53181.5078125
52806.265625
52438.09765625
52076.5390625
51721.90625
51375.4765625
51037.9453125
50708.4453125
50384.9140625
50065.6328125
49751.5859375
49444.72265625
49144.6796875
48849.453125
48558.59375
48273.5859375
47995.05859375
47722.4296875
47453.9609375
47188.81640625
46928.22265625
46672.2578125
46420.3828125
46172.74609375
45929.71875
45691.375
45457.3125
45227.203125
45000.60546875
44777.36328125
44557.7578125
44341.640625
44128.953125
43919.3125
43712.6640625
43508.5390625
43307.14453125
43108.58203125
42912.51171875
42719.01953125
42527.80078125
42338.7890625
42152.0859375
41967.53125
41785.0234375
41604.5
41425.90234375
41249.09765625
41074.22265625
40901.15234375
40729.703125
40559.921875
40391.74609375
40225.25390625
40060.5625
39897.55859375
39736.29296875
39576.55078125
39418.28515625
39261.3984375
39105.99609375
38951.921875
38799.2734375
38648.06640625
38498.2890625
38350.01953125
38202.94921875
38057.25
37912.78515625
37769.37890625
37627.44921875
37486.828125
37347.515625
37209.4375
37072.62890625
36937.1640625
36803.12109375
36670.296875
36538.77734375
36408.5078125
36279.6171875
36151.94140625
36025.5546875
35900.47265625
35776.56640625
35654.0
35532.6015625
35412.37109375
35293.26171875
35175.1796875
35058.125
34942.09765625
34826.9140625
34712.6484375
34599.265625
34486.703125
34374.90625
34264.07421875
34154.12109375
34044.90625
33936.0625
33827.95703125
33720.99609375
33614.7890625
33508.96484375
33404.0
33299.921875
33196.37109375
33093.484375
32991.36328125
32890.12109375
32789.515625
32689.73046875
32591.14453125
32493.8515625
32397.931640625
32300.744140625
32203.16796875
32109.296875
32015.79296875
31921.1953125
31829.09765625
31737.986328125
31646.01171875
31556.216796875
31466.91796875
31377.388671875
31289.51953125
31201.859375
31114.431640625
31028.59375
30942.984375
30858.0859375
30774.48046875
30690.634765625
30607.896484375
30526.341796875
30445.390625
30365.568359375
30286.53125
30207.94921875
30130.3203125
30053.4140625
29976.908203125
29901.30078125
29826.07421875
29751.22265625
29676.703125
29602.55859375
29528.4921875
29454.26171875
29379.5859375
29304.439453125
29229.65234375
29157.28515625
29086.27734375
29015.40234375
28945.3515625
28877.296875
28811.28515625
28751.921875
28676.45703125
28627.82421875
28608.5625
28564.689453125
28509.90234375
28414.07421875
28347.748046875
28281.6953125
28214.17578125
28141.056640625
28072.18359375
28002.39453125
27932.25
27866.470703125
27805.28125
27742.43359375
27670.203125
27600.279296875
27535.044921875
27474.4296875
27412.2734375
27345.767578125
27282.185546875
27215.7734375
27150.08203125
27084.27734375
27018.333984375
26953.9375
26888.9140625
26830.51953125
26765.642578125
26703.69140625
26641.30859375
26579.65625
26518.6015625
26458.140625
26399.658203125
26342.171875
26284.2265625
26226.826171875
26169.173828125
26112.236328125
26055.369140625
25999.41015625
25943.388671875
25887.77734375
25833.1953125
25778.50390625
25724.5859375
25671.07421875
25617.330078125
25563.20703125
25508.65625
25453.869140625
25399.33984375
25345.015625
25290.501953125
25235.4375
25180.03125
25124.90625
25069.830078125
25014.84765625
24959.595703125
24904.3671875
24849.634765625
24794.814453125
24739.609375
24684.208984375
24629.03515625
24574.3515625
24519.677734375
24464.74609375
24409.69140625
24354.796875
24300.34765625
24245.68359375
24191.0546875
24136.564453125
24082.0078125
24027.244140625
23972.654296875
23918.3671875
23864.1015625
23809.591796875
23754.904296875
23699.9453125
23645.3359375
23591.0703125
23537.01953125
23482.81640625
23428.552734375
23374.4921875
23320.8515625
23267.32421875
23213.8046875
23160.630859375
23107.681640625
23054.8984375
23002.33984375
22949.90625
22897.84375
22845.9453125
22794.138671875
22742.58203125
22691.0625
22640.201171875
22589.01953125
22538.41796875
22487.47265625
22437.16015625
22387.267578125
22338.05859375
22289.0625
22239.6171875
22190.18359375
22141.189453125
22093.22265625
22044.3046875
21995.078125
21945.990234375
21898.712890625
21852.462890625
21805.64453125
21758.421875
21711.9140625
21666.794921875
21621.96875
21577.12890625
21531.947265625
21487.7421875
21443.6640625
21400.234375
21357.251953125
21314.634765625
21272.40625
21230.5703125
21189.42578125
21149.0234375
21109.556640625
21070.71875
21033.08984375
20994.6484375
20954.98046875
20913.431640625
20873.39453125
20836.23828125
20800.41015625
20763.763671875
20726.26171875
20689.7578125
20654.482421875
20619.880859375
20584.91796875
20550.2578125
20515.201171875
20481.109375
20447.484375
20414.32421875
20381.3828125
20348.806640625
20317.09765625
20285.01171875
20252.8359375
20220.22265625
20189.1328125
20158.0703125
20127.28125
20096.005859375
20064.890625
20034.34375
20005.087890625
19977.5859375
19953.927734375
19927.611328125
19891.13671875
19856.255859375
19833.00390625
19801.525390625
19766.494140625
19742.16015625
19711.775390625
19680.6015625
19656.3046875
19626.056640625
19598.767578125
19573.90234375
19543.505859375
19514.849609375
19486.37890625
19457.5546875
19433.3828125
19405.9453125
19377.65234375
19352.15234375
19325.58984375
19300.50390625
19273.7109375
19246.1640625
19220.82421875
19195.65625
19170.03515625
19144.650390625
19118.84375
19094.51171875
19069.529296875
19043.41796875
19017.9453125
18992.595703125
18968.904296875
18944.6796875
18920.2734375
18896.419921875
18874.0390625
18855.55859375
18841.115234375
18821.404296875
18784.15625
18755.693359375
18742.259765625
18717.197265625
18689.984375
18674.541015625
18653.501953125
18632.33203125
18611.087890625
18580.90625
18557.44140625
18540.48046875
18519.71484375
18494.291015625
18470.5390625
18452.810546875
18432.02734375
18407.625
18388.484375
18367.67578125
18345.673828125
18324.86328125
18305.89453125
18288.125
18267.208984375
18247.2734375
18229.08984375
18208.06640625
18187.94140625
18169.490234375
18152.1328125
18135.708984375
18116.28515625
18096.263671875
18074.33984375
18053.0859375
18035.212890625
18018.91015625
18003.109375
17986.28125
17969.421875
17951.40234375
17931.91796875
17913.77734375
17898.0859375
17880.93359375
17862.43359375
17844.1171875
17825.71875
17807.4921875
17790.177734375
17775.701171875
17761.3671875
17747.255859375
17735.595703125
17720.958984375
17701.033203125
17673.68359375
17657.892578125
17649.630859375
17631.107421875
17608.9296875
17594.1484375
17581.794921875
17562.66015625
17544.533203125
17530.40625
17515.3515625
17496.341796875
17480.486328125
17468.02734375
17453.76953125
17437.078125
17423.060546875
17410.40234375
17397.681640625
17382.79296875
17367.8515625
17354.3125
17342.37109375
17332.2734375
17321.0546875
17309.361328125
17290.728515625
17272.697265625
17260.419921875
17251.265625
17243.072265625
17229.6875
17219.103515625
17208.7734375
17193.3125
17175.109375
17162.73828125
17154.7109375
17146.43359375
17131.5546875
17118.53125
17108.966796875
17098.37890625
17088.9296875
17079.3828125
17065.392578125
17048.234375
17035.853515625
17028.767578125
17017.505859375
17003.849609375
16992.98046875
16982.1796875
16967.44140625
16956.478515625
16949.400390625
16940.23046875
16928.0625
16918.154296875
16907.62109375
16895.6640625
16885.49609375
16875.0546875
16866.04296875
16854.806640625
16845.8984375
16835.42578125
16825.67578125
16816.9921875
16807.54296875
16798.423828125
16788.68359375
16778.83203125
16769.1796875
16760.22265625
16751.087890625
16742.154296875
16733.2421875
16723.138671875
16713.08984375
16703.451171875
16694.3203125
16686.19140625
16678.41015625
16671.197265625
16661.453125
16651.982421875
16643.021484375
16634.52734375
16626.904296875
16618.2421875
16610.177734375
16601.00390625
16593.2265625
16585.09375
16577.494140625
16570.23828125
16562.80078125
16556.552734375
16551.16796875
16546.22265625
16540.31640625
16531.09765625
16520.119140625
16509.345703125
16502.091796875
16493.9296875
16484.62890625
16473.13671875
16463.8203125
16456.51171875
16450.6796875
16443.6640625
16434.525390625
16425.64453125
16417.04296875
16408.7265625
16399.67578125
16390.837890625
16382.8955078125
16375.7900390625
16368.5263671875
16361.1259765625
16353.984375
16347.7509765625
16341.81640625
16335.3125
16328.697265625
16321.28125
16312.80859375
16302.650390625
16292.123046875
16282.720703125
16274.8876953125
16268.1611328125
16261.2880859375
16254.35546875
16246.5966796875
16239.263671875
16231.2392578125
16223.978515625
16216.390625
16209.720703125
16201.83203125
16194.4619140625
16186.9736328125
16179.958984375
16173.330078125
16166.791015625
16160.8095703125
16154.2958984375
16148.21875
16141.728515625
16134.5859375
16126.451171875
16118.1611328125
16109.142578125
16102.1533203125
16095.8671875
16090.193359375
16083.626953125
16075.5732421875
16067.92578125
16061.21484375
16056.052734375
16051.0830078125
16046.14453125
16038.5517578125
16030.6513671875
16023.5537109375
16017.4375
16012.34765625
16005.865234375
15998.8974609375
15991.3759765625
15985.49609375
15977.7919921875
15969.70703125
15959.693359375
15951.185546875
15943.79296875
15937.6298828125
15930.8935546875
15923.4130859375
15915.3828125
15907.92578125
15902.0322265625
15895.6513671875
15888.93359375
15880.587890625
15872.86328125
15866.3193359375
15862.1728515625
15858.076171875
15852.46484375
15844.3955078125
15834.98046875
15825.69921875
15817.1337890625
15809.6015625
15802.9462890625
15797.75390625
15792.109375
15786.1611328125
15778.09765625
15769.6884765625
15761.4716796875
15754.912109375
15748.6943359375
15743.029296875
15736.61328125
15730.2578125
15723.59375
15717.423828125
15711.126953125
15705.287109375
15698.607421875
15691.6953125
15683.96875
15676.947265625
15670.318359375
15664.9287109375
15659.7041015625
15654.796875
15649.4228515625
15643.693359375
15637.412109375
15630.3828125
15622.4580078125
15614.630859375
15606.306640625
15599.1767578125
15592.52734375
15587.126953125
15581.884765625
15576.99609375
15571.53515625
15566.0966796875
15560.748046875
15557.755859375
15559.314453125
15569.1328125
15582.150390625
15552.796875
15536.53515625
15544.59375
15517.7685546875
15524.0146484375
15522.9169921875
15504.2392578125
15505.763671875
15490.8828125
15486.8740234375
15478.94921875
15468.5576171875
15468.1845703125
15456.287109375
15452.16796875
15441.4765625
15436.642578125
15430.4345703125
15421.8701171875
15418.435546875
15412.22265625
15409.03125
15404.30078125
15399.818359375
15393.8046875
15384.5908203125
15377.65625
15371.083984375
15366.96875
15360.751953125
15353.8515625
15345.8779296875
15337.982421875
15331.009765625
15324.60546875
15319.0986328125
15313.685546875
15308.1640625
15303.107421875
15297.2626953125
15291.69921875
15285.3251953125
15279.349609375
15272.771484375
15267.01953125
15261.6474609375
15257.94140625
15254.42578125
15252.1357421875
15249.416015625
15247.525390625
15244.009765625
15239.384765625
15231.484375
15222.6572265625
15213.009765625
15204.7890625
15197.2119140625
15191.0263671875
15184.94921875
15179.7490234375
15174.861328125
15170.41015625
15166.166015625
15161.052734375
15154.935546875
15147.8564453125
15140.623046875
15134.0341796875
15128.1376953125
15122.9853515625
15116.7666015625
15110.5205078125
15103.6171875
15098.166015625
15093.611328125
15090.6005859375
15087.3837890625
15083.56640625
15078.037109375
15070.9443359375
15062.701171875
15055.5888671875
15049.46875
15045.078125
15040.193359375
15034.927734375
15028.1025390625
15020.9443359375
15013.75390625
15007.7177734375
15001.904296875
14996.83984375
14991.7001953125
14987.0048828125
14982.197265625
14977.1357421875
14971.4521484375
14964.767578125
14957.859375
14951.11328125
14945.298828125
14940.5234375
14936.474609375
14933.3662109375
14930.16796875
14927.88671875
14925.1435546875
14922.8876953125
14919.8505859375
14916.345703125
14911.373046875
14905.767578125
14898.771484375
14891.98828125
14884.431640625
14877.359375
14869.388671875
14862.0078125
14855.7060546875
14850.865234375
14847.53125
14844.916015625
14846.501953125
14837.7314453125
14824.705078125
14816.1796875
14815.8671875
14817.3515625
14805.955078125
14801.525390625
14800.6162109375
14795.935546875
14794.705078125
14795.525390625
14792.794921875
14790.861328125
14783.19921875
14775.728515625
14765.62109375
14755.76953125
14748.2880859375
14739.919921875
14733.7392578125
14728.896484375
14721.5341796875
14718.201171875
14712.439453125
14706.90625
14703.1376953125
14696.708984375
14691.439453125
14686.7978515625
14679.501953125
14674.876953125
14668.3828125
14662.517578125
14657.15234375
14651.07421875
14645.498046875
14639.9892578125
14634.15625
14628.87109375
14622.8818359375
14617.56640625
14611.396484375
14606.099609375
14600.828125
14596.08984375
14591.796875
14587.8828125
14583.19140625
14578.6806640625
14572.841796875
14567.0576171875
14560.7451171875
14554.689453125
14548.5322265625
14542.71484375
14537.1015625
14531.94921875
14526.7392578125
14521.939453125
14516.74609375
14512.29296875
14507.806640625
14503.9248046875
14499.92578125
14496.1982421875
14492.2568359375
14489.1171875
14485.9638671875
14484.1796875
14482.5966796875
14482.072265625
14481.16796875
14480.0625
14477.412109375
14473.603515625
14468.2939453125
14462.509765625
14456.650390625
14450.5869140625
14443.96484375
14437.328125
14430.087890625
14423.689453125
14417.353515625
14412.443359375
14407.994140625
14404.259765625
14399.62890625
14395.841796875
14391.623046875
14388.462890625
14384.08984375
14379.99609375
14375.90625
14372.9482421875
14369.82421875
14365.1240234375
14358.2333984375
14350.4140625
14342.880859375
14337.5791015625
14333.62109375
14330.7197265625
14326.8076171875
14320.8720703125
14312.248046875
14303.2353515625
14295.755859375
14291.0673828125
14287.5810546875
14284.2744140625
14279.7685546875
14275.4140625
14270.669921875
14267.15234375
14264.0
14261.9326171875
14259.8740234375
14257.853515625
14254.9013671875
14251.697265625
14247.0
14241.623046875
14235.109375
14229.87890625
14224.271484375
14216.830078125
14207.857421875
14200.337890625
14195.6591796875
14192.806640625
14188.85546875
14183.455078125
14177.94921875
14173.4267578125
14168.88671875
14163.693359375
14158.3896484375
14154.001953125
14150.5908203125
14146.955078125
14142.5810546875
14138.0322265625
14134.0625
14130.6328125
14126.8505859375
14122.8271484375
14118.7685546875
14097.98828125
14098.744140625
14101.828125
14085.3759765625
14091.212890625
14085.5546875
14076.595703125
14080.6162109375
14071.8525390625
14068.623046875
14068.669921875
14060.6474609375
14059.888671875
14056.7255859375
14050.96484375
14050.34375
14045.587890625
14041.94921875
14040.185546875
14035.2939453125
14032.796875
14029.970703125
14025.6552734375
14023.4443359375
14019.939453125
14016.326171875
14013.85546875
14010.29296875
14007.1103515625
14004.291015625
14000.765625
13997.796875
13994.7783203125
13991.447265625
13988.498046875
13985.369140625
13982.109375
13979.18359375
13976.0341796875
13972.8486328125
13969.85546875
13966.6904296875
13963.650390625
13960.5869140625
13957.4560546875
13954.4365234375
13951.326171875
13948.259765625
13945.16796875
13942.083984375
13939.02734375
13935.92578125
13932.8828125
13929.833984375
13926.734375
13923.69921875
13920.619140625
13917.5673828125
13914.4921875
13911.421875
13908.34375
13905.322265625
13902.2490234375
13899.16796875
13896.150390625
13893.1181640625
13890.0341796875
13886.974609375
13883.9267578125
13880.8837890625
13877.80859375
13874.80078125
13871.734375
13868.6953125
13865.6015625
13862.5390625
13859.498046875
13856.478515625
13853.4140625
13850.3525390625
13847.2880859375
13844.2744140625
13841.23046875
13838.1962890625
13835.11328125
13832.07421875
13829.041015625
13825.9736328125
13822.962890625
13819.91796875
13816.859375
13813.765625
13810.736328125
13807.6708984375
13804.6279296875
13801.54296875
13798.50390625
13795.451171875
13792.341796875
13789.3232421875
13786.244140625
13783.1806640625
13780.1298828125
13777.0712890625
13774.033203125
13771.01953125
13767.96875
13764.994140625
13761.904296875
13758.93359375
13755.8671875
13752.767578125
13749.7587890625
13746.642578125
13743.619140625
13740.5888671875
13737.5224609375
13734.5009765625
13731.4453125
13728.369140625
13725.3623046875
13722.369140625
13719.3291015625
13716.25390625
13713.240234375
13710.1748046875
13707.140625
13704.1357421875
13701.056640625
13698.09765625
13695.0390625
13692.0244140625
13688.9755859375
13685.9228515625
13682.845703125
13679.8330078125
13676.798828125
13673.7568359375
13670.712890625
13667.671875
13664.671875
13661.5927734375
13658.546875
13655.4892578125
13652.470703125
13649.431640625
13646.404296875
13643.3994140625
13640.412109375
13637.4482421875
13634.4345703125
13631.4541015625
13628.45703125
13625.498046875
13622.5986328125
13619.615234375
13616.677734375
13613.712890625
13610.7763671875
13607.796875
13604.83984375
13601.921875
13599.01171875
13596.021484375
13593.0966796875
13590.1494140625
13587.240234375
13584.3154296875
13581.353515625
13578.439453125
13575.5390625
13572.583984375
13569.6943359375
13566.7763671875
13563.857421875
13560.9375
13558.033203125
13555.123046875
13552.2392578125
13549.29296875
13546.408203125
13543.521484375
13540.6376953125
13537.73828125
13534.85546875
13531.923828125
13529.04296875
13526.16015625
13523.2353515625
13520.3779296875
13517.4658203125
13514.595703125
13511.7294921875
13508.8720703125
13505.962890625
13503.1015625
13500.1904296875
13497.345703125
13494.4443359375
13491.609375
13488.771484375
13485.875
13482.97265625
13480.1650390625
13477.279296875
13474.4296875
13471.5537109375
13468.67578125
13465.822265625
13463.0234375
13460.169921875
13457.3193359375
13454.453125
13451.6513671875
13448.8525390625
13446.0703125
13443.373046875
13440.63671875
13437.7626953125
13434.73828125
13431.7255859375
13428.9130859375
13426.21484375
13423.427734375
13420.5546875
13417.6279296875
13414.8291015625
13412.1015625
13409.2998046875
13406.4130859375
13403.5771484375
13400.857421875
13398.03515625
13395.208984375
13392.412109375
13389.6259765625
13386.880859375
13384.0849609375
13381.287109375
13378.52734375
13375.7294921875
13373.0185546875
13370.2392578125
13367.455078125
13364.7109375
13361.962890625
13359.201171875
13356.46484375
13353.7392578125
13351.0546875
13348.33984375
13345.578125
13342.8203125
13340.060546875
13337.2451171875
13334.5029296875
13331.787109375
13329.099609375
13326.3798828125
13323.6328125
13320.8798828125
13318.146484375
13315.4111328125
13312.7236328125
13309.94921875
13307.2421875
13304.490234375
13301.74609375
13299.041015625
13296.3896484375
13293.6259765625
13290.849609375
13288.12890625
13285.416015625
13282.705078125
13280.005859375
13277.2431640625
13274.4951171875
13271.75
13269.0361328125
13266.328125
13263.578125
13260.8125
13258.08203125
13255.3125
13252.564453125
13249.787109375
13247.05859375
13244.306640625
13241.5546875
13238.771484375
13235.982421875
13233.21484375
13230.400390625
13227.619140625
13224.86328125
13222.08984375
13219.251953125
13216.46875
13213.67578125
13210.876953125
13208.083984375
13205.26953125
13202.470703125
13199.6728515625
13196.9072265625
13194.0908203125
13191.3115234375
13188.521484375
13185.6953125
13182.9580078125
13180.197265625
13177.42578125
13174.708984375
13171.9140625
13169.1796875
13166.470703125
13163.71484375
13160.9736328125
13158.2421875
13155.537109375
13152.7939453125
13150.130859375
13147.4365234375
13144.7607421875
13142.0498046875
13139.42578125
13136.7177734375
13134.083984375
13131.4580078125
13128.841796875
13126.197265625
13123.587890625
13120.9462890625
13118.32421875
13115.638671875
13112.91796875
13110.251953125
13107.6064453125
13104.9970703125
13102.357421875
13099.7373046875
13097.083984375
13094.412109375
13091.802734375
13089.1337890625
13086.490234375
13083.8701171875
13081.2509765625
13078.62109375
13075.9697265625
13073.322265625
13070.701171875
13068.07421875
13065.50390625
13062.8544921875
13060.2578125
13057.6630859375
13055.07421875
13052.486328125
13049.88671875
13047.353515625
13044.755859375
13042.154296875
13039.640625
13037.099609375
13034.5595703125
13032.02734375
13029.4541015625
13026.9326171875
13024.4384765625
13021.947265625
13019.38671875
13016.9111328125
13014.412109375
13011.921875
13009.470703125
13007.052734375
13004.6494140625
13002.2666015625
12999.8447265625
12997.37890625
12994.845703125
12992.3154296875
12989.8193359375
12987.296875
12984.75390625
12982.2685546875
12979.82421875
12977.4833984375
12975.3564453125
12973.2421875
12971.19140625
12969.154296875
12967.087890625
12964.794921875
12962.1533203125
12959.130859375
12956.0625
12953.1513671875
12950.6455078125
12948.251953125
12945.8779296875
12943.51953125
12941.2548828125
12939.1669921875
12936.99609375
12934.5986328125
12931.7412109375
12928.72265625
12925.9404296875
12923.494140625
12921.267578125
12918.9697265625
12916.541015625
12914.08203125
12911.779296875
12909.5712890625
12907.3935546875
12905.240234375
12903.05078125
12900.966796875
12898.751953125
12896.2880859375
12893.33203125
12890.263671875
12887.412109375
12884.97265625
12882.7939453125
12880.673828125
12878.3095703125
12875.7607421875
12873.162109375
12870.654296875
12868.373046875
12866.2294921875
12864.1376953125
12861.958984375
12859.7861328125
12857.689453125
12855.859375
12854.1328125
12852.4990234375
12850.4892578125
12847.869140625
12844.6572265625
12841.3837890625
12838.6201171875
12836.677734375
12835.80078125
12835.9033203125
12836.6337890625
12834.6064453125
12829.162109375
12822.69921875
12819.794921875
12819.41015625
12817.6650390625
12813.65625
12809.56640625
12807.2470703125
12805.6796875
12803.3720703125
12800.4296875
12797.560546875
12794.9462890625
12792.380859375
12789.669921875
12787.0185546875
12784.4990234375
12782.0419921875
12779.466796875
12776.7978515625
12774.1484375
12771.4541015625
12768.5458984375
12765.642578125
12763.1630859375
12760.849609375
12758.380859375
12755.8046875
12753.3984375
12751.20703125
12749.08984375
12747.22265625
12745.873046875
12745.29296875
12745.7744140625
12747.876953125
12751.1298828125
12752.41796875
12749.017578125
12744.033203125
12741.83203125
12739.357421875
12732.892578125
12724.98828125
12722.115234375
12723.53515625
12722.62890625
12718.705078125
12714.4677734375
12710.44921875
12706.2099609375
12703.005859375
12700.72265625
12698.111328125
12694.287109375
12690.404296875
12687.6455078125
12685.9814453125
12683.970703125
12681.28125
12678.296875
12675.396484375
12672.3447265625
12669.9013671875
12667.8251953125
12665.345703125
12662.55078125
12660.251953125
12658.40234375
12656.2724609375
12654.2333984375
12652.044921875
12649.615234375
12646.7216796875
12643.748046875
12640.6318359375
12637.58984375
12634.87109375
12632.400390625
12630.35546875
12628.357421875
12626.494140625
12624.4580078125
12622.4775390625
12620.2763671875
12618.2294921875
12616.7421875
12615.693359375
12615.49609375
12613.322265625
12609.681640625
12605.126953125
12602.95703125
12602.646484375
12600.7392578125
12597.328125
12593.982421875
12592.048828125
12589.892578125
12586.38671875
12582.9052734375
12581.0068359375
12579.6806640625
12577.67578125
12575.2265625
12572.9052734375
12569.904296875
12565.880859375
12562.1875
12559.75
12557.9453125
12556.1845703125
12554.6611328125
12553.1875
12551.09375
12548.716796875
12546.2998046875
12544.150390625
12541.7734375
12539.359375
12536.80078125
12534.3203125
12531.5478515625
12528.74609375
12525.9736328125
12523.9345703125
12522.068359375
12520.8076171875
12519.6044921875
12518.3828125
12516.517578125
12513.8984375
12510.5751953125
12507.2421875
12504.689453125
12503.2421875
12502.4052734375
12501.44140625
12499.568359375
12496.99609375
12494.0595703125
12491.376953125
12488.958984375
12486.5234375
12483.8359375
12480.888671875
12478.11328125
12475.689453125
12473.7978515625
12472.0556640625
12470.482421875
12468.740234375
12466.923828125
12465.1240234375
12463.048828125
12460.916015625
12458.44921875
12456.0078125
12453.630859375
12451.71875
12450.19921875
12448.947265625
12447.6748046875
12446.037109375
12443.9814453125
12441.5712890625
12439.03125
12436.6064453125
12434.611328125
12432.71875
12431.09765625
12429.25390625
12427.330078125
12425.2734375
12423.2138671875
12421.57421875
12419.90234375
12418.4609375
12416.8564453125
12415.2001953125
12413.44921875
12411.8603515625
12410.5654296875
12409.28125
12408.177734375
12406.4453125
12404.380859375
12401.36328125
12397.970703125
12394.373046875
12391.341796875
12389.0205078125
12387.333984375
12385.875
12384.22265625
12382.181640625
12379.970703125
12377.818359375
12375.8984375
12374.0546875
12372.212890625
12369.814453125
12367.1611328125
12364.0859375
12361.6298828125
12359.55078125
12358.3876953125
12357.302734375
12356.619140625
12355.72265625
12355.07421875
12354.0732421875
12352.9453125
12351.0087890625
12348.7314453125
12345.876953125
12343.109375
12340.12890625
12337.044921875
12333.6015625
12330.224609375
12327.1787109375
12324.8095703125
12323.0087890625
12321.3603515625
12319.353515625
12316.91015625
12314.271484375
12312.13671875
12310.71484375
12310.1796875
12310.1474609375
12310.333984375
12310.17578125
12309.201171875
12306.943359375
12303.66015625
12300.08984375
12297.5595703125
12296.26171875
12295.96484375
12295.673828125
12294.5771484375
12292.19140625
12288.708984375
12284.853515625
12281.416015625
12278.8623046875
12276.763671875
12274.7626953125
12272.1533203125
12269.2763671875
12266.2578125
12263.744140625
12261.513671875
12259.560546875
12257.3681640625
12255.171875
12252.84375
12250.638671875
12248.23046875
12245.578125
12242.66015625
12239.7041015625
12237.005859375
12234.4560546875
12232.1708984375
12229.9453125
12227.91796875
12225.939453125
12224.220703125
12222.509765625
12220.984375
12219.37890625
12218.0625
12216.7802734375
12216.03125
12215.23828125
12214.673828125
12213.4140625
12212.900390625
12211.873046875
12212.208984375
12211.2763671875
12210.8505859375
12209.2666015625
12207.9345703125
12206.119140625
12204.32421875
12202.2294921875
12200.3916015625
12198.5673828125
12196.609375
12194.455078125
12192.0634765625
12190.0126953125
12188.349609375
12186.6572265625
12185.005859375
12182.126953125
12178.857421875
12174.466796875
12170.078125
12165.966796875
12162.7578125
12160.4521484375
12158.712890625
12157.3798828125
12156.35546875
12155.142578125
12154.048828125
12152.2705078125
12150.4033203125
12148.111328125
12145.79296875
12143.630859375
12141.720703125
12139.947265625
12137.787109375
12135.62890625
12132.5625
12129.939453125
12126.921875
12124.7841796875
12122.70703125
12121.20703125
12119.71484375
12118.2880859375
12116.50390625
12114.462890625
12112.259765625
12109.98046875
12107.96484375
12106.216796875
12104.8515625
12104.052734375
12103.380859375
12103.2666015625
12102.791015625
12102.322265625
12101.2158203125
12099.576171875
12097.630859375
12095.2841796875
12092.95703125
12090.322265625
12087.587890625
12084.763671875
12082.068359375
12079.5654296875
12077.109375
12074.82421875
12072.185546875
12069.7607421875
12066.9697265625
12064.759765625
12062.005859375
12059.478515625
12056.357421875
12053.4150390625
12050.490234375
12048.107421875
12046.1962890625
12045.0302734375
12044.5400390625
12045.16796875
12046.033203125
12047.919921875
12044.5
12039.4140625
12034.67578125
12033.306640625
12034.423828125
12032.693359375
12030.689453125
12030.4609375
12032.2841796875
12033.6552734375
12031.8427734375
12030.3544921875
12029.736328125
12028.455078125
12026.91796875
12023.453125
12018.986328125
12015.705078125
12013.0556640625
12009.7763671875
12006.591796875
12004.2333984375
12000.912109375
11997.79296875
11996.4033203125
11996.373046875
11995.80078125
11995.1796875
11994.16015625
11992.7314453125
11991.271484375
11989.5732421875
11987.390625
11985.49609375
11983.564453125
11981.4462890625
11979.041015625
11976.5419921875
11973.775390625
11970.814453125
11968.251953125
11965.81640625
11963.23046875
11959.912109375
11955.9609375
11951.693359375
11947.9921875
11944.646484375
11941.970703125
11939.677734375
11937.7646484375
11935.791015625
11933.83203125
11931.6640625
11929.4296875
11926.974609375
11924.638671875
11922.337890625
11920.4375
11918.763671875
11917.505859375
11916.40234375
11915.4013671875
11914.009765625
11912.22265625
11909.947265625
11907.408203125
11904.6484375
11901.787109375
11898.865234375
11896.265625
11893.7978515625
11891.8134765625
11890.08984375
11888.8408203125
11887.888671875
11887.35546875
11886.876953125
11886.5908203125
11886.212890625
11886.017578125
11885.609375
11885.3017578125
11884.6171875
11883.703125
11882.2197265625
11880.251953125
11877.8564453125
11875.009765625
11871.869140625
11868.537109375
11865.3369140625
11862.515625
11860.201171875
11858.58203125
11857.373046875
11856.7578125
11856.0439453125
11855.46484375
11854.23046875
11852.81640625
11850.4658203125
11847.5185546875
11843.119140625
11838.619140625
11834.7431640625
11832.416015625
11830.7138671875
11828.0107421875
11823.841796875
11818.892578125
11814.888671875
11812.439453125
11811.3076171875
11810.396484375
11809.263671875
11807.861328125
11806.3876953125
11804.78125
11803.2685546875
11802.005859375
11801.5517578125
11801.4599609375
11801.236328125
11799.880859375
11797.4697265625
11794.404296875
11791.7890625
11789.830078125
11788.822265625
11788.044921875
11787.55859375
11786.8369140625
11786.4609375
11786.1005859375
11786.298828125
11786.2060546875
11785.9560546875
11784.392578125
11782.017578125
11778.7548828125
11775.443359375
11773.0498046875
11771.1533203125
11772.6796875
11772.65625
11770.673828125
11759.591796875
11758.2890625
11757.009765625
11752.720703125
11749.30078125
11745.3115234375
11744.3330078125
11741.01171875
11737.80859375
11736.763671875
11733.25
11730.7001953125
11728.32421875
11725.98828125
11724.05859375
11722.62109375
11721.4140625
11719.78515625
11719.572265625
11719.005859375
11719.0927734375
11720.1083984375
11720.8388671875
11722.345703125
11722.94921875
11722.69140625
11720.8837890625
11717.587890625
11713.302734375
11708.69921875
11704.619140625
