14855.298828125
14852.810546875
14850.5546875
14848.5
14846.619140625
14844.9013671875
14843.3271484375
14841.884765625
14840.5654296875
14839.353515625
14838.244140625
14837.21875
14836.283203125
14835.4189453125
14834.623046875
14833.888671875
14833.208984375
14832.57421875
14831.982421875
14831.423828125
14830.896484375
14830.396484375
14829.919921875
14829.4599609375
14829.017578125
14828.5908203125
14828.171875
14827.767578125
14827.369140625
14826.9765625
14826.5888671875
14826.21484375
14825.841796875
14825.4765625
14825.11328125
14824.755859375
14824.40234375
14824.056640625
14823.7099609375
14823.373046875
14823.0361328125
14822.7041015625
14822.376953125
14822.0498046875
14821.7265625
14821.41015625
14821.09375
14820.78515625
14820.482421875
14820.1806640625
14819.8837890625
14819.5927734375
14819.3076171875
14819.0244140625
14818.74609375
14818.4736328125
14818.203125
14817.9384765625
14817.671875
14817.41796875
14817.166015625
14816.916015625
14816.6708984375
14816.431640625
14816.193359375
14815.9609375
14815.7333984375
14815.51171875
14815.2919921875
14815.080078125
14814.8671875
14814.662109375
14814.4599609375
14814.263671875
14814.0693359375
14813.87890625
14813.6953125
14813.5146484375
14813.337890625
14813.1689453125
14813.0
14812.833984375
14812.6728515625
14812.515625
14812.3603515625
14812.2080078125
14812.0625
14811.9189453125
14811.78125
14811.6416015625
14811.5078125
14811.376953125
14811.251953125
14811.126953125
14811.0078125
14810.888671875
14810.7744140625
14810.662109375
14810.552734375
14810.4453125
14810.3388671875
14810.2421875
14810.142578125
14810.04296875
14809.9482421875
14809.859375
14809.767578125
14809.6796875
14809.5947265625
14809.509765625
14809.42578125
14809.345703125
14809.267578125
14809.1904296875
14809.1162109375
14809.0439453125
14808.97265625
14808.900390625
14808.83203125
14808.7646484375
14808.703125
14808.63671875
14808.572265625
14808.509765625
14808.4453125
14808.390625
14808.328125
14808.2705078125
14808.21484375
14808.158203125
14808.1025390625
14808.048828125
14807.99609375
14807.943359375
14807.892578125
14807.8408203125
14807.7900390625
14807.740234375
14807.69140625
14807.642578125
14807.595703125
14807.5458984375
14807.5009765625
14807.451171875
14807.40625
14807.3603515625
14807.318359375
14807.2734375
14807.2275390625
14807.18359375
14807.142578125
14807.09765625
14807.0576171875
14807.015625
14806.974609375
14806.9296875
14806.892578125
14806.849609375
14806.810546875
14806.7685546875
14806.7294921875
14806.6904296875
14806.6484375
14806.611328125
14806.572265625
14806.5322265625
14806.494140625
14806.45703125
14806.4189453125
14806.37890625
14806.34375
14806.306640625
14806.26953125
14806.2314453125
14806.1923828125
14806.1552734375
14806.12109375
14806.08203125
14806.0458984375
14806.01171875
14805.974609375
14805.9404296875
14805.908203125
14805.87109375
14805.8369140625
14805.8017578125
14805.765625
14805.7294921875
14805.6982421875
14805.6630859375
14805.630859375
14805.59765625
14805.5625
14805.5302734375
14805.498046875
14805.4677734375
14805.43359375
14805.40234375
14805.369140625
14805.3388671875
414916576.0
121510.1015625
206729.046875
69833.7734375
114517.1953125
405407.96875
1084835.625
914345.9375
342732.90625
154796.828125
101841.2265625
75755.484375
68884.8046875
67557.3984375
68617.8125
71960.5234375
78770.6328125
91037.28125
110918.515625
139296.828125
172685.125
200742.5625
210472.4375
197373.046875
169738.078125
139568.8125
114171.7734375
95353.6171875
82192.8359375
73200.3203125
67023.53125
62673.9765625
59509.984375
57131.84375
55267.5390625
53745.2734375
52482.32421875
51377.7578125
50366.5859375
49442.04296875
48571.875
47756.71875
47012.4765625
46300.203125
45629.3984375
44999.80078125
44407.4296875
43847.83203125
43312.5703125
42796.40234375
42300.421875
41823.2421875
41361.4609375
40914.4921875
40487.58984375
40081.94140625
39688.03515625
39303.53515625
38931.3515625
38570.8125
38224.94140625
37891.27734375
37567.26953125
37253.97265625
36950.75390625
36657.94140625
36379.21484375
36108.55078125
35849.66015625
35591.27734375
35353.6171875
35129.0078125
34895.625
34670.69140625
34458.37109375
34242.66796875
34042.015625
33833.95703125
33652.234375
33467.9765625
33281.69140625
33137.609375
33003.328125
32854.73828125
32678.57421875
32535.69921875
32385.74609375
32227.0078125
32080.03515625
31924.515625
31767.27734375
31624.21875
31493.74609375
31356.1640625
31209.4609375
31069.14453125
30942.326171875
30820.451171875
30692.591796875
30562.064453125
30442.7109375
30329.62890625
30215.931640625
30101.53515625
29991.203125
29886.845703125
29783.982421875
29680.859375
29579.72265625
29482.30078125
29389.921875
29297.00390625
29201.34375
29107.576171875
29017.05078125
28930.162109375
28843.21875
28756.865234375
28672.7109375
28590.212890625
28508.16015625
28427.734375
28348.80078125
28269.69140625
28191.6328125
28115.091796875
28040.060546875
27965.9296875
27892.509765625
27820.31640625
27749.06640625
27678.625
27608.42578125
27539.26171875
27470.486328125
27402.306640625
27335.373046875
27269.423828125
27204.177734375
27139.83203125
27076.478515625
27014.2890625
26953.234375
26892.427734375
26832.19921875
26771.97265625
26712.58984375
26653.6953125
26595.583984375
26538.103515625
26481.796875
26426.236328125
26371.646484375
26317.42578125
26263.69140625
26210.41015625
26158.15625
26106.02734375
26054.013671875
26002.6328125
25951.99609375
25901.55078125
25851.4921875
25802.29296875
25753.638671875
25705.349609375
25657.533203125
25610.51171875
25563.708984375
25517.212890625
25470.8125
25425.39453125
25380.3671875
25335.388671875
25290.87109375
25246.71875
25202.537109375
25159.2578125
25115.787109375
25072.923828125
25030.45703125
24987.962890625
24945.880859375
24903.857421875
24862.24609375
24820.873046875
24779.962890625
24738.9765625
24698.53125
24658.1015625
24618.052734375
24578.072265625
24538.37109375
24499.158203125
24460.173828125
24421.375
24383.10546875
24344.83203125
24306.87109375
24269.10546875
24231.52734375
24194.125
24156.927734375
24120.12890625
24083.294921875
24046.58203125
24010.34375
23974.125
23938.029296875
23902.40625
23866.94921875
23832.58203125
23797.26953125
23763.47265625
23727.63671875
23693.36328125
23659.53515625
23626.546875
23594.498046875
23559.564453125
23526.4765625
23494.4296875
23462.373046875
23431.263671875
23397.794921875
23366.8671875
23337.33203125
23305.42578125
23272.515625
23240.0
23209.5234375
23180.408203125
23149.15625
23117.11328125
23086.765625
23057.7109375
23027.84375
22996.5703125
22966.78125
22937.044921875
22906.962890625
22877.0390625
22847.75390625
22818.83203125
22788.73828125
22759.11328125
22730.203125
22701.29296875
22672.34765625
22643.37890625
22614.71484375
22585.759765625
22556.96875
22528.4453125
22500.330078125
22472.103515625
22444.171875
22416.34765625
22388.64453125
22361.171875
22333.6171875
22306.458984375
22279.2421875
22252.119140625
22225.19921875
22198.54296875
22171.994140625
22145.796875
22119.53515625
22093.44921875
22067.83984375
22042.33984375
22017.140625
21992.001953125
21966.91015625
21942.46484375
21917.0
21893.0
21867.072265625
21842.46875
21818.140625
21794.09375
21770.78515625
21746.91796875
21724.62109375
21699.62890625
21675.505859375
21652.220703125
21629.3125
21608.677734375
21582.91796875
21560.4765625
21541.79296875
21514.07421875
21505.890625
21523.28125
21528.79296875
21493.83984375
21462.07421875
21431.5078125
21396.853515625
21370.14453125
21353.962890625
21327.70703125
21303.134765625
21274.884765625
21258.3046875
21232.39453125
21207.958984375
21186.541015625
21162.8046875
21142.60546875
21118.21875
21098.02734375
21077.15625
21057.40625
21035.568359375
21015.333984375
20994.6171875
20973.775390625
20954.052734375
20935.216796875
20914.705078125
20894.30078125
20875.544921875
20856.484375
20836.6875
20816.07421875
20797.4296875
20779.267578125
20759.94140625
20740.865234375
20721.650390625
20703.2265625
20683.91015625
20665.1796875
20646.82421875
20628.654296875
20610.041015625
20591.4296875
20573.123046875
20555.51953125
20537.794921875
20519.6328125
20500.822265625
20481.82421875
20463.2265625
20445.12109375
20427.55078125
20410.123046875
20392.349609375
20374.18359375
20356.23046875
20338.7890625
20321.615234375
20304.259765625
20286.8515625
20269.521484375
20252.65234375
20236.19921875
20219.546875
20202.328125
20185.091796875
20168.484375
20152.16015625
20135.703125
20118.6953125
20101.693359375
20084.849609375
20067.94921875
20051.326171875
20034.296875
20017.17578125
20000.15234375
19983.51953125
19967.076171875
19950.7578125
19934.96484375
19917.572265625
19900.40234375
19883.7421875
19867.9375
19854.314453125
19847.298828125
19822.54296875
19808.541015625
19794.505859375
19774.748046875
19767.09765625
19744.96875
19739.84765625
19761.07421875
19722.90625
19718.45703125
19685.08984375
19673.677734375
19652.296875
19696.22265625
19826.10546875
19972.94140625
19760.9296875
19796.25390625
19792.28125
19776.1953125
19773.19921875
19723.41796875
19683.09765625
19661.916015625
19621.134765625
19590.203125
19561.126953125
19541.30859375
19515.828125
19478.921875
19482.712890625
19466.578125
19439.9921875
19420.765625
19401.4921875
19381.087890625
19369.52734375
19348.875
19335.0703125
19308.150390625
19296.587890625
19282.126953125
19275.515625
19260.5234375
19246.685546875
19229.01953125
19213.38671875
19185.625
19176.916015625
19156.96875
19144.6640625
19130.25
19116.08203125
19101.12890625
19086.5546875
19071.892578125
19058.42578125
19045.4296875
19031.640625
19019.88671875
19001.453125
18990.8125
18978.41796875
18964.53125
18952.609375
18939.427734375
18927.31640625
18915.1328125
18901.205078125
18890.57421875
18878.798828125
18869.66796875
18860.998046875
18844.96875
18828.1796875
18815.123046875
18805.109375
18794.466796875
18779.5234375
18765.171875
18753.48828125
18742.376953125
18730.0
18716.71875
18705.46875
18694.650390625
18681.3828125
18668.51171875
18657.435546875
18646.921875
18635.107421875
18623.005859375
18611.923828125
18600.6328125
18588.373046875
18576.62890625
18565.10546875
18553.357421875
18541.548828125
18529.853515625
18518.505859375
18507.7109375
18496.896484375
18485.865234375
18474.4921875
18463.21875
18452.015625
18441.1640625
18430.638671875
18420.220703125
18409.953125
18399.791015625
18390.9296875
18383.841796875
18382.759765625
18377.77734375
18363.76171875
18337.3515625
18327.34765625
18325.248046875
18306.267578125
18291.0
18285.765625
18273.828125
18260.369140625
18251.0859375
18241.216796875
18229.0
18218.05078125
18210.30078125
18200.966796875
18191.68359375
18186.73046875
18181.01171875
18170.0390625
18157.84765625
18143.3984375
18130.87890625
18121.142578125
18112.44921875
18100.607421875
18086.92578125
18074.994140625
18066.859375
18058.97265625
18047.90234375
18035.98828125
18026.57421875
18018.46875
18008.8125
17998.83203125
17988.4921875
17979.99609375
17971.490234375
17961.671875
17950.982421875
17940.34375
17930.82421875
17921.921875
17913.40234375
17903.72265625
17894.23828125
17884.44140625
17874.89453125
17865.5703125
17856.296875
17846.69921875
17837.21484375
17828.39453125
17820.5625
17813.30859375
17806.091796875
17798.900390625
17791.046875
17782.048828125
17771.44921875
17761.099609375
17752.73046875
17746.1875
17735.970703125
17724.36328125
17715.025390625
17707.4296875
17699.029296875
17689.828125
17682.6953125
17676.12109375
17668.224609375
17661.265625
17654.974609375
17646.169921875
17634.953125
17623.1328125
17613.4453125
17606.1328125
17599.63671875
17592.685546875
17584.44140625
17575.6015625
17567.921875
17562.12890625
17557.609375
17551.13671875
17542.744140625
17533.19140625
17524.3125
17516.208984375
17508.76953125
17500.251953125
17490.02734375
17478.8828125
17468.71875
17460.56640625
17453.78125
17446.673828125
17438.453125
17429.16015625
17421.0703125
17414.73828125
17412.26953125
17408.8671875
17403.125
17386.783203125
17370.421875
17364.189453125
17361.09765625
17352.08984375
17340.5078125
17334.32421875
17327.83203125
17316.3125
17306.4375
17301.201171875
17294.935546875
17285.25
17276.20703125
17270.095703125
17263.3046875
17255.625
17248.16796875
17243.28515625
17235.3046875
17225.9375
17216.990234375
17209.6328125
17202.16796875
17194.04296875
17186.314453125
17179.02734375
17171.70703125
17164.75390625
17158.40234375
17151.755859375
17144.853515625
17138.32421875
17132.49609375
17126.87109375
17122.0234375
17117.72265625
17114.599609375
17107.30859375
17097.57421875
17082.80078125
17072.037109375
17064.78515625
17058.369140625
17049.59765625
17040.41796875
17032.75
17026.53125
17019.69140625
17012.93359375
17007.642578125
17001.984375
16996.30078125
16986.4140625
16976.515625
16967.548828125
16960.490234375
16953.921875
16946.78125
16939.0078125
16931.25
16924.20703125
16917.59765625
16911.671875
16905.51953125
16899.2578125
16891.83984375
16885.837890625
16878.6015625
16872.400390625
16864.84765625
16856.61328125
16848.134765625
16840.19140625
16833.40234375
16827.501953125
16821.978515625
16816.75
16810.716796875
16804.1328125
16796.921875
16789.521484375
16783.34375
16777.515625
16773.56640625
16767.880859375
16762.318359375
16754.984375
16747.578125
16739.89453125
16732.3125
16724.595703125
16717.125
16709.875
16703.6015625
16697.6796875
16692.89453125
16688.07421875
16683.53125
16678.310546875
16672.908203125
16666.87890625
16660.958984375
16654.912109375
16650.005859375
16643.490234375
16637.453125
16629.67578125
16622.3828125
16614.890625
16607.87890625
16601.28125
16595.158203125
16589.6796875
16584.58203125
16579.8671875
16574.95703125
16570.388671875
16565.62109375
16561.517578125
16557.29296875
16553.1015625
16547.90234375
16541.203125
16533.15234375
16524.90625
16517.037109375
16511.515625
16505.29296875
16499.91015625
16494.1015625
16488.369140625
16482.78515625
16477.50390625
16472.701171875
16467.1328125
16460.765625
16453.6484375
16447.1171875
16442.25390625
16439.4140625
16437.11328125
16434.96875
16429.8359375
16424.345703125
16416.45703125
16409.5859375
16401.9140625
16393.44921875
16384.080078125
16375.3779296875
16368.390625
16363.1943359375
16358.345703125
16352.546875
16346.0283203125
16339.1376953125
16333.7568359375
16328.5029296875
16324.34765625
16318.6953125
16313.4423828125
16307.705078125
16303.43359375
16298.58203125
16294.861328125
16289.392578125
16284.732421875
16278.583984375
16273.41015625
16267.0185546875
16260.44140625
16253.0400390625
16245.603515625
16238.2412109375
16231.5908203125
16226.9208984375
16223.796875
16224.5048828125
16220.697265625
16217.341796875
16207.916015625
16198.779296875
16190.4384765625
16185.328125
16181.7177734375
16178.8759765625
16175.9970703125
16168.0859375
16159.44140625
16151.53515625
16146.734375
16144.65625
16142.748046875
16139.962890625
16134.376953125
16128.716796875
16125.0234375
16120.8193359375
16117.3994140625
16110.6494140625
16103.5517578125
16094.7255859375
16086.2138671875
16077.6015625
16069.9091796875
16063.998046875
16059.6865234375
16056.3828125
16052.212890625
16046.568359375
16039.58203125
16032.6044921875
16026.169921875
16020.8115234375
16016.224609375
16012.5341796875
16008.83203125
16005.4140625
16002.1962890625
15999.892578125
15998.0849609375
15996.435546875
15993.58203125
15989.3466796875
15983.8544921875
15977.8916015625
15971.7568359375
15967.140625
15962.998046875
15959.3662109375
15954.02734375
15946.9599609375
15939.052734375
15932.7890625
15929.251953125
15927.2822265625
15925.1533203125
15921.107421875
15916.0634765625
15909.619140625
15902.5078125
15894.189453125
15886.2333984375
15880.2099609375
15876.8671875
15874.3349609375
15869.9814453125
15863.580078125
15857.095703125
15852.86328125
15850.2041015625
15848.1181640625
15844.7763671875
15841.431640625
15836.919921875
15832.490234375
15826.939453125
15821.798828125
15816.8056640625
15812.3623046875
15807.681640625
15802.572265625
15796.89453125
15791.0
15784.7734375
15778.845703125
15772.8232421875
15767.595703125
15762.919921875
15759.3623046875
15756.3857421875
15753.6904296875
15750.4931640625
15745.8681640625
15739.966796875
15732.9072265625
15726.396484375
15720.546875
15715.41796875
15710.3408203125
15705.39453125
15701.021484375
15697.4921875
15694.6416015625
15691.681640625
15688.01171875
15684.6044921875
15680.5390625
15677.59375
15673.0302734375
15668.458984375
15662.578125
15657.072265625
15652.0751953125
15647.7431640625
15644.1220703125
15640.76171875
15637.6845703125
15634.7001953125
15631.578125
15627.3720703125
15621.8720703125
15614.8154296875
15607.5732421875
15601.521484375
15597.38671875
15595.3125
15593.81640625
15592.419921875
15589.185546875
15585.4560546875
15580.54296875
15576.8037109375
15572.93359375
15570.09765625
15565.560546875
15561.5712890625
15557.458984375
15554.556640625
15550.17578125
15544.373046875
15536.6025390625
15529.90234375
15525.1318359375
15522.79296875
15520.306640625
15517.05078125
15512.1640625
15507.2373046875
15502.66015625
15499.720703125
15497.25
15494.609375
15490.1640625
15484.1103515625
15476.94140625
15470.888671875
15466.365234375
15463.330078125
15460.2578125
15456.013671875
15450.3349609375
15444.017578125
15438.4677734375
15434.146484375
15430.921875
15427.63671875
15423.60546875
15418.037109375
15411.900390625
15405.8154296875
15400.908203125
15396.734375
15393.7041015625
15390.3974609375
15387.578125
15383.9365234375
15380.79296875
15377.5087890625
15375.0126953125
15372.46875
15370.3779296875
15367.4931640625
15364.501953125
15360.818359375
15357.330078125
15354.0107421875
15351.2060546875
15348.544921875
15345.75390625
15342.416015625
15338.609375
15334.73828125
15331.1044921875
15328.3798828125
15326.353515625
15325.1708984375
15322.755859375
15318.2939453125
15311.8291015625
15304.9990234375
15300.615234375
15298.1728515625
15296.166015625
15291.9287109375
15284.767578125
15276.509765625
15269.720703125
15266.154296875
15264.2109375
15261.6484375
15255.853515625
15248.0302734375
15240.46875
15223.21875
15225.083984375
15224.73046875
15212.6552734375
15217.009765625
15210.279296875
15204.9677734375
15206.154296875
15198.4326171875
15196.5986328125
15194.3212890625
15188.271484375
15187.046875
15182.91015625
15178.6474609375
15176.802734375
15172.603515625
15169.53515625
15167.166015625
15163.400390625
15160.939453125
15158.3076171875
15155.1181640625
15152.759765625
15150.033203125
15147.1259765625
15144.74609375
15141.90625
15139.25
15136.662109375
15133.8505859375
15131.240234375
15128.580078125
15125.7626953125
15123.0732421875
15120.43359375
15117.771484375
15115.0986328125
15112.4912109375
15109.845703125
15107.193359375
15104.658203125
15102.04296875
15099.4453125
15096.8271484375
15094.2890625
15091.6787109375
15089.134765625
15086.515625
15084.005859375
15081.38671875
15078.7529296875
15076.201171875
15073.58984375
15071.0693359375
15068.4423828125
15065.896484375
15063.3515625
15060.794921875
15058.259765625
15055.705078125
15053.185546875
15050.6220703125
15048.103515625
15045.55859375
15042.94140625
15040.4306640625
15037.8681640625
15035.37109375
15032.69921875
15030.1552734375
15027.6572265625
15025.087890625
15022.5654296875
15019.978515625
15017.423828125
15014.9296875
15012.3603515625
15009.8359375
15007.279296875
15004.703125
15002.2265625
14999.6884765625
14997.2138671875
14994.638671875
14992.1083984375
14989.57421875
14987.0888671875
14984.521484375
14981.9541015625
14979.4462890625
14976.9306640625
14974.4462890625
14971.869140625
14969.330078125
14966.82421875
14964.31640625
14961.76953125
14959.30859375
14956.70703125
14954.2265625
14951.67578125
14949.205078125
14946.7548828125
14944.1513671875
14941.634765625
14939.076171875
14936.5546875
14934.0185546875
14931.5419921875
14928.9560546875
14926.423828125
14923.9033203125
14921.38671875
14918.8505859375
14916.314453125
14913.8203125
14911.2373046875
14908.751953125
14906.310546875
14903.740234375
14901.2587890625
14898.671875
14896.1572265625
14893.671875
14891.1171875
14888.595703125
14886.0986328125
14883.57421875
14881.0380859375
14878.6025390625
14876.05859375
14873.658203125
14871.0947265625
14868.6552734375
14866.171875
14863.7080078125
14861.1630859375
14858.7421875
14856.24609375
14853.7138671875
14851.28515625
14848.779296875
14846.359375
14843.8134765625
14841.353515625
14838.890625
14836.458984375
14833.953125
14831.478515625
14829.0400390625
14826.599609375
14824.15625
14821.6318359375
14819.24609375
14816.826171875
14814.361328125
14811.861328125
14809.466796875
14807.0146484375
14804.56640625
14802.134765625
14799.6357421875
14797.21484375
14794.83984375
14792.3720703125
14789.931640625
14787.5625
14785.072265625
14782.6513671875
14780.2119140625
14777.84375
14775.419921875
14772.9306640625
14770.4912109375
14768.076171875
14765.6171875
14763.2373046875
14760.783203125
14758.41015625
14755.95703125
14753.6181640625
14751.193359375
14748.7431640625
14746.390625
14743.939453125
14741.5986328125
14739.1494140625
14736.748046875
14734.3623046875
14731.9736328125
14729.537109375
14727.203125
14724.767578125
14722.404296875
14719.9765625
14717.5546875
14715.21484375
14712.84375
14710.4140625
14708.0673828125
14705.6640625
14703.2890625
14700.90625
14698.4951171875
14696.1748046875
14693.787109375
14691.3310546875
14688.966796875
14686.5693359375
14684.2392578125
14681.8427734375
14679.4267578125
14677.0791015625
14674.73046875
14672.3291015625
14669.978515625
14667.6015625
14665.279296875
14662.88671875
14660.5546875
14658.203125
14655.8525390625
14653.517578125
14651.1259765625
14648.75390625
14646.396484375
14644.07421875
14641.734375
14639.37109375
14637.0146484375
14634.7060546875
14632.3173828125
14629.998046875
14627.681640625
14625.333984375
14623.041015625
14620.6611328125
14618.345703125
14616.0322265625
14613.7109375
14611.3916015625
14609.03125
14606.6884765625
14604.3798828125
14602.056640625
14599.724609375
14597.41015625
14595.1376953125
14592.837890625
14590.4873046875
14588.1875
14585.87890625
14583.57421875
14581.28125
14578.9560546875
14576.65234375
14574.341796875
14571.994140625
14569.6796875
14567.3681640625
14565.0546875
14562.775390625
14560.4404296875
14558.150390625
14555.869140625
14553.529296875
14551.2109375
14548.9423828125
14546.65625
14544.32421875
14541.9892578125
14539.7041015625
14537.427734375
14535.111328125
14532.775390625
14530.4892578125
14528.205078125
14525.9052734375
14523.6005859375
14521.3173828125
14518.9697265625
14516.728515625
14514.48046875
14512.1826171875
14509.9013671875
14507.59765625
14505.326171875
14503.044921875
14500.7783203125
14498.4833984375
14496.208984375
14493.92578125
14491.591796875
14489.3271484375
14487.08203125
14484.791015625
14482.5126953125
14480.2353515625
14478.0263671875
14475.671875
14473.447265625
14471.203125
14468.9765625
14466.67578125
14464.3984375
14462.189453125
14459.904296875
14457.6455078125
14455.3828125
14453.1669921875
14450.833984375
14448.5927734375
14446.330078125
14444.072265625
14441.8369140625
14439.6181640625
14437.365234375
14435.12109375
14432.904296875
14430.642578125
14428.46484375
14426.166015625
14423.95703125
14421.71484375
14419.45703125
14417.203125
14414.9462890625
14412.7265625
14410.5205078125
14408.240234375
14406.05859375
14403.83203125
14401.5859375
14399.337890625
14397.177734375
14395.06640625
14392.9287109375
14390.9267578125
14388.9423828125
14386.931640625
14384.8564453125
14382.3818359375
14379.76171875
14377.134765625
14374.845703125
14372.94140625
14370.8720703125
14368.625
14366.21875
14363.7958984375
14361.65625
14359.541015625
14357.43359375
14355.13671875
14352.8466796875
14350.5380859375
14348.4169921875
14346.3037109375
14344.052734375
14341.8125
14339.52734375
14337.3359375
14335.158203125
14332.96484375
14330.708984375
14328.5078125
14326.28125
14324.119140625
14321.884765625
14319.734375
14317.51171875
14315.3134765625
14313.1015625
14310.955078125
14308.826171875
14306.634765625
14304.5693359375
14302.65625
14300.80859375
14298.6318359375
14296.0546875
14293.55078125
14291.72265625
14289.953125
14287.6455078125
14285.5283203125
14283.6953125
14281.88671875
14279.470703125
14277.03125
14274.564453125
14272.21484375
14269.8828125
14267.736328125
14265.529296875
14263.3447265625
14261.2646484375
14259.314453125
14257.087890625
14254.59375
14252.0888671875
14249.796875
14247.75390625
14245.744140625
14243.677734375
14241.474609375
14239.345703125
14237.10546875
14234.837890625
14232.4853515625
14230.369140625
14228.21484375
14226.1318359375
14223.947265625
14221.7890625
14219.5703125
14217.326171875
14215.181640625
14212.939453125
14210.833984375
14208.685546875
14206.533203125
14204.48046875
14202.28125
14200.12109375
14197.9384765625
14195.794921875
14193.6376953125
14191.419921875
14189.28515625
14187.103515625
14185.0078125
14182.9150390625
14180.75
14178.5693359375
14176.486328125
14174.3876953125
14172.1640625
14170.033203125
14167.892578125
14165.7421875
14163.6494140625
14161.474609375
14159.341796875
14157.1953125
14155.1064453125
14152.95703125
14150.80859375
14148.693359375
14146.53125
14144.4140625
14142.271484375
14140.1640625
14138.005859375
14135.9375
14133.7587890625
14131.6953125
14129.572265625
14127.4169921875
14125.318359375
14123.171875
14121.05859375
14118.865234375
14116.8056640625
14114.6640625
14112.5234375
14110.4765625
14108.38671875
14106.244140625
14104.1357421875
14102.05859375
14100.015625
14097.9013671875
14095.9228515625
14093.9951171875
14092.1259765625
14090.2705078125
14088.466796875
14086.27734375
14083.89453125
14081.30859375
14078.9677734375
14077.0537109375
14075.421875
14073.7724609375
14072.0966796875
14070.537109375
14069.5830078125
14069.16015625
14069.23046875
14067.5
14063.6220703125
14058.4140625
14055.205078125
14054.380859375
14053.6376953125
14051.6416015625
14048.537109375
14045.80078125
14043.06640625
14040.15625
14037.5751953125
14035.97265625
14034.8857421875
14032.6826171875
14029.6337890625
14027.1015625
14025.6484375
14024.564453125
14023.1396484375
14021.6728515625
14019.982421875
14018.5458984375
14017.400390625
14016.216796875
14014.763671875
14012.4609375
14009.9111328125
14007.8056640625
14006.50390625
14006.0673828125
14005.6318359375
14005.380859375
14004.69921875
14003.775390625
14002.673828125
14001.369140625
13999.771484375
13996.95703125
13993.0751953125
13988.552734375
13984.60546875
13982.30078125
13981.50390625
13981.17578125
13979.7734375
13976.66796875
13972.4755859375
13968.671875
13966.01953125
13964.1640625
13962.49609375
13959.951171875
13956.78125
13952.97265625
13949.57421875
13946.484375
13944.064453125
13941.953125
13939.849609375
13937.4375
13934.876953125
13932.1474609375
13929.5302734375
13927.125
13925.076171875
13922.8583984375
13920.74609375
13918.361328125
13916.06640625
13913.8369140625
13911.853515625
13909.904296875
13907.94921875
13906.087890625
13904.166015625
13902.455078125
13900.7041015625
13899.109375
13896.93359375
13894.7109375
13892.0205078125
13889.345703125
13886.5478515625
13884.03515625
13881.505859375
13879.291015625
13877.1259765625
13875.1357421875
13873.203125
13871.416015625
13869.6748046875
13867.982421875
13866.357421875
13864.763671875
13863.2470703125
13861.798828125
13860.201171875
13858.482421875
13856.54296875
13854.560546875
13852.4501953125
13850.3603515625
13848.1015625
13845.8896484375
13843.755859375
13841.8544921875
13840.08203125
13838.6298828125
13837.107421875
13836.06640625
13834.6552734375
13833.53125
13831.55078125
13829.4501953125
13826.5390625
13823.9833984375
13821.4033203125
13819.453125
13817.564453125
13816.03125
13814.4169921875
13812.845703125
13811.33203125
13809.802734375
13808.3916015625
13806.896484375
13805.455078125
13803.8154296875
13801.9091796875
13799.7041015625
13797.20703125
13794.5595703125
13791.845703125
13789.23828125
13786.9609375
13785.0537109375
13783.509765625
13782.041015625
13780.623046875
13778.75390625
13776.521484375
13773.982421875
13771.5791015625
13769.662109375
13768.1337890625
13766.865234375
13765.109375
13762.6962890625
13759.55859375
13755.7919921875
13751.900390625
13748.388671875
13745.77734375
13743.9931640625
13742.7021484375
13741.255859375
13739.3955078125
13736.78515625
13733.990234375
13731.5869140625
13729.744140625
13728.427734375
13727.00390625
13725.1533203125
13722.6923828125
13719.8818359375
13717.5078125
13715.5595703125
13714.177734375
13712.41015625
13710.796875
13708.8515625
13707.609375
13706.26953125
13704.66015625
13701.810546875
13698.4931640625
13695.3388671875
13692.87890625
13690.8193359375
13689.05078125
13687.353515625
13686.2822265625
13685.68359375
13685.6025390625
13685.380859375
13684.640625
13682.4638671875
13678.53515625
13673.572265625
13669.0087890625
13665.8154296875
13664.38671875
13663.046875
13661.650390625
13658.9970703125
13655.8974609375
13652.705078125
13650.2421875
13648.037109375
13645.951171875
13643.513671875
13640.7587890625
13637.76171875
13635.244140625
13633.3271484375
13632.3193359375
13631.3662109375
13630.2880859375
13628.451171875
13626.2998046875
13624.037109375
13622.1337890625
13620.3837890625
13618.333984375
13615.8134765625
13612.609375
13610.046875
13607.5205078125
13605.935546875
13604.1640625
13602.3671875
13599.9970703125
13597.5087890625
13594.8583984375
13592.52734375
13590.515625
13588.8125
13587.3603515625
13585.9140625
13584.2900390625
13582.314453125
13580.0478515625
13577.708984375
13575.625
13574.1044921875
13572.9140625
13572.05859375
13571.00390625
13569.7060546875
13568.044921875
13566.3115234375
13564.486328125
13563.1787109375
13561.91015625
13560.857421875
13559.482421875
13558.1357421875
13556.302734375
13554.6787109375
13552.921875
13551.3193359375
13549.7890625
13548.625
13548.2783203125
13548.8271484375
13550.4052734375
13551.1357421875
13547.7880859375
13540.5556640625
13535.7373046875
13534.546875
13535.4521484375
13534.49609375
13529.888671875
13524.0
13519.5810546875
13517.578125
13514.6357421875
13510.080078125
13505.734375
13503.75390625
13502.73046875
13501.283203125
13499.3984375
13497.76171875
13496.4794921875
13495.431640625
13493.998046875
13491.5986328125
13488.630859375
13486.0966796875
13484.041015625
13482.4375
13481.140625
13480.11328125
13478.5458984375
13476.12890625
13473.37109375
13470.6005859375
13468.5712890625
13466.8232421875
13464.7744140625
13462.1298828125
13459.310546875
13456.9150390625
13455.177734375
13453.736328125
13451.9921875
13449.9169921875
13447.466796875
13445.0673828125
13442.650390625
13440.3583984375
13438.0927734375
13436.1298828125
13434.435546875
13433.146484375
13431.92578125
13430.69921875
13429.12109375
13427.4765625
13425.61328125
13423.947265625
13422.455078125
13421.25
13420.2578125
13419.3876953125
13418.806640625
13418.28125
13417.791015625
13416.9873046875
13415.6025390625
13413.541015625
13410.896484375
13408.16796875
13405.71484375
13404.123046875
13403.1064453125
13402.912109375
13402.662109375
13402.5869140625
13401.9072265625
13401.04296875
13399.58984375
13397.541015625
13394.662109375
13391.033203125
13386.8701171875
13382.798828125
13379.140625
13376.4599609375
13374.3427734375
13372.650390625
13370.86328125
13368.8037109375
13366.3828125
13363.4580078125
13360.4150390625
13357.552734375
13355.1162109375
13353.1162109375
13351.38671875
13349.658203125
13347.6640625
13345.4453125
13343.2138671875
13341.087890625
13339.548828125
13338.427734375
13337.810546875
13337.2490234375
13336.6865234375
13335.662109375
13334.677734375
13333.236328125
13331.908203125
13329.6669921875
13326.9873046875
13323.4931640625
13320.373046875
13318.0390625
13316.9892578125
13316.4150390625
13316.078125
13315.1875
13313.79296875
13312.115234375
13310.4736328125
13308.8046875
13307.16796875
13305.1259765625
13302.9208984375
13300.4609375
13298.126953125
13295.87890625
13294.005859375
13292.0693359375
13290.4638671875
13288.880859375
13287.810546875
13287.0224609375
13286.9345703125
13286.564453125
13285.9873046875
13284.34375
13282.189453125
13279.4736328125
13277.0419921875
13274.8994140625
13273.091796875
13271.42578125
13269.79296875
13268.05859375
13266.376953125
13264.3076171875
13262.0478515625
13259.1806640625
13256.11328125
13252.791015625
13249.79296875
13247.171875
13245.2841796875
13243.3955078125
13241.6240234375
13239.36328125
13236.9248046875
13234.103515625
13231.45703125
13229.021484375
13227.064453125
13225.4072265625
13223.919921875
13222.421875
13220.91015625
13219.7900390625
13218.8447265625
13218.5810546875
13218.470703125
13218.623046875
13218.3349609375
13217.6328125
13215.94921875
13213.861328125
13211.34765625
13209.3369140625
13207.0703125
13204.5673828125
13201.5234375
13198.2421875
13195.1044921875
13192.5400390625
13190.6220703125
13189.1962890625
13187.74609375
13186.126953125
13184.109375
13182.19140625
13180.666015625
13180.279296875
13180.2841796875
13180.6416015625
13180.359375
13180.205078125
13179.6953125
13180.16796875
13179.9912109375
13180.53515625
13179.1083984375
13177.2900390625
13172.953125
13168.2421875
13162.8349609375
13158.3466796875
13154.6025390625
13151.8818359375
13149.7724609375
13148.2568359375
13147.072265625
13146.0078125
13144.7978515625
13143.296875
13141.5009765625
13139.4912109375
13137.34765625
13135.45703125
13133.7080078125
13132.431640625
13131.4482421875
13130.8740234375
13130.3349609375
13129.30859375
13127.4814453125
13125.0048828125
13122.171875
13119.9013671875
13118.4541015625
13118.05859375
13118.033203125
13118.0576171875
13117.37109375
13116.1533203125
13114.3583984375
13112.6640625
13110.833984375
13108.99609375
13106.4638671875
13103.173828125
13099.4169921875
13095.32421875
13091.619140625
13088.421875
13086.14453125
13084.466796875
13083.2490234375
13082.103515625
13080.912109375
