14855.298828125
14852.810546875
14850.5546875
14848.5
14846.619140625
14844.9013671875
14843.3271484375
14841.884765625
14840.5654296875
14839.353515625
14838.244140625
14837.21875
14836.283203125
14835.4189453125
14834.623046875
14833.888671875
14833.208984375
14832.57421875
14831.982421875
14831.423828125
14830.896484375
14830.396484375
14829.919921875
14829.4599609375
14829.017578125
14828.5908203125
14828.171875
14827.767578125
14827.369140625
14826.9765625
14826.5888671875
14826.21484375
14825.841796875
14825.4765625
14825.11328125
14824.755859375
14824.40234375
14824.056640625
14823.7099609375
14823.373046875
14823.0361328125
14822.7041015625
14822.376953125
14822.0498046875
14821.7265625
14821.41015625
14821.09375
14820.78515625
14820.482421875
14820.1806640625
14819.8837890625
14819.5927734375
14819.3076171875
14819.0244140625
14818.74609375
14818.4736328125
14818.203125
14817.9384765625
14817.671875
14817.41796875
14817.166015625
14816.916015625
14816.6708984375
14816.431640625
14816.193359375
14815.9609375
14815.7333984375
14815.51171875
14815.2919921875
14815.080078125
14814.8671875
14814.662109375
14814.4599609375
14814.263671875
14814.0693359375
14813.87890625
14813.6953125
14813.5146484375
14813.337890625
14813.1689453125
14813.0
14812.833984375
14812.6728515625
14812.515625
14812.3603515625
14812.2080078125
14812.0625
14811.9189453125
14811.78125
14811.6416015625
14811.5078125
14811.376953125
14811.251953125
14811.126953125
14811.0078125
14810.888671875
14810.7744140625
14810.662109375
14810.552734375
14810.4453125
14810.3388671875
14810.2421875
14810.142578125
14810.04296875
14809.9482421875
14809.859375
14809.767578125
14809.6796875
14809.5947265625
14809.509765625
14809.42578125
14809.345703125
14809.267578125
14809.1904296875
14809.1162109375
14809.0439453125
14808.97265625
14808.900390625
14808.83203125
14808.7646484375
14808.703125
14808.63671875
14808.572265625
14808.509765625
14808.4453125
14808.390625
14808.328125
14808.2705078125
14808.21484375
14808.158203125
14808.1025390625
14808.048828125
14807.99609375
14807.943359375
14807.892578125
14807.8408203125
14807.7900390625
14807.740234375
14807.69140625
14807.642578125
14807.595703125
14807.5458984375
14807.5009765625
14807.451171875
14807.40625
14807.3603515625
14807.318359375
14807.2734375
14807.2275390625
14807.18359375
14807.142578125
14807.09765625
14807.0576171875
14807.015625
14806.974609375
14806.9296875
14806.892578125
14806.849609375
14806.810546875
14806.7685546875
14806.7294921875
14806.6904296875
14806.6484375
14806.611328125
14806.572265625
14806.5322265625
14806.494140625
14806.45703125
14806.4189453125
14806.37890625
14806.34375
14806.306640625
14806.26953125
14806.2314453125
14806.1923828125
14806.1552734375
14806.12109375
14806.08203125
14806.0458984375
14806.01171875
14805.974609375
14805.9404296875
14805.908203125
14805.87109375
14805.8369140625
14805.8017578125
14805.765625
14805.7294921875
14805.6982421875
14805.6630859375
14805.630859375
14805.59765625
14805.5625
14805.5302734375
14805.498046875
14805.4677734375
14805.43359375
14805.40234375
14805.369140625
14805.3388671875
4816504.5
93159.40625
71667.4453125
59621.97265625
64142.5546875
65655.2890625
64547.44140625
63423.3125
62397.65625
60949.77734375
59835.93359375
58336.76171875
56356.1328125
54876.40625
53402.19921875
51662.609375
49817.8203125
48001.25
46459.109375
44998.5625
43610.1875
42184.046875
40742.8984375
39384.61328125
38133.16796875
36946.9375
35795.421875
34681.62109375
33610.16015625
32596.498046875
31645.65625
30739.51171875
29878.4765625
29059.3203125
28287.33984375
27549.09375
26843.78125
26169.20703125
25526.0546875
24920.818359375
24347.921875
23804.9453125
23290.056640625
22810.52734375
22362.015625
21935.921875
21524.4375
21127.65625
20749.2109375
20391.330078125
20052.37109375
19727.984375
19418.91015625
19122.50390625
18838.484375
18568.421875
18313.771484375
18073.3359375
17845.171875
17625.296875
17412.45703125
17208.41796875
17012.654296875
16825.69921875
16647.1484375
16476.93359375
16314.5
16158.0869140625
16006.38671875
15858.328125
15714.2890625
15574.8779296875
15440.306640625
15310.056640625
15183.08984375
15059.0703125
14938.146484375
14820.193359375
14705.5244140625
14594.1259765625
14485.5048828125
14379.5205078125
14276.1181640625
14175.3662109375
14077.26953125
13981.7783203125
13888.5859375
13797.7734375
13709.34375
13623.232421875
13539.5517578125
13458.2001953125
13379.00390625
13301.9306640625
13226.9873046875
13154.2001953125
13083.794921875
13015.876953125
12949.7431640625
12885.013671875
12821.728515625
12759.734375
12699.1328125
12639.7275390625
12581.48828125
12524.67578125
12469.1328125
12414.81640625
12361.7666015625
12309.8984375
12259.1513671875
12209.390625
12160.4736328125
12112.42578125
12065.361328125
12019.169921875
11973.712890625
11929.078125
11885.2451171875
11842.23828125
11800.076171875
11758.5810546875
11717.85546875
11677.87109375
11638.5712890625
11599.9619140625
11561.9931640625
11524.65625
11487.9814453125
11451.93359375
11416.5068359375
11381.712890625
11347.466796875
11313.595703125
11280.05078125
11247.099609375
11214.892578125
11183.076171875
11151.5234375
11120.4208984375
11089.94140625
11059.8603515625
11030.041015625
11000.59765625
10971.6591796875
10943.1083984375
10914.9052734375
10887.083984375
10859.6171875
10832.44921875
10805.626953125
10779.189453125
10753.087890625
10727.234375
10701.705078125
10676.53515625
10651.662109375
10627.041015625
10602.759765625
10578.8125
10555.2001953125
10531.93359375
10509.05859375
10486.5546875
10464.3095703125
10442.2822265625
10420.51953125
10399.0
10377.6708984375
10356.5126953125
10335.48046875
10314.623046875
10293.9345703125
10273.384765625
10252.9765625
10232.7265625
10212.5947265625
10192.572265625
10172.6142578125
10152.734375
10132.9501953125
10113.271484375
10093.64453125
10074.083984375
10054.57421875
10035.138671875
10015.708984375
9996.2802734375
9976.845703125
9957.427734375
9937.98828125
9918.560546875
9899.1640625
9879.849609375
9860.7099609375
9841.8203125
9823.267578125
9804.923828125
9786.826171875
9769.005859375
9751.537109375
9734.392578125
9717.5400390625
9701.041015625
9685.0302734375
9670.494140625
9656.138671875
9643.48828125
9623.0068359375
9613.52734375
9600.23046875
9579.40234375
9572.712890625
9552.17578125
9541.0234375
9524.5947265625
9511.3828125
9498.208984375
9483.99609375
9471.982421875
9458.64453125
9445.31640625
9433.3916015625
9418.9482421875
9408.2734375
9393.474609375
9382.3232421875
9368.54296875
9356.634765625
9344.283203125
9331.248046875
9318.90234375
9306.740234375
9294.1396484375
9282.2158203125
9269.4970703125
9257.58984375
9245.298828125
9232.9150390625
9221.490234375
9209.3291015625
9197.509765625
9185.9921875
9174.47265625
9163.1640625
9152.505859375
9141.62109375
9130.80078125
9120.271484375
9110.013671875
9099.380859375
9089.1484375
9078.96875
9068.8134765625
9058.5556640625
9048.49609375
9038.51953125
9028.61328125
9018.66796875
9008.78125
8998.76953125
8988.8583984375
8979.09375
8969.595703125
8960.2158203125
8950.8818359375
8941.5595703125
8932.306640625
8923.19921875
8914.2421875
8905.3955078125
8896.65625
8888.16796875
8880.232421875
8874.4580078125
8871.126953125
8881.4169921875
8852.77734375
8852.099609375
8855.845703125
8830.8447265625
8838.267578125
8815.078125
8813.720703125
8798.1171875
8795.8759765625
8788.412109375
8779.732421875
8768.90234375
8759.63671875
8756.2509765625
8744.271484375
8739.35546875
8726.0263671875
8722.966796875
8710.6845703125
8709.15234375
8697.076171875
8692.8955078125
8683.154296875
8677.6259765625
8669.1142578125
8662.064453125
8654.978515625
8647.86328125
8641.810546875
8632.90625
8626.740234375
8618.71875
8613.462890625
8605.5673828125
8599.279296875
8591.744140625
8586.169921875
8579.314453125
8572.76953125
8566.00390625
8559.296875
8552.6689453125
8546.0859375
8540.078125
8533.54296875
8527.404296875
8521.0224609375
8515.2763671875
8509.068359375
8502.85546875
8496.6865234375
8490.7734375
8484.7880859375
8478.5712890625
8472.6953125
8466.8330078125
8461.142578125
8455.0673828125
8449.15234375
8443.2890625
8437.701171875
8432.1494140625
8426.8125
8421.7939453125
8416.76953125
8411.0751953125
8403.9501953125
8396.49609375
8390.173828125
8385.1943359375
8380.044921875
8373.72265625
8366.8671875
8360.828125
8355.6494140625
8350.1708984375
8343.900390625
8337.5859375
8331.97265625
8326.720703125
8321.08984375
8315.150390625
8309.5
8304.240234375
8298.9365234375
8293.4287109375
8288.123046875
8283.23046875
8278.55078125
8273.37109375
8267.626953125
8261.53125
8255.732421875
8250.4453125
8245.62109375
8241.00390625
8236.234375
8231.171875
8225.935546875
8220.8642578125
8216.103515625
8211.4658203125
8206.6328125
8201.44140625
8196.1298828125
8191.07275390625
8186.3388671875
8181.6298828125
8176.701171875
8171.61328125
8166.6494140625
8161.943359375
8157.3779296875
8152.814453125
8148.2734375
8143.8115234375
8139.361328125
8134.96533203125
8130.69921875
8126.72314453125
8122.8154296875
8118.82275390625
8114.37890625
8109.6201171875
8104.74169921875
8100.2021484375
8095.916015625
8091.578125
8087.10595703125
8082.7744140625
8078.83935546875
8075.0185546875
8070.712890625
8065.8232421875
8060.9404296875
8056.619140625
8052.8623046875
8049.1259765625
8045.13037109375
8041.0712890625
8037.3935546875
8034.4697265625
8032.41259765625
8030.9013671875
8028.97607421875
8024.5
8017.06396484375
8009.33935546875
8004.9296875
8003.328125
8000.98046875
7996.052734375
7990.4248046875
7986.87646484375
7984.89013671875
7981.8984375
7977.11181640625
7972.1572265625
7968.34033203125
7965.1953125
7961.83251953125
7958.6064453125
7956.21337890625
7954.22314453125
7951.72509765625
7947.9736328125
7944.1357421875
7940.9541015625
7938.7548828125
7935.734375
7931.9892578125
7927.876953125
7924.1630859375
7920.3251953125
7916.30810546875
7912.81201171875
7910.06982421875
7907.49951171875
7904.26953125
7900.76953125
7897.50634765625
7894.63232421875
7891.9326171875
7889.173828125
7886.4462890625
7883.947265625
7882.12890625
7880.466796875
7880.6533203125
7875.61279296875
7871.72998046875
7866.5458984375
7863.20654296875
7861.822265625
7860.220703125
7859.037109375
7854.26123046875
7851.1015625
7850.0
7849.0869140625
7848.86376953125
7845.380859375
7842.861328125
7840.30078125
7835.603515625
7832.2705078125
7831.310546875
7831.9775390625
7831.9208984375
7827.640625
7821.501953125
7816.35791015625
7814.263671875
7813.8447265625
7811.8515625
7808.3115234375
7804.8916015625
7803.005859375
7801.9462890625
7799.671875
7796.4267578125
7793.529296875
7791.6396484375
7789.9296875
7787.162109375
7783.9873046875
7781.36328125
7779.80029296875
7778.2158203125
7776.00439453125
7773.35107421875
7771.169921875
7769.6064453125
7768.212890625
7766.77978515625
7764.48974609375
7762.2734375
7759.65380859375
7756.8984375
7754.43115234375
7752.3935546875
7751.06787109375
7749.4169921875
7747.826171875
7746.2119140625
7744.79052734375
7743.814453125
7743.103515625
7742.38623046875
7740.9619140625
7737.71630859375
7733.6962890625
7730.49609375
7729.1796875
7728.640625
7727.1474609375
7724.48974609375
7721.19970703125
7718.99267578125
7717.3466796875
7716.79931640625
7716.2333984375
7716.408203125
7716.77685546875
7717.62109375
7718.4775390625
7717.6982421875
7713.82421875
7707.52783203125
7703.103515625
7702.7275390625
7704.1767578125
7702.599609375
7696.9560546875
7691.181640625
7689.16796875
7689.724609375
7689.0751953125
7686.025390625
7683.2578125
7681.7548828125
7680.5556640625
7678.0244140625
7675.791015625
7674.76318359375
7675.48681640625
7674.4228515625
7672.986328125
7670.15234375
7667.1240234375
7663.900390625
7661.2548828125
7659.8994140625
7659.2626953125
7658.75
7656.9228515625
7655.056640625
7653.1455078125
7651.744140625
7650.1708984375
7648.8466796875
7647.00390625
7645.04150390625
7643.03466796875
7641.59375
7640.77587890625
7640.1103515625
7639.03076171875
7637.17138671875
7635.31640625
7633.40234375
7631.7568359375
7629.849609375
7627.7294921875
7625.8369140625
7624.349609375
7623.2763671875
7622.0087890625
7620.3759765625
7618.384765625
7616.48486328125
7614.94287109375
7613.673828125
7612.55126953125
7611.265625
7609.578125
7607.60498046875
7605.3486328125
7603.431640625
7601.828125
7600.5595703125
7599.3154296875
7597.908203125
7596.2841796875
7594.4794921875
7592.5625
7590.67822265625
7588.97900390625
7587.5
7586.3994140625
7585.30126953125
7584.46435546875
7583.5595703125
7583.13671875
7583.2041015625
7583.55419921875
7583.3583984375
7581.6708984375
7578.36962890625
7575.1865234375
7573.7177734375
7574.357421875
7575.45751953125
7575.5
7573.86328125
7571.5712890625
7569.43701171875
7567.8564453125
7565.9033203125
7563.8701171875
7562.15478515625
7561.294921875
7560.97509765625
7559.7138671875
7557.3232421875
7553.8310546875
7550.8662109375
7548.630859375
7547.451171875
7546.4404296875
7545.5068359375
7544.474609375
7543.607421875
7542.857421875
7542.3134765625
7541.72705078125
7541.935546875
7541.65234375
7541.875
7540.11572265625
7538.0166015625
7534.9716796875
7533.34765625
7533.4677734375
7535.076171875
7536.04052734375
7534.91064453125
7531.6611328125
7528.44482421875
7526.1748046875
7525.7138671875
7524.8466796875
7524.0419921875
7522.1220703125
7519.9443359375
7517.7021484375
7517.1796875
7517.6279296875
7518.7578125
7518.49267578125
7516.33984375
7513.00244140625
7509.31982421875
7507.03466796875
7505.7412109375
7504.69287109375
7502.712890625
7500.38037109375
7498.30078125
7497.26171875
7496.513671875
7495.796875
7494.802734375
7493.6884765625
7492.08154296875
7490.2958984375
7488.57421875
7487.439453125
7486.60302734375
7485.7646484375
7484.8203125
7483.80078125
7482.88330078125
7482.11474609375
7481.255859375
7480.390625
7479.171875
7477.64697265625
7475.3056640625
7472.6376953125
7470.330078125
7469.3603515625
7469.8544921875
7470.3076171875
7469.3037109375
7467.93505859375
7466.28271484375
7464.580078125
7462.537109375
7460.88330078125
7460.20703125
7458.4599609375
7456.595703125
7455.595703125
7455.30810546875
7456.6845703125
7460.5634765625
7462.203125
7458.48486328125
7451.5048828125
7446.5048828125
7446.75146484375
7448.10888671875
7447.54296875
7444.33740234375
7440.9208984375
7439.28369140625
7438.06640625
7436.96240234375
7434.814453125
7433.134765625
7433.34814453125
7433.60986328125
7430.85546875
7426.93994140625
7424.7626953125
7425.1572265625
7425.443359375
7424.7041015625
7423.59521484375
7423.6904296875
7423.61572265625
7423.3212890625
7422.03076171875
7420.998046875
7419.3369140625
7417.09765625
7414.001953125
7411.71142578125
7410.48046875
7410.07568359375
7409.60302734375
7408.9130859375
7408.32421875
7408.19384765625
7408.3955078125
7408.89306640625
7410.0771484375
7411.5234375
7410.3876953125
7406.1396484375
7400.54736328125
7396.19189453125
7393.6591796875
7392.38671875
7392.49609375
7392.130859375
7390.330078125
7387.3076171875
7384.3720703125
7381.89453125
7379.90380859375
7378.7626953125
7377.939453125
7376.7548828125
7375.5263671875
7374.701171875
7374.4365234375
7374.548828125
7375.16650390625
7375.615234375
7375.9775390625
7375.4580078125
7374.98046875
7374.0751953125
7372.95703125
7372.27392578125
7371.80859375
7372.0048828125
7372.02685546875
7371.79248046875
7370.5234375
7368.572265625
7366.3466796875
7364.76123046875
7364.00927734375
7363.80078125
7363.5634765625
7362.64794921875
7360.98291015625
7359.3154296875
7357.34814453125
7356.0712890625
7354.419921875
7353.12109375
7351.67822265625
7350.298828125
7348.5458984375
7347.1474609375
7345.9296875
7345.5380859375
7345.140625
7344.498046875
7343.04541015625
7341.033203125
7338.873046875
7337.154296875
7336.18798828125
7336.1689453125
7336.33447265625
7337.03564453125
7336.435546875
7335.74169921875
7333.60009765625
7331.7236328125
7329.3994140625
7328.85107421875
7328.98486328125
7331.00439453125
7332.1474609375
7333.3671875
7332.7236328125
7331.4619140625
7329.89501953125
7328.3505859375
7327.78662109375
7326.6572265625
7324.8134765625
7322.248046875
7319.54296875
7316.95849609375
7314.4931640625
7312.474609375
7311.10400390625
7310.6083984375
7310.388671875
7310.37646484375
7310.92724609375
7311.58837890625
7312.98974609375
7311.94482421875
7310.3564453125
7308.8037109375
7308.68896484375
7308.94482421875
7309.19970703125
7308.84375
7307.7216796875
7306.98828125
7307.33984375
7308.5146484375
7310.0078125
7310.0341796875
7308.693359375
7306.859375
7305.9833984375
7305.7900390625
7305.822265625
7304.73486328125
7302.73583984375
7299.8935546875
7297.572265625
7296.5634765625
7296.58837890625
7296.9462890625
7296.51171875
7294.97802734375
7292.435546875
7289.39990234375
7286.64208984375
7284.607421875
7283.78125
7283.8427734375
7284.845703125
7285.947265625
7286.873046875
7286.12548828125
7284.0849609375
7280.35986328125
7277.18505859375
7274.83251953125
7274.478515625
7274.4130859375
7274.2509765625
7271.5234375
7268.01904296875
7266.09521484375
7266.47607421875
7267.0966796875
7265.5595703125
7263.271484375
7262.0615234375
7263.1083984375
7264.771484375
7266.17626953125
7267.1005859375
7268.36083984375
7269.16015625
7269.3623046875
7268.375
7267.06103515625
7265.3251953125
7263.55615234375
7261.537109375
7259.904296875
7258.4560546875
7257.177734375
7255.72509765625
7254.10400390625
7252.9375
7252.931640625
7254.361328125
7256.68798828125
7258.34033203125
7258.1484375
7255.2451171875
7250.6982421875
7245.9443359375
7243.02685546875
7242.1982421875
7243.22802734375
7244.75146484375
7245.4208984375
7245.29150390625
7244.044921875
7243.115234375
7242.53271484375
7242.5009765625
7242.3427734375
7241.91455078125
7240.72314453125
7239.98681640625
7239.75927734375
7240.591796875
7240.54296875
7239.67578125
7237.23681640625
7234.8525390625
7232.8203125
7232.06298828125
7231.95263671875
7231.7568359375
7231.0283203125
7229.73486328125
7228.55908203125
7227.45703125
7226.7490234375
7225.677734375
7225.001953125
7225.0576171875
7226.14599609375
7227.296875
7227.525390625
7226.1123046875
7223.94775390625
7221.0244140625
7219.3701171875
7217.45703125
7216.669921875
7215.4912109375
7214.75830078125
7214.2197265625
7213.6015625
7213.75390625
7214.408203125
7216.6171875
7216.326171875
7216.21875
7212.962890625
7211.7744140625
7212.7080078125
7215.1337890625
7216.716796875
7213.681640625
7208.03955078125
7202.9306640625
7200.6259765625
7201.02294921875
7200.1748046875
7197.673828125
7194.20068359375
7192.86962890625
7193.50537109375
7193.73046875
7178.2099609375
7181.767578125
7185.16259765625
7174.3798828125
7181.46875
7177.53515625
7173.84765625
7178.23583984375
7172.9169921875
7173.255859375
7174.234375
7170.30126953125
7171.80859375
7170.68408203125
7168.63330078125
7169.7177734375
7167.90380859375
7167.1328125
7167.41943359375
7165.703125
7165.57373046875
7165.15869140625
7163.90673828125
7163.87890625
7163.099609375
7162.296875
7162.1220703125
7161.2548828125
7160.7548828125
7160.3681640625
7159.59521484375
7159.2275390625
7158.6904296875
7158.080078125
7157.6904296875
7157.125
7156.62890625
7156.1923828125
7155.65673828125
7155.2060546875
7154.73828125
7154.25
7153.798828125
7153.3203125
7152.84326171875
7152.36767578125
7151.89013671875
7151.390625
7150.880859375
7150.35693359375
7149.80078125
7149.2412109375
7148.65478515625
7148.0322265625
7147.40234375
7146.73876953125
7146.0908203125
7145.4560546875
7144.853515625
7144.2958984375
7143.7841796875
7143.31201171875
7142.88134765625
7142.46484375
7142.06591796875
7141.67626953125
7141.2841796875
7140.8896484375
7140.4892578125
7140.0888671875
7139.6875
7139.2880859375
7138.90380859375
7138.52587890625
7138.162109375
7137.80615234375
7137.4521484375
7137.09814453125
7136.7431640625
7136.396484375
7136.048828125
7135.7021484375
7135.3623046875
7135.01513671875
7134.67138671875
7134.33154296875
7133.99169921875
7133.654296875
7133.31201171875
7132.9775390625
7132.64111328125
7132.31201171875
7131.9814453125
7131.6533203125
7131.3310546875
7131.0078125
7130.685546875
7130.361328125
7130.04345703125
7129.720703125
7129.40283203125
7129.08544921875
7128.765625
7128.4482421875
7128.13525390625
7127.818359375
7127.5009765625
7127.18505859375
7126.87451171875
7126.55908203125
7126.24462890625
7125.9345703125
7125.625
7125.31005859375
7125.005859375
7124.6982421875
7124.3896484375
7124.083984375
7123.779296875
7123.4736328125
7123.17236328125
7122.86767578125
7122.56689453125
7122.26611328125
7121.9638671875
7121.65966796875
7121.3583984375
7121.05712890625
7120.75732421875
7120.458984375
7120.1611328125
7119.8583984375
7119.560546875
7119.259765625
7118.96337890625
7118.66650390625
7118.36474609375
7118.0673828125
7117.767578125
7117.474609375
7117.17578125
7116.87890625
7116.58447265625
7116.291015625
7115.9892578125
7115.69921875
7115.3984375
7115.1044921875
7114.8115234375
7114.5126953125
7114.21337890625
7113.91748046875
7113.62158203125
7113.3271484375
7113.02978515625
7112.7353515625
7112.43798828125
7112.1416015625
7111.85009765625
7111.5537109375
7111.2607421875
7110.9697265625
7110.677734375
7110.3837890625
7110.0966796875
7109.8125
7109.51904296875
7109.2353515625
7108.9521484375
7108.67041015625
7108.3837890625
7108.099609375
7107.822265625
7107.541015625
7107.2626953125
7106.98046875
7106.70654296875
7106.4267578125
7106.1494140625
7105.8701171875
7105.58984375
7105.31591796875
7105.04541015625
7104.76806640625
7104.5
7104.220703125
7103.94140625
7103.6669921875
7103.3876953125
7103.111328125
7102.8369140625
7102.564453125
7102.29150390625
7102.01806640625
7101.73828125
7101.455078125
7101.1796875
7100.9013671875
7100.6181640625
7100.33154296875
7100.05029296875
7099.76513671875
7099.4775390625
7099.18310546875
7098.8857421875
7098.5751953125
7098.2705078125
7097.95068359375
7097.6259765625
7097.29345703125
7096.953125
7096.599609375
7096.23193359375
7095.8505859375
7095.4580078125
7095.05810546875
7094.6474609375
7094.24853515625
7093.857421875
7093.4853515625
7093.142578125
7092.81640625
7092.49462890625
7092.15625
7091.8115234375
7091.47412109375
7091.1572265625
7090.85107421875
7090.55029296875
7090.2451171875
7089.94140625
7089.6357421875
7089.3388671875
7089.0439453125
7088.75048828125
7088.455078125
7088.15869140625
7087.859375
7087.5634765625
7087.2666015625
7086.96728515625
7086.666015625
7086.36279296875
7086.05859375
7085.751953125
7085.44287109375
7085.126953125
7084.81494140625
7084.49072265625
7084.17138671875
7083.84716796875
7083.5048828125
7083.1552734375
7082.79931640625
7082.4267578125
7082.0263671875
7081.5966796875
7081.13330078125
7080.62841796875
7080.09423828125
7079.5556640625
7079.056640625
7078.60546875
7078.1689453125
7077.7197265625
7077.2626953125
7076.8212890625
7076.3955078125
7075.9990234375
7075.626953125
7075.2822265625
7074.95947265625
7074.6484375
7074.3486328125
7074.05224609375
7073.75
7073.4462890625
7073.14404296875
7072.845703125
7072.55126953125
7072.26025390625
7071.982421875
7071.705078125
7071.43310546875
7071.15771484375
7070.88720703125
7070.61376953125
7070.34375
7070.0791015625
7069.81787109375
7069.56640625
7069.3046875
7069.05126953125
7068.79931640625
7068.5400390625
7068.2880859375
7068.033203125
7067.783203125
7067.53125
7067.283203125
7067.037109375
7066.7939453125
7066.55029296875
7066.3046875
7066.06103515625
7065.8203125
7065.5771484375
7065.33642578125
7065.0908203125
7064.85107421875
7064.6162109375
7064.3779296875
7064.142578125
7063.8994140625
7063.6650390625
7063.4296875
7063.1943359375
7062.96044921875
7062.7275390625
7062.4951171875
7062.26220703125
7062.0283203125
7061.79931640625
7061.5654296875
7061.3388671875
7061.1103515625
7060.87451171875
7060.646484375
7060.42333984375
7060.1982421875
7059.97509765625
7059.75244140625
7059.53271484375
7059.32080078125
7059.111328125
7058.919921875
7058.72119140625
7058.56884765625
7058.39111328125
7058.32470703125
7058.12060546875
7058.1181640625
7057.7939453125
7057.66796875
7057.205078125
7056.88232421875
7056.48681640625
7056.1845703125
7055.931640625
7055.732421875
7055.5732421875
7055.4091796875
7055.27001953125
7055.041015625
7054.841796875
7054.54638671875
7054.2763671875
7053.994140625
7053.7470703125
7053.5205078125
7053.31640625
7053.12255859375
7052.9248046875
7052.7314453125
7052.5078125
7052.2919921875
7052.0478515625
7051.81494140625
7051.583984375
7051.357421875
7051.140625
7050.93310546875
7050.728515625
7050.5224609375
7050.3115234375
7050.09765625
7049.8896484375
7049.669921875
7049.45263671875
7049.22900390625
7049.013671875
7048.7998046875
7048.587890625
7048.3740234375
7048.162109375
7047.9560546875
7047.7451171875
7047.537109375
7047.3203125
7047.107421875
7046.896484375
7046.69140625
7046.47802734375
7046.26318359375
7046.052734375
7045.83984375
7045.630859375
7045.4169921875
7045.2060546875
7044.9951171875
7044.787109375
7044.572265625
7044.3583984375
7044.1455078125
7043.93359375
7043.72314453125
7043.509765625
7043.2958984375
7043.0830078125
7042.87060546875
7042.65966796875
7042.44287109375
7042.2294921875
7042.0166015625
7041.80712890625
7041.59228515625
7041.37646484375
7041.154296875
7040.94287109375
7040.72998046875
7040.5166015625
7040.2958984375
7040.08203125
7039.87451171875
7039.67236328125
7039.47265625
7039.28857421875
7039.103515625
7038.96533203125
7038.7939453125
7038.7412109375
7038.53515625
7038.52490234375
7038.2001953125
7038.0615234375
7037.607421875
7037.27490234375
7036.85791015625
7036.52392578125
7036.22998046875
7035.99951171875
7035.81201171875
7035.6572265625
7035.53369140625
7035.38330078125
7035.2744140625
7035.0966796875
7034.921875
7034.642578125
7034.29931640625
7033.853515625
7033.373046875
7032.9228515625
7032.57373046875
7032.333984375
7032.158203125
7031.9990234375
7031.7861328125
7031.51025390625
7031.1767578125
7030.8291015625
7030.4833984375
7030.15966796875
7029.8310546875
7029.5078125
7029.1962890625
7028.9130859375
7028.65234375
7028.4140625
7028.1865234375
7027.97314453125
7027.76171875
7027.564453125
7027.3818359375
7027.21044921875
7027.0703125
7026.9658203125
7026.9833984375
7027.03955078125
7027.26171875
7027.27294921875
7027.279296875
7026.73828125
7026.056640625
7025.17724609375
7024.5576171875
7024.2490234375
7024.337890625
7024.47998046875
7024.67236328125
7024.5556640625
7024.40087890625
7024.0673828125
7024.04541015625
7024.00439453125
7024.3212890625
7024.36962890625
7024.62890625
7024.28759765625
7024.13818359375
7023.451171875
7022.986328125
7022.4853515625
7022.2822265625
7022.27734375
7022.4775390625
7022.7890625
7023.02001953125
7023.1328125
7022.7939453125
7022.35205078125
7021.7255859375
7021.5419921875
7021.4384765625
7021.72900390625
7021.7626953125
7021.8056640625
7021.6240234375
7021.5859375
7021.8173828125
7022.421875
7023.30029296875
7024.27685546875
7025.24609375
7026.3798828125
7027.9580078125
7030.37548828125
7033.72265625
7037.83642578125
7042.16552734375
7045.4306640625
7046.60791015625
7044.943359375
7042.1669921875
7039.86474609375
7039.6748046875
7040.4599609375
7041.11376953125
7040.0185546875
7037.75439453125
7035.3515625
7034.03857421875
7033.67578125
7033.3720703125
7032.52734375
7030.87060546875
7028.9658203125
7027.24267578125
7026.29150390625
7025.943359375
7025.88671875
7025.4521484375
7024.13720703125
7022.271484375
7020.59814453125
7020.1357421875
7020.9619140625
7022.46826171875
7023.78125
7024.447265625
7024.576171875
7024.3359375
7023.71728515625
7022.41748046875
7020.88525390625
7019.431640625
7019.2109375
7019.49560546875
7020.607421875
7020.2900390625
7019.02978515625
7016.5673828125
7014.4970703125
7013.62890625
7014.14404296875
7015.22314453125
7015.919921875
7015.8916015625
7015.048828125
7014.27490234375
7013.857421875
7013.80615234375
7013.93359375
7013.9814453125
7014.06201171875
7014.107421875
7014.3857421875
7014.640625
7014.90966796875
7015.017578125
7014.9345703125
7014.67919921875
7014.16650390625
7013.4873046875
7012.6298828125
7011.82421875
7011.29248046875
7011.29345703125
7011.92578125
7013.2822265625
7015.18701171875
7017.49853515625
7019.837890625
7021.98291015625
7023.83203125
7025.56201171875
7027.0048828125
7027.0751953125
7024.939453125
7021.4169921875
7018.927734375
7018.5546875
7019.05419921875
7018.5244140625
7016.5048828125
7014.2373046875
7013.556640625
7014.2744140625
7015.2958984375
7015.615234375
7015.78125
7016.81396484375
7019.259765625
7022.482421875
7024.47509765625
7018.3681640625
7010.232421875
7007.5478515625
7010.3125
7013.2333984375
7011.587890625
7008.9765625
7006.12890625
7006.96875
7008.677734375
7008.27197265625
7006.76171875
7004.98046875
7004.50732421875
7005.26025390625
7005.845703125
7005.806640625
7004.0673828125
7003.43017578125
7003.3349609375
7003.841796875
7003.61328125
7002.478515625
7001.23486328125
6999.9765625
6999.4248046875
7000.06005859375
7001.0771484375
7002.5498046875
7003.2099609375
7004.0810546875
7004.84375
7005.84423828125
7006.06396484375
7005.91064453125
7005.30322265625
7004.515625
7003.591796875
7002.6376953125
7002.35546875
7002.39892578125
7002.91259765625
7003.421875
7004.09375
7004.8525390625
7005.74560546875
7006.716796875
7007.77197265625
7008.90380859375
7009.556640625
7009.837890625
7009.21630859375
7008.1259765625
7006.1943359375
7004.30224609375
7001.9755859375
7000.55078125
6999.26171875
6998.63720703125
6998.3544921875
6997.9921875
6997.9716796875
6997.953125
6998.51025390625
6998.978515625
6999.94384765625
7000.13037109375
7000.2373046875
6999.26171875
6997.65673828125
6995.56396484375
6993.94384765625
6993.1220703125
6993.08447265625
6993.2099609375
6992.93359375
6992.177734375
6991.12548828125
6990.60595703125
6990.671875
6991.32373046875
6991.740234375
6991.55810546875
6990.5595703125
6989.404296875
6988.7392578125
6988.93359375
6989.6845703125
6990.45458984375
6990.87890625
6991.150390625
6991.6337890625
6992.67578125
6994.05078125
6995.1884765625
6995.4111328125
6994.4951171875
6993.00732421875
6991.8876953125
6991.947265625
6993.25
6995.32421875
6997.6533203125
6999.49560546875
7001.09033203125
7002.041015625
7002.8798828125
7003.22607421875
7002.998046875
7002.64501953125
7001.42626953125
7000.3876953125
6998.361328125
6996.6572265625
6994.3017578125
6992.48779296875
6990.82177734375
6989.8779296875
6989.22265625
6988.841796875
6988.21484375
6987.5205078125
6986.595703125
6985.68359375
6984.8134765625
6983.9375
6983.11328125
6982.45751953125
6981.97998046875
6981.8310546875
6981.96435546875
6982.302734375
6982.76708984375
6983.20947265625
6983.69189453125
6984.1337890625
6984.7861328125
6985.41015625
6986.35888671875
6987.197265625
6988.279296875
6988.94140625
6989.37890625
6988.779296875
6987.39404296875
6985.150390625
6982.744140625
6980.728515625
6979.54296875
6979.259765625
6979.6240234375
6980.2275390625
6980.72802734375
6980.94677734375
6980.79931640625
6980.4892578125
6979.9794921875
6979.4853515625
6978.974609375
6978.658203125
6978.6474609375
6979.001953125
6979.705078125
6980.734375
6982.232421875
6984.2392578125
6986.68408203125
6988.95751953125
6990.41064453125
6990.88037109375
6990.662109375
6990.765625
6991.01611328125
6991.69482421875
6992.037109375
6992.43798828125
6992.857421875
6993.8310546875
6994.6884765625
6994.9013671875
6993.408203125
6990.8916015625
6987.73291015625
6985.51611328125
6984.3017578125
6984.24658203125
6984.2138671875
6984.0009765625
6982.99658203125
6981.7744140625
6980.4423828125
6979.6552734375
6979.490234375
6980.01318359375
6980.78955078125
6981.3017578125
6981.22314453125
6980.52978515625
6979.765625
6979.3603515625
6979.5390625
6979.96142578125
6980.0556640625
6979.501953125
6978.1826171875
6976.65234375
6975.27294921875
6974.6669921875
6974.64501953125
6975.1875
6975.572265625
6975.72119140625
6975.1875
6974.35693359375
6973.2197265625
6972.2275390625
6971.3681640625
6970.92041015625
6970.77294921875
6971.109375
6971.82373046875
6973.0458984375
6974.66259765625
6976.6533203125
6978.9033203125
6981.18212890625
6983.435546875
6985.23828125
6986.56982421875
6986.78955078125
6986.03564453125
6984.087890625
6981.9482421875
6980.15478515625
6979.7607421875
6980.47216796875
6981.97509765625
6982.96875
6982.87060546875
6981.27294921875
6978.69091796875
6976.10498046875
6974.36865234375
6973.8193359375
6974.3701171875
6975.18798828125
6975.966796875
6976.029296875
6975.869140625
6975.3486328125
6975.1357421875
6974.71044921875
6974.20556640625
6973.12890625
6971.7333984375
6970.3330078125
6969.25390625
6968.89306640625
6969.177734375
6969.82373046875
6970.697265625
6971.27783203125
6971.72314453125
6971.646484375
6971.35400390625
6970.74853515625
6969.94775390625
6969.140625
6968.1611328125
6967.455078125
6966.93994140625
6966.95654296875
6967.2724609375
6967.9873046875
6968.6240234375
6969.43017578125
6969.8916015625
6970.4599609375
6970.64013671875
6970.740234375
6970.43115234375
6970.048828125
6969.5732421875
6969.36572265625
6969.33984375
6969.642578125
6969.98046875
6970.3291015625
6970.3349609375
6970.08740234375
6969.537109375
6968.9794921875
6968.55615234375
6968.38671875
6968.45751953125
6968.7041015625
6969.14306640625
6969.76171875
6970.494140625
6971.1552734375
6971.55908203125
6971.64990234375
6971.419921875
6971.18798828125
6970.921875
6970.748046875
6970.43505859375
6970.017578125
6969.4794921875
6969.10205078125
6968.9765625
6969.23779296875
6969.6279296875
6970.04443359375
6970.19140625
6970.07568359375
6969.6962890625
6969.1826171875
6968.7421875
6968.3994140625
6968.21728515625
6968.0244140625
6967.6943359375
6967.4404296875
6967.2568359375
6967.783203125
6968.63232421875
6969.98046875
6970.94921875
6971.7529296875
6972.05126953125
6972.3896484375
6972.73681640625
6973.1240234375
6973.37255859375
6973.310546875
6972.935546875
6972.20703125
6971.29150390625
6969.93212890625
6968.82763671875
6967.53857421875
6967.19091796875
6966.77783203125
6967.0732421875
6966.8359375
6966.7275390625
6965.80859375
6964.603515625
6963.1220703125
6961.59375
6960.64453125
6959.97607421875
6960.0595703125
6960.09814453125
6960.29296875
6960.0361328125
6959.619140625
6958.9423828125
6958.43896484375
6958.20947265625
6958.55224609375
6959.318359375
6960.45849609375
6961.5888671875
6962.56689453125
6963.14306640625
6963.3251953125
6963.18505859375
6962.85791015625
6962.6708984375
6962.74609375
6963.33544921875
6964.302734375
