14855.298828125
14852.810546875
14850.5546875
14848.5
14846.619140625
14844.9013671875
14843.3271484375
14841.884765625
14840.5654296875
14839.353515625
14838.244140625
14837.21875
14836.283203125
14835.4189453125
14834.623046875
14833.888671875
14833.208984375
14832.57421875
14831.982421875
14831.423828125
14830.896484375
14830.396484375
14829.919921875
14829.4599609375
14829.017578125
14828.5908203125
14828.171875
14827.767578125
14827.369140625
14826.9765625
14826.5888671875
14826.21484375
14825.841796875
14825.4765625
14825.11328125
14824.755859375
14824.40234375
14824.056640625
14823.7099609375
14823.373046875
14823.0361328125
14822.7041015625
14822.376953125
14822.0498046875
14821.7265625
14821.41015625
14821.09375
14820.78515625
14820.482421875
14820.1806640625
14819.8837890625
14819.5927734375
14819.3076171875
14819.0244140625
14818.74609375
14818.4736328125
14818.203125
14817.9384765625
14817.671875
14817.41796875
14817.166015625
14816.916015625
14816.6708984375
14816.431640625
14816.193359375
14815.9609375
14815.7333984375
14815.51171875
14815.2919921875
14815.080078125
14814.8671875
14814.662109375
14814.4599609375
14814.263671875
14814.0693359375
14813.87890625
14813.6953125
14813.5146484375
14813.337890625
14813.1689453125
14813.0
14812.833984375
14812.6728515625
14812.515625
14812.3603515625
14812.2080078125
14812.0625
14811.9189453125
14811.78125
14811.6416015625
14811.5078125
14811.376953125
14811.251953125
14811.126953125
14811.0078125
14810.888671875
14810.7744140625
14810.662109375
14810.552734375
14810.4453125
14810.3388671875
14810.2421875
14810.142578125
14810.04296875
14809.9482421875
14809.859375
14809.767578125
14809.6796875
14809.5947265625
14809.509765625
14809.42578125
14809.345703125
14809.267578125
14809.1904296875
14809.1162109375
14809.0439453125
14808.97265625
14808.900390625
14808.83203125
14808.7646484375
14808.703125
14808.63671875
14808.572265625
14808.509765625
14808.4453125
14808.390625
14808.328125
14808.2705078125
14808.21484375
14808.158203125
14808.1025390625
14808.048828125
14807.99609375
14807.943359375
14807.892578125
14807.8408203125
14807.7900390625
14807.740234375
14807.69140625
14807.642578125
14807.595703125
14807.5458984375
14807.5009765625
14807.451171875
14807.40625
14807.3603515625
14807.318359375
14807.2734375
14807.2275390625
14807.18359375
14807.142578125
14807.09765625
14807.0576171875
14807.015625
14806.974609375
14806.9296875
14806.892578125
14806.849609375
14806.810546875
14806.7685546875
14806.7294921875
14806.6904296875
14806.6484375
14806.611328125
14806.572265625
14806.5322265625
14806.494140625
14806.45703125
14806.4189453125
14806.37890625
14806.34375
14806.306640625
14806.26953125
14806.2314453125
14806.1923828125
14806.1552734375
14806.12109375
14806.08203125
14806.0458984375
14806.01171875
14805.974609375
14805.9404296875
14805.908203125
14805.87109375
14805.8369140625
14805.8017578125
14805.765625
14805.7294921875
14805.6982421875
14805.6630859375
14805.630859375
14805.59765625
14805.5625
14805.5302734375
14805.498046875
14805.4677734375
14805.43359375
14805.40234375
14805.369140625
14805.3388671875
3892635.5
5746681.5
56314.03125
53357.625
57475.43359375
55938.54296875
52177.015625
49208.69921875
47814.73828125
47225.7421875
46539.15234375
45680.125
45047.125
44678.4609375
44293.3984375
43698.4375
42925.80078125
42112.9609375
41333.8515625
40591.2265625
39869.6953125
39128.01953125
38356.2421875
37590.3671875
36840.859375
36093.4921875
35348.0625
34630.22265625
33961.03515625
33342.41015625
32766.1171875
32214.111328125
31664.912109375
31107.111328125
30543.140625
29987.23828125
29460.125
28969.359375
28503.583984375
28052.62890625
27614.841796875
27192.6796875
26790.90625
26410.265625
26051.3671875
25702.8671875
25366.193359375
25044.84765625
24741.720703125
24448.958984375
24163.1640625
23887.267578125
23623.515625
23369.69140625
23123.87109375
22884.916015625
22652.697265625
22428.814453125
22212.16796875
22004.001953125
21803.697265625
21611.68359375
21425.00390625
21243.67578125
21067.04296875
20894.384765625
20725.7109375
20560.4375
20398.1328125
20239.5546875
20084.75390625
19933.58984375
19786.1640625
19642.12890625
19501.052734375
19363.755859375
19229.609375
19098.45703125
18970.4609375
18845.81640625
18724.37109375
18605.86328125
18490.263671875
18376.66796875
18266.7578125
18157.69140625
18051.828125
17948.681640625
17848.38671875
17750.904296875
17654.904296875
17560.939453125
17468.369140625
17378.0546875
17289.94921875
17203.958984375
17120.828125
17039.4453125
16959.880859375
16880.650390625
16803.02734375
16727.3671875
16653.013671875
16580.4140625
16508.890625
16439.2109375
16369.017578125
16300.462890625
16232.826171875
16166.970703125
16102.6591796875
16039.4140625
15977.802734375
15914.8759765625
15853.650390625
15793.22265625
15734.244140625
15676.2890625
15618.89453125
15562.806640625
15506.212890625
15451.08203125
15396.90625
15343.8720703125
15292.044921875
15241.03515625
15191.267578125
15141.6767578125
15093.0595703125
15045.0615234375
14997.990234375
14951.8720703125
14906.515625
14861.955078125
14818.0380859375
14775.0
14732.234375
14690.2109375
14648.712890625
14608.046875
14568.033203125
14528.6025390625
14489.6943359375
14451.1689453125
14413.177734375
14375.2890625
14337.841796875
14300.734375
14264.12890625
14227.9140625
14192.1748046875
14156.91015625
14122.0224609375
14087.6513671875
14053.439453125
14019.8173828125
13986.3671875
13953.134765625
13920.1611328125
13887.5546875
13855.6171875
13823.8642578125
13792.1298828125
13760.7734375
13729.88671875
13699.234375
13668.791015625
13638.6181640625
13608.96875
13579.4375
13550.2822265625
13521.3818359375
13492.96484375
13464.63671875
13436.6318359375
13408.9375
13381.55859375
13354.3818359375
13327.7265625
13301.48828125
13276.00390625
13250.958984375
13226.4013671875
13202.060546875
13177.78515625
13153.7265625
13130.0625
13106.646484375
13083.8408203125
13060.958984375
13038.90234375
13015.8359375
12993.3896484375
12970.884765625
12948.978515625
12927.642578125
12906.6982421875
12886.08984375
12865.158203125
12844.548828125
12823.4794921875
12802.7568359375
12782.5361328125
12762.6728515625
12743.2177734375
12723.689453125
12704.564453125
12685.40625
12667.505859375
12649.80859375
12631.54296875
12609.638671875
12591.3134765625
12575.2666015625
12554.8203125
12535.5751953125
12519.09765625
12500.158203125
12481.6484375
12465.1982421875
12447.298828125
12429.1455078125
12412.53125
12395.224609375
12377.7119140625
12361.421875
12345.1162109375
12328.3359375
12312.18359375
12296.369140625
12280.08984375
12264.1875
12248.8662109375
12233.3671875
12217.9169921875
12202.9189453125
12187.94140625
12172.767578125
12157.9091796875
12143.244140625
12128.5244140625
12113.91796875
12099.5986328125
12085.25390625
12070.9619140625
12056.845703125
12042.794921875
12028.8408203125
12014.984375
12001.3056640625
11987.59765625
11973.83203125
11960.1611328125
11946.82421875
11933.775390625
11920.658203125
11907.10546875
11893.2177734375
11879.5478515625
11866.548828125
11853.7939453125
11840.732421875
11827.40234375
11814.435546875
11801.8115234375
11789.1875
11776.474609375
11763.935546875
11751.72265625
11739.6533203125
11727.7724609375
11715.880859375
11703.435546875
11690.2275390625
11677.5146484375
11665.681640625
11654.1484375
11641.7724609375
11628.810546875
11616.4755859375
11605.048828125
11593.60546875
11581.4521484375
11569.232421875
11557.5478515625
11546.16796875
11534.6279296875
11522.7802734375
11511.158203125
11499.830078125
11488.541015625
11476.982421875
11465.419921875
11454.19140625
11443.037109375
11431.7822265625
11420.4150390625
11409.14453125
11398.078125
11387.1083984375
11376.0986328125
11365.189453125
11354.4443359375
11343.8134765625
11333.2548828125
11322.689453125
11312.37890625
11302.029296875
11292.17578125
11282.1806640625
11272.6328125
11262.16015625
11251.0263671875
11238.86328125
11227.4228515625
11217.3603515625
11207.955078125
11198.02734375
11187.064453125
11176.201171875
11166.11328125
11156.669921875
11146.859375
11136.482421875
11126.322265625
11116.228515625
11106.591796875
11096.0732421875
11085.52734375
11075.423828125
11066.15234375
11057.599609375
11048.802734375
11039.8076171875
11029.099609375
11018.16015625
11007.630859375
10997.8857421875
10988.51953125
10978.638671875
10968.759765625
10958.8134765625
10948.783203125
10938.6083984375
10928.515625
10919.0107421875
10909.5849609375
10899.673828125
10889.33984375
10879.25
10869.623046875
10859.955078125
10850.068359375
10840.4658203125
10831.439453125
10822.421875
10812.833984375
10803.0078125
10793.7431640625
10785.1884765625
10776.814453125
10768.259765625
10759.541015625
10750.9619140625
10742.4990234375
10734.01953125
10725.5849609375
10717.306640625
10709.1240234375
10701.091796875
10692.96875
10685.162109375
10677.21484375
10669.63671875
10661.4169921875
10653.0263671875
10644.50390625
10636.4453125
10628.8037109375
10621.150390625
10612.8837890625
10604.294921875
10596.3603515625
10589.017578125
10581.9736328125
10574.49609375
10566.58203125
10558.4052734375
10550.3828125
10542.435546875
10534.6796875
10527.1279296875
10519.935546875
10512.84765625
10505.6845703125
10498.384765625
10491.3486328125
10484.76953125
10478.484375
10472.015625
10464.6640625
10457.7294921875
10447.5224609375
10438.4853515625
10432.1494140625
10427.3154296875
10422.8720703125
10414.2890625
10407.65234375
10403.203125
10395.5458984375
10384.984375
10375.3564453125
10369.638671875
10364.9267578125
10356.46875
10348.8994140625
10342.404296875
10334.140625
10327.2724609375
10321.412109375
10312.890625
10304.986328125
10298.607421875
10292.5283203125
10285.1728515625
10277.1572265625
10270.4130859375
10264.2041015625
10257.0078125
10249.861328125
10243.482421875
10236.734375
10229.818359375
10222.7666015625
10215.5224609375
10208.08984375
10200.75
10194.3984375
10188.0654296875
10181.474609375
10174.2236328125
10167.29296875
10160.103515625
10152.9111328125
10145.841796875
10139.3662109375
10133.3896484375
10127.4375
10121.3046875
10114.0
10105.82421875
10098.013671875
10091.9521484375
10086.9892578125
10081.34765625
10074.068359375
10066.095703125
10059.197265625
10053.423828125
10047.6728515625
10041.326171875
10034.8125
10029.025390625
10023.671875
10018.6142578125
10012.9599609375
10008.0126953125
10001.626953125
9994.7099609375
9987.0244140625
9980.0693359375
9974.416015625
9969.6044921875
9964.859375
9958.8486328125
9952.4677734375
9946.4296875
9940.765625
9935.056640625
9928.931640625
9922.986328125
9917.3515625
9912.45703125
9908.4140625
9903.9873046875
9899.703125
9893.244140625
9886.92578125
9880.6328125
9875.349609375
9870.0205078125
9864.294921875
9858.197265625
9851.287109375
9844.62890625
9838.365234375
9832.763671875
9827.5478515625
9822.4306640625
9817.8095703125
9813.4443359375
9809.6328125
9805.861328125
9802.2392578125
9798.45703125
9793.791015625
9786.8359375
9778.8994140625
9771.203125
9765.80859375
9762.033203125
9758.330078125
9753.44921875
9746.904296875
9740.2958984375
9734.212890625
9729.4248046875
9725.634765625
9719.986328125
9714.408203125
9707.0732421875
9701.19921875
9696.609375
9692.58984375
9689.240234375
9685.2060546875
9681.4990234375
9676.619140625
9670.80859375
9664.12890625
9657.572265625
9651.98828125
9646.88671875
9641.650390625
9635.9580078125
9630.181640625
9624.8984375
9620.162109375
9615.197265625
9609.9287109375
9604.92578125
9600.6982421875
9596.9912109375
9593.029296875
9588.541015625
9583.86328125
9578.666015625
9572.6728515625
9565.97265625
9560.224609375
9556.53125
9554.3037109375
9551.4921875
9546.552734375
9539.771484375
9533.1328125
9528.166015625
9524.818359375
9521.9345703125
9518.1298828125
9513.5986328125
9508.88671875
9505.3359375
9501.58984375
9497.3828125
9491.658203125
9485.935546875
9480.734375
9475.9619140625
9471.0263671875
9466.07421875
9461.7529296875
9458.625
9455.611328125
9452.0771484375
9447.169921875
9441.935546875
9436.5732421875
9431.7646484375
9427.005859375
9422.6923828125
9418.6181640625
9415.0771484375
9411.5009765625
9407.4658203125
9402.751953125
9397.62109375
9392.65234375
9387.7568359375
9383.1103515625
9378.1064453125
9373.1123046875
9368.2353515625
9363.796875
9359.5224609375
9355.337890625
9351.1904296875
9347.421875
9344.056640625
9340.8564453125
9337.4384765625
9333.498046875
9328.857421875
9323.841796875
9318.6787109375
9314.09375
9310.2890625
9307.3935546875
9305.025390625
9302.81640625
9300.6181640625
9298.478515625
9296.2646484375
9293.263671875
9289.150390625
9283.6474609375
9278.7978515625
9274.9970703125
9272.806640625
9268.6083984375
9261.859375
9253.5556640625
9247.0087890625
9243.4921875
9241.7734375
9239.53125
9235.4326171875
9231.083984375
9227.8857421875
9227.673828125
9228.8056640625
9230.34375
9228.8076171875
9223.3125
9213.5390625
9204.302734375
9199.060546875
9196.841796875
9193.802734375
9187.8720703125
9181.212890625
9176.9130859375
9174.630859375
9171.720703125
9167.21875
9162.7998046875
9160.59765625
9159.138671875
9158.021484375
9155.94921875
9154.5244140625
9152.529296875
9150.033203125
9145.9619140625
9140.3125
9133.2421875
9125.841796875
9120.66796875
9118.158203125
9116.869140625
9113.6962890625
9107.818359375
9100.85546875
9095.548828125
9093.35546875
9092.26953125
9090.1650390625
9085.6025390625
9080.1328125
9075.287109375
9072.16015625
9070.0390625
9068.2568359375
9065.6240234375
9062.033203125
9056.8984375
9052.1884765625
9049.541015625
9048.4619140625
9045.931640625
9039.7236328125
9032.0625
9026.9013671875
9025.306640625
9024.5810546875
9021.6484375
9016.8193359375
9012.466796875
9010.01171875
9008.8388671875
9007.70703125
9006.41796875
9005.220703125
9003.736328125
9000.41796875
8994.861328125
8988.5068359375
8983.498046875
8980.197265625
8977.560546875
8974.0537109375
8969.412109375
8964.44140625
8960.4501953125
8957.5986328125
8955.119140625
8951.75390625
8947.568359375
8943.794921875
8941.341796875
8939.9423828125
8937.248046875
8934.3447265625
8929.8828125
8926.572265625
8922.98046875
8919.3818359375
8915.4521484375
8911.84765625
8908.623046875
8905.505859375
8901.8994140625
8898.1484375
8894.28515625
8890.73046875
8887.41796875
8884.62109375
8882.3671875
8880.251953125
8878.26171875
8875.8349609375
8873.85546875
8871.5693359375
8869.8935546875
8868.2421875
8866.830078125
8865.51953125
8864.0625
8862.9326171875
8861.30859375
8859.119140625
8855.396484375
8850.96875
8846.724609375
8843.01953125
8839.7333984375
8836.3134765625
8833.1240234375
8830.021484375
8827.66796875
8825.318359375
8823.099609375
8820.359375
8816.9404296875
8813.359375
8809.39453125
8806.103515625
8802.693359375
8800.3349609375
8797.154296875
8794.5498046875
8791.67578125
8790.1533203125
8789.8662109375
8791.001953125
8792.232421875
8792.0126953125
8789.1123046875
8783.6591796875
8776.873046875
8770.255859375
8764.21484375
8759.021484375
8755.1240234375
8752.701171875
8750.7197265625
8748.126953125
8744.0498046875
8739.5478515625
8735.568359375
8733.1611328125
8731.83203125
8731.4892578125
8730.8701171875
8730.7275390625
8726.544921875
8721.177734375
8717.1328125
8716.208984375
8715.66015625
8712.251953125
8708.8583984375
8706.9453125
8705.591796875
8702.73828125
8699.0673828125
8696.6259765625
8695.125
8692.9951171875
8690.4365234375
8688.4931640625
8686.3544921875
8682.646484375
8678.134765625
8674.3828125
8671.4912109375
8668.5654296875
8665.408203125
8661.984375
8658.556640625
8655.6376953125
8653.240234375
8650.7119140625
8647.53125
8644.2421875
8641.833984375
8640.71484375
8640.6064453125
8640.498046875
8640.3583984375
8639.0380859375
8637.0537109375
8633.171875
8627.26171875
8620.162109375
8614.6728515625
8612.931640625
8613.375
8613.080078125
8609.412109375
8603.7333984375
8598.1640625
8594.3857421875
8591.423828125
8588.5390625
8585.537109375
8583.1005859375
8581.623046875
8580.67578125
8579.775390625
8578.642578125
8577.72265625
8576.515625
8574.6064453125
8571.208984375
8567.7958984375
8565.98828125
8567.1640625
8570.154296875
8574.533203125
8578.287109375
8581.890625
8577.5234375
8568.765625
8561.041015625
8559.970703125
8560.3046875
8557.8046875
8553.9775390625
8551.609375
8550.611328125
8547.974609375
8542.109375
8534.90625
8529.5908203125
8526.5107421875
8524.4052734375
8524.6005859375
8524.9951171875
8524.26953125
8521.076171875
8518.90234375
8517.58984375
8518.166015625
8514.408203125
8507.513671875
8499.337890625
8494.107421875
8491.294921875
8487.896484375
8484.42578125
8482.0625
8481.1884765625
8479.8505859375
8476.7880859375
8472.9482421875
8470.13671875
8467.7919921875
8465.25390625
8462.326171875
8460.5673828125
8460.126953125
8460.13671875
8459.724609375
8458.78125
8458.2919921875
8456.01171875
8452.3828125
8446.248046875
8441.4736328125
8439.611328125
8439.896484375
8439.921875
8437.681640625
8433.6396484375
8429.2158203125
8426.69921875
8426.6044921875
8427.0654296875
8426.3818359375
8423.6806640625
8420.8623046875
8419.1357421875
8418.8154296875
8418.4404296875
8417.197265625
8415.2822265625
8413.705078125
8412.671875
8411.77734375
8410.517578125
8408.91796875
8407.3623046875
8406.0
8404.5029296875
8402.6259765625
8400.2392578125
8397.6552734375
8395.3447265625
8393.7412109375
8393.138671875
8393.18359375
8393.6689453125
8393.638671875
8392.6591796875
8390.1044921875
8386.439453125
8381.857421875
8377.6181640625
8373.6025390625
8370.2158203125
8367.2568359375
8364.6669921875
8362.37890625
8359.7041015625
8356.744140625
8353.3984375
8350.6103515625
8348.5966796875
8347.384765625
8346.39453125
8345.162109375
8343.6650390625
8341.6005859375
8339.0693359375
8335.947265625
8332.919921875
8330.505859375
8328.8984375
8327.7734375
8326.76171875
8325.64453125
8324.4677734375
8323.2685546875
8322.20703125
8321.275390625
8320.9013671875
8320.9765625
8321.8759765625
8322.4423828125
8323.3125
8322.0615234375
8320.4482421875
8317.826171875
8316.2529296875
8317.076171875
8318.439453125
8322.6875
8319.505859375
8316.75390625
8315.951171875
8315.869140625
8315.5830078125
8314.3291015625
8312.560546875
8311.990234375
8311.123046875
8307.630859375
8300.9423828125
8293.0234375
8287.765625
8285.39453125
8284.5830078125
8282.572265625
8279.0546875
8273.79296875
8268.0205078125
8263.220703125
8259.5341796875
8256.7734375
8238.37109375
8242.841796875
8244.587890625
8232.35546875
8240.537109375
8233.47265625
8230.623046875
8234.0517578125
8226.6416015625
8228.341796875
8226.6884765625
8222.8046875
8224.1259765625
8220.796875
8219.6083984375
8219.076171875
8216.4521484375
8215.90234375
8214.34375
8212.6630859375
8211.80859375
8210.166015625
8208.908203125
8207.7587890625
8206.298828125
8205.1162109375
8203.849609375
8202.515625
8201.3408203125
8200.033203125
8198.8046875
8197.59765625
8196.29296875
8195.107421875
8193.8544921875
8192.609375
8191.40625
8190.1572265625
8188.9345703125
8187.7158203125
8186.4423828125
8185.2412109375
8183.982421875
8182.7646484375
8181.54345703125
8180.2890625
8179.0888671875
8177.8623046875
8176.6318359375
8175.43115234375
8174.197265625
8172.9892578125
8171.77734375
8170.5556640625
8169.33984375
8168.12841796875
8166.92578125
8165.71435546875
8164.50048828125
8163.30517578125
8162.09375
8160.90576171875
8159.7099609375
8158.5234375
8157.341796875
8156.1474609375
8154.96728515625
8153.794921875
8152.619140625
8151.4541015625
8150.28125
8149.111328125
8147.9423828125
8146.7978515625
8145.6396484375
8144.478515625
8143.3212890625
8142.17138671875
8141.0234375
8139.87890625
8138.734375
8137.58935546875
8136.44970703125
8135.298828125
8134.17041015625
8133.03369140625
8131.88916015625
8130.75
8129.623046875
8128.4912109375
8127.3427734375
8126.224609375
8125.099609375
8123.974609375
8122.8505859375
8121.72119140625
8120.6005859375
8119.478515625
8118.3544921875
8117.2421875
8116.11962890625
8115.0126953125
8113.8974609375
8112.78759765625
8111.68408203125
8110.56982421875
8109.4619140625
8108.35546875
8107.25390625
8106.134765625
8105.0478515625
8103.93896484375
8102.837890625
8101.73681640625
8100.634765625
8099.5537109375
8098.4521484375
8097.3642578125
8096.27392578125
8095.1943359375
8094.10498046875
8093.0302734375
8091.955078125
8090.875
8089.80126953125
8088.73583984375
8087.669921875
8086.6005859375
8085.53369140625
8084.4775390625
8083.4228515625
8082.3662109375
8081.314453125
8080.25927734375
8079.21533203125
8078.16943359375
8077.13427734375
8076.09912109375
8075.0615234375
8074.02490234375
8073.00146484375
8071.97705078125
8070.9609375
8069.93896484375
8068.919921875
8067.90966796875
8066.892578125
8065.8896484375
8064.87841796875
8063.8740234375
8062.8701171875
8061.8671875
8060.87548828125
8059.86376953125
8058.875
8057.8818359375
8056.888671875
8055.888671875
8054.90771484375
8053.916015625
8052.9326171875
8051.9345703125
8050.96240234375
8049.97265625
8048.9970703125
8048.021484375
8047.03076171875
8046.0595703125
8045.0810546875
8044.09814453125
8043.11962890625
8042.1337890625
8041.1552734375
8040.1884765625
8039.2119140625
8038.22314453125
8037.2421875
8036.2529296875
8035.26611328125
8034.2880859375
8033.30615234375
8032.30224609375
8031.3154296875
8030.3251953125
8029.32861328125
8028.31103515625
8027.302734375
8026.2880859375
8025.263671875
8024.24853515625
8023.22119140625
8022.185546875
8021.14501953125
8020.0849609375
8019.0234375
8017.9658203125
8016.87109375
8015.7734375
8014.671875
8013.5498046875
8012.404296875
8011.25341796875
8010.08984375
8008.9306640625
8007.74609375
8006.56591796875
8005.38623046875
8004.21630859375
8003.06201171875
8001.927734375
8000.79638671875
7999.693359375
7998.60400390625
7997.51025390625
7996.41162109375
7995.30322265625
7994.20166015625
7993.09033203125
7992.00439453125
7990.9296875
7989.87841796875
7988.83642578125
7987.8193359375
7986.79931640625
7985.7841796875
7984.767578125
7983.73388671875
7982.6943359375
7981.6552734375
7980.5908203125
7979.52294921875
7978.4658203125
7977.40283203125
7976.33203125
7975.27783203125
7974.2216796875
7973.185546875
7972.15380859375
7971.12646484375
7970.095703125
7969.0986328125
7968.0927734375
7967.1103515625
7966.119140625
7965.1611328125
7964.1982421875
7963.25
7962.2978515625
7961.345703125
7960.3955078125
7959.44384765625
7958.490234375
7957.5283203125
7956.5703125
7955.61181640625
7954.650390625
7953.68603515625
7952.705078125
7951.7431640625
7950.76953125
7949.80859375
7948.8427734375
7947.8798828125
7946.9111328125
7945.94775390625
7944.97900390625
7944.00830078125
7943.0419921875
7942.0625
7941.08740234375
7940.10888671875
7939.1328125
7938.15625
7937.1728515625
7936.1943359375
7935.22998046875
7934.26513671875
7933.310546875
7932.36279296875
7931.42919921875
7930.521484375
7929.59814453125
7928.64111328125
7927.60546875
7926.5322265625
7925.4775390625
7924.484375
7923.5751953125
7922.6572265625
7921.7041015625
7920.69140625
7919.681640625
7918.70703125
7917.78515625
7916.8671875
7915.9326171875
7914.9638671875
7913.99951171875
7913.0537109375
7912.1455078125
7911.24267578125
7910.31396484375
7909.38232421875
7908.462890625
7907.541015625
7906.6298828125
7905.7373046875
7904.84375
7903.9345703125
7903.02783203125
7902.126953125
7901.23046875
7900.353515625
7899.46875
7898.583984375
7897.70458984375
7896.8173828125
7895.93798828125
7895.07080078125
7894.1904296875
7893.32177734375
7892.4375
7891.5693359375
7890.6962890625
7889.8916015625
7889.11083984375
7888.583984375
7887.8154296875
7887.587890625
7886.1318359375
7884.97021484375
7883.5947265625
7882.6015625
7881.91015625
7881.2734375
7880.7412109375
7879.494140625
7878.326171875
7877.2314453125
7876.419921875
7875.7861328125
7875.060546875
7874.3955078125
7873.50830078125
7872.64697265625
7871.65869140625
7870.55078125
7869.4755859375
7868.48388671875
7867.68994140625
7866.771484375
7865.732421875
7864.67724609375
7863.765625
7862.9951171875
7862.10302734375
7861.0546875
7859.97265625
7859.03125
7858.22607421875
7857.3525390625
7856.3818359375
7855.36181640625
7854.39404296875
7853.482421875
7852.59814453125
7851.689453125
7850.7666015625
7849.8701171875
7848.998046875
7848.1630859375
7847.3330078125
7846.4794921875
7845.5693359375
7844.6123046875
7843.56298828125
7842.47607421875
7841.4189453125
7840.44873046875
7839.5625
7838.705078125
7837.8310546875
7836.9267578125
7835.99072265625
7835.05419921875
7834.171875
7833.2958984375
7832.435546875
7831.5771484375
7830.7158203125
7829.82373046875
7828.9453125
7828.0791015625
7827.232421875
7826.39208984375
7825.55322265625
7824.720703125
7823.88427734375
7823.0380859375
7822.2109375
7821.39794921875
7820.59716796875
7819.77587890625
7818.98193359375
7818.16455078125
7817.3408203125
7816.505859375
7815.66796875
7814.8251953125
7813.9931640625
7813.17919921875
7812.3759765625
7811.583984375
7810.7841796875
7809.982421875
7809.1923828125
7808.3984375
7807.59765625
7806.80615234375
7806.033203125
7805.27197265625
7804.5166015625
7803.77734375
7803.041015625
7802.31005859375
7801.57177734375
7800.80126953125
7799.99169921875
7799.1376953125
7798.283203125
7797.42919921875
7796.6279296875
7795.8720703125
7795.103515625
7794.3466796875
7793.5732421875
7792.7802734375
7791.98046875
7791.19970703125
7790.423828125
7789.6875
7788.94580078125
7788.1953125
7787.435546875
7786.6728515625
7785.91162109375
7785.15087890625
7784.40380859375
7783.666015625
7782.95703125
7782.25537109375
7781.5751953125
7780.916015625
7780.26708984375
7779.619140625
7778.9697265625
7778.3369140625
7777.810546875
7777.505859375
7777.453125
7777.640625
7777.681640625
7777.29833984375
7775.85888671875
7773.7763671875
7771.7294921875
7770.6015625
7770.38525390625
7770.4560546875
7770.1181640625
7769.099609375
7767.779296875
7766.67724609375
7765.9404296875
7765.35400390625
7764.66259765625
7763.8671875
7763.19189453125
7762.798828125
7762.65234375
7762.57666015625
7762.4736328125
7762.44091796875
7762.4267578125
7762.595703125
7762.513671875
7762.5341796875
7761.74951171875
7760.62890625
7758.57373046875
7756.38427734375
7754.46728515625
7753.2666015625
7752.89306640625
7752.91796875
7753.12841796875
7752.85107421875
7752.40673828125
7751.3837890625
7750.55859375
7749.8056640625
7749.27294921875
7748.94189453125
7748.07177734375
7747.03515625
7745.453125
7744.03125
7742.8603515625
7742.18115234375
7741.84130859375
7741.75439453125
7741.73388671875
7741.62890625
7741.4921875
7741.2119140625
7740.908203125
7740.57568359375
7740.2275390625
7739.880859375
7739.51318359375
7739.11328125
7738.69921875
7738.23193359375
7737.78466796875
7737.291015625
7736.875
7736.5751953125
7736.67333984375
7737.25390625
7738.4267578125
7739.662109375
7740.6591796875
7740.80322265625
7740.23095703125
7739.10498046875
7737.84375
7736.8232421875
7735.7021484375
7734.7626953125
7732.7763671875
7730.61328125
7728.099609375
7726.7939453125
7726.7509765625
7727.54345703125
7728.05078125
7727.5888671875
7726.3544921875
7724.7021484375
7723.5126953125
7722.42138671875
7721.74267578125
7721.41796875
7721.38916015625
7721.2421875
7720.61669921875
7719.314453125
7717.8154296875
7716.6611328125
7716.38330078125
7716.54736328125
7716.67041015625
7715.97509765625
7714.439453125
7712.29296875
7710.078125
7708.25732421875
7707.07275390625
7706.591796875
7706.6728515625
7706.99072265625
7707.07275390625
7706.5908203125
7705.68896484375
7704.85009765625
7704.560546875
7704.916015625
7705.8935546875
7707.13525390625
7708.86962890625
7710.521484375
7712.869140625
7715.21533203125
7718.50634765625
7721.95654296875
7725.25048828125
7726.88525390625
7725.86767578125
7721.666015625
7714.85693359375
7707.62548828125
7702.3125
7699.7451171875
7698.7900390625
7698.09814453125
7696.318359375
7694.57568359375
7693.2080078125
7692.19287109375
7691.27490234375
7690.3681640625
7689.501953125
7688.7314453125
7688.19482421875
7687.68359375
7687.1044921875
7686.29296875
7685.30859375
7684.248046875
7683.103515625
7682.07763671875
7681.14404296875
7680.4521484375
7679.68896484375
7678.7431640625
7677.48779296875
7676.1005859375
7674.9794921875
7674.20751953125
7673.8720703125
7673.46142578125
7673.0078125
7672.19775390625
7671.4560546875
7670.81689453125
7670.62744140625
7670.5908203125
7670.64501953125
7670.373046875
7669.859375
7669.15478515625
7668.62646484375
7668.271484375
7668.21533203125
7668.07177734375
7667.83203125
7667.38671875
7666.83447265625
7666.44482421875
7666.4814453125
7667.20751953125
7668.6845703125
7670.408203125
7671.42578125
7670.4873046875
7667.3955078125
7663.7568359375
7661.4501953125
7661.5302734375
7662.89892578125
7664.12158203125
7664.0986328125
7662.89794921875
7661.603515625
7661.1650390625
7661.9072265625
7663.3427734375
7664.7373046875
7665.47998046875
7665.26220703125
7664.1484375
7662.43359375
7660.85888671875
7659.6025390625
7659.13427734375
7658.513671875
7657.80078125
7656.1220703125
7654.3271484375
7652.34375
7651.03125
7650.0126953125
7649.08642578125
7647.7197265625
7646.0703125
7644.3564453125
7643.07861328125
7642.3193359375
7641.96142578125
7641.76806640625
7641.54931640625
7641.4765625
7641.6806640625
7642.43994140625
7643.6611328125
7645.37939453125
7647.32373046875
7649.39599609375
7651.03759765625
7651.8212890625
7651.224609375
7649.40576171875
7646.85107421875
7644.37109375
7642.52294921875
7641.3701171875
7640.79248046875
7640.1806640625
7639.31298828125
7637.80078125
7636.0869140625
7634.212890625
7632.6826171875
7631.28076171875
7630.2568359375
7629.18798828125
7628.36328125
7627.54296875
7627.0322265625
7626.7177734375
7626.798828125
7627.02197265625
7627.4755859375
7627.873046875
7628.3408203125
7628.53271484375
7628.564453125
7628.1748046875
7627.65380859375
7626.97021484375
7626.3759765625
7625.75439453125
7625.26025390625
7624.716796875
7624.1044921875
7623.31982421875
7622.1708984375
7620.99072265625
7619.76806640625
7619.1611328125
7618.7568359375
7618.91845703125
7619.13818359375
7619.6875
7620.15087890625
7620.55029296875
7620.53125
7620.1064453125
7619.35302734375
7618.3388671875
7617.4501953125
7616.5302734375
7615.87744140625
7615.25146484375
7614.7783203125
7614.4130859375
7614.1513671875
7614.23291015625
7614.27392578125
7614.140625
7613.25341796875
7611.77734375
7609.91748046875
7608.43115234375
7607.56494140625
7607.44775390625
7607.56201171875
7607.6484375
7607.4267578125
7607.087890625
7606.83251953125
7607.015625
7607.74853515625
7608.95166015625
7610.45751953125
7611.78125
7612.67236328125
7612.7431640625
7612.16552734375
7611.041015625
7609.7060546875
7608.4931640625
7607.400390625
7606.9306640625
7606.53466796875
7606.716796875
7606.4384765625
7606.041015625
7604.89990234375
7603.359375
7601.56103515625
7599.84521484375
7598.35888671875
7597.1376953125
7596.16845703125
7595.14111328125
7594.333984375
7593.3916015625
7592.73291015625
7592.04296875
7591.4755859375
7590.7529296875
7589.99658203125
7589.0673828125
7588.00634765625
7586.7998046875
7585.52099609375
7584.3642578125
7583.4189453125
7582.74462890625
7582.2353515625
7581.84130859375
7581.45263671875
7581.064453125
7580.7490234375
7580.560546875
7580.529296875
7580.6435546875
7580.82861328125
7581.09326171875
7581.4248046875
7581.9306640625
7582.57763671875
7583.45458984375
7584.32861328125
7585.0361328125
7585.10400390625
7584.5263671875
7583.48828125
7582.86572265625
7583.12353515625
7584.62353515625
7586.7470703125
7588.99072265625
7590.5966796875
7591.4375
7591.67333984375
7591.4267578125
7591.1396484375
7590.705078125
7590.39501953125
7590.48095703125
7590.935546875
7591.25048828125
7590.783203125
7588.736328125
7585.2119140625
7580.8017578125
7576.7236328125
7573.6962890625
7571.8857421875
7570.9306640625
7570.427734375
7570.271484375
7570.56298828125
7571.17041015625
7571.7841796875
7571.95361328125
7571.6591796875
7570.9814453125
7570.25634765625
7569.6162109375
7568.87451171875
7568.17041015625
7567.08154296875
7566.04541015625
7565.06591796875
7564.43359375
7564.2685546875
7564.623046875
7565.44189453125
7566.50341796875
7567.54638671875
7568.01123046875
7567.6123046875
7566.11572265625
7563.72412109375
7561.07373046875
7558.5595703125
7556.8388671875
7555.857421875
7555.66455078125
7555.7998046875
7555.966796875
7555.77392578125
7555.1865234375
7554.244140625
7553.1513671875
7552.06982421875
7551.10693359375
7550.44287109375
7550.09228515625
7550.1904296875
7550.7021484375
7551.5595703125
7552.654296875
7553.64453125
7554.56103515625
7554.93505859375
7555.0625
7554.5380859375
7553.92626953125
7553.1982421875
7553.00244140625
7553.3291015625
7554.50927734375
7556.16259765625
7558.2099609375
7560.1884765625
7561.8818359375
7563.07470703125
7563.5595703125
7563.26953125
7562.07861328125
7560.2333984375
7558.0185546875
7556.0859375
7554.6767578125
7554.078125
7554.2119140625
7554.8798828125
7555.791015625
7556.23876953125
7556.1865234375
7555.185546875
7553.8974609375
7552.4013671875
7550.94677734375
7549.5771484375
7547.958984375
7546.095703125
7543.87255859375
7541.5712890625
7539.453125
7537.82568359375
7536.60546875
7535.58740234375
7534.45263671875
7533.251953125
7532.1064453125
7531.056640625
7529.89453125
7528.50244140625
7527.02001953125
7525.74853515625
7524.8740234375
7524.3671875
7524.0439453125
7523.806640625
7523.65673828125
7523.52001953125
7523.455078125
7523.55029296875
7524.03076171875
7525.02587890625
7526.3603515625
7527.72412109375
7528.7421875
7529.447265625
7529.8125
7530.2431640625
7530.71630859375
7531.52099609375
7531.76123046875
7531.5126953125
7530.0947265625
7528.76416015625
7528.29541015625
7529.1171875
7530.3662109375
7531.19189453125
7531.03125
7530.46142578125
7530.3251953125
7531.48583984375
7533.68994140625
7536.35986328125
7538.634765625
7540.27490234375
7541.0185546875
7540.5166015625
7537.990234375
7533.10205078125
7526.556640625
7520.31640625
7516.416015625
7515.892578125
7517.84228515625
7520.6845703125
7522.51953125
7522.70849609375
7521.173828125
7519.1982421875
7517.47607421875
7516.47802734375
7515.84716796875
7514.97265625
7513.6181640625
7511.8271484375
7510.056640625
7508.4521484375
7507.4150390625
7506.859375
7506.97705078125
7507.509765625
7508.08349609375
7507.9453125
7506.90234375
7505.2373046875
