14855.298828125
14852.810546875
14850.5546875
14848.5
14846.619140625
14844.9013671875
14843.3271484375
14841.884765625
14840.5654296875
14839.353515625
14838.244140625
14837.21875
14836.283203125
14835.4189453125
14834.623046875
14833.888671875
14833.208984375
14832.57421875
14831.982421875
14831.423828125
14830.896484375
14830.396484375
14829.919921875
14829.4599609375
14829.017578125
14828.5908203125
14828.171875
14827.767578125
14827.369140625
14826.9765625
14826.5888671875
14826.21484375
14825.841796875
14825.4765625
14825.11328125
14824.755859375
14824.40234375
14824.056640625
14823.7099609375
14823.373046875
14823.0361328125
14822.7041015625
14822.376953125
14822.0498046875
14821.7265625
14821.41015625
14821.09375
14820.78515625
14820.482421875
14820.1806640625
14819.8837890625
14819.5927734375
14819.3076171875
14819.0244140625
14818.74609375
14818.4736328125
14818.203125
14817.9384765625
14817.671875
14817.41796875
14817.166015625
14816.916015625
14816.6708984375
14816.431640625
14816.193359375
14815.9609375
14815.7333984375
14815.51171875
14815.2919921875
14815.080078125
14814.8671875
14814.662109375
14814.4599609375
14814.263671875
14814.0693359375
14813.87890625
14813.6953125
14813.5146484375
14813.337890625
14813.1689453125
14813.0
14812.833984375
14812.6728515625
14812.515625
14812.3603515625
14812.2080078125
14812.0625
14811.9189453125
14811.78125
14811.6416015625
14811.5078125
14811.376953125
14811.251953125
14811.126953125
14811.0078125
14810.888671875
14810.7744140625
14810.662109375
14810.552734375
14810.4453125
14810.3388671875
14810.2421875
14810.142578125
14810.04296875
14809.9482421875
14809.859375
14809.767578125
14809.6796875
14809.5947265625
14809.509765625
14809.42578125
14809.345703125
14809.267578125
14809.1904296875
14809.1162109375
14809.0439453125
14808.97265625
14808.900390625
14808.83203125
14808.7646484375
14808.703125
14808.63671875
14808.572265625
14808.509765625
14808.4453125
14808.390625
14808.328125
14808.2705078125
14808.21484375
14808.158203125
14808.1025390625
14808.048828125
14807.99609375
14807.943359375
14807.892578125
14807.8408203125
14807.7900390625
14807.740234375
14807.69140625
14807.642578125
14807.595703125
14807.5458984375
14807.5009765625
14807.451171875
14807.40625
14807.3603515625
14807.318359375
14807.2734375
14807.2275390625
14807.18359375
14807.142578125
14807.09765625
14807.0576171875
14807.015625
14806.974609375
14806.9296875
14806.892578125
14806.849609375
14806.810546875
14806.7685546875
14806.7294921875
14806.6904296875
14806.6484375
14806.611328125
14806.572265625
14806.5322265625
14806.494140625
14806.45703125
14806.4189453125
14806.37890625
14806.34375
14806.306640625
14806.26953125
14806.2314453125
14806.1923828125
14806.1552734375
14806.12109375
14806.08203125
14806.0458984375
14806.01171875
14805.974609375
14805.9404296875
14805.908203125
14805.87109375
14805.8369140625
14805.8017578125
14805.765625
14805.7294921875
14805.6982421875
14805.6630859375
14805.630859375
14805.59765625
14805.5625
14805.5302734375
14805.498046875
14805.4677734375
14805.43359375
14805.40234375
14805.369140625
14805.3388671875
8143671.0
183138.75
81369.6640625
63271.390625
59649.2421875
58155.59375
56939.2265625
56135.2265625
56325.2265625
57203.80859375
57677.73828125
57000.19140625
55480.5546875
54292.62109375
53787.6640625
53558.234375
53123.328125
52250.35546875
50940.3359375
49298.08203125
47444.7734375
45557.28515625
43827.21484375
42334.4765625
41009.3984375
39776.99609375
38611.7734375
37491.91015625
36411.94921875
35378.16015625
34415.23828125
33525.84765625
32679.490234375
31861.4140625
31074.5546875
30315.078125
29585.326171875
28898.8125
28257.6640625
27650.9375
27069.1640625
26505.3359375
25957.365234375
25436.873046875
24954.998046875
24504.32421875
24072.044921875
23655.9765625
23258.486328125
22880.326171875
22519.31640625
22174.009765625
21845.9609375
21535.0390625
21240.720703125
20959.158203125
20685.765625
20420.30859375
20164.427734375
19918.66796875
19682.359375
19455.056640625
19237.3984375
19029.267578125
18829.8671875
18637.623046875
18452.3125
18275.009765625
18104.8984375
17941.244140625
17782.994140625
17629.625
17481.3984375
17338.5546875
17200.986328125
17068.6796875
16941.3359375
16818.130859375
16698.658203125
16582.4609375
16469.62109375
16360.240234375
16253.9765625
16150.5927734375
16049.8046875
15951.119140625
15854.28515625
15759.1328125
15665.603515625
15573.6591796875
15483.5849609375
15395.25390625
15308.630859375
15223.7099609375
15140.541015625
15058.982421875
14978.994140625
14900.58203125
14823.6455078125
14748.1044921875
14673.8359375
14600.9384765625
14529.75390625
14459.4609375
14390.943359375
14320.4580078125
14256.041015625
14190.4775390625
14124.666015625
14057.7529296875
13997.939453125
13933.3388671875
13874.744140625
13809.9248046875
13755.9287109375
13693.3056640625
13640.328125
13581.0166015625
13526.46484375
13473.0439453125
13418.9296875
13369.048828125
13315.46484375
13268.69921875
13217.267578125
13171.2509765625
13122.2041015625
13075.166015625
13028.71484375
12981.5625
12936.4453125
12888.97265625
12845.41015625
12801.646484375
12756.9208984375
12714.275390625
12669.7568359375
12630.1123046875
12596.138671875
12552.0048828125
12533.84765625
12515.048828125
12523.05078125
12474.8994140625
12434.3037109375
12382.734375
12338.130859375
12294.037109375
12255.7890625
12214.6728515625
12175.873046875
12140.083984375
12096.2060546875
12067.3349609375
12031.1171875
11998.205078125
11964.724609375
11930.548828125
11900.498046875
11867.396484375
11838.5205078125
11806.525390625
11777.16796875
11745.3046875
11717.740234375
11691.048828125
11657.318359375
11632.740234375
11603.748046875
11575.1591796875
11552.044921875
11521.1875
11496.13671875
11468.0771484375
11441.5361328125
11418.7666015625
11390.2890625
11368.634765625
11344.99609375
11318.7890625
11296.10546875
11269.275390625
11248.3349609375
11223.771484375
11199.61328125
11177.4921875
11154.580078125
11132.0810546875
11110.966796875
11088.015625
11066.875
11045.982421875
11023.525390625
11002.7119140625
10982.228515625
10959.5615234375
10939.7158203125
10919.953125
10896.79296875
10877.703125
10857.8701171875
10834.35546875
10816.6484375
10797.1962890625
10773.26953125
10755.755859375
10733.22265625
10712.220703125
10694.0322265625
10671.97265625
10653.166015625
10634.794921875
10614.6787109375
10597.826171875
10580.19140625
10562.0927734375
10545.8037109375
10529.3515625
10512.3837890625
10496.037109375
10479.486328125
10462.9208984375
10446.638671875
10430.6806640625
10414.396484375
10398.2783203125
10382.646484375
10366.95703125
10351.4306640625
10336.015625
10320.408203125
10304.6669921875
10289.2431640625
10273.9326171875
10258.4208984375
10242.92578125
10227.380859375
10211.603515625
10196.025390625
10180.4658203125
10164.748046875
10149.140625
10134.03125
10119.3583984375
10105.1865234375
10091.5986328125
10079.064453125
10066.4990234375
10053.546875
10039.0654296875
10025.7119140625
10014.0048828125
10001.458984375
9987.9228515625
9975.43359375
9964.087890625
9951.865234375
9939.2734375
9927.94140625
9916.4931640625
9904.2705078125
9892.8017578125
9881.63671875
9869.84375
9858.5283203125
9847.5791015625
9836.28515625
9825.23828125
9814.5458984375
9803.6025390625
9792.826171875
9782.4482421875
9771.986328125
9761.5908203125
9751.5556640625
9741.896484375
9732.517578125
9724.658203125
9715.224609375
9704.24609375
9692.65234375
9683.259765625
9676.408203125
9666.6640625
9654.546875
9645.734375
9639.251953125
9629.32421875
9619.8720703125
9613.3095703125
9602.984375
9592.96484375
9587.328125
9578.7421875
9568.4150390625
9560.59375
9548.0537109375
9541.9482421875
9530.96484375
9525.916015625
9516.9755859375
9509.103515625
9499.7890625
9491.6875
9482.9990234375
9476.11328125
9467.404296875
9458.615234375
9451.681640625
9443.939453125
9435.7763671875
9428.2333984375
9420.3955078125
9412.5703125
9404.66796875
9397.80078125
9389.931640625
9382.5068359375
9375.1201171875
9367.736328125
9360.3447265625
9353.34375
9346.19140625
9339.068359375
9332.083984375
9325.291015625
9318.41015625
9312.01171875
9305.630859375
9299.1513671875
9292.1533203125
9284.98046875
9278.27734375
9272.2197265625
9266.0693359375
9259.4501953125
9252.9140625
9246.9599609375
9240.904296875
9234.53125
9228.1552734375
9222.0439453125
9216.009765625
9210.1220703125
9204.294921875
9199.0166015625
9192.802734375
9186.3291015625
9179.59765625
9173.6484375
9168.16015625
9162.9580078125
9158.359375
9152.35546875
9145.658203125
9139.33984375
9134.255859375
9130.2744140625
9125.521484375
9119.5234375
9112.880859375
9109.6201171875
9111.763671875
9109.2158203125
9101.388671875
9102.12890625
9085.82421875
9089.869140625
9147.12109375
9199.7763671875
9233.8388671875
9255.669921875
9254.015625
9211.7470703125
9194.0830078125
9186.708984375
9159.544921875
9155.220703125
9146.0703125
9129.42578125
9123.3564453125
9103.9521484375
9086.484375
9079.7705078125
9070.01953125
9058.439453125
9051.5625
9045.650390625
9035.65234375
9030.41015625
9021.56640625
9013.556640625
9004.119140625
8994.6611328125
8984.69921875
8976.0380859375
8968.966796875
8962.30078125
8951.638671875
8945.7314453125
8936.166015625
8931.2734375
8921.833984375
8916.203125
8914.1064453125
8905.1103515625
8902.451171875
8898.8291015625
8892.33984375
8888.033203125
8879.919921875
8879.513671875
8870.22265625
8866.962890625
8862.341796875
8854.2841796875
8853.767578125
8851.62890625
8844.2978515625
8839.7412109375
8835.9443359375
8830.876953125
8826.091796875
8822.2314453125
8816.01953125
8814.1513671875
8807.60546875
8802.75390625
8798.638671875
8794.369140625
8791.185546875
8786.984375
8783.5283203125
8780.2890625
8776.447265625
8772.021484375
8768.314453125
8763.4677734375
8759.16015625
8755.41796875
8750.6513671875
8746.765625
8742.45703125
8738.1796875
8734.73046875
8731.07421875
8727.802734375
8724.396484375
8720.548828125
8716.6826171875
8712.94140625
8709.21484375
8705.806640625
8702.5546875
8698.9931640625
8695.490234375
8691.30859375
8687.7705078125
8684.2080078125
8681.16796875
8677.634765625
8674.2685546875
8670.3876953125
8666.712890625
8662.8564453125
8658.958984375
8655.1796875
8651.5546875
8647.8662109375
8644.1650390625
8640.4482421875
8636.888671875
8633.294921875
8629.76171875
8625.919921875
8622.302734375
8618.533203125
8614.99609375
8611.271484375
8607.763671875
8604.1142578125
8600.736328125
8597.12890625
8593.5625
8589.666015625
8585.828125
8582.1806640625
8579.10546875
8576.2724609375
8573.68359375
8570.6884765625
8567.56640625
8563.90234375
8560.0615234375
8555.341796875
8550.853515625
8547.0537109375
8543.583984375
8539.35546875
8535.6884765625
8532.63671875
8529.908203125
8527.236328125
8525.91015625
8525.451171875
8525.345703125
8522.369140625
8515.578125
8510.845703125
8512.1494140625
8511.80078125
8505.1474609375
8497.3740234375
8493.0234375
8490.80859375
8489.220703125
8484.9609375
8479.21484375
8476.53125
8471.404296875
8467.162109375
8466.0048828125
8463.98828125
8460.9072265625
8456.0439453125
8452.7421875
8449.716796875
8446.2587890625
8442.404296875
8438.939453125
8435.3798828125
8432.2236328125
8430.2578125
8428.53125
8423.345703125
8421.25
8419.44140625
8416.08984375
8414.3662109375
8412.294921875
8410.3154296875
8405.6943359375
8400.1533203125
8397.8017578125
8393.4794921875
8390.4775390625
8388.384765625
8385.353515625
8383.5712890625
8380.490234375
8377.916015625
8376.5283203125
8374.24609375
8373.22265625
8370.7666015625
8369.736328125
8368.0751953125
8366.2841796875
8363.27734375
8359.6318359375
8355.13671875
8351.212890625
8348.77734375
8348.07421875
8346.939453125
8344.8701171875
8341.2763671875
8338.2763671875
8334.9677734375
8331.0712890625
8326.541015625
8322.2880859375
8319.17578125
8316.849609375
8314.796875
8312.7353515625
8310.357421875
8307.9296875
8305.63671875
8303.849609375
8302.3701171875
8300.302734375
8297.798828125
8295.0458984375
8291.908203125
8288.3955078125
8284.978515625
8282.8115234375
8281.2666015625
8279.0205078125
8275.5888671875
8271.970703125
8269.1015625
8266.634765625
8263.767578125
8260.830078125
8257.6484375
8254.6796875
8251.640625
8248.9970703125
8246.81640625
8245.125
8243.212890625
8240.921875
8238.216796875
8235.705078125
8233.474609375
8231.859375
8230.373046875
8228.7509765625
8225.9892578125
8222.4111328125
8218.703125
8216.0078125
8213.94140625
8211.8173828125
8208.81640625
8205.40234375
8202.1875
8199.6787109375
8197.0703125
8194.279296875
8191.3876953125
8189.28173828125
8187.44921875
8185.40283203125
8183.15625
8181.0087890625
8179.67138671875
8177.82275390625
8175.9345703125
8173.072265625
8170.587890625
8167.5634765625
8164.880859375
8162.05126953125
8159.4853515625
8156.8349609375
8154.6025390625
8152.853515625
8151.11474609375
8149.140625
8146.85595703125
8144.77978515625
8142.7236328125
8140.90771484375
8139.376953125
8138.5126953125
8138.23583984375
8138.859375
8139.7431640625
8140.298828125
8138.986328125
8135.6630859375
8130.669921875
8125.9765625
8122.150390625
8119.46630859375
8116.8935546875
8114.14013671875
8111.51123046875
8109.13525390625
8107.486328125
8105.53125
8104.04541015625
8101.98291015625
8099.9814453125
8097.826171875
8095.7763671875
8094.2216796875
8092.30908203125
8090.263671875
8087.59765625
8085.3603515625
8083.609375
8082.6630859375
8081.49560546875
8079.9072265625
8077.32421875
8074.6767578125
8071.69970703125
8069.1904296875
8067.04443359375
8065.50244140625
8063.818359375
8062.03076171875
8059.96630859375
8058.10205078125
8056.4404296875
8054.701171875
8053.2080078125
8052.10205078125
8051.634765625
8051.53515625
8051.150390625
8051.0
8050.5615234375
8050.43017578125
8049.2666015625
8048.09716796875
8045.81982421875
8043.1689453125
8039.7705078125
8036.13232421875
8033.283203125
8031.2568359375
8029.98974609375
8028.9521484375
8027.509765625
8025.83203125
8023.43603515625
8021.08837890625
8018.4462890625
8016.05810546875
8013.8525390625
8011.9130859375
8010.44970703125
8009.14892578125
8007.84912109375
8006.197265625
8004.19580078125
8002.234375
8000.126953125
7998.5224609375
7996.65087890625
7995.2060546875
7993.7685546875
7993.03515625
7992.32861328125
7991.73046875
7990.36328125
7988.763671875
7986.9423828125
7986.18359375
7986.1826171875
7987.234375
7987.1025390625
7985.3740234375
7980.83935546875
7976.025390625
7971.98583984375
7970.51416015625
7969.89453125
7969.6728515625
7967.8564453125
7965.748046875
7963.19189453125
7962.2783203125
7961.482421875
7961.1591796875
7959.2138671875
7956.41259765625
7952.47314453125
7949.03125
7946.22265625
7944.4248046875
7942.77392578125
7941.32568359375
7939.62646484375
7938.36767578125
7936.9365234375
7935.42578125
7933.10888671875
7930.99853515625
7929.244140625
7928.5625
7928.47607421875
7928.4501953125
7927.6044921875
7926.03466796875
7923.69677734375
7921.66845703125
7919.17626953125
7916.86865234375
7914.1552734375
7912.0048828125
7910.15576171875
7908.79150390625
7907.55322265625
7906.1494140625
7904.5009765625
7901.8701171875
7898.841796875
7895.25439453125
7892.2939453125
7890.22021484375
7888.85546875
7888.36669921875
7888.07568359375
7887.62646484375
7885.990234375
7883.91259765625
7881.404296875
7879.5869140625
7877.7822265625
7876.17333984375
7874.1806640625
7872.32177734375
7871.029296875
7871.17138671875
7873.724609375
7877.3837890625
7887.74169921875
7889.70703125
7879.798828125
7870.830078125
7872.140625
7879.86669921875
7876.6357421875
7867.908203125
7867.27294921875
7869.02490234375
7868.44189453125
7864.81689453125
7864.41015625
7862.91162109375
7859.30224609375
7855.86669921875
7852.7666015625
7850.53466796875
7846.41796875
7845.515625
7847.359375
7849.79296875
7850.4619140625
7850.177734375
7844.17578125
7836.7724609375
7831.8984375
7832.24462890625
7833.72216796875
7833.82177734375
7831.06005859375
7825.5478515625
7820.6494140625
7819.279296875
7819.14892578125
7818.70068359375
7817.4150390625
7814.69091796875
7813.91748046875
7815.85595703125
7814.68701171875
7813.681640625
7811.99609375
7806.673828125
7805.81396484375
7804.52734375
7801.3388671875
7803.5400390625
7805.0341796875
7804.486328125
7800.3857421875
7801.47021484375
7814.763671875
7817.203125
7810.36474609375
7804.92138671875
7804.26806640625
7816.5263671875
7880.10888671875
7864.12060546875
7892.29443359375
7856.90576171875
7853.84423828125
7864.640625
7927.3271484375
8054.388671875
8014.7353515625
8100.28564453125
8054.0205078125
8080.06005859375
8054.0009765625
8003.05859375
8017.6259765625
7998.59326171875
7985.1630859375
7999.0615234375
7984.091796875
7961.43505859375
7960.14697265625
7945.0029296875
7949.90869140625
7951.12890625
7943.3359375
7940.8935546875
7929.03076171875
7919.943359375
7915.9150390625
7911.359375
7912.13330078125
7910.27099609375
7903.326171875
7898.01513671875
7890.203125
7879.5732421875
7876.8349609375
7872.9619140625
7872.671875
7871.12109375
7866.4638671875
7862.04345703125
7855.48046875
7848.7900390625
7844.59033203125
7840.001953125
7835.982421875
7831.36572265625
7825.29052734375
7820.3125
7814.6416015625
7808.8291015625
7803.6142578125
7798.158203125
7794.01318359375
7794.0849609375
7824.4560546875
8208.51171875
8230.091796875
9161.0302734375
22636.7734375
11868.845703125
478056.375
558505.0
73855.6875
383165.96875
3808776.5
4428861952.0
3779950804992.0
2424451.0
1855085.25
48854609920.0
150962720.0
30295521280.0
17291416.0
348435218432.0
291479616.0
6197889536.0
3.4434029619909755e+18
52723608.0
17549189120.0
36014878720.0
397046016.0
183578689536.0
611982784.0
385663434227712.0
2410918656.0
659329581056.0
12356418560.0
87087677440.0
18236861054976.0
4320726089728.0
248773364154368.0
1121716142080.0
15634900451328.0
105346211250176.0
3166418239488.0
16048343482368.0
34035533348864.0
199806039359488.0
2090067820544.0
383336284160.0
6925558218752.0
59828642775040.0
45875350994944.0
1951610306560.0
9515221123072.0
3237145842024448.0
1494166374711296.0
36014148026368.0
114775266689024.0
320173303136256.0
1.842979576167436e+20
8977818583040.0
32855090528256.0
336096491732992.0
1112488935424.0
324789453455360.0
32314899824640.0
1227381932032.0
300107148820480.0
503887979085824.0
437296300032.0
1.841866488319836e+17
1.4750479344572826e+17
283245442760704.0
68114153472.0
35885747798016.0
1920486841778176.0
1735982697152512.0
633548701696.0
2644302110916608.0
12609308852224.0
6877140289060864.0
113431210360832.0
9.440885123642819e+17
79337869017088.0
4041879368761344.0
1.8000024593972068e+19
38658136604672.0
631718620954624.0
2839097638912.0
869705252864.0
425517610172416.0
190109764812800.0
45862830997504.0
1.9492418389509407e+18
4966243106816.0
1209146408960.0
2.0517136082403328e+17
1907756892160.0
1868158730240.0
567666297274368.0
68445483827200.0
89826025472.0
1604076044288.0
1029401346048.0
98699714560.0
27339054383104.0
428030197760.0
30090835968.0
9.018444509914071e+17
66647760896.0
4129921792.0
74872938496.0
5490078646272.0
1199026864128.0
6675558400.0
46246846464.0
6274736128.0
21326997504.0
233749836988416.0
22510004224.0
83305660416.0
62484561920.0
549510479872.0
4570594410496.0
2340797184.0
46316453363712.0
38238441472.0
2100755712.0
34360733696.0
19854200832.0
895502912.0
1024009175040.0
26472286208.0
857443467264.0
4022321408.0
2488571392.0
109313433600.0
12265844736.0
96412246016.0
3087826176.0
50760765440.0
5368767488.0
118310670696448.0
449916928.0
414082170880.0
24406253568.0
5970332672.0
4773860343808.0
924881344.0
8181229568.0
1065752640.0
8197119148032.0
2307649024.0
261655840.0
674637152256.0
981521664.0
389678304.0
759812672.0
445259424.0
794287488.0
1045670592.0
3360541696.0
225230128.0
12031148032.0
184630592.0
229625136.0
1437564611330048.0
450745408.0
458681440.0
207288000.0
153833712.0
2966426368.0
130593112.0
129075968.0
368927840.0
131893976.0
144745040.0
190037808.0
151937664.0
328112288.0
129026928.0
111057280.0
110264544.0
117618960.0
118670856.0
114087128.0
125309696.0
161497552.0
181240112.0
143118416.0
113619640.0
101179520.0
95906960.0
93277528.0
91677408.0
90527224.0
89596728.0
88787336.0
88056232.0
87380392.0
86749224.0
86159288.0
85602584.0
85078448.0
84588488.0
84128400.0
83698920.0
83299976.0
82922864.0
82575224.0
82246024.0
81932064.0
81627968.0
81330720.0
81033040.0
80732704.0
80426368.0
80111008.0
79784208.0
79449312.0
79105472.0
78757232.0
78405984.0
78052496.0
77702416.0
77356080.0
77016840.0
76684160.0
76359360.0
76041952.0
75737768.0
75440320.0
75151312.0
74872000.0
74600512.0
74338384.0
74082448.0
73834072.0
73593280.0
73359240.0
73131704.0
72909128.0
72692784.0
72480776.0
72273832.0
72073128.0
71876040.0
71683528.0
71495096.0
71310184.0
71129528.0
70952272.0
70778848.0
70608472.0
70441592.0
70277528.0
70116712.0
69957728.0
69801768.0
69649944.0
69499536.0
69351936.0
69206600.0
69064704.0
68924512.0
68785952.0
68649888.0
68515280.0
68383208.0
68252984.0
68124912.0
67997648.0
67873552.0
67750896.0
67629632.0
67509680.0
67392664.0
67275608.0
67160016.0
67047488.0
66935876.0
66825008.0
66716084.0
66609284.0
66502364.0
66397324.0
66294172.0
66191404.0
66090652.0
65990104.0
65891652.0
65794732.0
65698900.0
65603564.0
65509304.0
65416876.0
65324452.0
65234212.0
65143312.0
65054188.0
64966648.0
64879696.0
64793544.0
64708180.0
64623360.0
64539948.0
64456680.0
64375304.0
64294796.0
64213936.0
64134400.0
64056536.0
63978264.0
63901112.0
63823984.0
63748544.0
63674064.0
63599068.0
63525160.0
63452600.0
63380448.0
63308752.0
63237348.0
63166232.0
63096620.0
63027216.0
62959136.0
62890796.0
62823600.0
62755948.0
62690592.0
62624984.0
62559880.0
62495412.0
62430540.0
62368748.0
62305076.0
62242464.0
62181628.0
62119340.0
62058872.0
61998396.0
61937876.0
61878864.0
61820084.0
61761332.0
61703140.0
61645536.0
61588252.0
61532116.0
61475628.0
61420444.0
61364508.0
61310044.0
61255416.0
61200636.0
61146968.0
61093372.0
61040820.0
60988484.0
60935868.0
60884212.0
60831700.0
60780868.0
60730040.0
60680084.0
60629304.0
60579652.0
60530620.0
60481548.0
60432268.0
60383504.0
60335628.0
60288132.0
60240868.0
60193828.0
60146648.0
60100132.0
60054256.0
60008268.0
59962008.0
59916740.0
59871480.0
59827100.0
59782816.0
59738048.0
59694152.0
59650732.0
59606780.0
59563712.0
59521412.0
59478872.0
59436500.0
59394904.0
59352968.0
59311320.0
59269992.0
59229108.0
59188096.0
59148000.0
59106940.0
59067512.0
59027612.0
58987960.0
58948096.0
58908672.0
58870336.0
58831808.0
58793112.0
58754548.0
58716940.0
58678824.0
58641652.0
58603308.0
58566536.0
58529460.0
58492352.0
58456044.0
58418996.0
58382884.0
58346396.0
58310908.0
58275116.0
58239712.0
58204884.0
58170064.0
58135084.0
58100920.0
58066240.0
58031624.0
57997836.0
57963728.0
57930100.0
57896856.0
57862848.0
57829572.0
57796528.0
57763592.0
57730616.0
57697740.0
57665124.0
57633044.0
57600860.0
57568900.0
57536576.0
57505108.0
57473636.0
57441908.0
57410384.0
57380100.0
57348260.0
57317172.0
57285968.0
57255900.0
57225112.0
57195064.0
57164584.0
57134272.0
57104244.0
57074976.0
57045036.0
57015540.0
56985688.0
56956312.0
56926844.0
56897992.0
56869212.0
56839884.0
56811212.0
56782480.0
56753960.0
56725724.0
56697732.0
56669588.0
56641400.0
56613852.0
56585756.0
56557848.0
56530872.0
56503132.0
56475848.0
56448048.0
56421292.0
56394360.0
56367012.0
56340640.0
56313680.0
56287452.0
56261196.0
56234548.0
56208348.0
56181648.0
56155800.0
56130004.0
56104328.0
56078172.0
56052532.0
56026708.0
56001500.0
55975632.0
55950724.0
55925792.0
55899852.0
55874944.0
55850056.0
55824948.0
55800372.0
55775848.0
55751120.0
55726740.0
55701900.0
55677900.0
55653724.0
55629348.0
55605356.0
55580804.0
55557272.0
55533636.0
55509824.0
55486124.0
55462412.0
55438912.0
55415920.0
55392916.0
55369372.0
55345576.0
55322708.0
55299536.0
55277112.0
55253984.0
55231252.0
55208460.0
55185900.0
55163468.0
55141324.0
55118576.0
55096520.0
55074172.0
55052380.0
55029948.0
55008624.0
54986508.0
54964716.0
54942804.0
54921520.0
54900148.0
54878560.0
54857400.0
54836288.0
54815264.0
54793696.0
54772540.0
54751424.0
54730308.0
54709712.0
54688776.0
54668024.0
54647604.0
54626964.0
54606424.0
54585648.0
54565452.0
54545120.0
54524884.0
54505044.0
54484784.0
54464692.0
54444948.0
54425196.0
54404944.0
54385388.0
54365812.0
54345848.0
54326380.0
54307060.0
54287344.0
54267992.0
54248208.0
54229144.0
54209600.0
54190336.0
54170992.0
54152656.0
54133216.0
54114188.0
54095200.0
54076484.0
54057344.0
54038776.0
54019916.0
54001364.0
53982496.0
53964308.0
53945996.0
53927240.0
53909012.0
53890944.0
53872332.0
53854628.0
53836208.0
53818128.0
53800216.0
53782144.0
53764296.0
53746688.0
53728468.0
53711108.0
53693196.0
53675408.0
53657940.0
53640140.0
53622516.0
53605040.0
53587488.0
53570044.0
53552752.0
53534984.0
53518276.0
53500484.0
53483688.0
53466372.0
53449292.0
53432096.0
53415136.0
53398028.0
53381108.0
53364472.0
53347376.0
53330676.0
53313700.0
53297196.0
53280752.0
53263912.0
53247436.0
53231000.0
53214272.0
53197660.0
53181436.0
53165104.0
53148944.0
53132428.0
53116184.0
53100136.0
53083788.0
53067464.0
53051328.0
53035312.0
53019524.0
53003428.0
52987616.0
52971428.0
52955852.0
52939984.0
52923904.0
52908444.0
52892432.0
52877008.0
52861160.0
52845540.0
52830212.0
52814360.0
52798944.0
52783232.0
52767984.0
52752632.0
52737208.0
52722104.0
52706376.0
52691120.0
52676024.0
52660428.0
52645464.0
52630316.0
52615260.0
52600388.0
52585596.0
52570300.0
52555404.0
52540568.0
52525636.0
52510804.0
52495888.0
52480848.0
52466028.0
52451700.0
52437212.0
52422476.0
52408116.0
52393288.0
52378956.0
52364740.0
52350212.0
52335248.0
52320908.0
52306824.0
52292844.0
52278472.0
52264488.0
52249856.0
52235896.0
52221656.0
52207784.0
52193316.0
52179472.0
52165140.0
52151300.0
52137476.0
52123504.0
52109780.0
52095940.0
52081996.0
52068248.0
52054516.0
52040584.0
52026716.0
52013232.0
51999448.0
51985884.0
51972240.0
51958892.0
51945060.0
51931736.0
51918352.0
51904580.0
51891384.0
51878012.0
51864744.0
51851552.0
51837976.0
51825056.0
51811760.0
51798408.0
51784764.0
51771944.0
51758916.0
51745804.0
51732596.0
51719764.0
51706724.0
51693716.0
51680728.0
51667680.0
51654732.0
51641660.0
51628428.0
51616012.0
51603124.0
51590272.0
51577640.0
51565072.0
51551916.0
51539564.0
51526920.0
51514424.0
51501332.0
51488848.0
51476320.0
51463520.0
51451144.0
51438704.0
51426216.0
51413624.0
51401236.0
51388792.0
51376340.0
51364100.0
51351716.0
51339268.0
51326892.0
51314844.0
51302584.0
51290444.0
51277848.0
51266012.0
51253764.0
51241728.0
51229444.0
51217416.0
51205304.0
51193320.0
51181264.0
51169500.0
51157328.0
51145360.0
51133392.0
51121288.0
51109480.0
51097744.0
51086188.0
51073980.0
51062124.0
51050740.0
51038968.0
51027204.0
51015308.0
51003616.0
50992008.0
50980456.0
50969168.0
50957332.0
50945816.0
50934772.0
50923112.0
50911832.0
50900424.0
50889036.0
50877536.0
50866200.0
50854972.0
50843680.0
50832508.0
50821264.0
50810012.0
50799100.0
50788020.0
50776836.0
50765872.0
50754636.0
50743564.0
50732432.0
50721768.0
50710356.0
50699500.0
50689076.0
50677780.0
50667124.0
50656164.0
50645392.0
50634456.0
50623756.0
50612996.0
50602512.0
50591544.0
50580664.0
50570248.0
50559340.0
50548940.0
50538316.0
50527540.0
50517404.0
50506580.0
50496220.0
50485576.0
50475316.0
50464856.0
50454460.0
50444160.0
50433540.0
50423456.0
50413072.0
50402952.0
50392792.0
50382412.0
50372356.0
50362220.0
50352064.0
50341960.0
50331936.0
50321792.0
50311824.0
50301816.0
50291788.0
50281744.0
50271860.0
50261828.0
50252052.0
50242316.0
50232304.0
50222732.0
50212848.0
50203028.0
50193564.0
50183628.0
50174040.0
50164412.0
50154356.0
50144676.0
50135220.0
50125580.0
50115964.0
50106412.0
50096868.0
50087320.0
50077780.0
50068144.0
50058728.0
50049116.0
50039664.0
50030200.0
50020888.0
50010936.0
50001784.0
49992184.0
49982948.0
49973480.0
49964132.0
49954760.0
49945304.0
49936056.0
49926800.0
49917492.0
49908184.0
49899328.0
49889968.0
49880656.0
49871540.0
49862432.0
49853184.0
49844088.0
49835176.0
49825764.0
49816872.0
49807704.0
49798784.0
49789892.0
49780652.0
49771384.0
49762628.0
49753688.0
49744932.0
49735744.0
49726964.0
49717940.0
49709016.0
49700016.0
49691068.0
49682428.0
49673624.0
49664720.0
49655872.0
49646800.0
49638168.0
49629464.0
49620564.0
49611932.0
49603120.0
49594328.0
49585752.0
49577000.0
49568104.0
49559516.0
49550880.0
49542240.0
49533568.0
49524912.0
49516208.0
49507716.0
49499256.0
49490568.0
49482128.0
49473568.0
49464908.0
49456224.0
49447720.0
49439252.0
49431128.0
49422484.0
49414244.0
49405784.0
49397528.0
49389144.0
49380548.0
49372532.0
49363840.0
49355516.0
49347256.0
49338872.0
49330672.0
49322432.0
49314200.0
49305956.0
49297816.0
49289388.0
49281504.0
49273176.0
49264828.0
49256364.0
49248424.0
49240380.0
49232248.0
49224228.0
49215880.0
49208144.0
49199920.0
49191848.0
49183704.0
49175640.0
49167752.0
49159408.0
49151432.0
49143748.0
49135664.0
49127652.0
49119552.0
49111752.0
49104024.0
49095684.0
49087800.0
49080048.0
49072316.0
49064424.0
49056332.0
49048620.0
49040792.0
49033008.0
49025184.0
49017272.0
49009480.0
49001700.0
48993976.0
48986224.0
48978436.0
48970752.0
48963048.0
48955360.0
48947616.0
48939912.0
48932240.0
48924624.0
48917032.0
48909216.0
48901660.0
48894008.0
48886432.0
48878648.0
48871088.0
48863412.0
48856044.0
48848364.0
48840528.0
48833100.0
48825632.0
48818204.0
48810448.0
48803060.0
48795688.0
48788136.0
48780652.0
48773288.0
48765728.0
48758152.0
48750848.0
48743392.0
48736168.0
48728512.0
48721376.0
48713984.0
48706704.0
48699168.0
48691976.0
48684672.0
48677332.0
48669976.0
48662592.0
48655424.0
48648132.0
48640760.0
48633512.0
48626252.0
48619024.0
48611872.0
48604648.0
48597412.0
48590296.0
48583072.0
48575696.0
48568688.0
48561648.0
48554552.0
48547252.0
48540116.0
48533000.0
48525864.0
48518612.0
48511684.0
48504392.0
48497528.0
48490540.0
48483212.0
48476220.0
48469172.0
48462260.0
48455212.0
48448128.0
48441056.0
48434248.0
48427256.0
