14855.298828125
14852.810546875
14850.5546875
14848.5
14846.619140625
14844.9013671875
14843.3271484375
14841.884765625
14840.5654296875
14839.353515625
14838.244140625
14837.21875
14836.283203125
14835.4189453125
14834.623046875
14833.888671875
14833.208984375
14832.57421875
14831.982421875
14831.423828125
14830.896484375
14830.396484375
14829.919921875
14829.4599609375
14829.017578125
14828.5908203125
14828.171875
14827.767578125
14827.369140625
14826.9765625
14826.5888671875
14826.21484375
14825.841796875
14825.4736328125
14825.1142578125
14824.755859375
14824.40234375
14824.0556640625
14823.7099609375
14823.373046875
14823.0361328125
14822.7041015625
14822.3779296875
14822.0498046875
14821.7265625
14821.41015625
14821.09375
14820.78515625
14820.4814453125
14820.1796875
14819.8828125
14819.591796875
14819.306640625
14819.0234375
14818.7470703125
14818.4716796875
14818.203125
14817.9375
14817.6728515625
14817.41796875
14817.1630859375
14816.916015625
14816.671875
14816.431640625
14816.1953125
14815.9609375
14815.7333984375
14815.51171875
14815.29296875
14815.0791015625
14814.869140625
14814.662109375
14814.4609375
14814.263671875
14814.0703125
14813.87890625
14813.6953125
14813.513671875
14813.337890625
14813.1689453125
14813.0
14812.833984375
14812.6748046875
14812.513671875
14812.3603515625
14812.208984375
14812.0634765625
14811.91796875
14811.779296875
14811.6416015625
14811.5107421875
14811.37890625
14811.251953125
14811.130859375
14811.0078125
14810.88671875
14810.7744140625
14810.662109375
14810.552734375
14810.4462890625
14810.341796875
14810.240234375
14810.1416015625
14810.04296875
14809.94921875
14809.8583984375
14809.767578125
14809.6796875
14809.59375
14809.509765625
14809.4287109375
14809.345703125
14809.2685546875
14809.189453125
14809.1171875
14809.04296875
14808.9716796875
14808.8994140625
14808.833984375
14808.765625
14808.701171875
14808.6357421875
14808.5712890625
14808.5078125
14808.447265625
14808.388671875
14808.328125
14808.271484375
14808.2138671875
14808.15625
14808.1025390625
14808.0498046875
14807.994140625
14807.9404296875
14807.890625
14807.83984375
14807.7890625
14807.740234375
14807.69140625
14807.642578125
14807.595703125
14807.5458984375
14807.5
14807.451171875
14807.4052734375
14807.3603515625
14807.318359375
14807.2724609375
14807.2265625
14807.185546875
14807.140625
14807.09765625
14807.0546875
14807.015625
14806.970703125
14806.931640625
14806.892578125
14806.8505859375
14806.80859375
14806.7685546875
14806.73046875
14806.69140625
14806.6484375
14806.609375
14806.5703125
14806.53125
14806.49609375
14806.45703125
14806.41796875
14806.380859375
14806.34375
14806.3056640625
14806.2685546875
14806.2314453125
14806.1923828125
14806.1552734375
14806.1201171875
14806.083984375
14806.0458984375
14806.01171875
14805.974609375
14805.9404296875
14805.90625
14805.8720703125
14805.833984375
14805.80078125
14805.765625
14805.73046875
14805.697265625
14805.662109375
14805.6318359375
14805.595703125
14805.5634765625
14805.533203125
14805.5
14805.4658203125
14805.431640625
14805.4033203125
14805.3681640625
14805.3388671875
94853048.0
2333993.5
347342.0
526223.25
2264023.0
861714.875
424405.375
178556.390625
108921.203125
84644.03125
71867.1796875
63952.42578125
59296.7890625
57071.1953125
56662.6171875
57583.9921875
59291.4921875
59572.58984375
57553.8515625
54948.3671875
52762.87109375
50951.953125
49356.05859375
47899.6953125
46544.5390625
45307.078125
44216.40625
43313.734375
42478.37109375
41762.3828125
41130.046875
40552.1015625
39973.15625
39410.2265625
38865.65625
38353.26171875
37877.4453125
37411.296875
36956.0078125
36513.9765625
36089.26171875
35687.69140625
35301.9765625
34922.7734375
34547.39453125
34180.640625
33821.6953125
33470.03125
33129.265625
32797.21484375
32478.896484375
32168.5390625
31863.814453125
31568.51171875
31284.4453125
31010.2578125
30746.31640625
30492.345703125
30244.72265625
30003.662109375
29775.892578125
29562.71484375
29343.375
29150.888671875
28981.421875
28794.84375
28605.69140625
28434.21875
28268.33203125
28095.05078125
27940.640625
27794.07421875
27647.48828125
27497.10546875
27361.3828125
27233.5234375
27101.20703125
26976.15625
26861.98828125
26739.2734375
26626.94921875
26514.82421875
26404.498046875
26301.556640625
26193.421875
26089.978515625
25987.064453125
25883.8828125
25788.6015625
25688.99609375
25601.81640625
25512.505859375
25419.693359375
25334.794921875
25241.990234375
25160.12109375
25074.56640625
24989.984375
24910.72265625
24829.3046875
24749.484375
24673.490234375
24595.126953125
24519.775390625
24445.7734375
24370.54296875
24299.8359375
24230.2890625
24160.24609375
24085.953125
24013.1015625
23948.080078125
23878.52734375
23807.767578125
23744.4296875
23676.583984375
23609.75
23547.640625
23481.41796875
23417.966796875
23356.46875
23292.560546875
23231.41015625
23170.724609375
23109.048828125
23049.61328125
22990.361328125
22930.689453125
22872.892578125
22815.322265625
22757.60546875
22701.38671875
22645.36328125
22589.296875
22534.443359375
22479.98046875
22425.283203125
22371.734375
22318.48828125
22265.220703125
22212.63671875
22160.81640625
22109.169921875
22058.0234375
22007.810546875
21958.1484375
21908.8125
21860.115234375
21812.01953125
21764.509765625
21717.4453125
21670.796875
21624.5703125
21578.80859375
21533.46484375
21488.37890625
21443.8515625
21399.708984375
21356.01953125
21312.609375
21269.576171875
21226.87109375
21184.609375
21142.626953125
21100.953125
21059.591796875
21018.50390625
20977.6875
20937.04296875
20896.72265625
20856.6484375
20816.84765625
20777.4453125
20738.482421875
20700.1796875
20662.591796875
20626.66796875
20597.013671875
20567.11328125
20529.73828125
20476.01953125
20452.54296875
20412.328125
20370.013671875
20342.318359375
20298.35546875
20271.28515625
20236.58984375
20197.78515625
20164.46875
20128.54296875
20099.19140625
20058.775390625
20030.291015625
19995.744140625
19959.87109375
19931.984375
19894.32421875
19865.509765625
19832.470703125
19799.64453125
19770.552734375
19736.5
19707.66796875
19675.65234375
19645.306640625
19615.626953125
19584.50390625
19555.5859375
19525.130859375
19495.908203125
19466.53125
19437.3203125
19408.453125
19379.51171875
19350.9921875
19322.208984375
19294.083984375
19265.515625
19237.4765625
19209.69921875
19181.73828125
19155.044921875
19128.91015625
19103.806640625
19078.26953125
19047.4921875
19015.48828125
18988.7109375
18965.126953125
18937.41015625
18908.04296875
18883.318359375
18858.45703125
18830.26171875
18804.4765625
18780.953125
18754.7890625
18728.41015625
18704.609375
18679.96484375
18654.119140625
18629.86328125
18605.7265625
18580.6640625
18556.5078125
18532.62109375
18507.9296875
18483.87890625
18460.4453125
18436.3359375
18412.28515625
18388.87109375
18365.2578125
18341.5
18318.265625
18294.9609375
18271.412109375
18248.16796875
18225.2109375
18202.095703125
18179.126953125
18156.4609375
18133.78125
18111.158203125
18088.8515625
18066.771484375
18044.71484375
18022.828125
18001.046875
17979.421875
17957.69140625
17936.197265625
17914.9921875
17893.861328125
17872.62109375
17851.34375
17830.087890625
17809.10546875
17788.431640625
17767.775390625
17746.982421875
17726.24609375
17705.7109375
17685.34375
17665.02734375
17644.69140625
17624.4921875
17604.552734375
17584.873046875
17565.267578125
17545.73046875
17525.9609375
17505.80078125
17485.234375
17464.7578125
17444.953125
17425.71875
17406.65234375
17387.134765625
17367.19921875
17347.51171875
17328.470703125
17309.830078125
17291.03125
17272.15234375
17253.748046875
17236.453125
17220.28515625
17204.232421875
17186.080078125
17164.0859375
17141.43359375
17122.205078125
17106.00390625
17088.7578125
17068.05859375
17047.103515625
17028.9765625
17012.111328125
16993.708984375
16973.548828125
16954.25390625
16936.66015625
16919.16015625
16900.34765625
16881.390625
16863.693359375
16846.59375
16828.87109375
16810.544921875
16792.57421875
16775.37890625
16758.40625
16740.9375
16723.306640625
16706.12109375
16689.431640625
16672.818359375
16655.765625
16638.40234375
16621.0703125
16603.93359375
16586.99609375
16570.25390625
16553.48046875
16536.69140625
16519.74609375
16502.611328125
16485.5625
16468.8125
16452.8203125
16438.01953125
16425.900390625
16415.2890625
16402.318359375
16374.947265625
16350.1796875
16340.921875
16326.9326171875
16303.26171875
16287.8837890625
16275.2431640625
16254.31640625
16238.501953125
16226.498046875
16207.37109375
16191.103515625
16176.7705078125
16158.078125
16142.74609375
16128.583984375
16111.0244140625
16096.048828125
16080.884765625
16064.6337890625
16051.9619140625
16038.9853515625
16024.828125
16009.1748046875
15989.498046875
15970.7421875
15954.5986328125
15938.904296875
15923.9755859375
15907.994140625
15890.392578125
15873.5849609375
15856.9326171875
15839.884765625
15822.7265625
15808.1123046875
15795.6875
15785.1455078125
15771.5947265625
15764.890625
15743.9404296875
15718.640625
15710.59375
15696.3740234375
15688.25390625
15673.7861328125
15657.0009765625
15639.6884765625
15620.248046875
15614.791015625
15618.59375
15594.505859375
15587.9658203125
15568.1240234375
15552.451171875
15533.4912109375
15517.220703125
15502.3037109375
15490.171875
15475.5390625
15460.37890625
15447.7529296875
15432.859375
15418.6904296875
15403.857421875
15386.837890625
15375.9267578125
15359.0
15346.0615234375
15331.7890625
15319.2685546875
15306.107421875
15291.931640625
15279.396484375
15265.44921875
15253.0361328125
15238.2919921875
15225.2568359375
15212.28125
15199.3125
15186.955078125
15173.89453125
15161.650390625
15148.94140625
15137.103515625
15124.9248046875
15113.126953125
15101.6943359375
15090.6005859375
15079.3046875
15066.5
15051.375
15035.353515625
15021.345703125
15009.8291015625
14999.658203125
14988.828125
14976.443359375
14963.037109375
14950.072265625
14938.0634765625
14926.451171875
14914.642578125
14902.275390625
14889.529296875
14876.998046875
14864.9228515625
14853.4443359375
14842.345703125
14831.3720703125
14820.447265625
14809.142578125
14798.6416015625
14787.20703125
14775.8564453125
14763.583984375
14751.05078125
14738.7626953125
14727.46484375
14717.5927734375
14708.064453125
14698.421875
14686.955078125
14675.0244140625
14662.59375
14651.615234375
14640.708984375
14629.470703125
14617.091796875
14604.01953125
14591.546875
14580.3642578125
14570.38671875
14560.671875
14550.408203125
14538.94140625
14526.884765625
14514.880859375
14503.685546875
14493.140625
14482.7890625
14472.287109375
14461.728515625
14451.228515625
14440.7802734375
14430.470703125
14419.978515625
14409.4501953125
14398.63671875
14387.8017578125
14377.123046875
14366.869140625
14356.8662109375
14346.98046875
14337.0361328125
14326.890625
14316.724609375
14306.6123046875
14296.66015625
14286.4228515625
14276.486328125
14265.763671875
14255.330078125
14244.83203125
14235.0166015625
14225.712890625
14217.0439453125
14208.4150390625
14199.431640625
14189.716796875
14178.8154296875
14166.5390625
14154.791015625
14144.693359375
14134.994140625
14124.166015625
14112.4931640625
14101.93359375
14092.712890625
14083.3388671875
14072.5986328125
14061.4794921875
14051.50390625
14042.576171875
14033.7421875
14024.3701171875
14015.068359375
14006.6943359375
13998.865234375
13991.578125
13983.998046875
13976.837890625
13969.6982421875
13961.689453125
13951.751953125
13939.3125
13926.181640625
13914.5029296875
13905.578125
13897.8857421875
13890.0107421875
13880.16015625
13869.923828125
13859.962890625
13852.6279296875
13845.322265625
13837.6064453125
13827.107421875
13814.82421875
13802.349609375
13791.2158203125
13781.6650390625
13773.1484375
13765.4580078125
13756.1826171875
13746.7578125
13737.6005859375
13728.845703125
13720.6328125
13711.9091796875
13702.6591796875
13692.0
13682.0625
13672.8515625
13664.958984375
13656.59375
13647.4140625
13636.99609375
13626.02734375
13615.828125
13606.6318359375
13598.1904296875
13589.5986328125
13580.4970703125
13570.958984375
13561.765625
13553.130859375
13544.890625
13536.6982421875
13528.2939453125
13519.71875
13511.2861328125
13503.0146484375
13494.6767578125
13486.1962890625
13477.681640625
13469.2099609375
13460.927734375
13452.646484375
13444.494140625
13435.998046875
13427.017578125
13417.587890625
13408.107421875
13399.099609375
13390.9375
13383.626953125
13376.7451171875
13370.048828125
13363.337890625
13356.66796875
13349.9453125
13343.1025390625
13335.71875
13327.4453125
13317.9921875
13307.6650390625
13297.61328125
13288.5830078125
13281.080078125
13274.2314453125
13267.345703125
13259.84375
13251.8203125
13243.94921875
13236.853515625
13230.85546875
13225.056640625
13218.4013671875
13209.666015625
13199.28515625
13188.453125
13178.845703125
13170.68359375
13163.4453125
13156.376953125
13149.2001953125
13141.92578125
13134.650390625
13127.16015625
13119.759765625
13112.2744140625
13105.2353515625
13098.58203125
13093.0625
13088.2041015625
13084.359375
13079.791015625
13074.974609375
13068.3994140625
13061.6630859375
13053.779296875
13045.9267578125
13038.326171875
13031.3251953125
13025.830078125
13019.2177734375
13010.724609375
13000.986328125
12993.146484375
12988.4794921875
12986.640625
12983.3173828125
12977.2548828125
12965.4521484375
12952.85546875
12941.41015625
12934.0390625
12928.37109375
12921.6943359375
12912.5390625
12903.58203125
12896.8212890625
12891.892578125
12885.6611328125
12876.8271484375
12866.8125
12857.9296875
12851.11328125
12845.150390625
12838.79296875
12832.4443359375
12825.83984375
12819.38671875
12812.30078125
12804.970703125
12796.77734375
12788.580078125
12780.251953125
12772.66796875
12765.48828125
12758.9228515625
12752.73828125
12746.751953125
12740.623046875
12734.51953125
12728.552734375
12722.7158203125
12717.201171875
12711.685546875
12706.26171875
12699.90234375
12692.5341796875
12683.896484375
12675.13671875
12667.1513671875
12660.6396484375
12655.36328125
12651.0068359375
12646.9794921875
12642.779296875
12638.21484375
12632.845703125
12626.6484375
12620.8173828125
12614.826171875
12610.6884765625
12605.4921875
12599.767578125
12591.7802734375
12583.5498046875
12575.6376953125
12569.796875
12565.19921875
12561.5078125
12556.80078125
12550.533203125
12542.3427734375
12533.177734375
12524.630859375
12517.5625
12512.345703125
12507.8603515625
12503.4482421875
12498.111328125
12492.6796875
12486.671875
12481.115234375
12474.830078125
12468.00390625
12459.888671875
12451.4521484375
12443.09765625
12435.9638671875
12429.92578125
12424.712890625
12419.84375
12414.265625
12408.06640625
12401.0107421875
12394.248046875
12388.083984375
12382.955078125
12378.5234375
12374.23828125
12369.4990234375
12363.9892578125
12357.9306640625
12351.80078125
12346.251953125
12341.5615234375
12336.888671875
12331.625
12324.935546875
12318.212890625
12311.693359375
12307.0654296875
12302.5673828125
12298.1513671875
12292.05859375
12285.4541015625
12278.310546875
12271.6845703125
12265.1943359375
12258.9912109375
12252.671875
12246.5791015625
12239.962890625
12233.833984375
12229.93359375
12224.90625
12213.31640625
12205.994140625
12205.1328125
12197.517578125
12193.56640625
12190.81640625
12184.4287109375
12180.427734375
12175.10546875
12168.6435546875
12163.1552734375
12155.6259765625
12151.9091796875
12148.712890625
12147.146484375
12145.72265625
12141.2451171875
12134.53125
12123.6142578125
12111.8671875
12102.076171875
12095.9453125
12093.509765625
12091.453125
12088.015625
12081.93359375
12074.248046875
12067.33984375
12062.115234375
12058.419921875
12054.533203125
12048.3544921875
12039.560546875
12029.4453125
12020.7265625
12015.1220703125
12011.5673828125
12008.9306640625
12004.57421875
11999.6845703125
11994.205078125
11990.865234375
11987.5205078125
11985.1982421875
11981.19140625
11976.88671875
11971.39453125
11965.8544921875
11959.994140625
11954.271484375
11949.359375
11945.451171875
11943.0556640625
11941.2138671875
11940.107421875
11938.3115234375
11934.8818359375
11927.927734375
11917.19140625
11904.634765625
11893.439453125
11885.4296875
11881.083984375
11878.21875
11874.337890625
11867.4189453125
11858.61328125
11850.6328125
11845.169921875
11842.0283203125
11838.943359375
11834.2197265625
11828.07421875
11822.154296875
11817.63671875
11813.79296875
11809.974609375
11805.119140625
11800.3046875
11795.1845703125
11790.3828125
11784.6552734375
11778.732421875
11772.90234375
11768.3447265625
11765.271484375
11763.013671875
11760.8193359375
11757.56640625
11753.08984375
11747.2880859375
11740.3427734375
11732.3125
11723.810546875
11714.876953125
11706.716796875
11699.3603515625
11693.521484375
11688.3896484375
11683.955078125
11678.9462890625
11674.07421875
11668.30859375
11663.1435546875
11657.2177734375
11651.9482421875
11645.9658203125
11640.20703125
11634.3212890625
11629.1572265625
11624.5224609375
11620.9931640625
11618.076171875
11615.11328125
11612.28515625
11608.6376953125
11604.6416015625
11599.095703125
11591.748046875
11583.017578125
11574.97265625
11569.1376953125
11564.76953125
11560.6328125
11555.314453125
11549.705078125
11544.517578125
11541.044921875
11538.3974609375
11536.673828125
11534.8515625
11533.4013671875
11532.646484375
11531.43359375
11530.103515625
11526.189453125
11519.0869140625
11509.0478515625
11497.6015625
11488.09375
11481.33203125
11476.931640625
11472.8125
11467.9638671875
11462.080078125
11456.0283203125
11449.98828125
11444.4775390625
11439.3193359375
11434.869140625
11430.416015625
11426.01953125
11421.04296875
11416.119140625
11411.0380859375
11406.4345703125
11401.703125
11397.6259765625
11393.5341796875
11390.0390625
11385.703125
11380.8818359375
11374.783203125
11368.9501953125
11363.201171875
11358.3583984375
11353.2333984375
11347.818359375
11342.068359375
11337.103515625
11333.5205078125
11331.6796875
11330.15234375
11327.6376953125
11322.876953125
11315.76171875
11307.7724609375
11300.919921875
11297.0517578125
11296.1357421875
11297.392578125
11298.1259765625
11297.3671875
11292.576171875
11284.921875
11275.642578125
11267.79296875
11263.7568359375
11263.4306640625
11264.88671875
11265.099609375
11262.779296875
11257.1708984375
11250.529296875
11243.69921875
11237.6572265625
11230.8232421875
11223.1005859375
11214.05859375
11205.9609375
11199.7744140625
11196.6552734375
11194.8701171875
11193.466796875
11190.2392578125
11185.40625
11178.126953125
11169.81640625
11160.744140625
11152.853515625
11146.4990234375
11142.1787109375
11139.052734375
11136.4296875
11111.087890625
11113.3125
11117.015625
11097.3974609375
11106.517578125
11097.9736328125
11089.541015625
11094.8798828125
11083.2177734375
11082.34375
11081.208984375
11072.494140625
11073.330078125
11068.337890625
11063.560546875
11062.8447265625
11057.2412109375
11054.609375
11052.015625
11047.3818359375
11045.17578125
11041.6416015625
11038.02734375
11035.431640625
11031.7841796875
11028.685546875
11025.708984375
11022.255859375
11019.2890625
11016.12890625
11012.9091796875
11009.8740234375
11006.7060546875
11003.58984375
11000.52734375
10997.4296875
10994.34765625
10991.287109375
10988.1767578125
10985.1328125
10982.07421875
10979.0185546875
10975.96875
10972.8984375
10969.865234375
10966.8232421875
10963.794921875
10960.78515625
10957.748046875
10954.7255859375
10951.7001953125
10948.689453125
10945.681640625
10942.666015625
10939.6796875
10936.6640625
10933.6669921875
10930.6640625
10927.6875
10924.681640625
10921.6904296875
10918.6875
10915.705078125
10912.720703125
10909.740234375
10906.775390625
10903.771484375
10900.8212890625
10897.8251953125
10894.861328125
10891.8955078125
10888.923828125
10885.966796875
10883.029296875
10880.064453125
10877.111328125
10874.154296875
10871.21875
10868.248046875
10865.2734375
10862.32421875
10859.38671875
10856.474609375
10853.5263671875
10850.5986328125
10847.6552734375
10844.75
10841.8134765625
10838.87890625
10835.9658203125
10833.046875
10830.119140625
10827.212890625
10824.291015625
10821.380859375
10818.48046875
10815.5732421875
10812.6767578125
10809.759765625
10806.8583984375
10803.9638671875
10801.048828125
10798.166015625
10795.2529296875
10792.34375
10789.44140625
10786.5625
10783.6494140625
10780.7841796875
10777.890625
10775.017578125
10772.109375
10769.232421875
10766.3447265625
10763.4580078125
10760.5595703125
10757.654296875
10754.779296875
10751.873046875
10748.9931640625
10746.08203125
10743.21484375
10740.34375
10737.431640625
10734.556640625
10731.6533203125
10728.76171875
10725.845703125
10722.9462890625
10720.041015625
10717.1416015625
10714.22265625
10711.251953125
10708.333984375
10705.3759765625
10702.404296875
10699.41796875
10696.4287109375
10693.451171875
10690.5107421875
10687.5966796875
10684.7021484375
10681.8798828125
10679.0771484375
10676.2509765625
10673.44140625
10670.6171875
10667.798828125
10664.986328125
10662.169921875
10659.392578125
10656.5849609375
10653.802734375
10651.0205078125
10648.248046875
10645.48046875
10642.70703125
10639.908203125
10637.107421875
10634.365234375
10631.5703125
10628.779296875
10626.0087890625
10623.228515625
10620.46484375
10617.708984375
10614.943359375
10612.169921875
10609.4150390625
10606.63671875
10603.888671875
10601.1220703125
10598.3984375
10595.646484375
10592.91796875
10590.1787109375
10587.4453125
10584.71875
10582.00390625
10579.3095703125
10576.560546875
10573.861328125
10571.1416015625
10568.462890625
10565.763671875
10563.048828125
10560.3662109375
10557.677734375
10554.9853515625
10552.306640625
10549.62109375
10546.953125
10544.287109375
10541.6142578125
10538.9296875
10536.28125
10533.62109375
10530.947265625
10528.27734375
10525.625
10522.95703125
10520.3173828125
10517.66015625
10515.01953125
10512.3935546875
10509.7421875
10507.08203125
10504.4404296875
10501.794921875
10499.1806640625
10496.5400390625
10493.91015625
10491.279296875
10488.666015625
10486.0439453125
10483.3974609375
10480.7841796875
10478.125
10475.4677734375
10472.841796875
10470.2177734375
10467.595703125
10464.990234375
10462.359375
10459.7607421875
10457.134765625
10454.5
10451.8828125
10449.2705078125
10446.6484375
10444.029296875
10441.412109375
10438.8046875
10436.177734375
10433.556640625
10430.931640625
10428.314453125
10425.7080078125
10423.087890625
10420.447265625
10417.822265625
10415.1923828125
10412.5546875
10409.921875
10407.287109375
10404.6123046875
10401.95703125
10399.29296875
10396.6123046875
10393.9443359375
10391.251953125
10388.556640625
10385.84375
10383.1337890625
10380.4306640625
10377.666015625
10374.93359375
10372.1845703125
10369.412109375
10366.666015625
10363.947265625
10361.181640625
10358.447265625
10355.705078125
10352.9697265625
10350.240234375
10347.5009765625
10344.77734375
10342.0556640625
10339.328125
10336.6103515625
10333.9052734375
10331.1630859375
10328.4208984375
10325.70703125
10322.9453125
10320.2158203125
10317.484375
10314.744140625
10311.9794921875
10309.259765625
10306.498046875
10303.728515625
10300.94921875
10298.17578125
10295.3955078125
10292.6025390625
10289.8173828125
10287.009765625
10284.171875
10281.373046875
10278.53125
10275.6689453125
10272.8125
10269.931640625
10267.060546875
10264.16796875
10261.2509765625
10258.35546875
10255.4775390625
10252.63671875
10249.818359375
10247.14453125
10244.4609375
10241.970703125
10238.958984375
10235.748046875
10231.919921875
10228.1240234375
10224.7734375
10221.8583984375
10219.203125
10216.4931640625
10213.6728515625
10210.1328125
10206.3212890625
10202.4638671875
10199.041015625
10196.12890625
10193.30859375
10190.3974609375
10186.970703125
10183.3203125
10179.490234375
10175.998046875
10172.828125
10169.865234375
10166.83984375
10163.4658203125
10159.92578125
10156.26171875
10152.8046875
10149.595703125
10146.541015625
10143.4326171875
10140.1884765625
10136.775390625
10133.3486328125
10130.01953125
10126.8505859375
10123.8369140625
10120.751953125
10117.6201171875
10114.416015625
10111.234375
10108.1484375
10105.1318359375
10102.1650390625
10099.1611328125
10096.1181640625
10093.0703125
10090.08203125
10087.2021484375
10084.412109375
10081.689453125
10078.912109375
10076.1748046875
10073.330078125
10070.6015625
10067.7216796875
10064.94921875
10062.2587890625
10059.62890625
10057.244140625
10054.662109375
10052.107421875
10049.080078125
10046.109375
10043.2802734375
10040.767578125
10038.43359375
10036.0625
10033.619140625
10030.875
10028.076171875
10025.4560546875
10023.1123046875
10020.9609375
10018.72265625
10016.419921875
10014.0322265625
10011.751953125
10009.583984375
10007.619140625
10005.4267578125
10003.064453125
10000.33984375
9997.513671875
9994.9111328125
9992.51953125
9990.26171875
9987.970703125
9985.6484375
9983.25
9980.8955078125
9978.6484375
9976.4287109375
9974.21875
9971.94140625
9969.640625
9967.3984375
9965.1982421875
9963.0234375
9960.787109375
9958.5556640625
9956.306640625
9954.1376953125
9952.013671875
9949.908203125
9947.791015625
9945.61328125
9943.46875
9941.294921875
9939.181640625
9937.0537109375
9934.986328125
9932.853515625
9930.732421875
9928.5703125
9926.4716796875
9924.3173828125
9922.2373046875
9920.076171875
9917.99609375
9915.8818359375
9913.779296875
9911.66796875
9909.576171875
9907.4921875
9905.40234375
9903.34765625
9901.28125
9899.2265625
9897.1953125
9895.1435546875
9893.123046875
9891.1201171875
9889.126953125
9887.1826171875
9885.2900390625
9883.4931640625
9881.833984375
9880.32421875
9879.0400390625
9877.8076171875
9876.55859375
9874.62890625
9872.1357421875
9868.8916015625
9865.99609375
9863.5458984375
9861.8828125
9860.3388671875
9858.658203125
9856.5244140625
9854.08984375
9851.7314453125
9849.7294921875
9848.025390625
9846.435546875
9844.759765625
9842.8759765625
9840.98046875
9838.9560546875
9837.259765625
9835.220703125
9833.4345703125
9831.0283203125
9828.76953125
9826.400390625
9824.2744140625
9822.2568359375
9820.46875
9818.6953125
9816.98828125
9815.28125
9813.54296875
9811.728515625
9809.87109375
9807.9130859375
9805.9453125
9803.8662109375
9801.796875
9799.673828125
9797.6171875
9795.5673828125
9793.6484375
9791.6787109375
9789.8037109375
9787.8779296875
9786.005859375
9784.193359375
9782.37109375
9780.662109375
9778.8935546875
9777.337890625
9775.52734375
9774.224609375
9772.5234375
9771.482421875
9769.69921875
9768.4482421875
9766.240234375
9764.3642578125
9762.0068359375
9759.9326171875
9758.0478515625
9756.265625
9754.7705078125
9753.2470703125
9751.88671875
9750.365234375
9748.9658203125
9747.2578125
9745.6513671875
9743.958984375
9742.22265625
9740.55859375
9738.7431640625
9737.04296875
9735.3935546875
9733.923828125
9732.57421875
9731.279296875
9729.84765625
9728.533203125
9727.4921875
9727.2978515625
9727.5712890625
9727.904296875
9727.2421875
9725.6728515625
9723.6962890625
9722.453125
9722.1708984375
9722.384765625
9722.419921875
9721.986328125
9721.244140625
9720.7783203125
9720.7431640625
9720.7080078125
9720.392578125
9718.90625
9716.4375
9712.9755859375
9709.142578125
9705.158203125
9701.2900390625
9697.431640625
9693.869140625
9690.6826171875
9688.28125
9686.29296875
9684.421875
9682.0078125
9678.861328125
9675.3427734375
9671.9140625
9669.22265625
9667.095703125
9665.27734375
9663.25390625
9661.083984375
9658.4306640625
9655.8828125
9653.14453125
9650.8896484375
9648.6943359375
9647.08984375
9645.392578125
9643.8544921875
9642.1044921875
9640.6142578125
9639.3232421875
9638.595703125
9638.267578125
9638.34375
9638.443359375
9638.419921875
9637.841796875
9636.53125
9634.232421875
9631.529296875
9628.625
9626.322265625
9624.2548828125
9622.361328125
9620.140625
9617.904296875
9615.7138671875
9614.0390625
9612.630859375
9611.7294921875
9611.017578125
9610.9052734375
9610.9169921875
9611.25
9611.048828125
9610.208984375
9608.2373046875
9605.896484375
9603.623046875
9602.21875
9601.150390625
9600.1259765625
9597.796875
9594.345703125
9590.15625
9586.5703125
9584.197265625
9582.748046875
9581.5849609375
9579.68359375
9576.857421875
9573.3603515625
9569.9140625
9567.2255859375
9565.47265625
9564.2265625
9563.09765625
9561.5859375
9559.8935546875
9558.169921875
9556.9169921875
9555.8681640625
9555.2392578125
9554.18359375
9552.921875
9551.1513671875
9549.1025390625
9546.9404296875
9545.009765625
9543.396484375
9542.236328125
9541.064453125
9539.796875
9538.0859375
9536.51171875
9535.1728515625
9534.66796875
9534.642578125
9534.912109375
9534.828125
9534.322265625
9533.1787109375
9531.650390625
9529.609375
9527.41796875
9525.560546875
9524.58203125
9524.49609375
9524.671875
9524.4453125
9523.103515625
9520.8994140625
9517.984375
9515.22265625
9512.587890625
9510.298828125
9507.744140625
9505.0751953125
9502.25390625
9499.697265625
9497.48046875
9495.6513671875
9494.1298828125
9492.74609375
9491.478515625
9490.3955078125
9489.572265625
9489.005859375
9488.6591796875
9488.224609375
9487.4423828125
9485.8046875
9483.29296875
9480.220703125
9477.21875
9474.873046875
9473.015625
9471.5751953125
9469.96484375
9468.2890625
9466.5732421875
9465.083984375
9464.0615234375
9463.5380859375
9463.3798828125
9463.2275390625
9462.810546875
9461.748046875
9460.0732421875
9457.681640625
9455.060546875
9452.42578125
9450.3251953125
9448.6337890625
9447.419921875
9446.2216796875
9444.923828125
9443.267578125
9441.201171875
9438.9453125
9436.6962890625
9435.0546875
9434.04296875
9433.8837890625
9434.099609375
9434.4375
9434.248046875
9433.3779296875
9431.677734375
9429.4072265625
9426.6865234375
9423.974609375
9421.251953125
9418.869140625
9416.73046875
9414.9189453125
9413.2568359375
9411.755859375
9410.38671875
9409.1591796875
9408.0009765625
9406.8935546875
9405.7958984375
9404.849609375
9403.98046875
9403.2255859375
9402.3291015625
9401.1943359375
9399.5107421875
9397.40625
9394.837890625
9392.427734375
9390.4951171875
9389.44140625
9388.876953125
9388.763671875
9388.5712890625
9388.404296875
9387.9248046875
9387.1953125
9385.693359375
9383.7822265625
9381.447265625
9379.669921875
9378.1416015625
9377.103515625
9375.5126953125
9373.462890625
9370.568359375
9367.568359375
9364.830078125
9362.884765625
9361.53515625
9360.388671875
9358.998046875
9357.0654296875
9354.876953125
9352.69140625
9350.94140625
9349.783203125
9349.04296875
9348.4521484375
9347.5634765625
9346.2998046875
9344.6259765625
9342.9951171875
9341.68359375
9341.0205078125
9340.8759765625
9341.134765625
9341.4541015625
9341.771484375
9341.9775390625
9342.166015625
9342.123046875
9341.806640625
9340.9345703125
9339.7265625
9338.2373046875
9336.810546875
9335.34375
9333.6318359375
9331.455078125
9328.7138671875
9326.0283203125
9323.7197265625
9322.23046875
9321.0888671875
9320.1806640625
9318.8447265625
9317.271484375
9315.1025390625
9312.912109375
9310.328125
9308.1005859375
9305.8974609375
9304.296875
9302.771484375
9301.525390625
9299.955078125
9298.521484375
9296.9140625
9295.87890625
9295.22265625
9295.15234375
9295.1015625
9295.064453125
9294.5703125
9293.677734375
9292.263671875
9290.4921875
9288.22265625
9285.6806640625
9282.8154296875
9280.029296875
9277.4912109375
9275.515625
9274.0966796875
9273.236328125
9272.595703125
9272.0576171875
9271.3046875
9270.2255859375
9268.82421875
9267.03125
9265.296875
9263.4296875
9262.029296875
9260.6767578125
9259.84375
9258.880859375
9258.1513671875
9256.9345703125
9255.671875
9253.919921875
9252.0625
9250.04296875
9247.984375
9245.974609375
9244.0078125
9242.1318359375
9240.283203125
9238.6298828125
9237.140625
9235.8486328125
9234.462890625
9233.087890625
9231.494140625
9230.15625
9228.7890625
9227.76953125
9226.3076171875
9225.0673828125
9223.43359375
9222.46875
9221.43359375
9221.4921875
9221.5654296875
9222.857421875
9223.87109375
9225.6904296875
9226.4990234375
9226.8916015625
9225.2333984375
9221.9501953125
9217.4658203125
9213.763671875
9212.3701171875
9213.0380859375
9214.603515625
9215.3916015625
9215.1982421875
9214.224609375
9213.564453125
9213.0185546875
9212.4697265625
9211.22265625
9209.39453125
9207.05859375
9204.5087890625
9202.11328125
9199.943359375
9198.5048828125
9197.6259765625
9197.2646484375
9197.0869140625
9196.8759765625
9196.7177734375
9196.609375
9196.4921875
9196.3046875
9195.328125
9193.51953125
9190.5546875
9187.2421875
9183.75390625
9180.7900390625
9177.994140625
9175.455078125
9172.607421875
9169.677734375
9166.7958984375
9164.6044921875
9163.091796875
9162.2666015625
9161.466796875
9160.708984375
9159.2890625
9157.9453125
9156.3193359375
9155.357421875
9154.8603515625
9154.9619140625
9155.236328125
9154.93359375
9153.75
9151.455078125
9148.7080078125
9146.6005859375
9145.80859375
9146.3505859375
9146.8916015625
9146.25
9143.68359375
9140.37109375
9137.884765625
9137.451171875
9138.3359375
9139.384765625
9139.345703125
9138.4287109375
9137.05078125
9136.091796875
9135.20703125
9134.3759765625
9133.0380859375
9131.6708984375
9130.3037109375
9129.291015625
9128.1572265625
9126.87109375
9125.05859375
9123.279296875
9121.734375
9120.990234375
9120.6279296875
9120.404296875
9119.751953125
9118.66015625
9117.5322265625
9116.87109375
9117.0341796875
9117.599609375
9118.1103515625
9117.9560546875
9116.888671875
9114.9794921875
9112.1552734375
9108.7861328125
9105.1318359375
9101.8837890625
9099.353515625
9097.99609375
9097.5361328125
9097.96875
9098.603515625
9099.373046875
9099.5810546875
9099.3876953125
9098.314453125
9096.771484375
9094.3447265625
9091.7958984375
9089.0849609375
9086.748046875
9084.759765625
9082.8359375
9081.0224609375
9079.1806640625
9077.6005859375
9075.9248046875
9074.48828125
9072.96484375
9072.0576171875
9071.2587890625
9070.9296875
9070.3037109375
9069.416015625
9068.0078125
9066.59375
9065.4794921875
9064.9453125
9064.923828125
9065.0263671875
9065.048828125
