14855.298828125
14852.810546875
14850.5546875
14848.5
14846.619140625
14844.9013671875
14843.3271484375
14841.884765625
14840.5654296875
14839.353515625
14838.244140625
14837.21875
14836.283203125
14835.4189453125
14834.623046875
14833.888671875
14833.208984375
14832.57421875
14831.982421875
14831.423828125
14830.896484375
14830.396484375
14829.919921875
14829.4599609375
14829.017578125
14828.5908203125
14828.171875
14827.767578125
14827.369140625
14826.9765625
14826.5888671875
14826.21484375
14825.841796875
14825.4765625
14825.11328125
14824.755859375
14824.40234375
14824.056640625
14823.7099609375
14823.373046875
14823.0361328125
14822.7041015625
14822.376953125
14822.0498046875
14821.7265625
14821.41015625
14821.09375
14820.78515625
14820.482421875
14820.1806640625
14819.8837890625
14819.5927734375
14819.3076171875
14819.0244140625
14818.74609375
14818.4736328125
14818.203125
14817.9384765625
14817.671875
14817.41796875
14817.166015625
14816.916015625
14816.6708984375
14816.431640625
14816.193359375
14815.9609375
14815.7333984375
14815.51171875
14815.2919921875
14815.080078125
14814.8671875
14814.662109375
14814.4599609375
14814.263671875
14814.0693359375
14813.87890625
14813.6953125
14813.5146484375
14813.337890625
14813.1689453125
14813.0
14812.833984375
14812.6728515625
14812.515625
14812.3603515625
14812.2080078125
14812.0625
14811.9189453125
14811.78125
14811.6416015625
14811.5078125
14811.376953125
14811.251953125
14811.126953125
14811.0078125
14810.888671875
14810.7744140625
14810.662109375
14810.552734375
14810.4453125
14810.3388671875
14810.2421875
14810.142578125
14810.04296875
14809.9482421875
14809.859375
14809.767578125
14809.6796875
14809.5947265625
14809.509765625
14809.42578125
14809.345703125
14809.267578125
14809.1904296875
14809.1162109375
14809.0439453125
14808.97265625
14808.900390625
14808.83203125
14808.7646484375
14808.703125
14808.63671875
14808.572265625
14808.509765625
14808.4453125
14808.390625
14808.328125
14808.2705078125
14808.21484375
14808.158203125
14808.1025390625
14808.048828125
14807.99609375
14807.943359375
14807.892578125
14807.8408203125
14807.7900390625
14807.740234375
14807.69140625
14807.642578125
14807.595703125
14807.5458984375
14807.5009765625
14807.451171875
14807.40625
14807.3603515625
14807.318359375
14807.2734375
14807.2275390625
14807.18359375
14807.142578125
14807.09765625
14807.0576171875
14807.015625
14806.974609375
14806.9296875
14806.892578125
14806.849609375
14806.810546875
14806.7685546875
14806.7294921875
14806.6904296875
14806.6484375
14806.611328125
14806.572265625
14806.5322265625
14806.494140625
14806.45703125
14806.4189453125
14806.37890625
14806.34375
14806.306640625
14806.26953125
14806.2314453125
14806.1923828125
14806.1552734375
14806.12109375
14806.08203125
14806.0458984375
14806.01171875
14805.974609375
14805.9404296875
14805.908203125
14805.87109375
14805.8369140625
14805.8017578125
14805.765625
14805.7294921875
14805.6982421875
14805.6630859375
14805.630859375
14805.59765625
14805.5625
14805.5302734375
14805.498046875
14805.4677734375
14805.43359375
14805.40234375
14805.369140625
14805.3388671875
573124.75
75550.140625
59533.8203125
55853.140625
57275.765625
57536.49609375
55266.1171875
53561.671875
52072.421875
50472.88671875
48408.80078125
46323.1328125
44673.21875
43445.77734375
42226.53515625
40751.9140625
39080.578125
37461.45703125
36074.8828125
34847.5859375
33632.6015625
32380.171875
31163.439453125
30044.40625
29015.486328125
28033.91796875
27073.248046875
26149.134765625
25283.55078125
24464.826171875
23675.115234375
22911.9453125
22197.611328125
21540.421875
20938.27734375
20384.2109375
19858.96484375
19350.8671875
18868.474609375
18414.421875
17984.70703125
17567.44140625
17168.33203125
16797.06640625
16451.443359375
16126.158203125
15816.8896484375
15521.84375
15244.39453125
14991.712890625
14757.5263671875
14534.083984375
14321.6083984375
14122.81640625
13937.869140625
13762.3818359375
13592.9365234375
13430.0732421875
13275.1923828125
13128.8017578125
12989.314453125
12856.138671875
12728.478515625
12605.8505859375
12490.6337890625
12381.759765625
12276.5244140625
12175.955078125
12079.6337890625
11985.587890625
11898.1181640625
11815.69921875
11731.64453125
11652.455078125
11573.4375
11499.6455078125
11422.708984375
11360.6796875
11296.888671875
11239.1455078125
11167.1962890625
11097.326171875
11035.89453125
10964.294921875
10909.80859375
10843.7099609375
10789.5966796875
10732.408203125
10680.068359375
10622.48046875
10565.1484375
10523.59375
10470.66796875
10429.646484375
10381.1396484375
10335.919921875
10295.59765625
10249.2197265625
10212.8427734375
10170.04296875
10130.453125
10088.07421875
10050.189453125
10011.33203125
9971.6875
9936.158203125
9899.814453125
9865.0625
9830.140625
9796.865234375
9765.5947265625
9733.392578125
9702.6630859375
9672.05078125
9641.9375
9612.353515625
9583.0078125
9554.4755859375
9525.833984375
9497.21875
9468.8642578125
9442.34765625
9415.67578125
9389.1494140625
9364.0390625
9338.8193359375
9314.2607421875
9290.4619140625
9266.7265625
9243.4287109375
9220.6708984375
9197.9345703125
9175.93359375
9153.990234375
9132.484375
9111.38671875
9090.52734375
9069.916015625
9049.7626953125
9029.69140625
9009.97265625
8990.5
8971.2509765625
8952.4130859375
8933.9130859375
8915.80078125
8898.0625
8880.4287109375
8863.126953125
8846.0986328125
8829.3154296875
8812.734375
8796.259765625
8780.01953125
8764.056640625
8748.2373046875
8732.6318359375
8717.248046875
8702.1025390625
8687.1923828125
8672.52734375
8658.2841796875
8644.494140625
8631.02734375
8617.740234375
8604.626953125
8591.69921875
8578.9365234375
8566.439453125
8554.22265625
8542.236328125
8530.5078125
8519.0146484375
8507.701171875
8496.59375
8485.6767578125
8474.939453125
8464.3779296875
8453.986328125
8443.74609375
8433.6298828125
8423.6162109375
8413.7333984375
8403.955078125
8394.3125
8384.7978515625
8375.357421875
8366.044921875
8356.8515625
8347.79296875
8338.841796875
8330.029296875
8321.322265625
8312.7509765625
8304.3447265625
8296.07421875
8287.9560546875
8279.9404296875
8272.01953125
8264.1904296875
8256.3916015625
8248.541015625
8240.66796875
8232.916015625
8225.365234375
8217.8603515625
8210.248046875
8202.59375
8195.0634765625
8187.6923828125
8180.3017578125
8172.8662109375
8165.568359375
8158.4833984375
8151.48974609375
8144.4638671875
8137.48974609375
8130.6513671875
8123.9111328125
8117.21923828125
8110.91015625
8104.22119140625
8098.6484375
8090.6708984375
8084.40234375
8079.91162109375
8071.97412109375
8066.390625
8063.6748046875
8054.21875
8059.0908203125
8092.30712890625
8106.3251953125
8072.50927734375
8051.1494140625
8059.3388671875
8061.2451171875
8037.7607421875
8025.7373046875
8024.6103515625
8021.404296875
8009.68994140625
8002.76611328125
8008.9482421875
7998.33837890625
7991.650390625
7989.267578125
7976.78515625
7975.80322265625
7968.158203125
7954.8837890625
7957.60107421875
7944.4130859375
7937.1318359375
7931.84521484375
7922.11572265625
7916.9873046875
7911.6796875
7907.88232421875
7904.82763671875
7894.1123046875
7888.2578125
7884.5302734375
7877.517578125
7872.3916015625
7866.62548828125
7860.72314453125
7855.865234375
7849.3251953125
7844.2099609375
7839.197265625
7832.78564453125
7827.58154296875
7822.609375
7816.8681640625
7811.5791015625
7806.3115234375
7801.1435546875
7796.2998046875
7791.0908203125
7786.189453125
7781.53515625
7776.5830078125
7771.69091796875
7766.90234375
7762.01953125
7757.3583984375
7752.912109375
7748.42822265625
7743.80859375
7739.14208984375
7734.4853515625
7729.8525390625
7725.2060546875
7720.7021484375
7716.3671875
7712.05419921875
7707.7119140625
7703.2998046875
7698.8818359375
7694.548828125
7690.34912109375
7686.236328125
7682.13818359375
7678.1015625
7674.154296875
7670.4453125
7665.99169921875
7660.8564453125
7655.8505859375
7651.95947265625
7648.4677734375
7644.12890625
7639.31005859375
7635.1953125
7631.86962890625
7628.28466796875
7624.13134765625
7620.32861328125
7616.93603515625
7613.40478515625
7610.0751953125
7608.00390625
7606.26416015625
7603.1025390625
7597.21630859375
7592.5693359375
7590.3955078125
7587.306640625
7582.18408203125
7578.0537109375
7576.318359375
7573.82958984375
7569.6513671875
7566.52685546875
7564.224609375
7560.6025390625
7557.55859375
7554.7177734375
7551.515625
7548.05322265625
7545.61279296875
7543.18408203125
7540.4443359375
7537.83935546875
7534.6416015625
7531.49951171875
7528.837890625
7526.44775390625
7523.607421875
7520.7841796875
7518.27880859375
7515.826171875
7513.638671875
7511.25390625
7508.61767578125
7505.919921875
7503.49755859375
7501.08984375
7498.634765625
7496.2578125
7493.93701171875
7491.7607421875
7489.646484375
7487.51904296875
7485.2451171875
7483.0751953125
7481.1376953125
7479.3095703125
7477.4091796875
7475.29931640625
7473.1279296875
7471.2646484375
7469.8642578125
7468.75244140625
7467.703125
7466.6669921875
7465.1669921875
7462.40234375
7458.26171875
7454.1201171875
7451.49658203125
7450.390625
7449.4658203125
7447.54638671875
7444.7158203125
7441.84814453125
7439.61376953125
7437.806640625
7435.9951171875
7434.0166015625
7432.02783203125
7429.900390625
7427.8984375
7426.05517578125
7424.681640625
7423.2138671875
7421.6416015625
7419.580078125
7417.921875
7416.6298828125
7415.87060546875
7414.85546875
7412.67138671875
7409.3466796875
7405.759765625
7403.4892578125
7402.5771484375
7401.716796875
7399.81005859375
7397.1142578125
7394.833984375
7393.419921875
7392.0751953125
7390.595703125
7388.7255859375
7387.4501953125
7385.759765625
7383.50390625
7380.8203125
7378.77978515625
7377.6015625
7376.54248046875
7374.91650390625
7372.88623046875
7370.9990234375
7369.251953125
7367.51171875
7365.55712890625
7363.94970703125
7362.40966796875
7360.9208984375
7359.0166015625
7357.109375
7355.40625
7353.9541015625
7352.54345703125
7351.1533203125
7349.84130859375
7348.5693359375
7347.2646484375
7346.02734375
7345.17578125
7344.572265625
7344.0087890625
7342.67041015625
7340.9169921875
7338.33056640625
7336.2099609375
7334.099609375
7332.5859375
7331.24365234375
7330.11474609375
7328.9677734375
7327.59765625
7325.9853515625
7324.1611328125
7322.31591796875
7320.50146484375
7318.9228515625
7317.666015625
7316.7314453125
7315.6376953125
7314.36865234375
7312.8564453125
7311.822265625
7311.0869140625
7310.861328125
7310.8125
7311.0400390625
7311.42626953125
7311.9111328125
7311.990234375
7311.30029296875
7309.3427734375
7306.0732421875
7301.9765625
7298.537109375
7296.9228515625
7296.673828125
7296.0986328125
7293.54833984375
7289.7724609375
7286.9208984375
7286.29150390625
7286.43115234375
7285.62548828125
7283.16259765625
7280.27294921875
7278.69189453125
7277.3779296875
7275.466796875
7272.185546875
7268.763671875
7266.619140625
7265.97265625
7265.728515625
7264.86083984375
7263.318359375
7261.431640625
7259.93896484375
7258.6767578125
7257.0458984375
7254.8349609375
7252.3564453125
7251.9931640625
7249.94091796875
7247.142578125
7244.8583984375
7242.767578125
7239.85546875
7237.787109375
7237.40966796875
7236.6181640625
7234.38720703125
7231.9892578125
7230.45458984375
7229.15478515625
7227.85400390625
7225.80712890625
7223.34814453125
7221.62841796875
7220.6337890625
7219.3876953125
7217.609375
7216.25
7215.21630859375
7214.2158203125
7213.111328125
7211.8115234375
7210.416015625
7208.8369140625
7207.6005859375
7205.990234375
7204.93212890625
7203.9521484375
7202.953125
7201.873046875
7201.1005859375
7200.65234375
7200.615234375
7201.03076171875
7201.29150390625
7201.88232421875
7201.42529296875
7199.92578125
7196.873046875
7194.44775390625
7193.9140625
7195.0888671875
7196.2646484375
7195.72119140625
7194.224609375
7193.00146484375
7192.8388671875
7193.2431640625
7192.5576171875
7190.15234375
7186.494140625
7183.84375
7182.7216796875
7182.701171875
7181.57421875
7179.30908203125
7178.09375
7177.3388671875
7177.59765625
7176.6328125
7175.4912109375
7174.20068359375
7173.97900390625
7172.68017578125
7171.3359375
7170.49072265625
7171.0322265625
7172.1318359375
7172.48828125
7172.193359375
7169.6376953125
7166.5556640625
7163.70458984375
7161.94970703125
7162.1171875
7162.5673828125
7163.228515625
7161.15283203125
7159.173828125
7157.6279296875
7157.46484375
7157.5693359375
7157.21923828125
7156.11279296875
7154.244140625
7152.380859375
7151.48388671875
7150.7333984375
7150.25732421875
7148.318359375
7146.591796875
7144.287109375
7143.3876953125
7142.48974609375
7142.4619140625
7142.087890625
7141.4560546875
7141.0673828125
7140.86181640625
7140.83447265625
7141.16650390625
7141.1162109375
7141.4599609375
7140.5146484375
7139.505859375
7137.4091796875
7135.25
7133.140625
7131.5869140625
7130.5986328125
7130.09375
7130.02587890625
7130.0341796875
7129.8056640625
7128.92578125
7127.2802734375
7125.2841796875
7123.337890625
7121.9736328125
7121.49951171875
7121.037109375
7121.099609375
7120.13818359375
7119.265625
7117.470703125
7115.93896484375
7114.3076171875
7113.25244140625
7112.447265625
7112.20703125
7111.72265625
7111.52685546875
7110.974609375
7110.576171875
7110.39794921875
7110.17529296875
7110.4267578125
7109.9755859375
7109.849609375
7108.67822265625
7107.69189453125
7106.009765625
7104.6201171875
7103.45068359375
7102.90380859375
7102.8251953125
7102.89453125
7102.9970703125
7102.431640625
7102.087890625
7100.87109375
7100.3193359375
7099.189453125
7098.55078125
7097.70263671875
7097.0234375
7096.58984375
7096.046875
7095.6484375
7094.97314453125
7094.69384765625
7094.23583984375
7093.8974609375
7092.64794921875
7091.0068359375
7088.9423828125
7087.47607421875
7086.193359375
7085.587890625
7084.4921875
7083.89794921875
7082.998046875
7082.87548828125
7082.46484375
7082.5283203125
7082.5439453125
7083.05615234375
7083.66357421875
7084.17822265625
7084.1435546875
7083.52978515625
7082.5224609375
7081.3583984375
7079.87744140625
7078.3037109375
7077.4951171875
7077.50390625
7078.431640625
7078.7294921875
7078.5458984375
7077.244140625
7076.37646484375
7075.626953125
7075.57470703125
7074.89404296875
7073.1142578125
7070.15625
7066.9638671875
7064.97314453125
7064.7998046875
7066.06982421875
7067.2763671875
7067.80908203125
7067.0625
7065.8955078125
7064.6591796875
7063.6259765625
7063.4716796875
7063.24365234375
7062.92333984375
7061.4833984375
7059.17529296875
7056.888671875
7055.490234375
7055.66015625
7057.17236328125
7059.68798828125
7062.1806640625
7064.591796875
7064.658203125
7063.0810546875
7058.2412109375
7053.6171875
7050.7919921875
7050.8447265625
7052.34326171875
7053.0986328125
7051.7705078125
7048.73681640625
7044.8720703125
7041.9130859375
7040.203125
7039.2529296875
7038.4345703125
7037.4892578125
7036.4072265625
7035.63720703125
7035.06298828125
7034.62890625
7033.68798828125
7032.6455078125
7031.68359375
7031.2626953125
7031.3974609375
7032.099609375
7033.169921875
7034.814453125
7036.525390625
7038.18603515625
7038.388671875
7037.43017578125
7034.8466796875
7032.2548828125
7030.15087890625
7028.818359375
7028.0791015625
7026.2529296875
7024.4853515625
7022.86181640625
7022.67236328125
7023.0283203125
7023.0498046875
7021.9375
7020.05322265625
7018.083984375
7016.6943359375
7016.27880859375
7016.4169921875
7016.78564453125
7016.5458984375
7016.12841796875
7015.224609375
7014.68212890625
7014.5859375
7015.24609375
7016.41943359375
7017.10498046875
7017.3525390625
7017.2060546875
7017.2158203125
7017.76904296875
7017.41455078125
7015.4716796875
7012.4150390625
7009.3759765625
7007.2568359375
7005.7578125
7005.421875
7006.302734375
7007.2978515625
7007.15234375
7005.8486328125
7004.427734375
7003.7587890625
7002.93115234375
7001.0029296875
6998.435546875
6996.35546875
6994.95703125
6994.50390625
6994.7294921875
6995.29052734375
6995.5341796875
6995.9755859375
6996.8447265625
6997.80859375
6997.89453125
6996.3095703125
6993.8720703125
6991.7548828125
6990.9208984375
6991.74365234375
6992.41162109375
6992.783203125
6991.22607421875
6989.3017578125
6987.18994140625
6986.5029296875
6986.658203125
6987.26318359375
6987.0146484375
6985.9765625
6984.7705078125
6986.361328125
6992.552734375
6990.46142578125
6983.5556640625
6980.5390625
6974.2587890625
6971.8076171875
6970.2119140625
6971.66748046875
6972.8916015625
6971.05810546875
6968.9345703125
6970.2255859375
6969.08203125
6971.0615234375
6971.6005859375
6967.2099609375
6964.453125
6961.986328125
6961.2861328125
6961.74658203125
6958.388671875
6956.94384765625
6956.6845703125
6957.82177734375
6959.2529296875
6960.2900390625
6961.90234375
6964.26220703125
6966.185546875
6967.8857421875
6968.279296875
6968.115234375
6966.4228515625
6965.11572265625
6963.85107421875
6963.3798828125
6962.66748046875
6962.4580078125
6961.52685546875
6960.7607421875
6958.798828125
6956.4345703125
6953.7841796875
6951.490234375
6949.92431640625
6948.85693359375
6948.2861328125
6947.7724609375
6947.2763671875
6946.79248046875
6946.25390625
6945.619140625
6945.359375
6945.388671875
6945.8837890625
6946.01123046875
6945.978515625
6945.9404296875
6946.1904296875
6947.1669921875
6947.91845703125
6948.6748046875
6948.3720703125
6947.2314453125
6944.82080078125
6941.771484375
6938.80859375
6936.603515625
6935.861328125
6936.220703125
6937.8173828125
6939.7685546875
6942.24609375
6944.65576171875
6947.3486328125
6949.7861328125
6951.607421875
6951.595703125
6949.234375
6944.5654296875
6939.43212890625
6935.3720703125
6934.12158203125
6935.1318359375
6937.2666015625
6938.63037109375
6938.7119140625
6937.2138671875
6935.9228515625
6934.7412109375
6935.8994140625
6936.1357421875
6937.935546875
6937.5712890625
6938.02734375
6938.05029296875
6938.580078125
6939.189453125
6939.2734375
6938.95703125
6937.994140625
6936.138671875
6933.208984375
6929.724609375
6926.39990234375
6923.94091796875
6922.5771484375
6922.0244140625
6921.8955078125
6921.9228515625
6922.0166015625
6921.67919921875
6920.70263671875
6918.873046875
6916.64892578125
6914.64501953125
6913.5458984375
6913.1552734375
6913.220703125
6913.255859375
6913.37255859375
6913.373046875
6913.7568359375
6913.859375
6914.4833984375
6914.8359375
6915.7177734375
6916.5068359375
6917.662109375
6919.16259765625
6920.74462890625
6922.677734375
6924.158203125
6925.43896484375
6926.80908203125
6927.8095703125
6929.1298828125
6929.1845703125
6929.029296875
6926.89990234375
6924.58056640625
6921.01171875
6918.53857421875
6916.04833984375
6915.013671875
6914.11328125
6913.91796875
6914.3642578125
6914.6376953125
6917.00390625
6918.4892578125
6921.21044921875
6924.3837890625
6927.45947265625
6928.93701171875
6927.158203125
6922.41796875
6916.08251953125
6910.32421875
6906.29248046875
6904.783203125
6904.8984375
6907.046875
6908.78955078125
6911.11865234375
6909.9716796875
6908.2431640625
6904.6923828125
6902.6630859375
6882.330078125
6888.4775390625
6892.98388671875
6878.51171875
6889.955078125
6884.0751953125
6879.36962890625
6887.1904296875
6878.8837890625
6880.515625
6882.6884765625
6877.1240234375
6880.00634765625
6878.970703125
6876.81884765625
6878.15625
6876.759765625
6876.3515625
6876.03466796875
6875.52734375
6875.310546875
6874.3193359375
6874.5810546875
6873.9892578125
6873.0859375
6873.5712890625
6872.73046875
6872.1318359375
6872.4892578125
6871.6328125
6871.248046875
6871.4169921875
6870.6533203125
6870.37109375
6870.3779296875
6869.73046875
6869.4951171875
6869.38134765625
6868.84521484375
6868.64599609375
6868.4404296875
6868.02099609375
6867.83740234375
6867.56396484375
6867.25341796875
6867.0595703125
6866.7587890625
6866.53125
6866.31787109375
6866.02685546875
6865.83984375
6865.58984375
6865.32763671875
6865.1435546875
6864.87353515625
6864.64404296875
6864.4482421875
6864.1787109375
6863.97216796875
6863.755859375
6863.505859375
6863.3076171875
6863.08251953125
6862.8486328125
6862.64697265625
6862.416015625
6862.197265625
6861.99462890625
6861.7666015625
6861.55224609375
6861.33984375
6861.123046875
6860.9150390625
6860.705078125
6860.4921875
6860.287109375
6860.0732421875
6859.8623046875
6859.6611328125
6859.4482421875
6859.23974609375
6859.0390625
6858.83349609375
6858.63037109375
6858.42578125
6858.22705078125
6858.021484375
6857.8193359375
6857.6171875
6857.4208984375
6857.2216796875
6857.0244140625
6856.8291015625
6856.6328125
6856.435546875
6856.244140625
6856.04638671875
6855.85498046875
6855.66259765625
6855.4697265625
6855.28173828125
6855.09228515625
6854.90234375
6854.71533203125
6854.52685546875
6854.3359375
6854.150390625
6853.9677734375
6853.787109375
6853.609375
6853.427734375
6853.24267578125
6853.0654296875
6852.884765625
6852.70458984375
6852.52685546875
6852.35205078125
6852.17578125
6851.998046875
6851.8212890625
6851.65234375
6851.474609375
6851.3037109375
6851.130859375
6850.9609375
6850.79248046875
6850.6201171875
6850.453125
6850.2802734375
6850.11328125
6849.9462890625
6849.78125
6849.60986328125
6849.44287109375
6849.27734375
6849.111328125
6848.9462890625
6848.7802734375
6848.61767578125
6848.458984375
6848.296875
6848.1376953125
6847.9736328125
6847.8154296875
6847.6572265625
6847.498046875
6847.337890625
6847.173828125
6847.02099609375
6846.86572265625
6846.7119140625
6846.556640625
6846.4013671875
6846.248046875
6846.095703125
6845.9404296875
6845.78662109375
6845.630859375
6845.478515625
6845.32275390625
6845.16943359375
6845.0166015625
6844.8642578125
6844.71484375
6844.56591796875
6844.416015625
6844.26513671875
6844.115234375
6843.966796875
6843.8212890625
6843.67041015625
6843.521484375
6843.369140625
6843.2216796875
6843.078125
6842.9287109375
6842.7744140625
6842.626953125
6842.478515625
6842.330078125
6842.18408203125
6842.0390625
6841.896484375
6841.74853515625
6841.60595703125
6841.46484375
6841.3212890625
6841.1728515625
6841.0322265625
6840.8876953125
6840.7392578125
6840.59375
6840.44775390625
6840.3056640625
6840.16162109375
6840.0205078125
6839.8740234375
6839.72998046875
6839.5810546875
6839.4375
6839.2900390625
6839.14404296875
6839.0
6838.85546875
6838.7080078125
6838.56103515625
6838.4150390625
6838.27392578125
6838.1220703125
6837.97314453125
6837.82861328125
6837.6845703125
6837.5390625
6837.38818359375
6837.2373046875
6837.091796875
6836.9404296875
6836.787109375
6836.640625
6836.48779296875
6836.3388671875
6836.1865234375
6836.037109375
6835.88671875
6835.734375
6835.5810546875
6835.4267578125
6835.27734375
6835.126953125
6834.9755859375
6834.8291015625
6834.67578125
6834.5322265625
6834.3828125
6834.240234375
6834.09765625
6833.9599609375
6833.822265625
6833.6982421875
6833.57177734375
6833.4765625
6833.3720703125
6833.3291015625
6833.23486328125
6833.287109375
6833.1201171875
6833.158203125
6832.8203125
6832.64794921875
6832.29638671875
6832.0537109375
6831.8349609375
6831.681640625
6831.56640625
6831.48046875
6831.416015625
6831.31640625
6831.2529296875
6831.083984375
6830.9521484375
6830.74365234375
6830.56396484375
6830.3779296875
6830.2177734375
6830.08154296875
6829.9619140625
6829.85400390625
6829.744140625
6829.63671875
6829.5068359375
6829.3798828125
6829.2265625
6829.0810546875
6828.931640625
6828.7900390625
6828.650390625
6828.515625
6828.39208984375
6828.2685546875
6828.14794921875
6828.02490234375
6827.904296875
6827.7822265625
6827.654296875
6827.52734375
6827.39453125
6827.26123046875
6827.1279296875
6826.9951171875
6826.8662109375
6826.7373046875
6826.607421875
6826.4853515625
6826.35888671875
6826.2373046875
6826.1171875
6825.99609375
6825.8779296875
6825.75390625
6825.6376953125
6825.51806640625
6825.400390625
6825.283203125
6825.16650390625
6825.04931640625
6824.93359375
6824.81787109375
6824.701171875
6824.58251953125
6824.4755859375
6824.3623046875
6824.24951171875
6824.1455078125
6824.0361328125
6823.9404296875
6823.8349609375
6823.74462890625
6823.640625
6823.5703125
6823.466796875
6823.40966796875
6823.2890625
6823.23095703125
6823.08203125
6822.9951171875
6822.828125
6822.705078125
6822.5361328125
6822.396484375
6822.251953125
6822.12060546875
6821.99365234375
6821.8779296875
6821.76318359375
6821.65380859375
6821.5517578125
6821.44921875
6821.3515625
6821.2529296875
6821.15625
6821.0556640625
6820.9599609375
6820.8603515625
6820.7646484375
6820.658203125
6820.55810546875
6820.453125
6820.35693359375
6820.2451171875
6820.1416015625
6820.02734375
6819.9267578125
6819.8125
6819.70751953125
6819.59326171875
6819.49072265625
6819.376953125
6819.27490234375
6819.16796875
6819.0634765625
6818.94873046875
6818.8466796875
6818.7412109375
6818.634765625
6818.52490234375
6818.4267578125
6818.3203125
6818.22216796875
6818.11572265625
6818.01806640625
6817.9140625
6817.81982421875
6817.7216796875
6817.6328125
6817.5361328125
6817.4609375
6817.36572265625
6817.2958984375
6817.20263671875
6817.1533203125
6817.0595703125
6817.02490234375
6816.93359375
6816.92822265625
6816.8564453125
6816.916015625
6816.87109375
6817.0517578125
6816.9990234375
6817.2587890625
6817.0517578125
6817.16259765625
6816.708984375
6816.5244140625
6816.0302734375
6815.7392578125
6815.4052734375
6815.1806640625
6815.00537109375
6814.87841796875
6814.7880859375
6814.72265625
6814.6865234375
6814.6484375
6814.65576171875
6814.62060546875
6814.66162109375
6814.595703125
6814.6455078125
6814.52734375
6814.5546875
6814.3837890625
6814.3662109375
6814.1474609375
6814.0771484375
6813.8349609375
6813.7001953125
6813.45556640625
6813.29345703125
6813.06884765625
6812.9208984375
6812.724609375
6812.6005859375
6812.439453125
6812.3291015625
6812.19140625
6812.08447265625
6811.958984375
6811.84814453125
6811.7294921875
6811.61328125
6811.49951171875
6811.38134765625
6811.26708984375
6811.1474609375
6811.0234375
6810.876953125
6810.7197265625
6810.5546875
6810.38623046875
6810.22509765625
6810.087890625
6809.96484375
6809.8671875
6809.779296875
6809.7109375
6809.638671875
6809.5830078125
6809.5302734375
6809.4970703125
6809.4716796875
6809.486328125
6809.4912109375
6809.50390625
6809.43408203125
6809.3427734375
6809.169921875
6809.060546875
6808.91455078125
6808.939453125
6808.921875
6809.3359375
6809.509765625
6810.5341796875
6810.45703125
6811.08740234375
6810.1240234375
6809.63525390625
6808.37255859375
6807.42431640625
6806.5498046875
6805.982421875
6805.642578125
6805.458984375
6805.3935546875
6805.37744140625
6805.53466796875
6805.6015625
6805.76171875
6805.5205078125
6805.31982421875
6804.83935546875
6804.5576171875
6804.2216796875
6803.9794921875
6803.7412109375
6803.5859375
6803.46728515625
6803.40185546875
6803.3427734375
6803.3251953125
6803.35107421875
6803.44189453125
6803.55859375
6803.7099609375
6803.849609375
6803.978515625
6804.0732421875
6804.07470703125
6803.9921875
6803.828125
6803.671875
6803.580078125
6803.66015625
6803.93896484375
6804.4375
6805.171875
6805.962890625
6806.919921875
6807.404296875
6807.8564453125
6807.595703125
6807.46044921875
6807.27783203125
6807.49853515625
6808.298828125
6809.2998046875
6810.630859375
6811.4755859375
6812.07568359375
6812.23046875
6812.57421875
6813.2666015625
6814.2568359375
6815.0478515625
6815.45166015625
6815.2880859375
6814.77001953125
6813.7060546875
6812.5947265625
6811.3408203125
6810.759765625
6810.5087890625
6810.7861328125
6810.90380859375
6810.9677734375
6810.9228515625
6810.9580078125
6811.181640625
6811.2919921875
6811.201171875
6810.5888671875
6809.6435546875
6808.48828125
6807.4228515625
6806.669921875
6806.361328125
6806.5654296875
6807.13671875
6807.9130859375
6808.5703125
6808.8408203125
6808.66748046875
6808.15625
6807.6650390625
6807.345703125
6807.185546875
6807.0380859375
6806.7275390625
6806.2294921875
6805.779296875
6805.5205078125
6805.5771484375
6805.8125
6806.2734375
6806.78515625
6807.83984375
6809.0869140625
6811.1279296875
6813.15673828125
6815.56640625
6817.23388671875
6818.298828125
6817.86669921875
6816.3603515625
6813.8916015625
6811.5595703125
6809.7197265625
6809.02734375
6808.98828125
6809.5107421875
6809.62451171875
6809.765625
6809.6494140625
6810.08203125
6810.3974609375
6810.8681640625
6810.76953125
6810.7021484375
6810.4296875
6810.197265625
6809.5498046875
6808.3779296875
6806.78515625
6805.09521484375
6803.94921875
6803.423828125
6803.7294921875
6804.21142578125
6804.841796875
6805.02978515625
6805.04541015625
6804.626953125
6804.03125
6803.1435546875
6802.26220703125
6801.412109375
6800.9267578125
6800.72265625
6800.8671875
6801.01416015625
6801.09716796875
6800.9296875
6800.6630859375
6800.3681640625
6800.25634765625
6800.29296875
6800.53857421875
6800.7724609375
6801.1171875
6801.49365234375
6802.2333984375
6803.2197265625
6804.7255859375
6806.1474609375
6807.71484375
6808.5849609375
6809.287109375
6809.1640625
6809.05517578125
6808.6123046875
6808.4951171875
6808.3408203125
6808.48779296875
6808.5703125
6808.91357421875
6809.14111328125
6809.48828125
6809.431640625
6809.267578125
6808.68359375
6808.21533203125
6807.83154296875
6807.8125
6807.96875
6808.1494140625
6808.1396484375
6807.8125
6807.29638671875
6806.64111328125
6806.10888671875
6805.5986328125
6805.234375
6804.75
6804.37744140625
6803.927734375
6803.796875
6803.66845703125
6803.818359375
6803.9189453125
6804.11474609375
6804.2958984375
6804.54541015625
6804.751953125
6804.85302734375
6804.646484375
6804.134765625
6803.17041015625
6802.2998046875
6801.2802734375
6801.052734375
6800.9599609375
6801.552734375
6802.08642578125
6802.5673828125
6802.6552734375
6802.431640625
6802.1767578125
6802.2880859375
6802.8173828125
6803.68359375
6804.28125
6804.42822265625
6803.8134765625
6802.9794921875
6801.9951171875
6801.54443359375
6801.27734375
6801.267578125
6801.13671875
6800.625
6799.97900390625
6799.216796875
6798.75341796875
6798.55126953125
6798.6572265625
6798.8662109375
6799.10205078125
6799.2646484375
6799.4638671875
6799.7021484375
6800.13671875
6800.60888671875
6801.169921875
6801.56591796875
6801.958984375
6802.2724609375
6802.7470703125
6803.205078125
6803.52783203125
6803.29638671875
6802.5166015625
6801.39599609375
6800.54443359375
6800.21875
6800.60498046875
6801.17822265625
6801.6982421875
6801.4541015625
6800.80615234375
6799.5556640625
6798.70458984375
6798.1982421875
6798.69482421875
6799.6357421875
6801.015625
6802.107421875
6803.017578125
6803.4541015625
6803.9765625
6804.484375
6805.6103515625
6806.79150390625
6808.33935546875
6809.16748046875
6809.6298828125
6808.94140625
6807.896484375
6806.19677734375
6804.65087890625
6803.1240234375
6802.0830078125
6801.3720703125
6801.1318359375
6801.2578125
6801.43798828125
6801.65087890625
6801.3017578125
6800.71337890625
6799.33740234375
6797.7666015625
6795.81103515625
6794.080078125
6792.63037109375
6791.83056640625
6791.49169921875
6791.7001953125
6792.04443359375
6792.494140625
6792.8203125
6793.15283203125
6793.51025390625
6794.0927734375
6794.796875
6795.55859375
6796.01171875
6795.982421875
6795.328125
6794.5361328125
6793.990234375
6794.0888671875
6794.412109375
6794.70263671875
6794.44873046875
6793.99951171875
6793.4990234375
6793.671875
6794.26171875
6795.4072265625
6796.478515625
6797.6142578125
6798.49658203125
6799.3271484375
6799.7578125
6799.8115234375
6799.36328125
6798.7373046875
6798.1103515625
6797.775390625
6797.6416015625
6797.748046875
6797.84326171875
6797.9990234375
6798.03076171875
6798.0390625
6797.8525390625
6797.4794921875
6796.9453125
6796.3759765625
6795.998046875
6795.8671875
6796.08447265625
6796.52099609375
6797.12548828125
6797.7392578125
6798.390625
6798.974609375
6799.5
6799.7978515625
6799.732421875
6799.2197265625
6798.34423828125
6797.11083984375
6795.8330078125
6794.60791015625
6793.7666015625
6793.466796875
6793.60888671875
6794.06787109375
6794.46923828125
6794.5908203125
6794.2041015625
6793.3828125
6792.3857421875
6791.5537109375
6791.26123046875
6791.462890625
6792.0546875
6792.6298828125
6792.9638671875
6792.947265625
6792.58154296875
6792.19189453125
6791.8447265625
6792.0576171875
6792.646484375
6793.9150390625
6795.1689453125
6796.6044921875
6797.3798828125
6798.1220703125
6798.0771484375
6798.10009765625
6797.28515625
6796.29541015625
6794.43359375
6792.62548828125
6790.93359375
6790.14599609375
6790.03662109375
6790.56640625
6791.2080078125
6791.9140625
6792.498046875
6793.18798828125
6793.876953125
6794.7001953125
6795.47412109375
6796.43359375
6797.2548828125
6798.2861328125
6799.068359375
6799.9130859375
6800.46826171875
6800.9130859375
6801.05078125
6800.9599609375
6800.46435546875
6799.72265625
6798.67578125
6797.7451171875
6796.751953125
6795.94775390625
6795.09033203125
6794.3896484375
6793.814453125
6793.3125
6792.84619140625
6792.1591796875
6791.490234375
6790.7841796875
6790.4052734375
6790.37109375
6790.8486328125
6791.732421875
6792.962890625
6794.40576171875
6795.888671875
6797.275390625
6798.4541015625
6799.328125
6799.794921875
6799.69091796875
6798.82666015625
6797.142578125
6794.818359375
6792.3076171875
6790.14453125
6788.7080078125
6788.22998046875
6788.5029296875
6789.4091796875
6790.419921875
6791.4091796875
6791.9326171875
6792.0908203125
6791.7216796875
6791.1904296875
6790.56689453125
6790.154296875
6789.8623046875
6789.6962890625
6789.45263671875
6789.2080078125
6788.87109375
6788.80078125
6788.57763671875
6788.6806640625
6788.619140625
6788.6396484375
6788.3525390625
6787.8291015625
6786.814453125
6785.6064453125
6784.1484375
6782.9931640625
6782.0458984375
6781.8134765625
6781.87158203125
6782.4638671875
6782.9892578125
6783.6220703125
6784.0048828125
6784.4189453125
6784.724609375
6785.19189453125
6785.6181640625
6786.244140625
6786.7783203125
6787.6015625
6788.27490234375
6789.25390625
6789.81591796875
6790.4150390625
6790.37158203125
6790.1767578125
6789.482421875
6788.87060546875
6788.2880859375
6788.1474609375
6788.1005859375
6788.33154296875
6788.36962890625
6788.62109375
6788.724609375
6789.162109375
6789.587890625
6790.4169921875
6791.25341796875
6792.3662109375
6793.287109375
6794.22802734375
6794.7265625
6794.9423828125
6794.7119140625
6794.4306640625
6794.279296875
6794.4501953125
6794.89697265625
6795.2099609375
6795.3134765625
6794.97509765625
6794.2880859375
6793.3193359375
6792.3291015625
6791.48779296875
6791.6201171875
6792.2900390625
6793.853515625
6794.9033203125
6795.4306640625
6794.513671875
6792.822265625
6790.5029296875
6788.5595703125
6787.244140625
6786.62255859375
6786.34423828125
6785.8310546875
6785.14453125
6784.07177734375
6783.24658203125
6782.5341796875
6782.517578125
6782.8427734375
6783.904296875
6784.8662109375
6786.0107421875
6786.42529296875
