14855.298828125
14852.810546875
14850.5546875
14848.5
14846.619140625
14844.9013671875
14843.3271484375
14841.884765625
14840.5654296875
14839.353515625
14838.244140625
14837.21875
14836.283203125
14835.4189453125
14834.623046875
14833.888671875
14833.208984375
14832.57421875
14831.982421875
14831.423828125
14830.896484375
14830.396484375
14829.919921875
14829.4599609375
14829.017578125
14828.5908203125
14828.171875
14827.767578125
14827.369140625
14826.9765625
14826.5888671875
14826.21484375
14825.841796875
14825.4736328125
14825.1142578125
14824.755859375
14824.40234375
14824.0556640625
14823.7099609375
14823.373046875
14823.0361328125
14822.7041015625
14822.3779296875
14822.0498046875
14821.7265625
14821.41015625
14821.09375
14820.78515625
14820.4814453125
14820.1796875
14819.8828125
14819.591796875
14819.306640625
14819.0234375
14818.7470703125
14818.4716796875
14818.203125
14817.9375
14817.6728515625
14817.41796875
14817.1630859375
14816.916015625
14816.671875
14816.431640625
14816.1953125
14815.9609375
14815.7333984375
14815.51171875
14815.29296875
14815.0791015625
14814.869140625
14814.662109375
14814.4609375
14814.263671875
14814.0703125
14813.87890625
14813.6953125
14813.513671875
14813.337890625
14813.1689453125
14813.0
14812.833984375
14812.6748046875
14812.513671875
14812.3603515625
14812.208984375
14812.0634765625
14811.91796875
14811.779296875
14811.6416015625
14811.5107421875
14811.37890625
14811.251953125
14811.130859375
14811.0078125
14810.88671875
14810.7744140625
14810.662109375
14810.552734375
14810.4462890625
14810.341796875
14810.240234375
14810.1416015625
14810.04296875
14809.94921875
14809.8583984375
14809.767578125
14809.6796875
14809.59375
14809.509765625
14809.4287109375
14809.345703125
14809.2685546875
14809.189453125
14809.1171875
14809.04296875
14808.9716796875
14808.8994140625
14808.833984375
14808.765625
14808.701171875
14808.6357421875
14808.5712890625
14808.5078125
14808.447265625
14808.388671875
14808.328125
14808.271484375
14808.2138671875
14808.15625
14808.1025390625
14808.0498046875
14807.994140625
14807.9404296875
14807.890625
14807.83984375
14807.7890625
14807.740234375
14807.69140625
14807.642578125
14807.595703125
14807.5458984375
14807.5
14807.451171875
14807.4052734375
14807.3603515625
14807.318359375
14807.2724609375
14807.2265625
14807.185546875
14807.140625
14807.09765625
14807.0546875
14807.015625
14806.970703125
14806.931640625
14806.892578125
14806.8505859375
14806.80859375
14806.7685546875
14806.73046875
14806.69140625
14806.6484375
14806.609375
14806.5703125
14806.53125
14806.49609375
14806.45703125
14806.41796875
14806.380859375
14806.34375
14806.3056640625
14806.2685546875
14806.2314453125
14806.1923828125
14806.1552734375
14806.1201171875
14806.083984375
14806.0458984375
14806.01171875
14805.974609375
14805.9404296875
14805.90625
14805.8720703125
14805.833984375
14805.80078125
14805.765625
14805.73046875
14805.697265625
14805.662109375
14805.6318359375
14805.595703125
14805.5634765625
14805.533203125
14805.5
14805.4658203125
14805.431640625
14805.4033203125
14805.3681640625
14805.3388671875
489287232.0
2208604160.0
460443.03125
4776742.0
329988.65625
96707.6015625
103402.7890625
101536.375
89498.171875
83648.0625
81633.75
82478.7578125
85077.03125
91339.5390625
103905.4453125
124460.5390625
153898.671875
190525.796875
228773.09375
259480.375
275660.96875
276624.125
266500.59375
247855.75
221290.125
189604.28125
158211.90625
131466.609375
110767.6484375
95503.15625
84414.9609375
76312.3984375
70303.078125
65778.8828125
62314.21875
59544.91015625
57287.25
55422.87890625
53852.421875
52495.28515625
51296.3515625
50221.84765625
49255.87109375
48392.1328125
47651.68359375
46963.50390625
46292.01953125
45666.85546875
45084.04296875
44536.14453125
44014.0234375
43513.14453125
43027.23828125
42555.32421875
42098.70703125
41657.578125
41229.94921875
40814.92578125
40412.703125
40026.0390625
39656.55078125
39301.7734375
38957.7265625
38625.60546875
38303.83203125
37993.09375
37690.19140625
37395.94921875
37108.21875
36828.93359375
36559.06640625
36298.25
36047.13671875
35805.9296875
35573.76953125
35349.3984375
35131.95703125
34920.3046875
34714.3671875
34513.91796875
34317.96484375
34127.59375
33941.7421875
33761.91015625
33587.05859375
33417.5625
33252.13671875
33090.77734375
32932.1953125
32776.9375
32624.9921875
32475.685546875
32329.611328125
32185.39453125
32044.49609375
31905.685546875
31769.431640625
31634.6796875
31502.140625
31371.6875
31244.734375
31124.7890625
31006.29296875
30886.5234375
30771.44921875
30659.0703125
30546.76953125
30436.220703125
30326.28515625
30217.42578125
30107.73828125
29997.35546875
29886.7421875
29776.6015625
29669.21484375
29565.978515625
29467.4609375
29371.96875
29280.63671875
29189.828125
29098.580078125
29005.9453125
28914.146484375
28824.1171875
28735.109375
28646.681640625
28558.90234375
28472.796875
28387.5703125
28303.892578125
28221.20703125
28139.55078125
28058.669921875
27978.255859375
27898.140625
27819.15625
27740.703125
27663.33984375
27586.40625
27510.3984375
27435.529296875
27361.568359375
27288.724609375
27217.5390625
27146.9140625
27076.810546875
27007.337890625
26938.712890625
26871.3515625
26804.748046875
26738.94921875
26673.734375
26609.37890625
26545.685546875
26482.708984375
26420.13671875
26358.314453125
26297.099609375
26236.6328125
26176.5390625
26117.15234375
26058.044921875
25999.5
25941.583984375
25884.27734375
25827.61328125
25771.599609375
25715.91796875
25661.080078125
25606.59375
25552.97265625
25499.42578125
25446.197265625
25393.939453125
25342.154296875
25290.69140625
25240.08984375
25189.904296875
25139.576171875
25088.83984375
25039.921875
24991.43359375
24942.390625
24894.525390625
24847.15234375
24799.673828125
24753.1796875
24707.3046875
24661.099609375
24615.8125
24571.17578125
24526.826171875
24483.42578125
24440.3203125
24397.6015625
24355.765625
24313.78515625
24272.6015625
24231.54296875
24191.0390625
24150.625
24110.740234375
24071.13671875
24031.81640625
23992.83984375
23954.318359375
23916.283203125
23878.49609375
23840.876953125
23803.57421875
23766.658203125
23730.05078125
23693.921875
23657.939453125
23622.22265625
23586.59765625
23551.47265625
23516.5859375
23482.08203125
23447.576171875
23413.60546875
23379.67578125
23346.310546875
23313.45703125
23280.521484375
23247.732421875
23214.611328125
23181.853515625
23150.046875
23118.380859375
23086.666015625
23054.74609375
23023.580078125
22992.736328125
22961.853515625
22930.9375
22900.404296875
22870.3046875
22840.33984375
22810.3046875
22780.376953125
22750.890625
22721.546875
22692.26953125
22663.421875
22634.890625
22607.111328125
22579.21875
22550.19921875
22520.677734375
22492.26953125
22465.6484375
22438.654296875
22410.380859375
22383.046875
22356.6484375
22330.38671875
22303.36328125
22276.79296875
22251.33984375
22225.451171875
22199.244140625
22173.912109375
22148.859375
22123.6875
22098.5625
22073.98828125
22049.625
22024.984375
22000.859375
21976.8671875
21953.23828125
21929.193359375
21905.7734375
21882.626953125
21860.169921875
21836.849609375
21814.5234375
21790.41015625
21766.79296875
21743.978515625
21721.90625
21700.265625
21677.095703125
21654.62109375
21631.984375
21610.177734375
21588.673828125
21567.08984375
21545.62890625
21524.25
21502.62109375
21480.51171875
21458.41015625
21437.515625
21416.783203125
21395.296875
21373.548828125
21352.822265625
21331.890625
21310.451171875
21289.064453125
21268.43359375
21248.283203125
21227.634765625
21207.09765625
21187.0625
21167.0
21146.57421875
21126.212890625
21106.060546875
21086.79296875
21067.43359375
21048.08203125
21028.541015625
21009.037109375
20989.66015625
20970.626953125
20951.37890625
20932.478515625
20913.505859375
20894.62109375
20875.775390625
20857.10546875
20838.615234375
20820.474609375
20802.3359375
20783.94921875
20765.849609375
20748.318359375
20730.958984375
20714.3984375
20698.5703125
20683.267578125
20665.94921875
20645.8515625
20625.44140625
20608.41796875
20592.85546875
20575.8359375
20557.103515625
20539.89453125
20524.66796875
20509.16015625
20491.328125
20475.009765625
20458.33984375
20441.71875
20425.228515625
20409.6484375
20394.654296875
20378.208984375
20362.236328125
20347.240234375
20331.90625
20316.3984375
20302.537109375
20291.96875
20284.126953125
20275.244140625
20255.21875
20228.76171875
20210.1953125
20201.474609375
20188.068359375
20167.599609375
20151.54296875
20141.296875
20125.89453125
20107.41015625
20093.92578125
20082.3125
20065.60546875
20050.056640625
20038.8515625
20024.55859375
20008.27734375
19996.55859375
19983.8203125
19968.36328125
19956.037109375
19943.5859375
19928.8828125
19915.06640625
19901.90234375
19888.328125
19875.041015625
19862.796875
19850.357421875
19838.015625
19824.875
19812.23828125
19799.7890625
19787.572265625
19775.23046875
19762.923828125
19749.916015625
19735.845703125
19722.66015625
19710.87890625
19699.048828125
19686.15625
19673.419921875
19661.064453125
19649.72265625
19638.169921875
19626.123046875
19614.109375
19602.79296875
19590.771484375
19578.07421875
19564.9453125
19553.240234375
19543.392578125
19533.57421875
19529.259765625
19514.048828125
19498.4140625
19486.908203125
19478.365234375
19466.3984375
19447.2109375
19439.2890625
19431.775390625
19413.201171875
19405.671875
19394.685546875
19375.546875
19372.080078125
19356.18359375
19343.19921875
19335.08984375
19317.6015625
19311.67578125
19296.099609375
19287.927734375
19275.80078125
19262.998046875
19252.734375
19237.84375
19228.646484375
19215.390625
19206.95703125
19194.64453125
19183.560546875
19172.8359375
19160.8671875
19151.51171875
19139.94921875
19130.71875
19120.3203125
19110.884765625
19101.1171875
19090.29296875
19080.384765625
19070.09765625
19060.7578125
19051.7109375
19042.62890625
19033.7578125
19024.796875
19014.861328125
19005.41015625
18995.908203125
18987.046875
18978.046875
18968.421875
18959.400390625
18949.146484375
18940.015625
18931.306640625
18922.57421875
18913.919921875
18904.0546875
18895.20703125
18885.97265625
18877.18359375
18868.9765625
18860.984375
18853.42578125
18845.68359375
18837.4453125
18827.65234375
18818.08984375
18808.8046875
18800.28125
18791.8046875
18783.0546875
18774.833984375
18767.05859375
18760.3203125
18752.453125
18743.658203125
18733.892578125
18724.619140625
18716.57421875
18711.375
18709.080078125
18708.6953125
18703.857421875
18687.978515625
18668.62890625
18660.255859375
18658.146484375
18647.98046875
18633.447265625
18624.689453125
18618.478515625
18610.291015625
18601.138671875
18593.04296875
18585.048828125
18577.630859375
18570.853515625
18561.541015625
18552.68359375
18543.8671875
18535.91015625
18527.998046875
18520.869140625
18513.78515625
18505.6875
18498.701171875
18490.755859375
18484.0
18477.85546875
18470.9140625
18463.15625
18454.1875
18446.47265625
18437.841796875
18429.240234375
18421.44140625
18413.3515625
18405.4375
18397.5859375
18390.5234375
18382.7578125
18375.15625
18367.556640625
18360.4296875
18354.25390625
18347.72265625
18342.05859375
18338.99609375
18363.240234375
18364.0
18393.587890625
18337.94140625
18386.990234375
18309.392578125
18337.134765625
18298.349609375
18299.787109375
18283.341796875
18265.09375
18269.4296875
18253.1875
18246.626953125
18240.20703125
18225.71484375
18223.21484375
18211.7421875
18203.759765625
18198.8828125
18186.669921875
18181.9921875
18176.75390625
18167.34375
18160.666015625
18151.71484375
18144.8984375
18138.052734375
18130.79296875
18124.083984375
18115.546875
18107.296875
18099.47265625
18092.462890625
18085.671875
18078.857421875
18071.421875
18064.22265625
18057.185546875
18050.806640625
18044.15625
18037.275390625
18030.53515625
18024.16015625
18018.619140625
18013.72265625
18009.302734375
18004.1328125
17997.744140625
17989.173828125
17979.578125
17970.94140625
17965.32421875
17961.552734375
17957.580078125
17952.1875
17945.66015625
17938.92578125
17932.1484375
17924.98046875
17917.265625
17909.3359375
17902.3515625
17896.35546875
17890.873046875
17884.953125
17878.0625
17871.619140625
17864.5234375
17857.966796875
17850.69921875
17843.8828125
17838.041015625
17833.34375
17828.33203125
17822.40625
17815.3515625
17808.55078125
17802.359375
17796.998046875
17791.47265625
17785.86328125
17779.345703125
17772.521484375
17765.48046875
17758.6328125
17751.841796875
17745.4765625
17739.138671875
17733.07421875
17726.8359375
17721.125
17715.712890625
17710.482421875
17705.158203125
17699.595703125
17694.23046875
17689.4296875
17685.01171875
17680.896484375
17676.376953125
17671.8671875
17666.751953125
17661.71484375
17656.390625
17651.38671875
17646.3203125
17641.546875
17636.5703125
17630.728515625
17623.4765625
17615.228515625
17606.66015625
17599.443359375
17592.60546875
17586.912109375
17581.62109375
17577.224609375
17572.61328125
17567.734375
17561.75390625
17556.01953125
17549.2265625
17543.50390625
17537.4375
17531.50390625
17524.7890625
17517.806640625
17510.888671875
17505.166015625
17500.41796875
17495.796875
17490.78125
17484.6875
17478.458984375
17472.330078125
17466.875
17461.5625
17456.359375
17451.52734375
17447.07421875
17442.998046875
17438.490234375
17433.58203125
17427.75390625
17421.58984375
17415.048828125
17408.828125
17402.412109375
17396.4140625
17390.431640625
17384.396484375
17378.47265625
17372.984375
17367.8046875
17362.8203125
17357.33203125
17351.703125
17346.033203125
17340.85546875
17335.76171875
17330.560546875
17324.935546875
17319.94921875
17315.57421875
17311.67578125
17306.921875
17301.33203125
17295.580078125
17290.72265625
17286.94921875
17283.88671875
17280.6015625
17276.15625
17269.943359375
17262.837890625
17255.5390625
17249.98046875
17245.6640625
17242.76953125
17239.83203125
17236.62890625
17232.32421875
17226.92578125
17220.796875
17214.77734375
17208.90234375
17204.26171875
17200.69140625
17198.54296875
17195.82421875
17190.591796875
17181.4140625
17170.650390625
17160.96484375
17155.19921875
17151.53125
17148.328125
17143.3671875
17136.55859375
17129.6328125
17124.6015625
17121.001953125
17117.4921875
17112.3203125
17105.5546875
17099.015625
17094.03125
17090.80078125
17087.80859375
17084.623046875
17080.583984375
17076.9140625
17072.84375
17068.900390625
17063.373046875
17057.15234375
17050.11328125
17043.1640625
17037.306640625
17032.47265625
17028.58984375
17024.3359375
17019.76171875
17014.576171875
17009.427734375
17004.4609375
17000.06640625
16996.0234375
16992.939453125
16989.681640625
16985.294921875
16978.830078125
16971.56640625
16965.6171875
16962.509765625
16960.32421875
16957.546875
16952.744140625
16947.234375
16941.48046875
16935.91015625
16929.1171875
16922.2734375
16916.5546875
16913.12109375
16911.50390625
16909.3203125
16904.96484375
16898.37890625
16891.1875
16884.19921875
16878.009765625
16872.1953125
16867.26171875
16862.79296875
16859.3359375
16855.93359375
16852.5
16848.6875
16844.33203125
16839.01171875
16833.296875
16827.677734375
16822.1796875
16817.0
16812.0
16807.23828125
16803.3671875
16799.71875
16795.822265625
16790.75390625
16785.30078125
16781.013671875
16777.806640625
16776.10546875
16774.462890625
16772.20703125
16768.494140625
16764.0625
16758.76171875
16753.529296875
16748.037109375
16742.927734375
16738.05859375
16733.845703125
16729.53125
16724.951171875
16719.654296875
16714.470703125
16709.708984375
16706.36328125
16703.8203125
16701.57421875
16699.404296875
16696.314453125
16691.99609375
16686.08984375
16679.33984375
16672.064453125
16665.51171875
16660.12890625
16656.068359375
16652.83203125
16650.13671875
16646.6640625
16642.25390625
16636.53515625
16630.095703125
16623.609375
16618.125
16613.876953125
16610.337890625
16606.853515625
16602.6640625
16597.978515625
16592.86328125
16588.203125
16584.19921875
16580.880859375
16578.07421875
16575.8125
16573.982421875
16572.751953125
16570.595703125
16566.240234375
16557.349609375
16546.9140625
16537.57421875
16532.931640625
16532.083984375
16530.982421875
16526.56640625
16519.2421875
16512.029296875
16507.75
16505.06640625
16502.982421875
16500.12109375
16497.2890625
16495.0703125
16493.625
16492.8046875
16491.46484375
16489.41015625
16486.203125
16483.037109375
16478.67578125
16473.677734375
16467.28515625
16461.28125
16455.748046875
16451.533203125
16448.56640625
16446.41015625
16444.005859375
16440.779296875
16437.4375
16434.05078125
16430.828125
16426.15234375
16420.08203125
16412.359375
16404.9296875
16399.275390625
16395.677734375
16393.37109375
16390.947265625
16388.021484375
16384.10546875
16379.1494140625
16373.2470703125
16367.4228515625
16362.470703125
16358.5458984375
16355.09375
16350.830078125
16345.4560546875
16339.6533203125
16334.34375
16329.994140625
16326.6328125
16323.392578125
16319.78125
16315.591796875
16311.5615234375
16307.2275390625
16303.4892578125
16299.560546875
16296.380859375
16293.041015625
16289.916015625
16285.8681640625
16281.01953125
16275.396484375
16269.75390625
16265.197265625
16261.49609375
16258.55859375
16255.396484375
16251.873046875
16247.8984375
16243.80859375
16240.048828125
16236.6787109375
16233.2919921875
16229.8974609375
16226.11328125
16222.2158203125
16218.2998046875
16214.7685546875
16211.462890625
16208.392578125
16204.982421875
16201.3671875
16197.4814453125
16193.8115234375
16190.787109375
16187.9453125
16185.64453125
16183.49609375
16181.9609375
16179.916015625
16177.482421875
16173.900390625
16170.140625
16166.998046875
16164.484375
16161.982421875
16158.384765625
16153.447265625
16147.72265625
16142.044921875
16137.380859375
16134.005859375
16131.263671875
16128.7861328125
16125.7890625
16122.013671875
16117.02734375
16111.2294921875
16104.6728515625
16098.4609375
16093.0947265625
16089.271484375
16087.220703125
16085.9013671875
16084.201171875
16081.521484375
16077.34375
16072.9306640625
16069.29296875
16067.142578125
16066.07421875
16064.7578125
16061.99609375
16035.62109375
16039.8486328125
16043.533203125
16024.3115234375
16034.66015625
16025.8173828125
16018.818359375
16024.1640625
16013.0859375
16013.31640625
16011.8857421875
16004.5078125
16005.45703125
16000.7646484375
15996.984375
15996.017578125
15991.298828125
15988.833984375
15986.265625
15982.1943359375
15979.5439453125
15976.091796875
15972.216796875
15968.859375
15965.033203125
15963.125
15978.724609375
16112.9541015625
16298.34375
16460.376953125
18644.498046875
16893.953125
7842518007808.0
18379.01953125
26692.23046875
388250.84375
2765900.75
120073200.0
110241784.0
5103394.5
33667536.0
3075182336.0
120467.515625
107124416512.0
138207.59375
149019.515625
173800.515625
190486.25
295718.875
193515.9375
163362.0625
176136.84375
7898865152.0
227453.625
186505.3125
2220105.75
3328023.25
65096962048.0
1827039.125
323964.9375
363924.53125
386682.625
27778950.0
440246.5625
413391.875
566942.5
568329.9375
21052934144.0
457822.0625
486720.4375
552495.9375
2178837.75
781695.0625
576728.4375
577897.0
845736.375
3691660.5
1675478.625
1172672.875
2497562.0
9147228.0
31563350.0
50135400.0
21136510.0
6787373.5
2753007.0
1529769.0
1091887.625
909644.9375
824524.125
781854.0625
759917.25
749279.375
1288333.375
755241.3125
751299.625
1043369.75
196125888.0
100204112.0
150179840.0
883080.6875
878636.125
885690.1875
854121.375
838921.0625
825076.6875
811397.3125
803578.5
966693.0
776733.625
767622.375
760488.8125
757741.9375
789093.75
747085.25
781079.5
742180.5625
742296.25
754473.0625
736233.625
735262.8125
730217.3125
727774.0625
725594.5625
723595.375
721198.1875
718820.3125
720724.9375
714620.125
713822.5
712738.0
710890.9375
708669.6875
706503.4375
704157.9375
701509.1875
698797.125
695960.9375
693029.875
690113.5
687405.75
685109.625
682915.8125
680439.0625
678155.625
676019.0
673893.375
671784.1875
669627.625
667605.25
665633.8125
663756.6875
661999.3125
660408.25
658726.9375
656945.8125
655229.9375
653635.125
652102.125
650532.9375
649040.3125
647617.625
646236.875
644871.125
643551.5
642239.1875
640971.1875
639682.375
638447.3125
637217.4375
636031.375
634876.625
633718.8125
632563.3125
631467.375
630348.125
629276.875
628229.125
627191.0
626182.6875
625166.8125
624182.25
623202.5625
622260.9375
621297.9375
620351.125
619432.1875
618516.4375
617601.0
616734.4375
615830.875
614976.1875
614118.375
613265.5625
612421.5
611576.0625
610743.375
609920.25
609087.5
608293.1875
607500.5
606729.5
605929.4375
605168.5
604400.625
603642.75
602883.0625
602157.9375
601415.3125
600689.875
599936.125
599223.125
598496.25
597772.0
597072.375
596363.0
595659.125
594980.625
594297.0625
593606.8125
592916.0
592242.625
591579.9375
590924.25
590250.6875
589610.0625
588966.3125
588332.8125
587691.75
587072.0625
586444.375
585811.8125
585205.625
584610.375
583996.0625
583394.9375
582816.125
582220.0625
581619.5
581059.3125
580475.375
579915.875
579360.6875
578783.625
578225.25
577675.625
577115.375
576582.6875
576040.9375
575507.75
574961.1875
574448.5625
573902.0
573374.25
572865.25
572350.1875
571842.5625
571329.4375
570809.5625
570297.75
569796.625
569297.6875
568804.875
568315.0625
567825.4375
567322.0625
566852.125
566381.9375
565886.0
565417.625
564935.375
564465.625
563988.875
563530.0
563080.875
562617.6875
562159.6875
561698.0625
561240.8125
560791.1875
560365.6875
559921.6875
559469.1875
559050.8125
558620.625
558193.25
557728.75
557312.5
556875.5625
556466.0625
556066.6875
555637.4375
555215.125
554799.9375
554383.0
553982.875
553583.5625
553194.3125
552760.0
552370.625
551950.875
551565.75
551175.0625
550778.4375
550385.375
549988.875
549606.0
549229.6875
548830.8125
548446.25
548073.1875
547692.5625
547319.25
546952.25
546560.8125
546188.8125
545835.75
545435.9375
545062.9375
544715.25
544362.875
544006.6875
543631.8125
543289.125
542904.3125
542544.75
542210.4375
541843.875
541495.75
541139.75
540783.5625
540451.4375
540100.3125
539775.3125
539410.0
539075.1875
538724.8125
538392.8125
538061.1875
537708.9375
537385.8125
537051.5625
536727.0
536379.1875
536051.5625
535730.1875
535402.6875
535080.6875
534753.5
534424.75
534095.6875
533785.9375
533472.9375
533149.0625
532833.3125
532527.5625
532205.625
531885.8125
531570.5
531256.0
530949.3125
530635.375
530335.4375
530037.0625
529715.1875
529415.5625
529124.375
528821.625
528515.6875
528218.5625
527938.9375
527612.625
527324.4375
527023.625
526725.9375
526436.5
526137.4375
525845.875
525552.125
525262.0625
524976.375
524684.0625
524405.25
524121.75
523832.21875
523551.125
523275.8125
522998.5625
522714.90625
522433.6875
522152.875
521876.25
521600.0
521329.59375
521048.625
520778.375
520510.125
520237.59375
519964.28125
519699.625
519427.8125
519156.5625
518899.625
518628.78125
518352.625
518091.03125
517831.3125
517568.6875
517302.625
517036.28125
516781.625
516527.8125
516282.90625
516004.3125
515748.09375
515485.75
515255.75
515001.0625
514738.59375
514494.6875
514246.46875
513989.5
513753.0
513494.6875
513254.0625
513002.90625
512743.71875
512518.875
512281.71875
512030.1875
511790.15625
511559.46875
511293.5
511064.15625
510832.71875
510589.21875
510345.5625
510111.65625
509885.65625
509660.75
509412.53125
509184.9375
508949.28125
508711.1875
508483.125
508266.90625
508009.78125
507789.1875
507562.4375
507332.03125
507123.0625
506891.53125
506667.6875
506439.5
506202.21875
505989.5625
505773.5
505544.34375
505334.875
505115.625
504884.375
504667.84375
504448.84375
504240.8125
504033.96875
503805.375
503598.8125
503376.1875
503146.8125
502949.0625
502738.75
502527.625
502318.8125
502100.40625
501898.84375
501687.90625
501475.46875
501263.375
501067.25
500853.6875
500648.03125
500448.84375
500263.78125
500133.90625
500321.90625
500415.875
500327.21875
500242.8125
499490.5
499578.96875
498960.9375
498930.90625
498665.625
498293.78125
498208.96875
497905.0625
497870.46875
497480.6875
497320.28125
497114.03125
496870.71875
496727.59375
496447.0625
496256.75
496088.0625
495828.5
495661.8125
495509.53125
495288.59375
495061.96875
494895.6875
494685.1875
494503.84375
494313.75
494122.46875
493938.84375
493753.09375
493567.21875
493366.75
493191.625
493026.125
492822.0
492654.65625
492466.65625
492286.625
492116.375
491937.8125
491770.09375
491589.75
491411.09375
491228.75
491073.46875
490893.6875
490709.0625
490542.65625
490366.03125
490197.375
490040.875
489861.125
489701.8125
489531.6875
489354.34375
489185.53125
489016.78125
488850.96875
488683.71875
488534.65625
488348.59375
488201.71875
488039.75
487874.28125
487706.21875
487546.78125
487386.0
487232.96875
487065.625
486907.78125
486740.34375
486586.75
486435.40625
486270.09375
486121.75
485967.875
485800.25
485651.78125
485492.34375
485329.125
485176.5625
485019.09375
484872.59375
484717.5625
484573.71875
484414.0625
484263.03125
484108.90625
483964.28125
483816.34375
483663.65625
483514.5625
483363.46875
483212.5625
483055.53125
482908.25
482762.96875
482610.4375
482452.4375
482322.3125
482180.875
482034.625
481875.09375
481729.65625
481593.46875
481448.34375
481298.34375
481160.3125
481019.46875
480866.78125
480727.375
480586.59375
480444.375
480298.78125
480154.09375
480008.53125
479877.84375
479727.46875
479580.78125
479438.9375
479300.8125
479152.21875
479013.15625
478877.96875
478736.0
478611.84375
478464.40625
478329.25
478185.78125
478050.6875
477921.5
477780.03125
477635.6875
477501.6875
477363.78125
477224.59375
477091.875
476970.90625
476827.09375
476691.96875
476554.25
476414.625
476286.53125
476156.34375
476023.5
475891.71875
475746.28125
475623.75
475486.5625
475356.34375
475238.0625
475091.625
474959.9375
474840.78125
474711.4375
474558.0625
474440.15625
474314.5
474183.09375
474065.46875
473928.5625
473809.0
473674.1875
473550.6875
473421.28125
473303.71875
473170.71875
473025.59375
472908.40625
472779.96875
472649.75
472532.9375
472408.8125
472292.3125
472151.34375
472018.0
471889.8125
471773.5
471645.65625
471522.90625
471398.5
471278.0
471151.65625
471024.8125
470901.28125
470783.34375
470663.0
470524.34375
470413.6875
470297.5
470177.75
470054.1875
469936.90625
469802.71875
469684.0625
469570.6875
469450.53125
469326.78125
469208.125
469085.59375
468955.6875
468836.1875
468723.25
468605.125
468475.0625
468357.0
468232.59375
468114.25
467990.71875
467870.625
467738.5
467605.375
467504.75
467385.125
467255.6875
467136.90625
467013.625
466881.34375
466760.46875
466642.28125
466514.75
466398.375
466264.84375
466145.40625
466022.09375
465896.9375
465783.53125
465664.03125
465540.125
465432.875
465314.40625
465186.84375
465077.40625
464956.53125
464853.0625
464733.09375
464615.0
464500.3125
464393.5
464273.0
464164.46875
464041.65625
463923.4375
463818.25
463693.03125
463581.1875
463478.40625
463339.78125
463228.40625
463113.625
463002.96875
462877.53125
462778.84375
462661.4375
462551.1875
462427.09375
462316.0
462199.4375
462091.78125
461978.03125
461854.75
461744.3125
461632.34375
461528.71875
461413.3125
461296.375
461187.5625
461083.5625
460979.375
460864.84375
460764.0625
460638.6875
460537.34375
460426.46875
460321.21875
460202.59375
460102.25
460009.71875
459892.84375
459781.53125
459680.4375
459570.09375
459467.9375
459363.21875
459255.71875
459142.25
459033.875
458929.3125
458821.15625
458717.53125
458618.375
458508.125
458403.875
458296.59375
458197.625
458089.46875
457982.375
457873.3125
457777.9375
457661.65625
457556.9375
457464.53125
457368.71875
457263.875
457150.59375
457064.0
456956.75
456855.59375
456750.96875
456649.6875
456521.71875
456437.40625
456339.15625
456229.59375
456127.625
456020.125
455930.3125
455834.3125
455734.78125
455637.6875
455528.03125
455428.53125
455327.6875
455234.8125
455124.5625
455024.125
454933.125
454835.46875
454728.40625
454633.875
454533.09375
454425.15625
454325.375
454224.375
454127.125
454027.78125
453933.53125
453826.78125
453735.65625
453628.625
453536.75
453451.53125
453349.65625
453234.28125
453145.46875
453045.625
452932.625
452845.4375
452749.46875
452663.0625
452561.34375
452461.5
452361.09375
452263.96875
452168.59375
452070.8125
451979.125
451867.21875
451774.84375
451693.5625
451580.375
451485.1875
451396.5625
451302.28125
451190.875
451109.65625
451008.21875
450916.25
450810.65625
450728.59375
450627.3125
450530.46875
450433.15625
450329.53125
450231.4375
450132.375
450043.71875
449962.3125
449850.625
449764.15625
449662.59375
449574.75
449482.96875
449385.0625
449289.3125
449191.625
449099.78125
449010.40625
448905.5
448820.03125
448720.90625
448627.1875
448537.28125
448447.09375
448354.5625
448254.78125
448172.34375
448077.84375
447992.0
447899.4375
447803.4375
447711.71875
447604.78125
447513.0625
447422.1875
447317.21875
447231.125
447154.0
447046.90625
446948.84375
446854.4375
446770.1875
446675.25
446590.5
446494.5
446397.5625
446300.03125
446213.4375
446129.0625
446037.46875
445942.96875
445853.8125
445764.1875
445656.25
445572.96875
445476.375
445408.3125
445302.4375
445200.9375
445117.6875
445028.625
444934.5
444844.9375
444754.5625
444661.84375
444562.9375
444472.4375
444391.25
444304.875
444217.65625
444123.03125
444032.34375
443943.25
443862.09375
443765.625
443672.75
443586.90625
443500.96875
443406.4375
443325.125
443236.84375
443151.4375
443055.03125
442971.9375
442882.25
442800.59375
442708.375
442617.4375
442524.5625
442439.46875
442359.75
442269.53125
442184.3125
442091.8125
442007.375
441919.8125
441831.1875
441742.125
441656.53125
441563.4375
441470.375
441384.34375
441300.4375
441221.875
441130.5
441049.09375
440959.1875
440862.375
440781.96875
440701.21875
440617.65625
440523.28125
440440.0
440350.0625
440265.46875
440175.625
440100.8125
440006.375
439919.71875
439833.6875
439746.1875
439655.375
439580.46875
439493.84375
439404.96875
439326.75
439241.71875
439153.40625
439072.34375
438989.625
438910.625
438821.125
438737.1875
438653.375
438566.625
438482.84375
438395.28125
438315.8125
438226.0625
438140.3125
438067.125
437990.53125
