14855.298828125
14852.810546875
14850.5546875
14848.5
14846.619140625
14844.9013671875
14843.3271484375
14841.884765625
14840.5654296875
14839.353515625
14838.244140625
14837.21875
14836.283203125
14835.4189453125
14834.623046875
14833.888671875
14833.208984375
14832.57421875
14831.982421875
14831.423828125
14830.896484375
14830.396484375
14829.919921875
14829.4599609375
14829.017578125
14828.5908203125
14828.171875
14827.767578125
14827.369140625
14826.9765625
14826.5888671875
14826.21484375
14825.841796875
14825.4736328125
14825.1142578125
14824.755859375
14824.40234375
14824.0556640625
14823.7099609375
14823.373046875
14823.0361328125
14822.7041015625
14822.3779296875
14822.0498046875
14821.7265625
14821.41015625
14821.09375
14820.78515625
14820.4814453125
14820.1796875
14819.8828125
14819.591796875
14819.306640625
14819.0234375
14818.7470703125
14818.4716796875
14818.203125
14817.9375
14817.6728515625
14817.41796875
14817.1630859375
14816.916015625
14816.671875
14816.431640625
14816.1953125
14815.9609375
14815.7333984375
14815.51171875
14815.29296875
14815.0791015625
14814.869140625
14814.662109375
14814.4609375
14814.263671875
14814.0703125
14813.87890625
14813.6953125
14813.513671875
14813.337890625
14813.1689453125
14813.0
14812.833984375
14812.6748046875
14812.513671875
14812.3603515625
14812.208984375
14812.0634765625
14811.91796875
14811.779296875
14811.6416015625
14811.5107421875
14811.37890625
14811.251953125
14811.130859375
14811.0078125
14810.88671875
14810.7744140625
14810.662109375
14810.552734375
14810.4462890625
14810.341796875
14810.240234375
14810.1416015625
14810.04296875
14809.94921875
14809.8583984375
14809.767578125
14809.6796875
14809.59375
14809.509765625
14809.4287109375
14809.345703125
14809.2685546875
14809.189453125
14809.1171875
14809.04296875
14808.9716796875
14808.8994140625
14808.833984375
14808.765625
14808.701171875
14808.6357421875
14808.5712890625
14808.5078125
14808.447265625
14808.388671875
14808.328125
14808.271484375
14808.2138671875
14808.15625
14808.1025390625
14808.0498046875
14807.994140625
14807.9404296875
14807.890625
14807.83984375
14807.7890625
14807.740234375
14807.69140625
14807.642578125
14807.595703125
14807.5458984375
14807.5
14807.451171875
14807.4052734375
14807.3603515625
14807.318359375
14807.2724609375
14807.2265625
14807.185546875
14807.140625
14807.09765625
14807.0546875
14807.015625
14806.970703125
14806.931640625
14806.892578125
14806.8505859375
14806.80859375
14806.7685546875
14806.73046875
14806.69140625
14806.6484375
14806.609375
14806.5703125
14806.53125
14806.49609375
14806.45703125
14806.41796875
14806.380859375
14806.34375
14806.3056640625
14806.2685546875
14806.2314453125
14806.1923828125
14806.1552734375
14806.1201171875
14806.083984375
14806.0458984375
14806.01171875
14805.974609375
14805.9404296875
14805.90625
14805.8720703125
14805.833984375
14805.80078125
14805.765625
14805.73046875
14805.697265625
14805.662109375
14805.6318359375
14805.595703125
14805.5634765625
14805.533203125
14805.5
14805.4658203125
14805.431640625
14805.4033203125
14805.3681640625
14805.3388671875
91078508544.0
1637719.375
157896096.0
32238650.0
9106411.0
2664434.75
1911385.625
1335510.375
811909.75
492431.8125
338644.40625
283406.3125
290477.875
346807.21875
452203.8125
613217.0625
837618.5625
1132737.0
1501921.25
1944342.375
2453256.75
3018608.25
3622958.5
4251514.5
4876223.0
5478584.5
6030750.0
6512708.0
6910227.5
7208338.0
7397085.0
7479635.0
7462539.5
7350827.5
7162399.5
6909031.0
6612039.5
6279826.0
5932093.0
5577090.5
5225282.0
4884720.0
4557565.0
4249632.5
3963241.25
3697190.5
3452096.75
3228239.25
3023001.5
2836719.0
2667680.5
2513231.0
2372924.75
2246113.5
2130532.5
2025413.875
1929487.5
1841966.125
1762755.875
1689768.375
1623216.875
1562148.5
1505666.25
1453557.25
1406046.875
1361855.0
1320928.125
1282801.625
1247759.25
1214724.125
1184110.0
1155390.125
1128775.75
1103290.0
1079814.25
1057421.0
1036351.4375
1016567.1875
997872.875
979919.625
963062.3125
946948.1875
931767.4375
917266.3125
903264.5
890305.0
877479.5625
865271.25
853625.6875
842476.0
831616.75
821249.9375
811286.625
801516.25
792147.1875
783330.5
774641.4375
766147.875
758079.6875
750230.4375
742293.125
735049.75
727766.125
720716.625
713889.875
707100.625
700539.1875
694217.75
688008.75
681955.875
676137.6875
670346.75
664725.9375
659316.625
653871.3125
648717.375
643410.3125
638459.8125
633556.375
628577.375
623934.6875
619252.75
614616.625
610180.4375
605893.1875
601484.5
597302.125
593267.5625
589177.9375
585187.625
581269.3125
577413.75
573694.0
569949.5
566209.4375
562652.5
559045.75
555570.0625
552141.4375
548750.9375
545396.0
542135.875
538952.75
535745.6875
532567.4375
529506.5
526442.125
523381.4375
520499.375
517607.78125
514673.90625
511891.40625
509122.09375
506415.21875
503656.4375
501086.125
498397.875
495780.90625
493223.09375
490696.625
488266.4375
485734.8125
483248.25
480940.78125
478457.96875
476175.96875
473860.90625
471557.875
469304.1875
467112.5
464911.0625
462703.34375
460546.8125
458388.28125
456291.25
454278.75
452180.65625
450088.09375
448186.3125
446181.84375
444253.5625
442318.78125
440407.0625
438540.5625
436687.90625
434924.34375
433134.75
431293.6875
429603.0
427810.8125
426104.4375
424412.03125
422720.0625
421059.875
419436.4375
417777.8125
416155.6875
414573.0
413014.53125
411375.9375
409832.53125
408256.8125
406794.3125
405232.0
403803.5
402320.15625
400810.75
399368.5625
397878.0
396515.25
395100.125
393688.3125
392327.09375
390968.78125
389636.40625
388292.625
386913.6875
385623.46875
384294.875
383022.25
381687.9375
380479.8125
379171.875
377963.71875
376690.53125
375459.875
374268.34375
373027.25
371828.1875
370695.6875
369465.875
368342.21875
367201.40625
366030.1875
364870.65625
363761.09375
362666.5625
361516.90625
360426.8125
359356.3125
358279.34375
357204.40625
356106.125
355048.40625
353991.0625
353010.375
351931.9375
350918.15625
349946.78125
348995.625
348014.3125
346975.84375
346093.625
345132.15625
344181.53125
343200.0
342257.21875
341350.78125
340417.84375
339532.71875
338615.375
337705.90625
336824.0625
335945.84375
335045.59375
334201.125
333355.3125
332484.875
331613.71875
330752.6875
329944.40625
329103.875
328292.9375
327462.625
326620.03125
325844.5625
325009.15625
324195.0
323407.375
322598.40625
321821.90625
321075.03125
320322.03125
319533.15625
318745.5625
318006.8125
317256.40625
316495.53125
315765.96875
314984.5
314284.1875
313558.40625
312831.40625
312111.875
311383.09375
310670.5625
309997.0
309298.3125
308594.21875
307913.0625
307211.46875
306537.40625
305855.53125
305143.625
304498.78125
303830.25
303174.03125
302478.8125
301845.40625
301177.28125
300547.59375
299926.15625
299253.5
298597.75
297995.9375
297367.9375
296743.0625
296110.09375
295494.40625
294913.96875
294295.03125
293704.21875
293079.78125
292493.90625
291917.5
291296.0625
290723.84375
290110.625
289553.34375
288960.3125
288402.0
287821.125
287229.875
286675.53125
286113.65625
285563.625
285011.78125
284484.0625
283887.59375
283368.34375
282800.09375
282266.1875
281737.0625
281179.0625
280672.65625
280141.8125
279593.53125
279098.5625
278550.96875
278005.375
277504.03125
277009.6875
276506.875
275978.625
275473.875
275001.65625
274472.90625
273997.75
273483.65625
272988.59375
272500.21875
272037.8125
271547.75
271028.71875
270589.6875
270097.3125
269666.375
269207.5625
268715.25
268258.5
267789.8125
267331.3125
266896.25
266427.28125
265935.8125
265511.0
265089.6875
264634.09375
264176.90625
263748.84375
263295.21875
262857.53125
262435.875
261987.484375
261555.40625
261169.203125
260705.5625
260277.0625
259894.078125
259457.703125
259050.859375
258616.703125
258216.453125
257817.953125
257427.84375
257012.953125
256623.3125
256228.75
255817.28125
255439.546875
255017.984375
254647.21875
254273.828125
253892.328125
253491.0
253107.734375
252704.953125
252309.828125
251961.734375
251585.65625
251181.234375
250784.21875
250426.15625
250046.5625
249678.984375
249329.28125
248964.984375
248570.859375
248210.859375
247834.921875
247493.484375
247137.546875
246762.859375
246378.5625
246032.171875
245663.4375
245327.328125
244996.890625
244631.265625
244276.125
243924.875
243556.453125
243225.578125
242869.59375
242542.953125
242197.578125
241865.4375
241532.0
241168.21875
240857.984375
240496.703125
240174.53125
239839.234375
239515.640625
239173.1875
238844.875
238521.8125
238194.625
237853.109375
237524.953125
237207.328125
236894.578125
236587.375
236245.0
235931.765625
235613.78125
235307.34375
234995.328125
234683.78125
234379.171875
234022.28125
233715.8125
233407.078125
233106.515625
232806.1875
232474.53125
232156.34375
231868.953125
231547.71875
231260.5625
230954.875
230618.109375
230359.9375
230045.578125
229759.25
229451.78125
229159.5625
228848.828125
228552.46875
228275.765625
227971.953125
227684.5
227416.359375
227112.265625
226801.140625
226518.578125
226233.6875
225970.546875
225651.609375
225380.3125
225098.84375
224800.046875
224548.921875
224262.0
223970.34375
223689.59375
223402.0625
223154.75
222863.984375
222578.21875
222304.65625
222040.59375
221769.421875
221483.484375
221225.046875
220946.6875
220677.796875
220405.0
220133.53125
219865.171875
219572.9375
219337.953125
219061.6875
218780.5
218503.34375
218254.078125
218009.4375
217730.46875
217483.234375
217220.53125
216971.546875
216720.84375
216447.96875
216171.625
215920.90625
215680.40625
215434.90625
215146.71875
214907.84375
214676.328125
214416.59375
214157.234375
213906.1875
213643.21875
213388.390625
213167.6875
212894.859375
212662.578125
212429.859375
212164.453125
211912.453125
211684.390625
211446.03125
211209.96875
210928.53125
210695.046875
210438.703125
210227.3125
209993.671875
209736.453125
209485.640625
209257.890625
209021.640625
208768.59375
208541.796875
208314.203125
208034.921875
207815.34375
207575.25
207345.46875
207119.921875
206862.21875
206631.34375
206398.109375
206182.4375
205955.15625
205726.75
205449.53125
205256.015625
205017.34375
204787.703125
204550.671875
204335.140625
204114.828125
203880.453125
203650.625
203407.59375
203199.78125
202971.3125
202740.28125
202520.203125
202296.65625
202087.75
201857.75
201615.515625
201421.703125
201196.5625
200984.34375
200767.0625
200562.0
200318.703125
200104.25
199879.515625
199675.3125
199452.328125
199223.640625
199002.609375
198817.578125
198598.34375
198386.328125
198175.46875
197955.25
197742.890625
197528.703125
197325.234375
197121.0
196903.5625
196676.53125
196464.953125
196273.4375
196046.4375
195849.234375
195629.015625
195421.609375
195211.65625
194992.0
194795.03125
194617.125
194357.171875
194159.4375
193948.875
193764.65625
193557.734375
193360.578125
193123.265625
192930.359375
192732.96875
192530.25
192318.671875
192127.125
191917.890625
191694.75
191505.890625
191312.296875
191100.265625
190893.90625
190691.0
190496.234375
190302.15625
190097.90625
189906.734375
189705.5625
189491.640625
189295.03125
189091.65625
188923.53125
188711.296875
188496.21875
188307.078125
188123.703125
187928.390625
187734.4375
187527.90625
187329.625
187147.328125
186952.328125
186766.53125
186563.375
186350.6875
186177.140625
185969.703125
185794.140625
185588.40625
185389.828125
185202.203125
185014.65625
184813.046875
184646.09375
184465.921875
184269.25
184064.90625
183863.65625
183691.015625
183505.71875
183309.90625
183098.171875
182939.234375
182752.625
182566.375
182368.15625
182202.25
182008.609375
181840.78125
181645.84375
181470.765625
181292.0625
181104.140625
180916.8125
180734.203125
180554.90625
180373.578125
180209.171875
180020.546875
179833.328125
179660.75
179485.953125
179311.859375
179126.390625
178941.953125
178769.546875
178606.546875
178411.40625
178248.3125
178074.53125
177877.640625
177694.46875
177537.140625
177356.359375
177184.828125
177010.578125
176807.90625
176635.046875
176465.65625
176305.265625
176149.34375
175960.3125
175775.65625
175599.578125
175445.625
175259.703125
175099.1875
174939.984375
174741.125
174572.609375
174392.28125
174235.5
174061.21875
173888.0625
173722.5625
173556.140625
173377.296875
173209.09375
173052.265625
172863.875
172706.984375
172534.046875
172379.453125
172207.78125
172028.421875
171856.234375
171705.875
171533.875
171362.609375
171207.703125
171051.328125
170871.46875
170708.53125
170549.859375
170396.96875
170230.609375
170070.265625
169890.046875
169726.6875
169568.171875
169413.015625
169261.984375
169084.421875
168937.125
168765.390625
168599.859375
168429.59375
168296.5
168119.578125
167945.953125
167776.96875
167617.0
167455.796875
167307.640625
167134.859375
166973.0
166808.171875
166645.75
166500.65625
166345.53125
166171.4375
166015.8125
165856.765625
165704.8125
165530.390625
165387.078125
165218.46875
165066.421875
164920.296875
164755.921875
164594.5
164437.140625
164292.0
164128.28125
163969.296875
163826.296875
163683.28125
163516.859375
163362.84375
163209.0625
163052.125
162891.0
162743.6875
162588.984375
162438.03125
162274.609375
162155.90625
161997.28125
161843.09375
161676.015625
161535.1875
161383.390625
161234.046875
161107.359375
160947.21875
160783.71875
160637.9375
160494.765625
160347.328125
160189.96875
160065.109375
159895.328125
159736.8125
159588.46875
159441.234375
159296.71875
159140.234375
159017.96875
158864.515625
158703.1875
158573.765625
158413.890625
158260.515625
158101.890625
157987.46875
157825.0
157670.859375
157535.125
157391.234375
157235.96875
157077.796875
156960.5625
156809.578125
156662.90625
156526.796875
156367.75
156229.078125
156078.734375
155952.5625
155808.9375
155638.078125
155515.796875
155365.765625
155217.703125
155101.296875
154951.34375
154801.671875
154651.484375
154522.25
154382.578125
154232.5625
154102.84375
153942.203125
153791.109375
153674.28125
153537.3125
153392.75
153245.4375
153107.046875
152968.78125
152829.953125
152697.609375
152561.171875
152408.78125
152269.59375
152138.359375
152006.390625
151860.953125
151734.390625
151580.203125
151445.421875
151316.0625
151174.640625
151045.578125
150894.640625
150759.3125
150605.796875
150465.171875
150358.5
150226.0
150093.625
149942.53125
149814.546875
149662.125
149528.5
149392.46875
149278.796875
149127.953125
148994.625
148866.53125
148729.921875
148612.234375
148475.28125
148331.125
148208.265625
148070.90625
147926.84375
147783.8125
147657.96875
147506.140625
147386.21875
147260.484375
147135.75
146996.546875
146881.90625
146720.796875
146601.625
146468.515625
146346.3125
146208.484375
146064.828125
145930.015625
145795.03125
145681.203125
145556.859375
145436.5
145293.328125
145167.125
145041.5
144920.171875
144758.296875
144645.53125
144497.90625
144383.546875
144251.65625
144127.453125
143995.765625
143864.625
143720.25
143614.203125
143484.625
143344.375
143234.171875
143112.5625
142979.578125
142837.4375
142709.515625
142595.28125
142473.4375
142333.09375
142197.78125
142071.71875
141947.140625
141818.078125
141705.765625
141575.390625
141453.84375
141327.875
141214.234375
141083.796875
140954.265625
140846.65625
140710.4375
140590.046875
140463.390625
140345.9375
140225.484375
140089.5
139966.546875
139839.890625
139726.53125
139596.578125
139486.90625
139356.78125
139211.5
139109.296875
138979.140625
138866.25
138750.484375
138628.265625
138501.6875
138372.171875
138251.8125
138144.515625
138025.96875
137900.609375
137780.53125
137670.0625
137534.125
137414.9375
137293.84375
137180.671875
137059.1875
136944.46875
136811.03125
136692.640625
136579.46875
136475.015625
136349.03125
136219.09375
136108.65625
136001.5
135872.15625
135762.984375
135628.3125
135510.359375
135391.65625
135294.046875
135214.046875
135140.109375
135049.28125
134967.25
134883.625
134801.375
134725.5
134637.171875
134545.140625
134474.734375
134402.15625
134324.234375
134227.015625
134149.015625
134065.203125
133992.109375
133918.828125
133837.4375
133743.34375
133658.65625
133580.828125
133497.75
133420.953125
133341.6875
133255.6875
133171.125
133099.453125
133026.890625
132946.640625
132862.109375
132777.578125
132695.109375
132607.3125
132544.828125
132462.40625
132389.625
132305.734375
132204.984375
132146.671875
132066.9375
131992.90625
131900.6875
131826.3125
131748.796875
131677.09375
131603.8125
131505.390625
131423.53125
131355.90625
131280.71875
131204.390625
131123.28125
131041.765625
130958.5859375
130881.34375
130801.0625
130728.9375
130654.5390625
130588.9296875
130491.2890625
130415.8984375
130336.5703125
130257.390625
130175.1953125
130098.953125
130016.65625
129950.6328125
129873.84375
129792.0234375
129719.078125
129636.484375
129554.9453125
129485.4296875
129404.5234375
129327.0390625
129250.890625
129167.8046875
129097.578125
129020.8359375
128945.6171875
128866.109375
128795.8515625
128713.3515625
128635.234375
128551.9375
128490.3203125
128399.7734375
128332.75
128236.90625
128174.3828125
128090.3671875
128027.9375
127944.859375
127862.3125
127788.8515625
127706.765625
127646.4140625
127552.8671875
127483.7734375
127401.7421875
127321.609375
127261.6328125
127180.7421875
127113.8671875
127020.7734375
126931.2890625
126865.265625
126799.453125
126725.0625
126653.2265625
126572.2109375
126493.75
126417.984375
126356.953125
126274.828125
126194.640625
126109.453125
126031.7421875
125968.0546875
125898.296875
125825.953125
125744.8046875
125659.09375
125581.4296875
125520.9609375
125445.453125
125362.5078125
125298.6171875
125208.609375
125140.109375
125072.046875
124998.578125
124909.4609375
124849.03125
124764.3046875
124696.390625
124617.34375
124554.1640625
124469.3515625
124391.21875
124318.15625
124248.640625
124173.15625
124100.09375
124028.953125
123957.9140625
123877.4296875
123801.6171875
123729.015625
123641.046875
123571.0703125
123504.2578125
123432.109375
123363.7265625
123283.734375
123216.0390625
123134.515625
123055.359375
122992.0546875
122922.5703125
122838.21875
122768.2109375
122703.3125
122628.453125
122563.203125
122472.5625
122395.3203125
122326.046875
122264.03125
122197.84375
122128.96875
122041.21875
121975.3515625
121898.609375
121827.65625
121763.046875
121676.2734375
121607.6328125
121536.8125
121473.421875
121407.0078125
121322.03125
121249.125
121174.390625
121108.828125
121038.8203125
120971.59375
120881.609375
120818.4296875
120746.8984375
120666.2578125
120600.9609375
120531.25
120454.4609375
120388.8515625
120327.515625
120252.6640625
120186.96875
120102.4765625
120026.53125
119965.8671875
119897.859375
119825.65625
119745.34375
119684.7578125
119604.125
119534.8203125
119467.625
119390.0078125
119317.421875
119243.5078125
119186.7265625
119107.15625
119045.46875
118977.984375
118890.8203125
118836.5078125
118754.5078125
118699.3828125
118619.2890625
118542.625
118488.09375
118408.1171875
118349.234375
118260.296875
118189.140625
118118.125
118056.1171875
117980.0625
117920.4765625
117848.3984375
117778.8046875
117698.1015625
117638.5
117576.34375
117503.1171875
117428.9140625
117369.1953125
117286.9296875
117234.8984375
117151.7890625
117077.171875
117015.171875
116942.28125
116877.328125
116807.6171875
116743.0703125
116671.78125
116606.9609375
116534.6484375
116460.3125
116405.0234375
116326.3359375
116267.21875
116191.46875
116127.7421875
116056.765625
115979.15625
115912.1875
115854.453125
115783.8828125
115719.6015625
115644.6875
115582.7734375
115504.6875
115442.6875
115368.125
115304.8125
115228.6796875
115165.5625
115100.953125
115037.3515625
114967.7421875
114902.0
114827.7109375
114757.609375
114687.5234375
114629.8125
114568.0234375
114497.328125
114424.859375
114350.1484375
114292.515625
114210.1640625
114154.6875
114083.9453125
114025.671875
113957.2265625
113891.4921875
113820.65625
113753.4296875
113687.75
113618.515625
113541.3203125
113494.109375
113409.4375
113352.6953125
113288.71875
113224.0859375
113164.8671875
113080.5625
113024.765625
112954.6015625
112890.890625
112822.0625
112750.390625
112693.6328125
112622.7265625
112555.171875
112493.984375
112427.78125
112353.8671875
112286.2109375
112221.6484375
112164.5234375
112105.3359375
112020.5859375
111959.765625
111900.75
111837.5
111769.015625
111704.984375
111634.6171875
111561.78125
111511.3671875
111452.5703125
111376.7109375
111302.0390625
111251.640625
111195.359375
111144.8984375
111070.546875
110982.734375
110931.421875
110869.4765625
110784.9140625
110735.90625
110665.2734375
110598.203125
110534.7421875
110476.1875
110406.78125
110354.140625
110261.125
110208.5078125
110147.6328125
110079.96875
110016.6484375
109951.0390625
109893.25
109818.9296875
109755.1796875
109694.765625
109635.828125
109564.0703125
109507.8828125
109438.421875
109372.375
109314.1796875
109234.03125
109173.859375
109114.140625
109062.1015625
108994.6640625
108924.6640625
108866.234375
108805.953125
108734.78125
108672.3515625
108601.46875
108541.234375
108484.3984375
108430.390625
108368.03125
108306.6171875
108224.3828125
108169.1640625
108105.6796875
108055.6171875
107985.4296875
107920.421875
107854.2265625
107800.0390625
107747.25
107674.0
107608.5390625
107551.6953125
107486.921875
107433.125
107374.8671875
107300.6953125
107242.625
107174.875
107123.3359375
107061.3828125
107004.453125
106928.140625
106875.4296875
106814.828125
106759.3515625
106697.1953125
106633.5
106564.921875
106502.609375
106446.921875
106389.078125
106329.109375
106263.1796875
106205.8359375
106135.515625
106068.4921875
106022.40625
105950.7265625
105896.6484375
105832.0546875
105785.3671875
105718.25
105660.78125
105586.96875
105528.390625
105466.5625
105407.078125
105354.9375
105278.984375
105222.9140625
105172.875
105100.7265625
105045.5
104992.1796875
104922.2734375
104872.3515625
104806.8046875
104760.7734375
104691.2890625
104624.8203125
104561.3984375
104499.5390625
104444.0859375
104381.828125
104334.984375
104269.578125
104214.9375
104158.046875
104085.1328125
104028.6875
103962.765625
103911.7890625
103856.84375
103801.4375
103737.796875
103688.5390625
103622.6796875
103565.0859375
103498.0390625
103441.140625
103388.7578125
103328.15625
103268.8125
103206.6171875
103158.640625
103092.0703125
103021.6484375
102973.4296875
102907.0078125
102856.4453125
102789.5859375
102735.1796875
102665.7421875
102609.140625
102549.0703125
102488.453125
102447.34375
102367.0703125
102308.65625
102253.703125
102208.2890625
102139.4375
102085.046875
102021.84375
101971.140625
101907.21875
101851.25
101793.3515625
101728.7265625
101671.78125
101613.78125
101548.078125
101506.046875
101453.375
101390.578125
101333.84375
101286.3984375
101234.3515625
101164.015625
101094.765625
101042.5
100990.515625
100929.03125
100874.921875
100825.046875
100764.1796875
100699.0390625
100636.8125
100583.2578125
100526.21875
100469.578125
100409.4140625
100358.1640625
100309.2890625
100254.8203125
100193.3125
100127.4140625
100083.4375
100022.1875
99973.859375
99914.953125
99867.078125
99801.2578125
99740.8515625
99683.875
99625.890625
99570.8515625
99509.4140625
99450.5078125
99397.5078125
99351.9296875
99294.1953125
99235.0
99177.1796875
99127.125
99067.4296875
99010.6484375
98954.0390625
98900.2578125
98844.2109375
98786.609375
98726.9609375
98679.3828125
98617.34375
98564.921875
98513.3125
98461.09375
98405.953125
98343.96875
98281.5234375
98235.6640625
98178.1953125
98133.9375
98071.421875
98016.984375
97970.9921875
97914.234375
97859.53125
97803.25
97744.90625
97689.0859375
97643.6484375
97588.4296875
97534.21875
97473.6796875
97418.6171875
97363.21875
97307.5625
97252.28125
97200.9453125
97138.546875
97079.8515625
97031.1640625
96976.1875
96923.0625
96860.921875
96809.3046875
96753.609375
96692.6796875
96648.9140625
96585.59375
96537.9375
96477.9140625
96426.9296875
96374.6484375
96312.0
96273.296875
96208.4453125
96158.1953125
96109.5703125
96052.2578125
96012.4765625
95951.9921875
95891.6484375
95836.8984375
95786.515625
95740.5234375
95685.546875
95638.328125
95585.28125
95524.5703125
95475.6328125
95425.21875
95368.5390625
95311.3359375
95257.53125
95208.5078125
95155.28125
95102.546875
95043.65625
94986.546875
94938.9609375
94893.1953125
94840.359375
94796.03125
94738.3125
94686.640625
94636.546875
94580.953125
94529.7578125
94474.1796875
94415.4375
94371.6875
94321.7734375
94269.6796875
94225.1484375
94175.609375
94113.8515625
94065.40625
94011.359375
93964.1171875
93910.890625
93855.375
93810.4375
93754.78125
93699.140625
93650.8671875
93599.328125
93538.9765625
93485.203125
93430.4609375
93387.953125
93338.2734375
93284.875
93229.09375
93180.421875
93129.265625
93081.65625
93025.3203125
92972.125
92924.875
92868.5
92819.765625
92773.859375
92727.421875
92673.59375
92622.9453125
92566.25
92512.765625
92474.5390625
92408.4453125
92359.234375
92312.875
92262.03125
92216.9765625
92167.8125
92112.1015625
92069.046875
92007.09375
91966.34375
91905.1953125
91869.0546875
91804.65625
91762.4296875
91708.3125
91662.046875
91611.171875
91556.6640625
91502.4375
91459.6328125
91409.2890625
91358.765625
91315.484375
91264.953125
91211.5234375
91152.84375
91104.25
91061.109375
91013.3671875
90954.4453125
90902.171875
90855.140625
90808.6171875
90770.6875
90706.0234375
90652.3671875
90602.1484375
90561.96875
90504.8515625
90466.9375
90413.8359375
90354.765625
90310.8203125
90269.28125
90216.5859375
90165.8125
90116.1484375
90074.2265625
90024.03125
89973.2578125
89930.1328125
89879.0390625
89824.296875
89774.5234375
89720.0546875
89681.515625
89626.7109375
89587.1953125
89541.609375
89488.8359375
89440.7109375
89387.7265625
89343.1015625
89293.3203125
89250.359375
89200.15625
89153.6171875
89109.421875
89053.59375
88999.28125
88958.953125
88906.84375
88863.65625
88823.0625
88771.2734375
88728.5703125
88668.515625
88622.6484375
88569.0625
88527.984375
88480.453125
88437.2421875
88391.0703125
88335.390625
88290.484375
88245.328125
88198.703125
88146.4375
88096.09375
88043.65625
87997.2265625
87949.78125
87903.390625
87857.984375
87807.6015625
87754.515625
87715.7265625
87666.3515625
87622.2109375
87575.59375
87529.25
87480.0625
87430.8984375
87384.5859375
87336.109375
87294.390625
87248.1640625
87197.53125
87155.375
87112.5546875
87068.90625
87016.125
86967.0234375
86916.8671875
86880.6015625
86821.53125
86774.65625
86730.40625
86680.4765625
86635.9765625
86587.0390625
86543.796875
86503.0546875
86456.171875
86405.953125
86364.96875
86322.171875
86273.953125
86224.9921875
86175.078125
86123.6796875
86076.671875
86038.359375
85984.765625
85945.3984375
85898.109375
85857.828125
85802.6875
85758.1015625
85706.6015625
85673.90625
85631.4609375
85592.875
85543.6640625
85493.375
85443.0
85404.5703125
85360.6640625
85310.2890625
85265.5703125
85211.7265625
85170.2109375
85129.1640625
85079.921875
85030.9140625
84983.21875
84943.2578125
84893.6953125
84847.9140625
84804.9375
84760.3828125
84722.34375
84665.296875
84626.921875
84579.5
84538.3125
84487.03125
84446.0
84395.625
84359.546875
84310.1640625
84260.2109375
84228.78125
84184.4375
84126.109375
84091.8828125
84050.8125
84007.8125
83962.4765625
83916.203125
83876.4296875
83822.15625
83779.4140625
83741.4921875
83695.703125
83653.1953125
83607.2578125
83558.5078125
83516.65625
83473.1015625
83430.40625
83382.0390625
83339.0
83289.953125
83243.625
83206.1875
83164.546875
83114.328125
83067.4375
83020.421875
82982.3046875
82936.859375
82893.4375
82849.609375
82816.3046875
82766.484375
82714.078125
82679.0
82633.4375
82592.59375
82550.640625
82501.9765625
82457.921875
82419.0078125
82367.375
82333.2890625
82288.453125
82248.2265625
82208.8515625
82164.421875
82117.3515625
82078.734375
82038.828125
81992.140625
81945.1484375
81908.0703125
81867.0703125
81824.46875
81779.65625
81735.71875
81686.65625
81643.5703125
81596.53125
81557.6015625
81523.5546875
81472.84375
81431.796875
81386.390625
81347.3359375
81306.609375
81266.9375
81232.21875
81183.8046875
81146.828125
81092.9609375
81058.859375
81026.453125
80984.4453125
80945.6640625
80893.6796875
80853.6640625
80803.8671875
80766.796875
80725.3125
80687.0625
80653.640625
80605.8671875
80560.625
80513.21875
80472.3515625
80431.5546875
80387.9921875
80352.4375
80302.609375
80260.625
80224.6796875
80175.4765625
80136.6796875
80085.8203125
80052.7890625
80000.203125
79964.3203125
79930.671875
79885.34375
79846.8046875
79802.96875
79758.625
79718.0390625
79678.4765625
79632.1796875
79595.625
79555.1640625
79514.2109375
79472.921875
79429.5234375
79387.171875
79349.421875
79311.7109375
79271.5703125
79235.28125
79186.6796875
79151.3046875
79105.6015625
79065.6953125
79031.5078125
78990.1171875
78953.3984375
78907.8203125
78861.03125
78833.25
78787.296875
78748.5546875
78704.234375
78661.1171875
78628.8671875
78590.921875
78544.5234375
78497.171875
78463.1484375
78431.4140625
78373.5859375
78338.2890625
78296.0078125
78258.4921875
78217.2109375
78183.46875
78142.4296875
78100.4765625
78061.1484375
78024.4453125
77985.6875
77947.4375
77903.4375
77866.21875
77825.203125
77790.4140625
77757.8515625
77708.578125
77674.1953125
77629.296875
77594.828125
77553.921875
77517.3125
77474.8828125
77440.4609375
77405.1328125
77355.7109375
77326.3203125
77287.453125
77259.0546875
77218.765625
77177.34375
77140.2109375
