14855.298828125
14852.810546875
14850.5546875
14848.5
14846.619140625
14844.9013671875
14843.3271484375
14841.884765625
14840.5654296875
14839.353515625
14838.244140625
14837.21875
14836.283203125
14835.4189453125
14834.623046875
14833.888671875
14833.208984375
14832.57421875
14831.982421875
14831.423828125
14830.896484375
14830.396484375
14829.919921875
14829.4599609375
14829.017578125
14828.5908203125
14828.171875
14827.767578125
14827.369140625
14826.9765625
14826.5888671875
14826.21484375
14825.841796875
14825.4736328125
14825.1142578125
14824.755859375
14824.40234375
14824.0556640625
14823.7099609375
14823.373046875
14823.0361328125
14822.7041015625
14822.3779296875
14822.0498046875
14821.7265625
14821.41015625
14821.09375
14820.78515625
14820.4814453125
14820.1796875
14819.8828125
14819.591796875
14819.306640625
14819.0234375
14818.7470703125
14818.4716796875
14818.203125
14817.9375
14817.6728515625
14817.41796875
14817.1630859375
14816.916015625
14816.671875
14816.431640625
14816.1953125
14815.9609375
14815.7333984375
14815.51171875
14815.29296875
14815.0791015625
14814.869140625
14814.662109375
14814.4609375
14814.263671875
14814.0703125
14813.87890625
14813.6953125
14813.513671875
14813.337890625
14813.1689453125
14813.0
14812.833984375
14812.6748046875
14812.513671875
14812.3603515625
14812.208984375
14812.0634765625
14811.91796875
14811.779296875
14811.6416015625
14811.5107421875
14811.37890625
14811.251953125
14811.130859375
14811.0078125
14810.88671875
14810.7744140625
14810.662109375
14810.552734375
14810.4462890625
14810.341796875
14810.240234375
14810.1416015625
14810.04296875
14809.94921875
14809.8583984375
14809.767578125
14809.6796875
14809.59375
14809.509765625
14809.4287109375
14809.345703125
14809.2685546875
14809.189453125
14809.1171875
14809.04296875
14808.9716796875
14808.8994140625
14808.833984375
14808.765625
14808.701171875
14808.6357421875
14808.5712890625
14808.5078125
14808.447265625
14808.388671875
14808.328125
14808.271484375
14808.2138671875
14808.15625
14808.1025390625
14808.0498046875
14807.994140625
14807.9404296875
14807.890625
14807.83984375
14807.7890625
14807.740234375
14807.69140625
14807.642578125
14807.595703125
14807.5458984375
14807.5
14807.451171875
14807.4052734375
14807.3603515625
14807.318359375
14807.2724609375
14807.2265625
14807.185546875
14807.140625
14807.09765625
14807.0546875
14807.015625
14806.970703125
14806.931640625
14806.892578125
14806.8505859375
14806.80859375
14806.7685546875
14806.73046875
14806.69140625
14806.6484375
14806.609375
14806.5703125
14806.53125
14806.49609375
14806.45703125
14806.41796875
14806.380859375
14806.34375
14806.3056640625
14806.2685546875
14806.2314453125
14806.1923828125
14806.1552734375
14806.1201171875
14806.083984375
14806.0458984375
14806.01171875
14805.974609375
14805.9404296875
14805.90625
14805.8720703125
14805.833984375
14805.80078125
14805.765625
14805.73046875
14805.697265625
14805.662109375
14805.6318359375
14805.595703125
14805.5634765625
14805.533203125
14805.5
14805.4658203125
14805.431640625
14805.4033203125
14805.3681640625
14805.3388671875
10221583.0
494155.375
138483.875
91895.625
110025.4140625
75981.5078125
71594.1171875
70732.4375
72488.1484375
75291.703125
76445.953125
74170.15625
70911.1484375
69112.3125
68009.25
66094.03125
64262.0859375
62783.17578125
61563.2265625
60506.734375
59529.76171875
58575.9609375
57602.40234375
56581.6328125
55468.42578125
54226.90234375
52864.8984375
51444.09375
50029.3515625
48674.234375
47402.796875
46211.34765625
45101.84375
44059.671875
43090.52734375
42189.9765625
41341.15234375
40547.8046875
39810.4296875
39118.53515625
38456.45703125
37824.33984375
37223.2734375
36653.4140625
36113.4765625
35599.39453125
35109.3984375
34635.76171875
34180.671875
33747.46875
33333.796875
32939.4453125
32555.51171875
32184.46875
31818.6953125
31461.4375
31114.283203125
30779.025390625
30449.19140625
30123.962890625
29807.72265625
29504.2265625
29212.6953125
28930.99609375
28658.2421875
28396.224609375
28146.5546875
27910.630859375
27690.46875
27480.73828125
27268.248046875
27054.94921875
26848.75
26651.68359375
26463.138671875
26280.822265625
26102.67578125
25927.79296875
25756.591796875
25589.771484375
25427.83203125
25271.21875
25119.640625
24972.7109375
24829.9375
24690.296875
24552.84765625
24417.482421875
24284.646484375
24154.98046875
24028.62109375
23905.61328125
23785.4453125
23667.0546875
23550.322265625
23435.537109375
23322.9375
23212.296875
23103.2421875
22996.2265625
22891.47265625
22788.765625
22687.978515625
22589.15234375
22491.912109375
22396.064453125
22301.80859375
22209.115234375
22117.587890625
22027.134765625
21937.95703125
21850.13671875
21763.337890625
21677.701171875
21593.18359375
21509.779296875
21427.3671875
21346.16796875
21266.06640625
21186.953125
21108.697265625
21031.359375
20954.9921875
20879.51953125
20804.96875
20731.298828125
20658.58203125
20586.58203125
20515.28125
20444.830078125
20375.12890625
20306.09765625
20237.7890625
20170.228515625
20103.34375
20037.24609375
19971.78515625
19907.052734375
19843.0390625
19779.75390625
19717.146484375
19655.21875
19594.052734375
19533.49609375
19473.640625
19414.4375
19355.947265625
19298.1171875
19241.01171875
19184.556640625
19128.71484375
19073.6171875
19019.263671875
18965.572265625
18912.296875
18859.337890625
18807.056640625
18755.69140625
18704.9609375
18654.443359375
18604.48828125
18555.45703125
18507.203125
18459.16796875
18411.09375
18363.17578125
18316.5078125
18270.478515625
18224.171875
18178.51953125
18133.7734375
18088.875
18044.39453125
18000.71484375
17956.98046875
17913.52734375
17870.861328125
17828.24609375
17785.75390625
17743.263671875
17701.0
17660.517578125
17620.47265625
17580.517578125
17540.107421875
17500.5390625
17461.56640625
17422.70703125
17384.87890625
17347.564453125
17310.02734375
17270.9140625
17232.71484375
17196.0625
17159.94140625
17123.873046875
17087.333984375
17050.951171875
17015.11328125
16980.412109375
16945.96484375
16910.59375
16875.62109375
16841.48046875
16807.849609375
16773.88671875
16739.84375
16706.61328125
16673.736328125
16640.77734375
16608.009765625
16575.298828125
16543.23046875
16511.3125
16479.240234375
16447.58984375
16416.197265625
16384.947265625
16353.8369140625
16322.8173828125
16292.21875
16261.751953125
16231.2744140625
16201.109375
16171.201171875
16141.4208984375
16111.8525390625
16082.376953125
16053.2216796875
16024.201171875
15995.265625
15966.7421875
15938.759765625
15911.046875
15883.3037109375
15855.8779296875
15828.43359375
15800.556640625
15771.31640625
15742.673828125
15715.755859375
15689.234375
15662.072265625
15634.388671875
15607.384765625
15581.1357421875
15554.794921875
15528.322265625
15501.923828125
15475.765625
15449.841796875
15423.962890625
15398.09765625
15372.5234375
15347.125
15321.908203125
15296.666015625
15271.5166015625
15246.5869140625
15221.96484375
15197.3017578125
15172.5
15147.91015625
15123.5771484375
15099.390625
15075.1953125
15051.12109375
15027.267578125
15003.59375
14980.1337890625
14957.080078125
14934.8955078125
14913.130859375
14891.3681640625
14866.025390625
14839.8017578125
14816.51953125
14795.904296875
14774.1279296875
14749.453125
14725.6845703125
14704.458984375
14683.01953125
14660.0068359375
14637.3369140625
14616.220703125
14595.076171875
14572.708984375
14551.494140625
14530.625
14509.537109375
14487.1416015625
14465.91796875
14445.3408203125
14424.447265625
14403.494140625
14383.267578125
14363.2265625
14342.826171875
14322.84375
14302.4931640625
14281.0244140625
14259.0615234375
14238.435546875
14218.6298828125
14198.2275390625
14177.0771484375
14156.5732421875
14137.2060546875
14118.2529296875
14099.111328125
14079.935546875
14061.06640625
14042.03515625
14022.50390625
14002.90234375
13982.6572265625
13963.5380859375
13945.08984375
13927.234375
13909.677734375
13892.3251953125
13875.455078125
13859.0703125
13843.060546875
13826.296875
13809.44140625
13790.697265625
13771.4228515625
13753.181640625
13736.7060546875
13721.060546875
13704.044921875
13685.990234375
13667.9375
13651.2373046875
13635.39453125
13619.1015625
13602.22265625
13585.3544921875
13569.1689453125
13553.34765625
13537.1015625
13520.3671875
13503.7666015625
13487.6572265625
13472.0498046875
13455.9814453125
13439.82421875
13423.419921875
13407.4140625
13391.296875
13375.578125
13359.572265625
13343.8486328125
13328.041015625
13312.5986328125
13297.2412109375
13282.0859375
13267.060546875
13252.125
13237.3603515625
13222.6083984375
13208.2138671875
13193.7255859375
13179.6640625
13165.3857421875
13151.3359375
13136.7685546875
13122.1904296875
13107.3251953125
13093.025390625
13078.556640625
13064.26953125
13049.7138671875
13035.5458984375
13021.794921875
13008.76171875
12996.0185546875
12983.2001953125
12969.859375
12955.6591796875
12940.611328125
12925.2744140625
12910.6923828125
12897.31640625
12884.53515625
12871.37890625
12857.634765625
12843.6220703125
12829.8798828125
12816.6220703125
12803.58984375
12790.62109375
12777.447265625
12764.0615234375
12750.5625
12737.2861328125
12724.208984375
12711.49609375
12698.8310546875
12686.142578125
12673.1640625
12659.8056640625
12646.3359375
12633.412109375
12621.2099609375
12608.99609375
12596.724609375
12584.177734375
12571.658203125
12559.3173828125
12546.623046875
12534.3876953125
12521.880859375
12509.87109375
12497.669921875
12485.6572265625
12474.1923828125
12462.9462890625
12452.1982421875
12440.572265625
12428.501953125
12415.638671875
12403.0888671875
12391.5966796875
12381.173828125
12370.1640625
12358.302734375
12346.072265625
12334.775390625
12323.6220703125
12312.7734375
12301.5869140625
12291.04296875
12279.458984375
12267.7080078125
12256.0166015625
12245.1787109375
12234.337890625
12223.19140625
12211.9892578125
12201.08203125
12190.28125
12179.7099609375
12169.412109375
12159.537109375
12149.8203125
12139.9541015625
12130.63671875
12119.265625
12107.9091796875
12097.171875
12088.359375
12079.2109375
12068.962890625
12056.630859375
12044.3466796875
12034.029296875
12025.6328125
12015.59765625
12005.16796875
11994.2705078125
11985.45703125
11977.3994140625
11966.357421875
11955.794921875
11946.8046875
11936.958984375
11926.453125
11916.234375
11906.90625
11898.15234375
11889.1259765625
11881.8544921875
11872.90234375
11862.7431640625
11854.689453125
11847.205078125
11836.9755859375
11825.787109375
11815.3818359375
11804.5732421875
11795.2265625
11787.904296875
11779.5283203125
11770.154296875
11759.833984375
11748.6298828125
11738.94921875
11730.85546875
11722.9990234375
11715.4091796875
11707.14453125
11697.958984375
11689.556640625
11681.4384765625
11673.767578125
11665.6015625
11657.271484375
11648.2138671875
11639.927734375
11631.693359375
11623.6796875
11615.419921875
11606.9794921875
11598.51171875
11591.0
11583.921875
11576.4931640625
11567.642578125
11558.294921875
11549.947265625
11543.3447265625
11536.5888671875
11528.248046875
11518.6923828125
11509.4384765625
11501.681640625
11493.8173828125
11485.4990234375
11476.353515625
11467.734375
11459.7138671875
11451.9091796875
11443.9541015625
11436.29296875
11429.076171875
11421.755859375
11414.083984375
11406.10546875
11398.515625
11391.048828125
11383.6572265625
11375.84375
11367.99609375
11360.3642578125
11353.048828125
11346.158203125
11339.2236328125
11332.662109375
11326.171875
11319.95703125
11314.1103515625
11307.9404296875
11301.404296875
11293.0078125
11283.85546875
11274.97265625
11267.837890625
11262.45703125
11257.47265625
11250.2001953125
11239.97265625
11232.4248046875
11226.755859375
11219.275390625
11213.1025390625
11206.794921875
11197.947265625
11190.419921875
11183.8486328125
11177.49609375
11172.595703125
11166.9931640625
11160.505859375
11154.341796875
11146.8369140625
11139.900390625
11131.9267578125
11124.583984375
11117.3212890625
11110.65234375
11104.474609375
11098.0546875
11091.076171875
11083.951171875
11076.208984375
11068.873046875
11061.28515625
11054.216796875
11047.587890625
11041.45703125
11035.64453125
11029.853515625
11023.5986328125
11016.798828125
11009.193359375
11001.96875
10995.0693359375
10989.45703125
10984.1708984375
10978.8466796875
10972.7763671875
10966.10546875
10959.130859375
10952.38671875
10945.88671875
10939.66015625
10933.548828125
10927.7578125
10922.314453125
10916.9951171875
10911.33984375
10905.404296875
10899.3369140625
10894.34765625
10889.744140625
10886.7646484375
10883.1064453125
10880.57421875
10876.65234375
10872.7041015625
10866.10546875
10858.05078125
10848.9619140625
10841.70703125
10837.208984375
10833.916015625
10830.4091796875
10824.439453125
10817.193359375
10809.8515625
10803.751953125
10798.697265625
10793.3701171875
10787.6796875
10781.703125
10776.498046875
10771.388671875
10765.6982421875
10758.5029296875
10750.505859375
10742.8310546875
10736.57421875
10731.7548828125
10727.841796875
10723.689453125
10718.619140625
10712.78125
10706.68359375
10701.306640625
10696.521484375
10692.216796875
10687.59375
10681.94140625
10675.544921875
10668.7314453125
10662.701171875
10657.5380859375
10653.2333984375
10648.8515625
10644.1103515625
10638.7783203125
10633.421875
10628.150390625
10623.3212890625
10618.498046875
10613.693359375
10608.640625
10603.703125
10598.80078125
10594.16015625
10589.2041015625
10584.1787109375
10578.8681640625
10573.927734375
10569.763671875
10566.3017578125
10563.51171875
10560.4248046875
10556.9755859375
10552.3427734375
10547.416015625
10541.802734375
10536.658203125
10531.71875
10527.3828125
10523.060546875
10518.41796875
10512.880859375
10506.9541015625
10500.9404296875
10495.3486328125
10490.349609375
10485.123046875
10479.9072265625
10474.3125
10469.26171875
10465.052734375
10461.736328125
10458.3193359375
10454.0625
10448.8955078125
10443.265625
10438.115234375
10433.7900390625
10430.021484375
10426.341796875
10422.1083984375
10417.4404296875
10412.63671875
10408.1826171875
10403.8291015625
10399.609375
10395.6796875
10392.166015625
10388.912109375
10384.51953125
10378.37109375
10370.744140625
10363.4052734375
10357.7841796875
10353.76953125
10350.5361328125
10346.8486328125
10341.892578125
10336.69921875
10331.86328125
10328.154296875
10324.4482421875
10320.166015625
10314.28515625
10307.8935546875
10301.451171875
10296.291015625
10291.583984375
10286.78125
10280.71484375
10273.9990234375
10267.646484375
10262.7451171875
10259.06640625
10255.779296875
10251.74609375
10247.115234375
10241.9599609375
10237.1953125
10232.2724609375
10227.375
10222.033203125
10216.8203125
10211.837890625
10207.224609375
10202.46875
10197.6279296875
10192.353515625
10187.4931640625
10182.587890625
10178.287109375
10173.8203125
10169.7978515625
10165.666015625
10161.861328125
10157.94140625
10153.822265625
10149.544921875
10145.2265625
10141.4296875
10138.134765625
10135.05078125
10132.138671875
10128.626953125
10125.5078125
10122.1806640625
10119.96875
10117.9140625
10116.552734375
10114.533203125
10111.78125
10107.2431640625
10101.2734375
10093.314453125
10084.21875
10074.828125
10067.75390625
10063.939453125
10062.6240234375
10061.5205078125
10058.724609375
10053.7529296875
10047.0478515625
10040.091796875
10034.283203125
10029.91015625
10026.7294921875
10023.16015625
10018.2734375
10011.2431640625
10003.544921875
9997.33984375
9993.4541015625
9991.09375
9988.00390625
9983.173828125
9977.224609375
9971.546875
9967.4482421875
9964.2568359375
9961.4755859375
9958.091796875
9954.7001953125
9951.2705078125
9948.1689453125
9944.712890625
9940.9306640625
9936.64453125
9932.451171875
9928.6494140625
9925.4765625
9922.896484375
9920.6337890625
9918.23046875
9915.646484375
9911.9033203125
9907.611328125
9902.6748046875
9898.2685546875
9894.0869140625
9890.341796875
9886.65625
9883.216796875
9879.9541015625
9876.427734375
9872.2109375
9867.056640625
9861.720703125
9856.8388671875
9853.1279296875
9850.16015625
9847.7958984375
9845.259765625
9842.9150390625
9840.49609375
9838.2763671875
9835.8642578125
9833.56640625
9830.9013671875
9828.560546875
9825.9296875
9823.2080078125
9820.0068359375
9816.228515625
9812.29296875
9808.1875
9804.73828125
9801.875
9800.0966796875
9799.1943359375
9798.7578125
9797.9970703125
9796.2802734375
9793.25
9789.39453125
9785.310546875
9781.4150390625
9777.4501953125
9773.501953125
9769.560546875
9766.5302734375
9763.8046875
9761.404296875
9758.029296875
9754.0654296875
9749.2109375
9744.673828125
9740.439453125
9737.38671875
9734.9716796875
9733.3125
9731.69921875
9730.2861328125
9728.6044921875
9726.455078125
9723.265625
9718.859375
9714.091796875
9709.59765625
9705.8623046875
9702.5908203125
9699.7392578125
9696.7880859375
9693.9091796875
9690.712890625
9687.5107421875
9683.9501953125
9680.7958984375
9677.654296875
9675.1611328125
9672.333984375
9670.48046875
9667.8056640625
9666.123046875
9663.443359375
9661.48046875
9658.8525390625
9656.6923828125
9654.349609375
9652.2421875
9650.126953125
9648.013671875
9646.02734375
9643.798828125
9641.7890625
9639.1591796875
9636.599609375
9633.427734375
9630.6982421875
9628.4296875
9626.9970703125
9625.689453125
9623.763671875
9620.8095703125
9617.4765625
9613.783203125
9610.7060546875
9607.4501953125
9605.00390625
9602.328125
9600.62890625
9599.4873046875
9599.8427734375
9600.515625
9601.123046875
9599.15234375
9594.783203125
9588.9091796875
9583.841796875
9579.9931640625
9576.0390625
9570.724609375
9564.3828125
9558.708984375
9555.4775390625
9554.099609375
9553.046875
9550.40234375
9546.958984375
9543.470703125
9541.1455078125
9539.23046875
9536.951171875
9533.9482421875
9530.6337890625
9527.6318359375
9525.2685546875
9523.126953125
9520.75
9517.61328125
9513.974609375
9510.4296875
9507.875
9506.4443359375
9505.564453125
9504.4814453125
9502.703125
9500.3125
9497.4580078125
9494.51953125
9491.595703125
9488.876953125
9486.26171875
9483.8046875
9481.404296875
9479.134765625
9476.6875
9474.302734375
9472.3896484375
9470.984375
9470.6171875
9469.619140625
9468.4375
9465.5078125
9462.39453125
9458.974609375
9456.0283203125
9453.1787109375
9450.0478515625
9446.533203125
9442.45703125
9438.046875
9433.7734375
9430.1044921875
9427.337890625
9425.3671875
9423.62890625
9421.478515625
9418.708984375
9415.494140625
9412.6796875
9410.392578125
9409.2138671875
9408.16796875
9407.443359375
9406.12890625
9404.736328125
9402.8798828125
9400.31640625
9396.9150390625
9393.533203125
9390.517578125
9369.8837890625
9373.6728515625
9376.86328125
9362.1015625
9370.30078125
9364.11328125
9358.544921875
9363.080078125
9355.31640625
9354.8828125
9355.033203125
9349.193359375
9350.12109375
9347.69140625
9344.234375
9344.6005859375
9341.2978515625
9339.5771484375
9338.744140625
9335.8095703125
9334.66796875
9333.046875
9330.77734375
9329.57421875
9327.736328125
9325.814453125
9324.4833984375
9322.58203125
9320.943359375
9319.4423828125
9317.595703125
9316.0693359375
9314.419921875
9312.7470703125
9311.173828125
9309.51953125
9307.9345703125
9306.306640625
9304.7109375
9303.1083984375
9301.4833984375
9299.912109375
9298.2978515625
9296.6884765625
9295.1259765625
9293.529296875
9291.93359375
9290.369140625
9288.7587890625
9287.1875
9285.6181640625
9284.037109375
9282.4677734375
9280.888671875
9279.322265625
9277.7578125
9276.177734375
9274.59765625
9273.0439453125
9271.48046875
9269.9150390625
9268.349609375
9266.79296875
9265.23046875
9263.662109375
9262.1083984375
9260.55859375
9258.998046875
9257.4365234375
9255.8837890625
9254.3369140625
9252.78515625
9251.248046875
9249.685546875
9248.1494140625
9246.607421875
9245.0517578125
9243.5126953125
9241.974609375
9240.4248046875
9238.89453125
9237.353515625
9235.8203125
9234.2861328125
9232.75
9231.212890625
9229.669921875
9228.138671875
9226.615234375
9225.0712890625
9223.53125
9221.9873046875
9220.46484375
9218.9287109375
9217.376953125
9215.8466796875
9214.3203125
9212.79296875
9211.2578125
9209.708984375
9208.173828125
9206.64453125
9205.087890625
9203.5380859375
9202.009765625
9200.455078125
9198.91015625
9197.34375
9195.8046875
9194.236328125
9192.6845703125
9191.125
9189.5927734375
9188.029296875
9186.4775390625
9184.9375
9183.392578125
9181.861328125
9180.3173828125
9178.79296875
9177.2578125
9175.732421875
9174.197265625
9172.669921875
9171.1337890625
9169.6005859375
9168.0810546875
9166.552734375
9165.041015625
9163.515625
9161.9912109375
9160.4677734375
9158.955078125
9157.4208984375
9155.923828125
9154.3994140625
9152.8828125
9151.373046875
9149.861328125
9148.34765625
9146.822265625
9145.3056640625
9143.79296875
9142.27734375
9140.759765625
9139.240234375
9137.712890625
9136.185546875
9134.66796875
9133.14453125
9131.6220703125
9130.083984375
9128.5576171875
9127.021484375
9125.494140625
9123.9404296875
9122.4033203125
9120.859375
9119.3154296875
9117.767578125
9116.220703125
9114.6494140625
9113.09375
9111.5234375
9109.943359375
9108.349609375
9106.763671875
9105.158203125
9103.5439453125
9101.9169921875
9100.2900390625
9098.6328125
9096.955078125
9095.28125
9093.58203125
9091.87890625
9090.1279296875
9088.3681640625
9086.580078125
9084.755859375
9082.90234375
9081.0322265625
9079.1162109375
9077.17578125
9075.2080078125
9073.2041015625
9071.1748046875
9069.154296875
9067.107421875
9065.08203125
9063.09765625
9061.18359375
9059.3916015625
9057.68359375
9056.056640625
9054.4560546875
9052.8671875
9051.251953125
9049.6337890625
9048.0439453125
9046.451171875
9044.8720703125
9043.29296875
9041.7421875
9040.1923828125
9038.640625
9037.103515625
9035.572265625
9034.037109375
9032.515625
9030.990234375
9029.4775390625
9027.990234375
9026.4970703125
9025.021484375
9023.5498046875
9022.078125
9020.587890625
9019.115234375
9017.6318359375
9016.158203125
9014.66796875
9013.20703125
9011.7197265625
9010.2626953125
9008.833984375
9007.484375
9006.228515625
9004.947265625
9003.359375
9001.529296875
9000.0
8998.6904296875
8997.1650390625
8995.4501953125
8993.875
8992.515625
8991.01953125
8989.3994140625
8987.8662109375
8986.4375
8984.9443359375
8983.345703125
8981.8505859375
8980.5048828125
8979.1826171875
8977.990234375
8977.03515625
8976.453125
8975.623046875
8974.4404296875
8971.8125
8968.6865234375
8966.388671875
8965.49609375
8965.1572265625
8964.072265625
8961.9384765625
8959.375
8957.6025390625
8956.7080078125
8955.826171875
8954.4580078125
8952.3115234375
8950.271484375
8948.888671875
8947.884765625
8946.62109375
8944.765625
8942.8759765625
8941.421875
8940.240234375
8938.87890625
8937.1640625
8935.466796875
8934.04296875
8932.75390625
8931.32421875
8929.689453125
8928.11328125
8926.716796875
8925.34765625
8923.861328125
8922.298828125
8920.79296875
8919.3984375
8917.9990234375
8916.525390625
8915.009765625
8913.533203125
8912.12890625
8910.708984375
8909.24609375
8907.765625
8906.32421875
8904.908203125
8903.490234375
8902.0419921875
8900.58984375
8899.158203125
8897.755859375
8896.3349609375
8894.90234375
8893.484375
8892.0556640625
8890.6513671875
8889.244140625
8887.82421875
8886.4091796875
8885.00390625
8883.591796875
8882.1962890625
8880.8017578125
8879.39453125
8877.98828125
8876.611328125
8875.2109375
8873.8154296875
8872.4306640625
8871.044921875
8869.6552734375
8868.26953125
8866.876953125
8865.5
8864.126953125
8862.75
8861.3828125
8860.021484375
8858.662109375
8857.2939453125
8855.9228515625
8854.5498046875
8853.21875
8851.85546875
8850.515625
8849.140625
8847.7978515625
8846.458984375
8845.1181640625
8843.7626953125
8842.43359375
8841.091796875
8839.75
8838.412109375
8837.0810546875
8835.748046875
8834.419921875
8833.0859375
8831.763671875
8830.44140625
8829.119140625
8827.7802734375
8826.466796875
8825.140625
8823.8251953125
8822.513671875
8821.2001953125
8819.8759765625
8818.55078125
8817.2412109375
8815.9248046875
8814.6142578125
8813.2900390625
8811.984375
8810.658203125
8809.345703125
8808.0400390625
8806.708984375
8805.3935546875
8804.091796875
8802.771484375
8801.45703125
8800.140625
8798.830078125
8797.5087890625
8796.1884765625
8794.880859375
8793.5556640625
8792.23828125
8790.916015625
8789.59375
8788.2734375
8786.97265625
8785.658203125
8784.3310546875
8782.9970703125
8781.681640625
8780.3515625
8779.037109375
8777.7275390625
8776.41015625
8775.1298828125
8773.8583984375
8772.603515625
8771.388671875
8770.087890625
8768.671875
8767.12109375
8765.583984375
8764.1982421875
8762.9111328125
8761.580078125
8760.146484375
8758.626953125
8757.1806640625
8755.78515625
8754.435546875
8753.025390625
8751.5771484375
8750.1044921875
8748.724609375
8747.341796875
8746.0107421875
8744.537109375
8743.1337890625
8741.53515625
8740.0263671875
8738.4189453125
8736.927734375
8735.595703125
8734.63671875
8734.111328125
8733.869140625
8733.4609375
8731.8515625
8728.728515625
8724.892578125
8722.130859375
8720.9267578125
8720.30859375
8718.916015625
8716.37890625
8713.71484375
8711.8798828125
8711.017578125
8710.0009765625
8708.2724609375
8705.7783203125
8703.56640625
8701.919921875
8700.6689453125
8699.064453125
8697.162109375
8695.13671875
8693.4150390625
8691.87890625
8690.423828125
8689.021484375
8687.8603515625
8686.9462890625
8686.30078125
8685.220703125
8683.80859375
8681.29296875
8678.5234375
8675.80859375
8673.9052734375
8672.6845703125
8671.69140625
8670.5546875
8668.9375
8666.99609375
8664.7646484375
8662.65234375
8660.84375
8659.349609375
8658.0400390625
8656.77734375
8655.427734375
8653.947265625
8652.4462890625
8650.9912109375
8649.6357421875
8648.359375
8647.0859375
8645.857421875
8644.6142578125
8643.4609375
8642.3505859375
8641.453125
8640.6142578125
8639.96484375
8639.26953125
8638.7880859375
8638.2265625
8638.07421875
8637.8984375
8638.2353515625
8638.259765625
8638.39453125
8637.6728515625
8636.6328125
8634.94921875
8633.6220703125
8632.5625
8632.048828125
8631.5859375
8630.7685546875
8629.35546875
8627.341796875
8625.1171875
8623.23046875
8621.7265625
8620.6015625
8619.193359375
8617.642578125
8615.642578125
8613.9287109375
8612.279296875
8610.951171875
8609.609375
8608.2900390625
8606.9296875
8605.591796875
8604.265625
8603.1416015625
8602.201171875
8601.4892578125
8600.751953125
8599.994140625
8598.9296875
8597.9375
8597.03515625
8596.96875
8597.095703125
8597.9677734375
8597.845703125
8597.6435546875
8595.8955078125
8594.013671875
8591.9970703125
8591.30859375
8591.474609375
8591.5546875
8590.16796875
8587.6025390625
8585.12109375
8583.814453125
8583.10546875
8582.0107421875
8580.01171875
8578.0361328125
8576.654296875
8576.5546875
8576.6748046875
8576.859375
8576.4296875
8575.841796875
8574.9931640625
8573.69140625
8572.181640625
8571.4423828125
8571.1845703125
8570.828125
8569.1220703125
8566.744140625
8564.0751953125
8562.84765625
8562.0341796875
8561.6005859375
8560.3173828125
8559.3388671875
8557.728515625
8556.3505859375
8553.443359375
8551.001953125
8548.66796875
8547.724609375
8546.7734375
8545.9580078125
8544.841796875
8544.03125
8542.357421875
8540.69921875
8538.2353515625
8536.6884765625
8535.0654296875
8534.18359375
8532.5380859375
8531.703125
8530.1796875
8529.1298828125
8527.701171875
8526.478515625
8525.18359375
8524.1787109375
8522.7724609375
8522.044921875
8519.9404296875
8518.51953125
8517.283203125
8516.775390625
8516.7841796875
8517.248046875
8517.8603515625
8518.2734375
8518.10546875
8517.21875
8515.6396484375
8513.775390625
8512.130859375
8510.8828125
8510.1044921875
8509.3125
8508.453125
8507.2646484375
8506.1552734375
8505.154296875
8504.7509765625
8504.84765625
8505.45703125
8506.6474609375
8506.982421875
8507.3447265625
8506.369140625
8504.9765625
8502.9140625
8501.3583984375
8500.287109375
8500.2216796875
8500.05078125
8500.1728515625
8499.560546875
8499.0771484375
8497.8955078125
8496.701171875
8494.9990234375
8493.1455078125
8491.21484375
8489.7177734375
8488.552734375
8487.7705078125
8486.66015625
8485.3818359375
8483.361328125
8481.482421875
8479.24609375
8477.8037109375
8476.5869140625
8476.0478515625
8475.5166015625
8474.955078125
8474.087890625
8473.0810546875
8471.9375
8470.92578125
8469.888671875
8469.134765625
8468.2294921875
8467.7236328125
8467.23046875
8467.25390625
8467.318359375
8467.60546875
8467.67578125
8467.6396484375
8467.1826171875
8466.5849609375
8465.4931640625
8464.3603515625
8462.697265625
8460.888671875
8458.6796875
8456.666015625
8454.9453125
8453.8759765625
8453.2919921875
8453.224609375
8453.28515625
8453.529296875
8453.61328125
8453.6787109375
8453.640625
8453.8095703125
8454.1708984375
8454.576171875
8454.7197265625
8454.12890625
8453.013671875
8451.4921875
8450.5625
8449.9140625
8450.177734375
8449.484375
8448.5234375
8445.525390625
8442.19140625
8438.3564453125
8435.6435546875
8434.015625
8433.546875
8433.513671875
8433.333984375
8432.578125
8431.1953125
8429.359375
8427.5556640625
8425.978515625
8424.96875
8424.30859375
8423.96484375
8423.455078125
8422.8544921875
8421.892578125
8420.9736328125
8420.0234375
8419.62890625
8419.580078125
8420.0908203125
8420.3818359375
8420.46484375
8419.57421875
8418.140625
8416.0341796875
8413.84375
8411.67578125
8410.0048828125
8408.7607421875
8408.0302734375
8407.412109375
8406.6484375
8405.6181640625
8404.4052734375
8403.4560546875
8402.7587890625
8402.671875
8402.595703125
8402.900390625
8402.9521484375
8403.3671875
8403.646484375
8404.2197265625
8404.5146484375
8404.4912109375
8403.716796875
8402.349609375
8400.6142578125
8399.2109375
8398.306640625
8398.1845703125
8398.48828125
8399.2890625
8400.3671875
8401.591796875
8402.009765625
8400.8515625
8397.814453125
8394.9921875
8393.6376953125
8394.4111328125
8394.87109375
8394.263671875
8391.80859375
8389.8544921875
8389.0634765625
8389.732421875
8390.197265625
8390.353515625
8390.3125
8390.857421875
8391.578125
8391.50390625
8390.193359375
8387.99609375
8385.98046875
8384.5146484375
8383.326171875
8381.734375
8379.6669921875
8377.55859375
8376.056640625
8375.2314453125
8374.7880859375
8374.0146484375
8372.8564453125
8371.138671875
8369.20703125
8367.0810546875
8365.095703125
8363.27734375
8361.6962890625
8360.2392578125
8358.8232421875
8357.509765625
8356.2255859375
8354.974609375
8353.64453125
8352.36328125
8351.1806640625
8350.333984375
8349.728515625
8349.3935546875
8348.9384765625
8348.3583984375
8347.4033203125
8346.462890625
8345.4365234375
8344.89453125
8344.4765625
8344.646484375
8344.7578125
8345.2236328125
8345.271484375
8345.4140625
8344.962890625
8344.583984375
8343.7705078125
8343.2197265625
8342.572265625
8342.3701171875
8342.275390625
8342.5673828125
8342.9267578125
8343.5361328125
8344.0537109375
8344.6171875
8345.076171875
8345.60546875
8346.0419921875
8346.337890625
8346.099609375
8345.400390625
8344.1103515625
8342.548828125
8340.775390625
8338.98046875
8337.236328125
8335.6396484375
8334.236328125
8332.8515625
8331.2255859375
8329.435546875
8328.2529296875
8328.4482421875
8330.04296875
8332.1806640625
8334.140625
8335.4248046875
8335.671875
8334.74609375
8331.921875
8327.783203125
8323.0
8318.865234375
8316.123046875
8315.044921875
8315.029296875
8315.3203125
8315.03515625
8313.84375
8311.92578125
8310.115234375
8308.888671875
8308.4775390625
8308.228515625
8307.9169921875
8306.857421875
8305.5859375
8303.9208984375
8302.7783203125
8301.85546875
8301.396484375
8300.8515625
8300.140625
8299.232421875
8298.412109375
8297.9033203125
8297.8173828125
8297.9892578125
8298.251953125
8298.3115234375
8298.1962890625
8297.9638671875
8297.83203125
8298.1572265625
8298.703125
8299.8798828125
8300.6953125
8301.755859375
8301.65625
8301.322265625
8299.8154296875
8298.18359375
8296.21875
8294.818359375
8294.048828125
8294.01953125
8294.021484375
8293.5
8291.9677734375
8289.5234375
8286.74609375
8283.8369140625
8281.3359375
8278.982421875
8277.2451171875
8275.7451171875
8274.875
8274.0908203125
8273.5546875
8272.8251953125
8272.1552734375
8271.2890625
8270.62109375
8269.8935546875
8269.568359375
8269.2333984375
8269.29296875
8269.1630859375
8269.07421875
8268.31640625
8267.169921875
8265.267578125
8263.130859375
8260.90625
8258.9951171875
8257.5869140625
8256.7392578125
8256.314453125
8256.056640625
8255.7294921875
8255.216796875
8254.5234375
8253.76953125
8252.908203125
8252.041015625
8250.9287109375
8249.814453125
8248.4375
8247.1689453125
8245.8583984375
8244.888671875
8244.138671875
8243.8955078125
8243.873046875
8244.2998046875
8244.876953125
8245.85546875
8246.9677734375
8248.2841796875
8249.5234375
8250.623046875
8251.0498046875
8250.5224609375
8248.490234375
8245.99609375
8243.6552734375
8242.82421875
8243.052734375
8243.97265625
8244.4619140625
8244.0126953125
8242.7216796875
8240.978515625
8239.3740234375
8237.9326171875
8236.44140625
8234.7080078125
8232.515625
8230.486328125
8228.6826171875
8227.73046875
8227.1708984375
8227.025390625
8226.7373046875
8226.291015625
8225.451171875
8224.236328125
8222.677734375
8220.8271484375
8218.982421875
8217.2265625
8215.8818359375
8214.8017578125
8214.15625
8213.5703125
8213.3017578125
8213.0146484375
8213.0673828125
8212.8515625
8212.541015625
8211.068359375
8208.8720703125
8205.873046875
8203.525390625
8202.193359375
8202.28515625
8202.947265625
8203.671875
8203.732421875
8203.2529296875
8202.37890625
8201.5927734375
8200.75390625
8199.7021484375
8197.990234375
8195.7548828125
8193.2705078125
8191.2919921875
