9328.5869140625
9306.5595703125
9286.59765625
9268.318359375
9251.505859375
9236.0380859375
9221.775390625
9208.57421875
9196.263671875
9184.697265625
9173.75
9163.3271484375
9153.37890625
9143.8671875
9134.77734375
9126.103515625
9117.828125
9109.943359375
9102.44140625
9095.30078125
9088.50390625
9082.037109375
9075.8798828125
9070.0078125
9064.412109375
9059.068359375
9053.9599609375
9049.0810546875
9044.408203125
9039.93359375
9035.6416015625
9031.5263671875
9027.568359375
9023.765625
9020.111328125
9016.595703125
9013.208984375
9009.943359375
9006.79296875
9003.7509765625
9000.810546875
8997.96484375
8995.2109375
8992.5380859375
8989.943359375
8987.4189453125
8984.9638671875
8982.5712890625
8980.232421875
8977.94921875
8975.71484375
8973.5302734375
8971.388671875
8969.287109375
8967.224609375
8965.193359375
8963.197265625
8961.2314453125
8959.294921875
8957.38671875
8955.509765625
8953.6513671875
8951.818359375
8950.009765625
8948.220703125
8946.453125
8944.7060546875
8942.978515625
8941.265625
8939.5732421875
8937.8974609375
8936.236328125
8934.595703125
8932.9677734375
8931.3544921875
8929.755859375
8928.1748046875
8926.603515625
8925.046875
8923.4990234375
8921.966796875
8920.447265625
8918.9365234375
8917.4375
8915.94921875
8914.470703125
8913.001953125
8911.54296875
8910.0908203125
8908.646484375
8907.2119140625
8905.783203125
8904.361328125
8902.9462890625
8901.5361328125
8900.1337890625
8898.7392578125
8897.345703125
8895.958984375
8894.5771484375
8893.19921875
8891.826171875
8890.4560546875
8889.08984375
8887.728515625
8886.37109375
8885.0166015625
8883.6630859375
8882.3125
8880.970703125
8879.626953125
8878.2861328125
8876.9482421875
8875.6123046875
8874.283203125
8872.953125
8871.626953125
8870.302734375
8868.9814453125
8867.6650390625
8866.3466796875
8865.0341796875
8863.7265625
8862.4208984375
8861.1171875
8859.818359375
8858.5224609375
8857.2314453125
8855.943359375
8854.6572265625
8853.37890625
8852.107421875
8850.8369140625
8849.572265625
8848.3115234375
8847.0546875
8845.8056640625
8844.560546875
8843.3203125
8842.083984375
8840.8564453125
8839.6337890625
8838.419921875
8837.2109375
8836.0078125
8834.8125
8833.626953125
8832.4453125
8831.2734375
8830.107421875
8828.9501953125
8827.80078125
8826.658203125
8825.52734375
8824.40234375
8823.287109375
8822.1826171875
8821.083984375
8819.9951171875
8818.9169921875
8817.845703125
8816.7919921875
8815.7421875
8814.703125
8813.673828125
8812.654296875
8811.6416015625
8810.6416015625
8809.654296875
8808.6748046875
8807.705078125
8806.748046875
8805.80078125
8804.8603515625
8803.9306640625
8803.0126953125
8802.10546875
8801.2109375
8800.3232421875
8799.4453125
8798.578125
8797.71875
8796.8759765625
8796.0390625
8795.212890625
8794.39453125
8793.587890625
8792.791015625
8792.00390625
8791.228515625
8790.458984375
8789.7041015625
8788.955078125
8788.2158203125
8787.486328125
8786.767578125
8786.0546875
8785.353515625
8784.66015625
8783.974609375
3911999744.0
1778067328.0
260900176.0
218524448.0
3901898240.0
103962328.0
36414932.0
3298815.25
1213621.375
8854594.0
59515112.0
43537592.0
10573307.0
2643364.5
1000617.5625
661029.5
601736.6875
586832.4375
557332.8125
509227.6875
452231.40625
396457.28125
347682.4375
307828.0625
276524.15625
252428.6875
234028.296875
219998.40625
209284.921875
201064.875
194737.4375
189835.953125
185990.828125
182919.84375
180422.234375
178371.03125
176697.375
175323.90625
174167.921875
173163.671875
172268.296875
171465.671875
170733.453125
170061.765625
169428.203125
168822.78125
168241.375
167664.625
167095.265625
166529.59375
165967.328125
165396.484375
164812.71875
164222.25
163630.03125
163035.171875
162436.359375
161831.734375
161224.21875
160612.0
159997.53125
159379.78125
158760.03125
158138.140625
157512.5625
156889.328125
156267.0625
155641.421875
155020.421875
154398.125
153779.421875
153161.484375
152547.90625
151937.625
151330.640625
150719.5
150120.4375
149519.859375
148919.796875
148326.796875
147735.734375
147145.4375
146561.328125
145981.65625
145402.59375
144827.515625
144258.84375
143691.4375
143125.5
142567.671875
142009.375
141460.53125
140910.140625
140368.203125
139825.828125
139288.078125
138754.84375
138223.328125
137696.515625
137175.40625
136653.65625
136138.375
135625.203125
135113.46875
134608.875
134105.734375
133603.171875
133106.578125
132614.171875
132122.3125
131633.109375
131148.734375
130665.28125
130184.6015625
129709.8671875
129236.8359375
128765.5546875
128299.1875
127834.0
127373.671875
126916.234375
126461.1953125
126009.25
125565.3125
125124.1171875
124675.1953125
124225.734375
123794.078125
123353.8984375
122916.4609375
122489.8515625
122055.09375
121629.8515625
121206.890625
120782.84375
120365.609375
119945.6171875
119535.2578125
119123.609375
118714.2109375
118309.953125
117904.453125
117504.84375
117106.609375
116709.59375
116317.34375
115924.703125
115535.40625
115147.6015625
114762.921875
114379.6484375
113999.28125
113621.1875
113246.1953125
112872.3203125
112499.2265625
112128.6328125
111761.6796875
111395.40625
111033.203125
110672.984375
110311.7421875
109955.875
109601.546875
109247.9453125
108896.53125
108546.765625
108198.4453125
107852.9921875
107508.53125
107166.4765625
106825.4765625
106487.171875
106150.296875
105815.3828125
105484.921875
105154.9453125
104826.8359375
104500.3203125
104175.375
103853.03125
103532.0859375
103212.65625
102894.734375
102578.0
102265.765625
101954.265625
101644.8359375
101334.96875
101028.71875
100723.78125
100419.6328125
100116.8828125
99816.5078125
99517.0390625
99220.2734375
98924.4296875
98630.71875
98337.765625
98048.1015625
97758.9921875
97469.9921875
97183.546875
96900.328125
96617.1484375
96334.78125
96054.78125
95777.1640625
95498.7109375
95225.1875
94951.578125
94680.59375
94410.21875
94141.03125
93873.2421875
93606.0234375
93341.515625
93077.734375
92816.0078125
92555.28125
92297.125
92038.546875
91783.2109375
91527.71875
91276.09375
91024.8203125
90773.7578125
90521.9375
90270.53125
90025.078125
89782.546875
89534.6328125
89289.9453125
89048.890625
88808.3046875
88566.09375
88327.875
88090.7734375
87853.2421875
87617.796875
87384.40625
87151.3984375
86919.234375
86690.265625
86461.703125
86232.2578125
86005.328125
85779.6328125
85553.375
85330.5546875
85108.578125
84887.09375
84667.484375
84448.9921875
84229.625
84010.375
83794.078125
83578.796875
83363.5703125
83151.078125
82939.2109375
82728.390625
82518.2421875
82308.71875
82101.015625
81893.34375
81687.1328125
81481.8515625
81278.546875
81073.6484375
80870.1015625
80670.265625
80470.25
80270.46875
80071.578125
79872.3515625
79676.515625
79486.1015625
79298.6484375
79112.3984375
78915.578125
78705.078125
78520.53125
78335.46875
78132.75
77950.75
77761.65625
77568.46875
77389.4765625
77197.8203125
77014.3046875
76831.109375
76644.9765625
76466.75
76280.25
76101.1875
75920.4375
75740.46875
75564.625
75383.890625
75210.6953125
75033.625
74860.015625
74686.9609375
74518.859375
74368.28125
74195.328125
73998.3359375
73833.6953125
73665.703125
73484.2421875
73326.828125
73148.4453125
72988.65625
72818.2421875
72653.2578125
72489.9765625
72330.3203125
72226.5546875
72145.0390625
71953.3046875
71773.6875
71558.421875
71463.5234375
71224.265625
71104.4609375
70939.0859375
70746.8203125
70617.1015625
70448.84375
70277.1640625
70143.03125
69970.53125
69814.9375
69675.0703125
69507.203125
69359.9375
69213.1171875
69050.4296875
68906.8125
68760.15625
68602.6953125
68460.0859375
68314.859375
68164.109375
68023.8359375
67878.1796875
67731.1875
67589.2109375
67445.4765625
67301.78125
67161.625
67020.578125
66879.15625
66739.6796875
66601.046875
66462.5078125
66325.0546875
66187.453125
66050.484375
65914.75
65778.6953125
65644.0390625
65509.3671875
65376.17578125
65242.6015625
65109.41015625
64977.56640625
64845.828125
64715.2734375
64585.2578125
64454.6640625
64325.328125
64196.39453125
64068.54296875
63939.734375
63812.7109375
63685.8984375
63559.86328125
63432.953125
63308.8046875
63183.10546875
63058.2734375
62934.5234375
62812.03125
62691.12890625
62568.44140625
62446.8828125
62323.421875
62200.67578125
62080.375
61961.3984375
61843.39453125
61724.47265625
61605.78125
61487.4609375
61369.5390625
61252.421875
61135.48828125
61018.33984375
60902.3515625
60785.89453125
60672.140625
60558.734375
60444.546875
60330.9140625
60216.9375
60103.140625
59990.8046875
59879.13671875
59767.0390625
59655.99609375
59544.69921875
59434.578125
59322.97265625
59213.89453125
59104.33203125
58996.578125
58889.015625
58780.78125
58672.76953125
58565.14453125
58458.3203125
58351.88671875
58246.171875
58141.703125
58035.4375
57930.15625
57826.47265625
57723.25390625
57620.1328125
57516.9296875
57415.0234375
57311.7421875
57209.140625
57107.0078125
57005.01953125
56904.96484375
56803.71875
56703.078125
56603.5625
56503.47265625
56404.1015625
56304.41796875
56205.71875
56107.03125
56009.3046875
55911.59375
55814.328125
55718.015625
55621.76171875
55526.4921875
55429.53125
55333.47265625
55238.1640625
55144.16796875
55052.17578125
54957.6640625
54862.78515625
54768.59375
54675.11328125
54584.05078125
54492.16796875
54401.72265625
54308.7265625
54216.6953125
54123.6875
54033.90625
53943.64453125
53853.328125
53764.3203125
53674.2109375
53586.0546875
53496.78515625
53407.9375
53320.06640625
53233.5625
53146.375
53058.94921875
52971.6640625
52886.328125
52800.63671875
52714.765625
52629.015625
52543.1328125
52459.24609375
52372.69140625
52288.7109375
52204.4296875
52121.57421875
52037.5625
51953.84375
51871.61328125
51788.76171875
51707.5
51624.74609375
51544.01953125
51461.6015625
51380.3984375
51300.0859375
51221.015625
51142.51953125
51061.1640625
50980.953125
50899.2734375
50819.5859375
50742.00390625
50663.01171875
50586.703125
50506.734375
50428.55859375
50351.7109375
50273.37109375
50197.1875
50121.3046875
50045.8125
49970.6484375
49894.234375
49820.08984375
49743.28125
49668.4765625
49593.71875
49518.546875
49443.5625
49370.1875
49296.84375
49224.296875
49151.67578125
49078.66796875
49007.859375
48935.140625
48862.66796875
48789.55859375
48716.60546875
48645.44921875
48574.80078125
48504.609375
48433.1328125
48364.10546875
48292.05078125
48221.375
48151.0078125
48081.1171875
48012.28515625
47943.0703125
47874.7421875
47805.51953125
47737.0390625
47668.234375
47599.1640625
47531.15234375
47463.59375
47396.2109375
47328.7734375
47262.01171875
47194.78125
47127.8203125
47061.83984375
46995.32421875
46928.82421875
46863.52734375
46798.00390625
46733.31640625
46671.0859375
46606.6171875
46543.578125
46479.71484375
46413.62890625
46347.0078125
46280.51953125
46218.296875
46156.74609375
46095.0078125
46030.0546875
45966.09375
45904.86328125
45844.9921875
45784.984375
45723.06640625
45660.62109375
45598.84765625
45536.21484375
45472.51953125
45407.18359375
45344.5625
45283.14453125
45224.1015625
45163.953125
45105.09375
45042.7421875
44980.52734375
44920.05078125
44860.90625
44803.625
44743.015625
44681.6953125
44619.625
44560.4765625
44506.0546875
44447.47265625
44389.3515625
44330.35546875
44274.6171875
44226.765625
44160.15234375
44102.54296875
44053.015625
43993.3359375
43932.7890625
43872.90234375
43818.703125
43755.7265625
43702.23046875
43643.2734375
43586.21484375
43532.24609375
43478.33203125
43418.421875
43368.46484375
43316.99609375
43263.4453125
43206.359375
43148.1640625
43089.328125
43033.5703125
42977.05859375
42925.6015625
42871.78515625
42817.0234375
42761.8125
42706.359375
42651.42578125
42598.875
42543.875
42488.40625
42434.078125
42380.20703125
42328.3359375
42275.578125
42222.578125
42169.30859375
42117.58984375
42065.60546875
42013.9921875
41962.66796875
41910.55859375
41858.9609375
41805.8203125
41753.9921875
41702.7265625
41652.0234375
41601.6640625
41551.515625
41501.5859375
41451.64453125
41401.79296875
41351.94140625
41302.81640625
41252.90625
41202.1875
41151.3125
41101.125
41051.8984375
41003.4453125
40955.66015625
40907.3359375
40858.6875
40810.390625
40762.69921875
40715.4765625
40668.4453125
40620.8359375
40571.8828125
40522.65234375
40474.28125
40427.25
40380.6640625
40334.609375
40287.86328125
40240.94921875
40193.69140625
40146.5234375
40099.83203125
40053.22265625
40006.55859375
39959.9609375
39914.80859375
39868.89453125
39822.32421875
39775.78125
39730.390625
39685.5078125
39641.46484375
39597.734375
39553.90234375
39508.75
39463.07421875
39417.6640625
39371.6640625
39326.41015625
39282.2421875
39238.3359375
39196.4609375
39153.15234375
39109.73828125
39067.3671875
39025.1171875
38981.109375
38936.70703125
38893.94140625
38850.60546875
38807.265625
38763.94140625
38719.85546875
38676.0078125
38634.3984375
38594.47265625
38556.515625
38517.88671875
38478.3359375
38435.0625
38391.59765625
38346.3671875
38302.94921875
38260.765625
38219.90234375
38179.45703125
38137.54296875
38095.6171875
38053.19140625
38011.7890625
37972.28515625
37933.0390625
37893.578125
37853.109375
37812.80859375
37773.0859375
37733.984375
37694.109375
37654.16015625
37613.8671875
37573.66796875
37533.60546875
37493.69921875
37453.9140625
37414.4296875
37375.85546875
37337.37890625
37298.78125
37260.6875
37221.96484375
37183.796875
37145.05078125
37106.7109375
37068.19921875
37030.0625
36991.625
36952.3984375
36911.40234375
36869.7734375
36827.75390625
36787.46875
36749.671875
36713.140625
36677.5625
36641.453125
36604.9609375
36569.39453125
36534.66015625
36499.39453125
36463.71875
36425.3125
36386.65625
36348.109375
36311.46875
36277.57421875
36244.93359375
36212.234375
36176.44140625
36138.25390625
36096.9921875
36057.34765625
36021.33203125
35989.796875
35958.42578125
35924.734375
35887.1640625
35848.59765625
35811.01953125
35776.05859375
35741.609375
35707.5078125
35672.5390625
35636.80859375
35600.5078125
35564.7578125
35529.86328125
35495.9296875
35462.6484375
35428.828125
35395.0
35361.66015625
35328.44140625
35294.07421875
35258.81640625
35223.15625
35188.4921875
35155.20703125
35122.03515625
35088.9453125
35055.72265625
35022.80078125
34990.6484375
34957.81640625
34925.3203125
34892.37109375
34859.70703125
34827.234375
34794.26953125
34760.640625
34727.3046875
34694.234375
34661.16015625
34628.12890625
34595.05859375
34562.57421875
34530.84765625
34499.9140625
34468.8203125
34436.9296875
34405.28515625
34373.74609375
34342.3671875
34311.4453125
34280.45703125
34250.296875
34220.453125
34190.66015625
34161.66015625
34132.3125
34101.921875
34070.78125
34038.43359375
34007.0234375
33976.55078125
33946.32421875
33915.859375
33884.91796875
33853.2265625
33821.40234375
33790.3984375
33760.3984375
33730.59375
33700.76171875
33671.53515625
33642.96875
33615.2265625
33587.90234375
33560.765625
33535.0
33506.90625
33476.96875
33443.72265625
33409.62109375
33376.5234375
33346.8125
33319.69921875
33294.296875
33268.02734375
33239.203125
33208.6015625
33177.0390625
33146.640625
33117.09765625
33088.47265625
33060.7890625
33033.79296875
33006.375
32979.37890625
32951.7421875
32926.09375
32902.3046875
32879.8671875
32853.3515625
32823.8671875
32789.73046875
32759.7421875
32732.568359375
32707.849609375
32680.625
32649.2578125
32618.10546875
32590.16796875
32566.234375
32542.775390625
32514.55859375
32483.869140625
32452.88671875
32424.0546875
32396.81640625
32368.755859375
32340.66796875
32312.8515625
32287.5546875
32263.30078125
32237.96484375
32211.23828125
32184.212890625
32157.2421875
32131.12890625
32103.609375
32076.326171875
32049.0859375
32024.546875
32000.42578125
31977.359375
31951.634765625
31924.70703125
31895.955078125
31868.76171875
31842.6328125
31817.4296875
31792.39453125
31767.34375
31742.74609375
31719.01171875
31696.33203125
31674.037109375
31650.87890625
31625.107421875
31595.6796875
31565.4453125
31538.09375
31514.841796875
31491.328125
31466.265625
31439.0
31413.53515625
31389.5234375
31365.671875
31340.09765625
31313.42578125
31288.5703125
31265.923828125
31244.48828125
31222.322265625
31198.548828125
31175.01953125
31151.60546875
31128.794921875
31105.982421875
31083.619140625
31060.798828125
31037.44140625
31011.490234375
30984.28125
30956.55859375
30929.974609375
30904.8984375
30880.900390625
30857.5234375
30834.89453125
30812.1328125
30789.15625
30764.765625
30740.46875
30716.212890625
30692.8203125
30670.533203125
30648.005859375
30625.966796875
30603.447265625
30582.30859375
30561.578125
30540.828125
30514.810546875
30489.642578125
30465.07421875
30440.275390625
30417.87109375
30393.388671875
30367.58984375
30345.015625
30324.06640625
30301.328125
30278.916015625
30255.390625
30233.9765625
30211.4765625
30187.888671875
30164.291015625
30141.111328125
30117.64453125
30093.78515625
30070.076171875
30048.140625
30025.998046875
30003.9609375
29981.591796875
29959.1796875
29936.81640625
29914.23828125
29901.4921875
29887.46875
29867.712890625
29856.0234375
29839.078125
29822.40234375
29809.775390625
29792.05859375
29777.51953125
29762.8125
29746.107421875
29732.38671875
29716.62890625
29701.279296875
29686.89453125
29671.1171875
29656.14453125
29641.3359375
29625.921875
29611.05078125
29596.16796875
29581.02734375
29566.30078125
29551.28515625
29536.44921875
29521.443359375
29506.66015625
29491.8203125
29476.90234375
29462.064453125
29447.234375
29432.384765625
29417.990234375
29403.0078125
29388.35546875
29373.623046875
29358.77734375
29344.0859375
29329.462890625
29314.810546875
29300.125
29285.43359375
29270.890625
29256.41796875
29242.0625
29227.265625
29212.955078125
29198.42578125
29184.09375
29169.359375
29155.140625
29140.53125
29126.3203125
29111.974609375
29097.59765625
29083.14453125
29069.0859375
29054.509765625
29040.138671875
29025.873046875
29011.732421875
28997.251953125
28983.158203125
28969.0234375
28954.84375
28940.7421875
28926.458984375
28912.17578125
28898.123046875
28883.80859375
28869.671875
28855.78515625
28841.673828125
28827.564453125
28813.439453125
28799.251953125
28785.42578125
28771.015625
28757.12109375
28743.28515625
28729.375
28715.318359375
28701.265625
28687.400390625
28673.517578125
28659.265625
28645.5546875
28631.841796875
28617.869140625
28604.041015625
28590.1640625
28576.23828125
28562.47265625
28548.53515625
28534.64453125
28521.16796875
28507.322265625
28493.443359375
28479.654296875
28465.80078125
28452.279296875
28438.435546875
28424.642578125
28411.009765625
28397.46875
28383.97265625
28370.21875
28356.5390625
28343.00390625
28329.3359375
28315.8203125
28302.546875
28289.095703125
28275.37109375
28261.826171875
28248.142578125
28234.65625
28221.146484375
28207.583984375
28194.13671875
28180.396484375
28166.828125
28153.15625
28139.5546875
28126.171875
28112.7734375
28099.390625
28086.2578125
28072.974609375
28059.5625
28046.169921875
28032.9296875
28019.791015625
28006.484375
27993.33984375
27980.455078125
27967.162109375
27953.884765625
27940.79296875
27927.57421875
27914.3671875
27901.2265625
27888.2734375
27875.1875
27862.271484375
27849.1953125
27836.107421875
27822.89453125
27810.12890625
27796.8984375
27783.9296875
27771.25390625
27758.08203125
27745.033203125
27731.9296875
27719.193359375
27706.140625
27693.0625
27680.1953125
27667.41015625
27654.51953125
27641.462890625
27628.6640625
27615.755859375
27602.78125
27590.041015625
27577.125
27564.564453125
27551.734375
27538.751953125
27526.0625
27513.20703125
27500.52734375
27487.6171875
27475.16796875
27462.41015625
27449.69921875
27436.7890625
27424.1640625
27411.619140625
27399.09375
27386.4140625
27373.91015625
27361.2578125
27348.546875
27335.94140625
27323.501953125
27310.87890625
27298.30859375
27285.693359375
27273.396484375
27260.73828125
27248.279296875
27235.921875
27223.494140625
27210.9765625
27198.58203125
27186.09765625
27173.787109375
27161.697265625
27149.091796875
27136.693359375
27124.3046875
27111.955078125
27099.609375
27087.4296875
27075.36328125
27062.953125
27050.783203125
27038.537109375
27026.3359375
27014.17578125
27002.16015625
26990.017578125
26977.736328125
26965.609375
26953.5625
26941.3203125
26929.349609375
26917.240234375
26905.177734375
26892.890625
26881.0234375
26868.765625
26856.982421875
26844.953125
26832.921875
26820.98046875
26808.84375
26797.01171875
26784.859375
26773.2109375
26761.099609375
26749.10546875
26737.28125
26725.21875
26713.24609375
26701.326171875
26689.7578125
26677.76171875
26665.9765625
26654.08203125
26642.1484375
26630.3125
26618.578125
26606.78515625
26595.009765625
26583.08984375
26571.36328125
26559.44140625
26547.822265625
26536.203125
26524.361328125
26512.51171875
26500.70703125
26488.90234375
26477.44921875
26465.69921875
26454.064453125
26442.359375
26430.712890625
26419.04296875
26407.35546875
26395.83984375
26384.234375
26372.47265625
26360.99609375
26349.32421875
26337.734375
26326.173828125
26314.78125
26303.09765625
26291.67578125
26279.94921875
26268.505859375
26257.13671875
26245.75
26234.263671875
26222.970703125
26211.453125
26200.26171875
26188.708984375
26177.400390625
26166.1640625
26154.6640625
26143.3984375
26132.2109375
26121.064453125
26109.7109375
26098.30078125
26087.20703125
26076.087890625
26065.05078125
26053.734375
26042.44921875
26031.3125
26020.41796875
26009.095703125
25997.900390625
25986.900390625
25975.8046875
25964.646484375
25953.6171875
25942.53515625
25931.59765625
25920.30859375
25909.3515625
25898.37890625
25887.337890625
25876.28515625
25865.25
25854.3125
25843.4609375
25832.40234375
25821.427734375
25810.494140625
25799.4765625
25788.697265625
25777.68359375
25766.794921875
25755.888671875
25744.779296875
25734.025390625
25723.296875
25712.52734375
25701.4609375
25690.60546875
25679.85546875
25669.072265625
25658.1953125
25647.4921875
25636.697265625
25625.890625
25615.0859375
25604.37890625
25593.630859375
25582.85546875
25571.955078125
25561.435546875
25550.73046875
25540.07421875
25529.2109375
25518.6484375
25507.953125
25497.455078125
25486.689453125
25475.9921875
25465.49609375
25454.73046875
25444.17578125
25433.64453125
25423.12890625
25412.41015625
25401.765625
25391.2578125
25380.845703125
25370.35546875
25359.76171875
25349.1171875
25338.6953125
25328.333984375
25317.853515625
25307.259765625
25296.923828125
25286.1953125
25276.046875
25265.3984375
25255.1328125
25244.544921875
25234.11328125
25224.01953125
25213.65234375
25203.24609375
25192.76171875
25182.54296875
25172.42578125
25162.0703125
25151.736328125
25141.537109375
25131.384765625
25121.109375
25110.861328125
25100.6484375
25090.359375
25080.39453125
25070.146484375
25060.17578125
25049.986328125
25040.23046875
25030.40234375
25020.61328125
25010.109375
24999.6015625
24989.1875
24978.873046875
24969.140625
24959.14453125
24949.16796875
24938.91796875
24928.71484375
24918.7265625
24908.71875
24898.9296875
24888.697265625
24878.50390625
24868.16796875
24858.18359375
24848.609375
24838.60546875
24828.482421875
24818.5078125
24808.8125
24798.919921875
24789.267578125
24779.4375
24769.66015625
24759.671875
24749.28515625
24739.083984375
24728.98828125
24719.345703125
24709.6796875
24699.701171875
24689.78515625
24679.822265625
24669.96484375
24660.125
24650.41796875
24640.51171875
24630.49609375
24620.763671875
24610.91796875
24601.203125
24591.30859375
24581.6953125
24571.779296875
24562.005859375
24552.064453125
24542.4375
24532.724609375
24523.060546875
24513.10546875
24503.380859375
24493.85546875
24484.06640625
24474.349609375
24464.94140625
24455.4609375
24446.2890625
24436.912109375
24428.1015625
24419.404296875
24410.6484375
24402.07421875
24392.921875
24383.00390625
24372.96484375
24362.34375
24351.9609375
24341.484375
24330.9375
24320.763671875
24311.41796875
24302.1875
24293.361328125
24283.94921875
24274.25390625
24264.2421875
24254.431640625
24245.15234375
24236.107421875
24226.92578125
24217.373046875
24207.3125
24198.03125
24188.75
24179.556640625
24170.505859375
24161.44921875
24152.3671875
24143.20703125
24133.978515625
24124.97265625
24116.099609375
24106.814453125
24097.578125
24088.25
24078.984375
24069.55078125
24059.9375
24050.67578125
24041.568359375
24032.5
24023.404296875
24014.447265625
24005.185546875
23995.85546875
23986.42578125
23977.275390625
23968.14453125
23959.166015625
23950.05859375
23941.16796875
23932.12890625
23923.08203125
23914.140625
23905.701171875
23896.896484375
23888.1015625
23879.1328125
23870.333984375
23861.3515625
23853.48046875
23845.619140625
23838.75
23831.498046875
23824.48828125
23817.4375
23810.15234375
23803.880859375
23796.541015625
23788.626953125
23777.203125
23763.9609375
23750.84375
23740.26953125
23732.828125
23725.8828125
23718.8359375
23709.517578125
23699.572265625
23689.7890625
23680.669921875
23671.7734375
23662.30859375
23652.505859375
23643.125
23634.876953125
23627.826171875
23619.65625
23609.71484375
23597.873046875
23585.943359375
23575.18359375
23566.28125
23557.9296875
23548.8046875
23538.203125
23526.98828125
23517.04296875
23509.109375
23501.974609375
23494.134765625
23485.25390625
23475.828125
23466.734375
23457.638671875
23448.68359375
23439.17578125
23429.80078125
23420.4609375
23411.48828125
23402.94140625
23394.3203125
23386.25390625
23378.18359375
23370.267578125
23361.91015625
23352.94921875
23343.779296875
23335.22265625
23327.083984375
23318.9296875
23311.162109375
23302.658203125
23293.75390625
23284.35546875
23275.09375
23266.296875
23257.865234375
23249.55078125
23241.38671875
23232.806640625
23223.900390625
23214.73046875
23205.865234375
23197.59375
23189.576171875
23182.35546875
23174.837890625
23166.84765625
23158.54296875
23150.1640625
23141.53125
23133.01171875
23124.794921875
23116.4140625
23107.73046875
23099.1328125
23090.48046875
23081.7734375
23073.248046875
23065.26953125
23057.529296875
23049.943359375
23042.466796875
23035.0703125
23027.212890625
23019.251953125
23010.4453125
23001.630859375
22992.806640625
22984.875
22977.318359375
22970.140625
22962.7421875
22955.203125
22947.55078125
22939.89453125
22931.935546875
22923.640625
22914.7734375
22905.25
22895.578125
22886.544921875
22877.927734375
22870.16796875
22862.57421875
22854.923828125
22846.8125
22838.4609375
22830.18359375
22821.884765625
22814.01953125
22806.595703125
22799.3828125
22791.90234375
22784.08203125
22776.08203125
22767.859375
22759.55078125
22750.896484375
22742.138671875
22733.458984375
22725.12109375
22717.3671875
22710.19140625
22703.197265625
22696.22265625
22688.994140625
22681.482421875
22673.34375
22665.13671875
22656.423828125
22647.845703125
22639.4140625
22631.884765625
22624.46484375
22617.48046875
22610.654296875
22603.638671875
22596.287109375
22588.80078125
22581.05078125
22572.998046875
22564.3046875
22555.55078125
22546.17578125
22537.1484375
22528.3125
22520.56640625
22512.94140625
22505.810546875
22498.6171875
22491.51171875
22484.08203125
22476.88671875
22469.90234375
22463.12109375
22456.27734375
22449.77734375
22442.701171875
22435.404296875
22427.65625
22419.849609375
22411.7421875
22404.16796875
22396.70703125
22389.86328125
22383.6171875
22378.103515625
22373.18359375
22368.5859375
22364.125
22358.341796875
22350.65625
22341.31640625
22330.44921875
22320.404296875
22311.671875
22304.15625
22297.240234375
22290.212890625
22282.845703125
22274.6953125
22266.4921875
22257.1171875
22247.212890625
22237.24609375
22228.287109375
22220.482421875
22213.6953125
22207.26953125
22200.1875
22192.533203125
22184.30078125
22175.984375
22167.9375
22160.5234375
22153.76171875
22147.09765625
22140.55078125
22133.69921875
22126.6796875
22119.49609375
22112.4296875
22104.751953125
22097.064453125
22089.560546875
22081.888671875
22074.740234375
22067.93359375
22061.375
22054.759765625
22048.28515625
22041.6171875
22034.59765625
22027.09765625
22019.068359375
22010.546875
22002.19140625
21994.671875
21987.6953125
21981.21484375
21974.86328125
21968.046875
21960.791015625
21953.19921875
21945.75390625
21938.546875
21931.935546875
21925.115234375
21918.1796875
21910.55078125
21902.791015625
21894.8125
21887.27734375
21879.98046875
21872.708984375
21865.265625
21857.90625
21850.037109375
21842.1171875
21834.5390625
21827.400390625
21820.69140625
21814.3671875
21808.3515625
21802.3359375
21796.3046875
21790.5078125
21784.703125
21778.69140625
21772.45703125
21765.34765625
21757.6953125
21749.70703125
21741.390625
21733.32421875
21725.798828125
21718.212890625
21710.59375
21702.89453125
21695.267578125
21687.587890625
21680.404296875
21673.576171875
21666.95703125
21660.744140625
21654.37890625
21647.962890625
21641.755859375
21635.5
21629.05859375
21622.515625
21615.41015625
21608.24609375
21601.0390625
21594.18359375
21588.0390625
21582.89453125
21577.8046875
21572.880859375
21567.6640625
21561.810546875
21555.03125
21547.634765625
21539.56640625
21531.224609375
21522.68359375
21514.46875
21506.55078125
21499.619140625
21492.796875
21486.5703125
21480.240234375
21474.2421875
21467.900390625
21461.70703125
21454.85546875
21448.3203125
21440.91796875
21433.6015625
21426.23046875
21418.96875
21411.732421875
21404.94921875
21398.255859375
21391.9453125
21385.71875
21379.21484375
21372.40234375
21364.8828125
21357.046875
21349.26953125
21342.255859375
21335.78515625
21330.013671875
21324.16015625
21318.212890625
21311.5703125
21304.70703125
21297.43359375
21290.34375
21283.494140625
21276.876953125
21270.53125
21264.1484375
21257.66015625
21251.05859375
21244.22265625
21237.33984375
21230.873046875
21224.228515625
21217.548828125
21211.1171875
21204.44140625
21197.607421875
21190.7265625
21183.71484375
21176.84765625
21169.9375
21163.33984375
21157.13671875
21151.6328125
21146.126953125
21141.087890625
21136.15625
21130.85546875
21124.99609375
21118.755859375
21111.8203125
21104.541015625
21097.140625
21089.921875
21083.224609375
21077.12109375
21071.29296875
21065.77734375
21060.0
21053.73828125
21047.22265625
21040.359375
21033.234375
21026.3984375
21019.3828125
21012.4921875
21005.875
20999.66796875
20993.7421875
20988.19921875
20982.833984375
20977.58984375
20972.21875
20966.76953125
20961.16015625
20955.5
20949.3515625
20942.716796875
20935.974609375
20929.05859375
20922.798828125
20916.796875
20911.86328125
20906.90234375
20901.98046875
20895.830078125
20888.83984375
20880.337890625
20871.458984375
20862.544921875
20854.8125
20848.32421875
20842.498046875
20837.16015625
20831.53125
20825.494140625
20818.72265625
20811.59765625
20803.328125
20795.609375
20787.59765625
20780.67578125
20774.36328125
20768.78515625
20763.263671875
20757.66796875
20751.560546875
20745.490234375
20739.11328125
20733.1953125
20727.302734375
20721.591796875
20715.84375
20709.95703125
20703.9609375
20698.44921875
20692.876953125
20687.814453125
20682.99609375
20678.39453125
20673.58984375
20668.79296875
20663.130859375
20657.30859375
20650.994140625
20645.08203125
20639.23828125
20633.6328125
20628.03125
20622.16796875
20616.21484375
20610.27734375
20604.09375
20597.90234375
20591.544921875
20585.49609375
20579.51171875
20574.10546875
20568.87890625
20563.66796875
20558.02734375
20552.21875
20546.208984375
20540.17578125
20534.1953125
20528.31640625
20522.16796875
20515.9765625
20509.197265625
20502.541015625
20496.03515625
20489.876953125
20483.875
20477.90234375
20471.634765625
20465.25390625
20459.0
20453.21875
20448.078125
20443.30078125
20438.466796875
20432.7890625
20426.224609375
20419.1953125
20411.841796875
20404.88671875
20398.109375
20391.84765625
20385.755859375
20380.126953125
20374.640625
20369.298828125
20363.6640625
20357.958984375
20352.220703125
20346.611328125
20341.107421875
