9328.5869140625
9306.5595703125
9286.59765625
9268.318359375
9251.505859375
9236.0380859375
9221.775390625
9208.57421875
9196.263671875
9184.697265625
9173.75
9163.3271484375
9153.37890625
9143.8671875
9134.77734375
9126.103515625
9117.828125
9109.943359375
9102.44140625
9095.30078125
9088.50390625
9082.037109375
9075.8798828125
9070.0078125
9064.412109375
9059.068359375
9053.9599609375
9049.0810546875
9044.408203125
9039.93359375
9035.6416015625
9031.5263671875
9027.568359375
9023.765625
9020.111328125
9016.595703125
9013.208984375
9009.943359375
9006.79296875
9003.7509765625
9000.810546875
8997.96484375
8995.2109375
8992.5380859375
8989.943359375
8987.4189453125
8984.9638671875
8982.5712890625
8980.232421875
8977.94921875
8975.71484375
8973.5302734375
8971.388671875
8969.287109375
8967.224609375
8965.193359375
8963.197265625
8961.2314453125
8959.294921875
8957.38671875
8955.509765625
8953.6513671875
8951.818359375
8950.009765625
8948.220703125
8946.453125
8944.7060546875
8942.978515625
8941.265625
8939.5732421875
8937.8974609375
8936.236328125
8934.595703125
8932.9677734375
8931.3544921875
8929.755859375
8928.1748046875
8926.603515625
8925.046875
8923.4990234375
8921.966796875
8920.447265625
8918.9365234375
8917.4375
8915.94921875
8914.470703125
8913.001953125
8911.54296875
8910.0908203125
8908.646484375
8907.2119140625
8905.783203125
8904.361328125
8902.9462890625
8901.5361328125
8900.1337890625
8898.7392578125
8897.345703125
8895.958984375
8894.5771484375
8893.19921875
8891.826171875
8890.4560546875
8889.08984375
8887.728515625
8886.37109375
8885.0166015625
8883.6630859375
8882.3125
8880.970703125
8879.626953125
8878.2861328125
8876.9482421875
8875.6123046875
8874.283203125
8872.953125
8871.626953125
8870.302734375
8868.9814453125
8867.6650390625
8866.3466796875
8865.0341796875
8863.7265625
8862.4208984375
8861.1171875
8859.818359375
8858.5224609375
8857.2314453125
8855.943359375
8854.6572265625
8853.37890625
8852.107421875
8850.8369140625
8849.572265625
8848.3115234375
8847.0546875
8845.8056640625
8844.560546875
8843.3203125
8842.083984375
8840.8564453125
8839.6337890625
8838.419921875
8837.2109375
8836.0078125
8834.8125
8833.626953125
8832.4453125
8831.2734375
8830.107421875
8828.9501953125
8827.80078125
8826.658203125
8825.52734375
8824.40234375
8823.287109375
8822.1826171875
8821.083984375
8819.9951171875
8818.9169921875
8817.845703125
8816.7919921875
8815.7421875
8814.703125
8813.673828125
8812.654296875
8811.6416015625
8810.6416015625
8809.654296875
8808.6748046875
8807.705078125
8806.748046875
8805.80078125
8804.8603515625
8803.9306640625
8803.0126953125
8802.10546875
8801.2109375
8800.3232421875
8799.4453125
8798.578125
8797.71875
8796.8759765625
8796.0390625
8795.212890625
8794.39453125
8793.587890625
8792.791015625
8792.00390625
8791.228515625
8790.458984375
8789.7041015625
8788.955078125
8788.2158203125
8787.486328125
8786.767578125
8786.0546875
8785.353515625
8784.66015625
8783.974609375
136421323046912.0
348912.5625
283207.6875
2365041.25
13206812.0
7657225.5
2546059.5
710004.0625
247566.65625
132715.609375
93551.015625
83976.5
69313.9921875
65405.6875
63039.890625
61324.828125
59954.171875
58873.796875
57986.29296875
57048.2734375
55950.0859375
54750.96484375
53392.33203125
51867.83203125
50313.8515625
48770.546875
47308.19921875
45925.26953125
44630.515625
43439.55859375
42334.73046875
41344.09375
40373.87109375
39439.03125
38536.4921875
37679.015625
36874.28125
36112.640625
35385.296875
34697.1953125
34042.7265625
33406.99609375
32786.828125
32187.05859375
31613.11328125
31064.37890625
30533.6875
30022.53125
29541.5625
29087.466796875
28645.3203125
28214.4375
27791.23046875
27385.322265625
26994.28125
26622.646484375
26270.408203125
25934.142578125
25642.71484375
25342.2890625
25090.28515625
24835.51171875
24572.37109375
24304.65234375
24042.58203125
23789.75390625
23547.71875
23315.1953125
23089.57421875
22869.322265625
22656.529296875
22454.076171875
22284.845703125
22111.34765625
21995.193359375
21879.63671875
21744.7734375
21588.88671875
21418.052734375
21240.693359375
21065.412109375
20899.685546875
20746.06640625
20601.65625
20461.646484375
20323.44140625
20186.37890625
20050.443359375
19917.078125
19789.158203125
19668.71875
19554.60546875
19444.26953125
19335.8203125
19229.0078125
19124.21875
19021.90234375
18922.38671875
18825.91015625
18732.22265625
18640.685546875
18550.4375
18460.99609375
18372.8125
18287.015625
18204.34765625
18124.408203125
18046.0
17968.5859375
17892.58984375
17818.169921875
17745.3125
17673.90234375
17603.892578125
17535.171875
17467.736328125
17401.34375
17335.78515625
17270.99609375
17207.2890625
17145.06640625
17085.09375
17026.529296875
16968.78515625
16912.2734375
16855.93359375
16801.11328125
16747.05078125
16694.31640625
16642.53515625
16591.38671875
16541.39453125
16492.1171875
16444.10546875
16397.078125
16351.1669921875
16306.4052734375
16262.5537109375
16219.7138671875
16177.7646484375
16136.9306640625
16097.0380859375
16057.3095703125
16017.423828125
15978.9208984375
15941.40625
15903.353515625
15866.091796875
15829.748046875
15793.11328125
15757.302734375
15722.29296875
15687.2802734375
15653.1767578125
15619.5966796875
15586.18359375
15553.6533203125
15521.435546875
15489.6171875
15458.552734375
15427.6806640625
15397.3330078125
15367.5009765625
15337.880859375
15308.83984375
15280.236328125
15252.3701171875
15226.388671875
15204.1728515625
15176.97265625
15142.51171875
15117.6455078125
15093.6240234375
15062.185546875
15038.6748046875
15013.142578125
14984.53515625
14961.9287109375
14934.9951171875
14909.62890625
14886.24609375
14859.4765625
14836.150390625
14811.5966796875
14786.28515625
14763.404296875
14738.419921875
14714.63671875
14691.4921875
14667.0458984375
14644.2646484375
14621.0869140625
14597.6728515625
14575.4697265625
14552.76171875
14530.359375
14508.787109375
14486.970703125
14465.794921875
14445.2578125
14424.47265625
14404.0859375
14384.2734375
14364.7021484375
14345.5810546875
14326.697265625
14307.748046875
14289.048828125
14270.509765625
14251.78515625
14233.140625
14214.841796875
14196.6962890625
14178.60546875
14160.724609375
14143.1298828125
14125.734375
14108.4736328125
14091.3017578125
14074.306640625
14057.75
14042.57421875
14034.8330078125
14052.0498046875
14036.580078125
14042.0791015625
14032.8359375
14015.9482421875
13979.744140625
13979.6171875
13943.13671875
13934.4697265625
13913.16015625
13893.03125
13874.7705078125
13853.6455078125
13841.0791015625
13821.6767578125
13803.361328125
13785.994140625
13769.6220703125
13753.9931640625
13738.693359375
13722.2333984375
13705.904296875
13691.1943359375
13675.689453125
13661.650390625
13647.5546875
13633.80078125
13618.23046875
13603.64453125
13588.392578125
13574.361328125
13560.23828125
13545.9560546875
13531.9921875
13517.951171875
13504.01171875
13489.88671875
13476.23046875
13462.6376953125
13449.521484375
13436.375
13423.314453125
13410.416015625
13397.802734375
13385.287109375
13372.9228515625
13360.3759765625
13347.9931640625
13335.85546875
13323.861328125
13311.9326171875
13300.0087890625
13288.1904296875
13276.482421875
13264.916015625
13253.4453125
13242.037109375
13230.7109375
13219.580078125
13208.5859375
13197.7607421875
13187.001953125
13176.0888671875
13164.9951171875
13154.06640625
13143.5263671875
13133.0966796875
13122.583984375
13112.18359375
13101.755859375
13090.935546875
13079.9912109375
13069.5517578125
13059.599609375
13049.6650390625
13039.5673828125
13029.3134765625
13018.966796875
13008.84765625
12999.1640625
12989.560546875
12979.6728515625
12969.783203125
12960.27734375
12950.9580078125
12941.416015625
12931.720703125
12922.083984375
12912.6416015625
12903.404296875
12894.32421875
12885.2373046875
12876.078125
12866.8525390625
12857.5654296875
12848.375
12839.5458984375
12831.150390625
12823.169921875
12815.3359375
12807.67578125
12798.572265625
12787.9189453125
12777.041015625
12768.4169921875
12761.0859375
12752.4921875
12742.5341796875
12733.09375
12725.177734375
12717.07421875
12707.51953125
12697.8515625
12689.36328125
12681.314453125
12672.7021484375
12663.9462890625
12655.8935546875
12648.150390625
12640.00390625
12631.8837890625
12624.232421875
12616.541015625
12608.1865234375
12599.57421875
12591.5810546875
12584.1728515625
12576.654296875
12568.798828125
12560.87109375
12553.09375
12545.46484375
12537.919921875
12530.373046875
12522.791015625
12515.212890625
12507.8515625
12500.677734375
12493.5576171875
12486.2705078125
12478.7099609375
12471.048828125
12463.55078125
12456.3681640625
12449.4775390625
12442.666015625
12435.8359375
12429.0986328125
12422.5849609375
12415.97265625
12408.6357421875
12400.625
12392.96875
12386.263671875
12380.05859375
12373.404296875
12366.314453125
12359.5537109375
12353.47265625
12347.4267578125
12340.830078125
12333.8525390625
12327.150390625
12320.78125
12314.3076171875
12307.642578125
12301.1357421875
12294.8544921875
12288.6220703125
12282.2890625
12276.060546875
12270.0244140625
12264.109375
12258.125
12252.2109375
12246.48046875
12240.81640625
12234.7724609375
12228.4697265625
12221.9990234375
12215.798828125
12209.955078125
12204.484375
12199.3935546875
12194.4296875
12189.408203125
12184.03125
12178.177734375
12171.7802734375
12164.869140625
12158.2431640625
12152.3515625
12147.3115234375
12142.4248046875
12136.982421875
12131.1845703125
12125.888671875
12121.818359375
12118.810546875
12115.41015625
12109.041015625
12099.236328125
12090.990234375
12087.546875
12084.5234375
12077.146484375
12068.216796875
12062.68359375
12058.49609375
12051.8701171875
12044.9970703125
12040.33203125
12035.3798828125
12028.6552734375
12022.541015625
12017.546875
12011.9921875
12006.3349609375
12001.6572265625
11996.408203125
11989.853515625
11983.314453125
11977.51171875
11971.9619140625
11967.1005859375
11962.892578125
11958.0224609375
11952.1201171875
11946.49609375
11941.591796875
11937.015625
11932.310546875
11927.74609375
11922.1416015625
11916.193359375
11909.87109375
11904.1796875
11899.0302734375
11894.265625
11889.5703125
11884.181640625
11878.2529296875
11871.8583984375
11865.1962890625
11858.4580078125
11853.16015625
11858.78125
11858.2939453125
11840.173828125
11819.548828125
11828.609375
11846.826171875
11817.8857421875
11820.4287109375
11812.03125
11799.6884765625
11804.513671875
11797.0029296875
11786.904296875
11791.6884765625
11770.947265625
11772.4560546875
11769.8203125
11757.435546875
11754.36328125
11750.96484375
11743.791015625
11735.5390625
11734.7734375
11730.1318359375
11723.0302734375
11721.1376953125
11716.4384765625
11709.396484375
11704.7177734375
11701.3662109375
11694.9541015625
11690.7158203125
11687.400390625
11682.4306640625
11677.744140625
11674.232421875
11669.1669921875
11664.47265625
11661.07421875
11656.43359375
11652.328125
11648.7099609375
11644.81640625
11640.71484375
11637.12890625
11633.8876953125
11631.1943359375
11629.833984375
11628.6689453125
11626.365234375
11621.9990234375
11615.7021484375
11608.6982421875
11603.498046875
11600.21484375
11597.3603515625
11593.287109375
11587.59375
11581.4931640625
11576.6259765625
11573.076171875
11569.9658203125
11566.01171875
11561.5126953125
11556.927734375
11552.990234375
11549.4296875
11545.787109375
11541.869140625
11538.04296875
11534.62890625
11531.619140625
11528.51953125
11525.1005859375
11521.302734375
11517.75390625
11514.107421875
11510.763671875
11506.6279296875
11502.4609375
11498.0380859375
11493.95703125
11490.2490234375
11486.6328125
11483.2421875
11479.759765625
11476.32421875
11472.962890625
11469.4248046875
11465.826171875
11461.845703125
11457.6640625
11453.15625
11448.853515625
11444.8701171875
11441.466796875
11438.3251953125
11435.1953125
11431.7861328125
11428.224609375
11424.603515625
11421.0693359375
11417.701171875
11414.3759765625
11411.16015625
11407.9833984375
11405.005859375
11401.7900390625
11398.4892578125
11394.7255859375
11391.3046875
11388.025390625
11385.1015625
11381.8623046875
11378.3984375
11374.748046875
11371.421875
11368.3642578125
11365.3984375
11362.2705078125
11359.1640625
11356.1826171875
11353.3203125
11350.33203125
11347.2607421875
11344.2470703125
11341.66796875
11339.3076171875
11337.0771484375
11334.3974609375
11331.568359375
11328.2978515625
11325.4853515625
11322.576171875
11320.2939453125
11317.5888671875
11315.068359375
11312.03515625
11309.171875
11305.888671875
11302.689453125
11299.63671875
11297.4208984375
11295.818359375
11294.625
11293.173828125
11291.431640625
11288.5400390625
11284.68359375
11279.8125
11275.796875
11273.830078125
11273.7060546875
11272.9765625
11270.107421875
11266.310546875
11264.1728515625
11263.4814453125
11262.591796875
11258.701171875
11253.298828125
11247.990234375
11245.1044921875
11243.29296875
11241.5869140625
11239.5712890625
11237.5068359375
11234.861328125
11230.359375
11224.3046875
11218.9423828125
11215.951171875
11215.59375
11214.1044921875
11211.814453125
11206.64453125
11201.87109375
11198.1689453125
11195.341796875
11193.33984375
11190.88671875
11189.1689453125
11185.9091796875
11183.181640625
11178.8388671875
11175.0693359375
11171.478515625
11168.314453125
11165.4541015625
11162.8203125
11160.9033203125
11158.109375
11155.4462890625
11152.05078125
11148.9130859375
11146.1015625
11143.853515625
11142.021484375
11140.107421875
11137.9189453125
11135.2451171875
11132.068359375
11129.36328125
11126.3779296875
11123.748046875
11121.10546875
11118.9814453125
11116.466796875
11114.2021484375
11111.6494140625
11109.0703125
11106.189453125
11103.392578125
11100.703125
11098.31640625
11096.0205078125
11093.41796875
11090.7626953125
11087.775390625
11085.34765625
11082.587890625
11080.515625
11077.650390625
11074.91796875
11071.681640625
11068.462890625
11065.380859375
11062.66796875
11060.5087890625
11058.67578125
11056.615234375
11053.662109375
11049.4091796875
11044.474609375
11040.4580078125
11037.353515625
11035.306640625
11032.6220703125
11028.95703125
11024.2421875
11019.6591796875
11015.755859375
11012.5390625
11009.232421875
11005.6552734375
11001.5302734375
10997.736328125
10993.658203125
10989.9423828125
10985.625
10981.2216796875
10976.8515625
10972.5771484375
10969.359375
10965.6572265625
10962.935546875
10958.9296875
10955.45703125
10951.541015625
10948.21484375
10944.642578125
10941.0224609375
10936.2314453125
10930.6767578125
10924.8564453125
10920.1484375
10916.986328125
10915.03515625
10913.216796875
10911.02734375
10907.5166015625
10903.2451171875
10899.376953125
10895.5771484375
10892.6337890625
10890.0185546875
10888.0341796875
10886.609375
10885.9892578125
10885.7158203125
10885.208984375
10883.1484375
10879.2529296875
10874.326171875
10869.623046875
10866.291015625
10863.26953125
10860.740234375
10857.765625
10854.73828125
10852.701171875
10849.544921875
10847.0498046875
10843.724609375
10840.673828125
10837.71484375
10835.5400390625
10833.841796875
10832.12890625
10829.806640625
10827.03125
10824.365234375
10822.2138671875
10820.31640625
10818.17578125
10815.7861328125
10813.5625
10812.4248046875
10811.23046875
10810.7236328125
10808.564453125
10806.068359375
10803.4091796875
10800.9716796875
10798.8447265625
10796.3994140625
10793.4580078125
10790.2666015625
10787.587890625
10785.7529296875
10784.54296875
10783.2421875
10780.9658203125
10778.611328125
10775.5654296875
10774.8203125
10772.935546875
10771.697265625
10768.7470703125
10765.3203125
10761.345703125
10757.7138671875
10754.271484375
10751.462890625
10749.2802734375
10748.453125
10747.03515625
10747.0
10743.248046875
10741.470703125
10738.765625
10737.52734375
10736.041015625
10735.271484375
10733.775390625
10731.56640625
10728.51171875
10726.734375
10726.0830078125
10729.0048828125
10725.517578125
10722.6025390625
10721.1142578125
10718.021484375
10720.560546875
10712.69921875
10725.314453125
10784.775390625
10793.67578125
10782.4970703125
10786.630859375
10778.65625
10761.6259765625
10759.263671875
10748.56640625
10733.6171875
10745.97265625
10761.443359375
10752.1259765625
10749.2978515625
10750.412109375
10727.783203125
10711.240234375
10700.029296875
10794.138671875
10905.6513671875
11156.103515625
11139.794921875
10986.1513671875
11073.7001953125
11145.0048828125
11069.1611328125
10986.712890625
10935.6728515625
10940.771484375
10941.453125
10913.716796875
10881.853515625
10866.3505859375
10867.42578125
10853.8583984375
10845.87109375
10831.1298828125
10822.365234375
10807.7998046875
10792.2041015625
10778.8798828125
10775.1484375
10766.75
10761.634765625
10754.9365234375
10749.044921875
10741.240234375
10732.4052734375
10725.033203125
10720.1826171875
10715.00390625
10706.40234375
10698.0224609375
10693.2880859375
10691.5361328125
10688.5888671875
10685.748046875
10684.564453125
10682.720703125
10681.1513671875
10677.935546875
10674.0869140625
10671.134765625
10667.248046875
10664.685546875
10662.6025390625
10661.87890625
10660.697265625
10659.294921875
10656.544921875
10652.9677734375
10648.3134765625
10644.8154296875
10642.763671875
10642.0625
10641.9853515625
10640.89453125
10637.734375
10631.8193359375
10625.33984375
10621.080078125
10619.8427734375
10619.82421875
10618.26171875
10613.46875
10606.822265625
10601.36328125
10598.8310546875
10598.2451171875
10597.42578125
10595.060546875
10591.8046875
10589.224609375
10587.896484375
10587.197265625
10585.900390625
10583.623046875
10580.6533203125
10577.611328125
10575.4697265625
10573.796875
10573.02734375
10571.181640625
10568.982421875
10565.103515625
10561.2109375
10557.4375
10554.662109375
10552.3486328125
10550.4521484375
10548.51171875
10546.8056640625
10545.365234375
10544.396484375
10543.7333984375
10542.8681640625
10541.404296875
10538.640625
10534.8330078125
10530.482421875
10526.6064453125
10524.0537109375
10522.7841796875
10522.5498046875
10522.5322265625
10522.5341796875
10522.291015625
10522.19140625
10521.8642578125
10521.0439453125
10519.6435546875
10518.8564453125
10518.6220703125
10518.00390625
10515.6611328125
10511.779296875
10507.0048828125
10502.13671875
10497.482421875
10494.2412109375
10492.4130859375
10492.0400390625
10491.8349609375
10491.669921875
10491.3154296875
10490.751953125
10489.267578125
10485.94921875
10481.10546875
10476.158203125
10472.1552734375
10469.4775390625
10466.9765625
10464.328125
10461.017578125
10457.830078125
10454.923828125
10452.7861328125
10450.7685546875
10448.6318359375
10446.115234375
10443.826171875
10442.330078125
10441.666015625
10441.421875
10440.7041015625
10439.208984375
10436.892578125
10433.5283203125
10429.2236328125
10424.193359375
10420.3818359375
10418.8125
10419.2265625
10419.51953125
10418.8515625
10403.333984375
10405.5234375
10407.6943359375
10396.5234375
10402.1298828125
10397.333984375
10392.8466796875
10395.580078125
10389.9052734375
10388.619140625
10388.4541015625
10384.130859375
10383.359375
10382.03125
10378.56640625
10377.9326171875
10375.921875
10373.1103515625
10372.5146484375
10369.861328125
10367.9287109375
10366.8232421875
10364.08203125
10362.748046875
10360.921875
10358.615234375
10357.24609375
10355.0634765625
10353.142578125
10351.4462890625
10349.3046875
10347.443359375
10345.494140625
10343.42578125
10341.439453125
10339.400390625
10337.265625
10335.1533203125
10333.009765625
10330.7314453125
10328.4873046875
10326.1767578125
10323.75390625
10321.380859375
10318.8896484375
10316.3935546875
10313.9619140625
10311.5234375
10309.25390625
10307.201171875
10305.380859375
10303.826171875
10302.37890625
10300.880859375
10299.1923828125
10297.3037109375
10295.326171875
10293.361328125
10291.5419921875
10289.87109375
10288.302734375
10286.78125
10285.2900390625
10283.8466796875
10282.46875
10281.1728515625
10279.9248046875
10278.6689453125
10277.36328125
10275.9609375
10274.494140625
10273.0283203125
10271.599609375
10270.23046875
10268.919921875
10267.6484375
10266.3720703125
10265.08984375
10263.77734375
10262.451171875
10261.111328125
10259.76171875
10258.4169921875
10257.08984375
10255.7607421875
10254.4453125
10253.1328125
10251.8134765625
10250.494140625
10249.1748046875
10247.8505859375
10246.5224609375
10245.18359375
10243.8486328125
10242.5185546875
10241.1923828125
10239.87109375
10238.5595703125
10237.248046875
10235.935546875
10234.6298828125
10233.326171875
10232.013671875
10230.7138671875
10229.421875
10228.134765625
10226.8427734375
10225.556640625
10224.291015625
10223.013671875
10221.74609375
10220.4853515625
10219.2265625
10217.974609375
10216.720703125
10215.4755859375
10214.2294921875
10212.9921875
10211.7578125
10210.5244140625
10209.2919921875
10208.068359375
10206.8359375
10205.6171875
10204.4013671875
10203.181640625
10201.9638671875
10200.7509765625
10199.537109375
10198.3251953125
10197.1181640625
10195.908203125
10194.701171875
10193.494140625
10192.2841796875
10191.0859375
10189.876953125
10188.666015625
10187.45703125
10186.251953125
10185.0458984375
10183.8359375
10182.626953125
10181.41796875
10180.2138671875
10179.0126953125
10177.802734375
10176.61328125
10175.416015625
10174.228515625
10173.021484375
10171.8359375
10170.6552734375
10169.4755859375
10168.30859375
10167.138671875
10165.9873046875
10164.8427734375
10163.7099609375
10162.58203125
10161.4482421875
10160.34375
10159.224609375
10158.109375
10157.005859375
10155.89453125
10154.7880859375
10153.6884765625
10152.580078125
10151.4814453125
10150.3837890625
10149.2880859375
10148.1884765625
10147.0888671875
10145.990234375
10144.8974609375
10143.8017578125
10142.7099609375
10141.623046875
10140.537109375
10139.453125
10138.376953125
10137.2802734375
10136.1982421875
10135.111328125
10134.03125
10132.9580078125
10131.876953125
10130.7890625
10129.7197265625
10128.640625
10127.564453125
10126.48046875
10125.4140625
10124.3427734375
10123.2578125
10122.1953125
10121.12109375
10120.0517578125
10118.9814453125
10117.91015625
10116.837890625
10115.7724609375
10114.705078125
10113.6396484375
10112.5849609375
10111.5185546875
10110.44921875
10109.39453125
10108.330078125
10107.265625
10106.216796875
10105.16015625
10104.0986328125
10103.0498046875
10101.98828125
10100.93359375
10099.8779296875
10098.81640625
10097.767578125
10096.7080078125
10095.6650390625
10094.5986328125
10093.5380859375
10092.484375
10091.4375
10090.37890625
10089.3271484375
10088.275390625
10087.21484375
10086.1533203125
10085.103515625
10084.05078125
10082.990234375
10081.93359375
10080.8779296875
10079.8212890625
10078.7607421875
10077.7060546875
10076.642578125
10075.5830078125
10074.525390625
10073.4716796875
10072.408203125
10071.3388671875
10070.2734375
10069.19921875
10068.1279296875
10067.060546875
10065.9892578125
10064.91796875
10063.8388671875
10062.7666015625
10061.6767578125
10060.595703125
10059.517578125
10058.4287109375
10057.34375
10056.2548828125
10055.166015625
10054.068359375
10052.98046875
10051.8857421875
10050.7734375
10049.68359375
10048.5927734375
10047.498046875
10046.400390625
10045.3046875
10044.2109375
10043.1005859375
10042.0185546875
10040.92578125
10039.82421875
10038.7431640625
10037.65234375
10036.576171875
10035.4931640625
10034.41796875
10033.33984375
10032.2685546875
10031.1943359375
10030.1279296875
10029.0498046875
10027.9814453125
10026.912109375
10025.8359375
10024.7646484375
10023.689453125
10022.615234375
10021.541015625
10020.45703125
10019.3740234375
10018.279296875
10017.1953125
10016.1015625
10014.998046875
10013.8984375
10012.7783203125
10011.662109375
10010.529296875
10009.388671875
10008.23046875
10007.0703125
10005.890625
10004.69140625
10003.4765625
10002.244140625
10000.998046875
9999.7216796875
9998.443359375
9997.142578125
9995.837890625
9994.5224609375
9993.216796875
9991.9169921875
9990.640625
9989.3837890625
9988.14453125
9986.923828125
9985.7412109375
9984.5673828125
9983.412109375
9982.28515625
9981.1650390625
9980.052734375
9978.95703125
9977.8681640625
9976.787109375
9975.697265625
9974.625
9973.5439453125
9972.47265625
9971.39453125
9970.3125
9969.23828125
9968.1494140625
9967.0712890625
9965.990234375
9964.9150390625
9963.833984375
9962.7578125
9961.6787109375
9960.607421875
9959.5361328125
9958.47265625
9957.4111328125
9956.361328125
9955.3173828125
9954.3076171875
9953.328125
9952.4150390625
9951.56640625
9950.806640625
9950.0537109375
9949.19921875
9948.0078125
9946.478515625
9944.87109375
9943.5703125
9942.662109375
9941.90625
9941.0068359375
9939.76953125
9938.421875
9937.2294921875
9936.2783203125
9935.404296875
9934.37890625
9933.1865234375
9931.98828125
9930.923828125
9929.9609375
9928.9765625
9927.8828125
9926.736328125
9925.6357421875
9924.607421875
9923.6201171875
9922.5654296875
9921.4677734375
9920.3701171875
9919.3125
9918.291015625
9917.2568359375
9916.1923828125
9915.11328125
9914.04296875
9912.9931640625
9911.9501953125
9910.9013671875
9909.826171875
9908.76171875
9907.697265625
9906.6474609375
9905.58984375
9904.529296875
9903.4697265625
9902.3984375
9901.349609375
9900.2822265625
9899.224609375
9898.1640625
9897.0986328125
9896.0322265625
9894.970703125
9893.9072265625
9892.8447265625
9891.7880859375
9890.724609375
9889.6591796875
9888.6044921875
9887.54296875
9886.4814453125
9885.4189453125
9884.3671875
9883.296875
9882.2421875
9881.1845703125
9880.12109375
9879.06640625
9878.005859375
9876.9521484375
9875.890625
9874.841796875
9873.775390625
9872.72265625
9871.6669921875
9870.6123046875
9869.5537109375
9868.4990234375
9867.443359375
9866.392578125
9865.3359375
9864.2861328125
9863.2431640625
9862.18359375
9861.1318359375
9860.0927734375
9859.046875
9858.0107421875
9856.978515625
9855.974609375
9855.01171875
9854.09375
9853.294921875
9852.6494140625
9852.2744140625
9852.115234375
9852.1796875
9851.720703125
9850.55859375
9848.357421875
9846.20703125
9844.814453125
9844.0859375
9843.361328125
9842.33203125
9840.88671875
9839.919921875
9838.984375
9838.6630859375
9837.8408203125
9837.2041015625
9836.421875
9835.92578125
9835.115234375
9833.787109375
9831.724609375
9829.4736328125
9827.646484375
9826.595703125
9826.083984375
9825.587890625
9824.623046875
9823.208984375
9821.708984375
9820.4814453125
9819.544921875
9818.708984375
9817.7568359375
9816.73828125
9815.802734375
9815.177734375
9814.86328125
9814.88671875
9815.064453125
9815.30078125
9814.7861328125
9813.5498046875
9811.375
9809.716796875
9808.56640625
9808.1396484375
9807.3212890625
9805.8876953125
9803.7177734375
9801.7392578125
9800.5087890625
9800.0546875
9799.44140625
9798.1796875
9796.3740234375
9794.7998046875
9793.859375
9793.310546875
9792.62109375
9791.6376953125
9790.67578125
9790.126953125
9790.12109375
9790.45703125
9790.9609375
9791.4765625
9791.984375
9792.4638671875
9792.6396484375
9792.3828125
9791.5615234375
9790.638671875
9789.69921875
9789.193359375
9788.548828125
9788.34765625
9788.1923828125
9788.3056640625
9788.009765625
9786.8603515625
9784.68359375
9782.044921875
9779.9150390625
9778.728515625
9778.0869140625
9777.2294921875
9775.7890625
9774.5146484375
9773.490234375
9773.2578125
9772.5673828125
9771.583984375
9769.45703125
9767.1103515625
9764.4560546875
9762.38671875
9760.6044921875
9759.216796875
9757.6806640625
9756.0439453125
9754.388671875
9753.0498046875
9752.044921875
9751.2509765625
9750.4091796875
9749.4990234375
9748.541015625
9747.591796875
9746.6982421875
9745.755859375
9744.8671875
9743.8955078125
9742.9541015625
9741.97265625
9741.029296875
9740.056640625
9738.9990234375
9737.8369140625
9736.6689453125
9735.6640625
9734.9130859375
9734.455078125
9734.134765625
9733.87890625
9733.462890625
9732.99609375
9732.4130859375
9731.9375
9731.39453125
9731.15234375
9731.1435546875
9731.68359375
9732.43359375
9733.1083984375
9733.0673828125
9732.0478515625
9729.90625
9727.267578125
9724.552734375
9722.486328125
9721.4541015625
9721.4248046875
9722.125
9722.865234375
9723.388671875
9723.2119140625
9722.193359375
9720.021484375
9717.015625
9713.9638671875
9711.5595703125
9710.1240234375
9709.5
9709.13671875
9708.59375
9707.578125
9706.2548828125
9704.8857421875
9703.896484375
9703.35546875
9703.2158203125
9703.0185546875
9702.5810546875
9701.736328125
9700.8369140625
9699.908203125
9698.818359375
9697.1943359375
9695.078125
9692.7255859375
9690.654296875
9689.0400390625
9687.8046875
9686.6328125
9685.4228515625
9684.1259765625
9682.966796875
9681.87109375
9680.94140625
9679.9765625
9679.162109375
9678.27734375
9677.5595703125
9676.5849609375
9675.634765625
9674.376953125
9673.2587890625
9671.94921875
9670.806640625
9669.49609375
9668.3515625
9667.2373046875
9666.3857421875
9665.693359375
9665.294921875
9665.142578125
9665.3798828125
9665.9169921875
9666.685546875
9667.171875
9666.837890625
9665.3349609375
9663.2470703125
9661.556640625
9660.939453125
9660.85546875
9660.583984375
9659.5166015625
9657.97265625
9656.5234375
9655.541015625
9654.7099609375
9653.72265625
9652.3291015625
9650.7626953125
9649.3759765625
9648.515625
9648.27734375
9648.365234375
9648.578125
9648.54296875
9648.50390625
9648.048828125
9647.564453125
9646.4345703125
9645.4423828125
9644.296875
9643.82421875
9643.4140625
9642.978515625
9641.8408203125
9640.2177734375
9638.271484375
9636.474609375
9634.7724609375
9632.958984375
9630.7578125
9628.318359375
9625.953125
9624.0
9622.615234375
9621.673828125
9621.15625
9620.8837890625
9620.8984375
9620.99609375
9621.0400390625
9620.666015625
9619.69140625
9618.0830078125
9616.4052734375
9615.173828125
9614.814453125
9614.841796875
9614.830078125
9613.9443359375
9612.4892578125
9610.50390625
9608.7548828125
9607.11328125
9605.6796875
9604.1494140625
9602.7802734375
9601.640625
9600.955078125
9600.5810546875
9600.3544921875
9600.2119140625
9600.2265625
9600.5947265625
9601.314453125
9602.0009765625
9602.314453125
9601.783203125
9600.712890625
9599.12890625
9597.787109375
9596.2841796875
9594.9892578125
9593.150390625
9591.3564453125
9589.2861328125
9587.7021484375
9586.201171875
9585.1396484375
9584.025390625
9583.0009765625
9581.861328125
9580.615234375
9579.134765625
9577.328125
9575.2646484375
9573.142578125
9571.259765625
9569.89453125
9569.078125
9568.6181640625
9568.263671875
9567.734375
9567.01171875
9566.16015625
9565.4775390625
9565.103515625
9565.240234375
9565.69921875
9566.3408203125
9566.615234375
9566.2861328125
9564.84375
9562.607421875
9559.9267578125
9557.80859375
9556.673828125
9556.6357421875
9557.00390625
9557.23046875
9556.7216796875
9555.5439453125
9553.962890625
9552.642578125
9551.806640625
9551.4560546875
9551.296875
9551.1083984375
9550.837890625
9550.595703125
9550.3037109375
9549.9814453125
9549.3193359375
9548.4990234375
9547.3876953125
9546.47265625
9545.4375
9544.68359375
9543.689453125
9542.8310546875
9541.666015625
9540.5732421875
9539.126953125
9537.5947265625
9535.7021484375
9533.6953125
9531.5625
9529.62890625
9528.025390625
9526.923828125
9526.2099609375
9525.77734375
9525.30078125
9524.552734375
9523.369140625
9521.578125
9519.4052734375
9517.06640625
9514.9697265625
9513.330078125
9512.23046875
9511.578125
9511.189453125
9510.86328125
9510.3681640625
9509.654296875
9508.779296875
9507.9501953125
9507.306640625
9507.0419921875
9507.10546875
9507.5751953125
9508.29296875
9509.3798828125
9510.6875
9512.1279296875
9513.291015625
9513.46484375
9512.2861328125
9509.7158203125
9506.5673828125
9504.181640625
9503.0966796875
9503.427734375
9504.2177734375
9504.79296875
9504.4765625
9503.4423828125
9501.9375
9500.63671875
9499.6396484375
9498.9580078125
9497.9296875
9496.60546875
9495.22265625
9494.521484375
9494.369140625
9494.490234375
9493.994140625
9492.87109375
9491.0390625
9489.3212890625
9487.6826171875
9486.3134765625
9484.6201171875
9482.732421875
9480.59375
9478.794921875
9477.48828125
9476.6162109375
9475.869140625
9475.0078125
9474.1142578125
9473.41796875
9472.990234375
9472.712890625
9472.2216796875
9471.359375
9470.1416015625
9468.7099609375
9467.1396484375
9465.4267578125
9463.6689453125
9462.109375
9461.0322265625
9460.4931640625
9460.34375
9460.3525390625
9460.171875
9459.82421875
9459.2421875
9458.775390625
9458.359375
9458.291015625
9458.134765625
9457.9716796875
9457.171875
9455.958984375
9454.0634765625
9451.99609375
9449.9091796875
9448.1455078125
9446.7333984375
9445.6494140625
9444.8046875
9444.087890625
9443.5419921875
9443.1845703125
9443.169921875
9443.4111328125
9443.978515625
9444.48046875
9444.6298828125
9443.8232421875
9441.9951171875
9439.05859375
9435.7587890625
9432.6240234375
9430.423828125
9429.1943359375
9428.8388671875
9428.7109375
9428.40234375
9427.42578125
9425.9189453125
9424.2080078125
9422.8466796875
9422.0439453125
9421.73046875
9421.6083984375
9421.416015625
9421.033203125
9420.615234375
9420.234375
9420.01171875
9419.7275390625
9419.2841796875
9418.509765625
9417.6298828125
9416.6865234375
9416.0517578125
9415.49609375
9415.146484375
9414.513671875
9413.9638671875
9413.236328125
9412.9482421875
9412.669921875
9412.650390625
9411.990234375
9411.2255859375
9409.77734375
9408.578125
9407.3828125
9406.64453125
9406.2216796875
9406.025390625
9405.791015625
9405.32421875
9404.390625
9402.91015625
9401.0810546875
9399.462890625
9398.3984375
9398.1865234375
9398.4775390625
9399.02734375
9399.3017578125
9399.4931640625
9399.5595703125
9399.994140625
9400.45703125
9400.8828125
9400.162109375
9398.1259765625
9394.2578125
9389.701171875
9385.369140625
9382.388671875
9380.896484375
9380.5205078125
9380.4375
9379.8388671875
9378.4560546875
9376.26953125
9373.7998046875
9371.591796875
9370.126953125
9369.45703125
9369.2353515625
9368.951171875
9368.1796875
9366.984375
9365.576171875
9364.45703125
9363.7900390625
9363.728515625
9364.033203125
9364.7568359375
9365.65234375
9366.8837890625
9368.0654296875
9369.1025390625
9369.263671875
9368.380859375
9366.279296875
9363.708984375
9361.123046875
9359.2646484375
9358.01171875
9357.4404296875
9357.205078125
9357.228515625
9357.0966796875
9356.73828125
