9328.5869140625
9306.5595703125
9286.59765625
9268.318359375
9251.505859375
9236.0380859375
9221.775390625
9208.57421875
9196.263671875
9184.697265625
9173.75
9163.3271484375
9153.37890625
9143.8671875
9134.77734375
9126.103515625
9117.828125
9109.943359375
9102.44140625
9095.30078125
9088.50390625
9082.037109375
9075.8798828125
9070.0078125
9064.412109375
9059.068359375
9053.9599609375
9049.0810546875
9044.408203125
9039.93359375
9035.6416015625
9031.5263671875
9027.568359375
9023.765625
9020.111328125
9016.595703125
9013.208984375
9009.943359375
9006.79296875
9003.7509765625
9000.810546875
8997.96484375
8995.2109375
8992.5380859375
8989.943359375
8987.4189453125
8984.9638671875
8982.5712890625
8980.232421875
8977.94921875
8975.71484375
8973.5302734375
8971.388671875
8969.287109375
8967.224609375
8965.193359375
8963.197265625
8961.2314453125
8959.294921875
8957.38671875
8955.509765625
8953.6513671875
8951.818359375
8950.009765625
8948.220703125
8946.453125
8944.7060546875
8942.978515625
8941.265625
8939.5732421875
8937.8974609375
8936.236328125
8934.595703125
8932.9677734375
8931.3544921875
8929.755859375
8928.1748046875
8926.603515625
8925.046875
8923.4990234375
8921.966796875
8920.447265625
8918.9365234375
8917.4375
8915.94921875
8914.470703125
8913.001953125
8911.54296875
8910.0908203125
8908.646484375
8907.2119140625
8905.783203125
8904.361328125
8902.9462890625
8901.5361328125
8900.1337890625
8898.7392578125
8897.345703125
8895.958984375
8894.5771484375
8893.19921875
8891.826171875
8890.4560546875
8889.08984375
8887.728515625
8886.37109375
8885.0166015625
8883.6630859375
8882.3125
8880.970703125
8879.626953125
8878.2861328125
8876.9482421875
8875.6123046875
8874.283203125
8872.953125
8871.626953125
8870.302734375
8868.9814453125
8867.6650390625
8866.3466796875
8865.0341796875
8863.7265625
8862.4208984375
8861.1171875
8859.818359375
8858.5224609375
8857.2314453125
8855.943359375
8854.6572265625
8853.37890625
8852.107421875
8850.8369140625
8849.572265625
8848.3115234375
8847.0546875
8845.8056640625
8844.560546875
8843.3203125
8842.083984375
8840.8564453125
8839.6337890625
8838.419921875
8837.2109375
8836.0078125
8834.8125
8833.626953125
8832.4453125
8831.2734375
8830.107421875
8828.9501953125
8827.80078125
8826.658203125
8825.52734375
8824.40234375
8823.287109375
8822.1826171875
8821.083984375
8819.9951171875
8818.9169921875
8817.845703125
8816.7919921875
8815.7421875
8814.703125
8813.673828125
8812.654296875
8811.6416015625
8810.6416015625
8809.654296875
8808.6748046875
8807.705078125
8806.748046875
8805.80078125
8804.8603515625
8803.9306640625
8803.0126953125
8802.10546875
8801.2109375
8800.3232421875
8799.4453125
8798.578125
8797.71875
8796.8759765625
8796.0390625
8795.212890625
8794.39453125
8793.587890625
8792.791015625
8792.00390625
8791.228515625
8790.458984375
8789.7041015625
8788.955078125
8788.2158203125
8787.486328125
8786.767578125
8786.0546875
8785.353515625
8784.66015625
8783.974609375
115465183232.0
1459102464.0
26929094.0
17076666.0
5607070.0
208540560.0
10108080128.0
1630462.375
66608.390625
49737.1640625
48655.81640625
48022.87890625
47551.6796875
47102.08984375
46330.8046875
45271.91796875
44195.75
43145.46875
42051.2109375
40952.78515625
39904.625
38871.890625
37845.33203125
36823.015625
35822.50390625
34855.7734375
33906.63671875
33023.66796875
32221.2734375
31471.978515625
30717.25390625
29962.328125
29262.578125
28633.03515625
28045.55859375
27475.71875
26914.76171875
26363.30078125
25826.474609375
25314.361328125
24826.21875
24359.32421875
23921.62109375
23514.72265625
23128.541015625
22756.3984375
22398.416015625
22060.03125
21741.7578125
21440.50390625
21154.08203125
20880.3984375
20617.34765625
20367.578125
20134.96484375
19916.5
19707.498046875
19507.353515625
19317.01953125
19136.0703125
18961.685546875
18792.58984375
18629.6328125
18473.6484375
18324.12109375
18179.181640625
18037.859375
17900.5234375
17767.4375
17638.326171875
17513.359375
17392.32421875
17275.01953125
17160.7890625
17049.609375
16942.40625
16839.42578125
16740.47265625
16645.359375
16553.5859375
16464.384765625
16377.701171875
16293.9111328125
16212.69140625
16133.5439453125
16056.525390625
15981.5625
15908.49609375
15837.03515625
15766.7919921875
15697.9267578125
15630.6201171875
15564.6875
15500.140625
15436.8447265625
15374.607421875
15313.1435546875
15252.203125
15191.6982421875
15131.86328125
15073.439453125
15016.57421875
14960.634765625
14905.1083984375
14851.017578125
14798.119140625
14746.44140625
14695.990234375
14647.6015625
14600.681640625
14554.7822265625
14509.5703125
14465.0732421875
14420.982421875
14377.314453125
14334.197265625
14291.9013671875
14250.39453125
14209.697265625
14169.67578125
14130.482421875
14092.2763671875
14055.1865234375
14019.2421875
13984.4892578125
13950.921875
13918.3447265625
13886.599609375
13855.548828125
13825.287109375
13796.0341796875
13767.884765625
13740.3037109375
13713.1044921875
13686.7265625
13661.2080078125
13636.2626953125
13611.66015625
13587.4130859375
13563.57421875
13540.0859375
13516.81640625
13493.83984375
13471.1845703125
13448.83984375
13426.83203125
13405.1484375
13383.845703125
13362.8916015625
13342.2548828125
13321.90625
13301.83203125
13282.0517578125
13262.53125
13243.2841796875
13224.373046875
13205.751953125
13187.4345703125
13169.419921875
13151.7197265625
13134.2939453125
13117.1494140625
13100.263671875
13083.63671875
13067.275390625
13051.158203125
13035.27734375
13019.62890625
13004.19140625
12988.955078125
12973.916015625
12959.0634765625
12944.4052734375
12929.9384765625
12915.6328125
12901.5009765625
12887.5205078125
12873.7216796875
12860.0595703125
12846.556640625
12833.1962890625
12819.9765625
12806.8994140625
12793.9599609375
12781.14453125
12768.46875
12755.943359375
12743.51953125
12731.248046875
12719.0888671875
12707.05859375
12695.169921875
12683.3525390625
12671.568359375
12659.841796875
12648.26171875
12636.865234375
12625.5361328125
12614.2451171875
12603.0888671875
12592.16015625
12581.4951171875
12570.8876953125
12559.9609375
12548.568359375
12537.4306640625
12526.9052734375
12516.3837890625
12505.482421875
12494.65234375
12484.1953125
12473.7822265625
12463.2138671875
12452.720703125
12442.400390625
12432.0791015625
12421.7265625
12411.5419921875
12401.5498046875
12391.62890625
12381.7578125
12372.0234375
12362.36328125
12352.708984375
12343.0849609375
12333.57421875
12324.09375
12314.5859375
12305.1630859375
12295.8017578125
12286.419921875
12277.07421875
12267.818359375
12258.6083984375
12249.39453125
12240.2568359375
12231.1669921875
12222.1103515625
12213.09375
12204.1591796875
12195.298828125
12186.515625
12177.857421875
12169.3837890625
12161.068359375
12152.921875
12144.671875
12136.14453125
12127.4013671875
12120.1943359375
12111.888671875
12103.697265625
12093.61328125
12085.794921875
12079.7353515625
12071.7294921875
12062.119140625
12052.8583984375
12045.970703125
12039.375
12029.478515625
12021.2255859375
12014.3818359375
12004.8984375
11996.98828125
11990.5068359375
11982.0400390625
11973.306640625
11965.720703125
11958.25
11950.611328125
11943.228515625
11935.95703125
11928.2509765625
11920.771484375
11913.9072265625
11906.8251953125
11899.443359375
11892.2880859375
11885.287109375
11878.0703125
11871.2109375
11864.767578125
11858.26171875
11851.5361328125
11844.443359375
11837.1796875
11830.34375
11823.9833984375
11817.52734375
11810.6484375
11803.912109375
11797.7451171875
11791.7587890625
11785.8779296875
11781.166015625
11778.427734375
11772.0400390625
11761.6142578125
11756.1826171875
11753.4306640625
11745.0615234375
11736.5673828125
11731.3134765625
11723.1962890625
11716.6767578125
11713.3056640625
11705.7138671875
11697.857421875
11692.873046875
11686.3388671875
11680.1279296875
11674.830078125
11667.62890625
11661.431640625
11656.4150390625
11649.4609375
11642.94140625
11637.58203125
11631.3955078125
11625.4599609375
11619.611328125
11613.251953125
11607.84375
11602.5380859375
11596.5712890625
11591.1904296875
11585.80078125
11579.984375
11574.3369140625
11568.59765625
11562.794921875
11557.259765625
11551.48828125
11545.69921875
11540.333984375
11534.806640625
11529.0224609375
11523.173828125
11517.3779296875
11511.8154296875
11506.482421875
11500.9921875
11495.3349609375
11489.744140625
11484.1484375
11478.708984375
11473.30859375
11468.0390625
11462.529296875
11457.376953125
11451.984375
11447.7294921875
11442.03515625
11437.009765625
11429.22265625
11424.87890625
11422.6689453125
11413.2626953125
11408.0322265625
11405.6416015625
11396.30078125
11392.41796875
11390.322265625
11380.330078125
11380.3896484375
11379.4345703125
11369.2724609375
11365.9931640625
11357.78125
11349.0068359375
11345.1259765625
11338.8505859375
11331.025390625
11327.2724609375
11316.25
11315.2109375
11306.2451171875
11302.060546875
11296.3671875
11289.71875
11285.8916015625
11277.3095703125
11272.2958984375
11266.630859375
11261.396484375
11255.830078125
11251.0390625
11248.5830078125
11249.4072265625
11238.7392578125
11227.6923828125
11225.490234375
11220.8330078125
11211.6875
11206.0087890625
11203.328125
11195.875
11190.0625
11186.4287109375
11180.376953125
11175.255859375
11171.7197265625
11166.27734375
11160.701171875
11156.3173828125
11150.8876953125
11146.3505859375
11142.296875
11136.92578125
11130.8544921875
11125.6845703125
11120.27734375
11115.0322265625
11110.623046875
11106.1240234375
11101.5732421875
11097.24609375
11092.8642578125
11089.1728515625
11085.4951171875
11080.029296875
11074.060546875
11069.9072265625
11065.38671875
11060.322265625
11056.625
11053.134765625
11047.98828125
11043.392578125
11039.1142578125
11033.6171875
11028.326171875
11024.015625
11019.3515625
11014.60546875
11010.357421875
11005.6533203125
11000.728515625
10996.0390625
10991.08203125
10986.1357421875
10981.6171875
10977.0986328125
10972.361328125
10967.791015625
10963.25
10959.0205078125
10954.99609375
10950.935546875
10946.3486328125
10942.1416015625
10937.419921875
10932.7890625
10927.8408203125
10922.875
10918.2421875
10914.166015625
10910.37890625
10906.2880859375
10901.947265625
10897.228515625
10892.623046875
10888.2724609375
10884.146484375
10880.041015625
10875.91796875
10871.705078125
10867.40234375
10863.126953125
10858.91015625
10854.6875
10850.4619140625
10846.056640625
10841.5107421875
10836.873046875
10832.3603515625
10827.875
10823.302734375
10818.4443359375
10813.4443359375
10808.36328125
10803.279296875
10797.888671875
10792.10546875
10785.919921875
10779.873046875
10774.1865234375
10768.841796875
10763.3173828125
10757.5634765625
10751.82421875
10746.51171875
10742.181640625
10738.2265625
10735.826171875
10729.23046875
10721.779296875
10715.7607421875
10713.3193359375
10710.337890625
10702.54296875
10695.873046875
10692.4345703125
10688.427734375
10683.23828125
10678.1982421875
10674.18359375
10670.5458984375
10666.673828125
10663.3369140625
10659.650390625
10654.076171875
10648.490234375
10644.251953125
10640.0439453125
10634.953125
10629.69921875
10625.4296875
10621.55859375
10617.6640625
10613.865234375
10609.501953125
10604.578125
10600.19140625
10596.7685546875
10592.869140625
10588.423828125
10583.5400390625
10579.1162109375
10575.087890625
10571.484375
10567.8251953125
10563.9443359375
10559.8359375
10555.9501953125
10552.337890625
10549.1484375
10546.203125
10543.060546875
10539.2314453125
10534.49609375
10529.7265625
10525.59375
10521.962890625
10518.01171875
10513.197265625
10508.216796875
10503.89453125
10500.3857421875
10496.95703125
10493.21875
10489.353515625
10485.7392578125
10482.5478515625
10479.6318359375
10477.189453125
10475.0830078125
10473.1904296875
10470.1845703125
10465.548828125
10459.345703125
10453.5859375
10449.322265625
10446.451171875
10443.6416015625
10439.88671875
10435.1748046875
10430.6259765625
10427.0859375
10424.3681640625
10421.5224609375
10417.84765625
10413.75
10410.1328125
10407.595703125
10405.654296875
10403.4638671875
10399.919921875
10395.4453125
10390.724609375
10387.2734375
10384.7421875
10382.193359375
10378.916015625
10375.3369140625
10372.880859375
10371.8447265625
10373.3671875
10372.916015625
10373.99609375
10368.29296875
10360.8427734375
10355.6044921875
10357.00390625
10360.3486328125
10350.3681640625
10338.1220703125
10338.25390625
10339.8671875
10345.7021484375
10336.22265625
10327.02734375
10327.1904296875
10327.6279296875
10350.0732421875
10337.845703125
10333.7646484375
10334.0419921875
10328.3076171875
10322.3837890625
10314.61328125
10313.1640625
10303.421875
10299.1591796875
10294.3525390625
10290.2490234375
10284.744140625
10279.505859375
10274.248046875
10267.65234375
10265.98046875
10262.5498046875
10258.888671875
10256.67578125
10253.1171875
10250.9013671875
10247.869140625
10243.5029296875
10236.6396484375
10231.7890625
10228.1376953125
10227.20703125
10225.83203125
10222.7626953125
10218.9638671875
10214.2255859375
10210.2060546875
10206.65234375
10203.166015625
10200.0
10197.1064453125
10194.80859375
10193.732421875
10193.7529296875
10192.61328125
10192.6962890625
10186.79296875
10181.78125
10173.296875
10167.501953125
10164.494140625
10163.4853515625
10162.8095703125
10159.9833984375
10156.755859375
10151.142578125
10147.0673828125
10144.9912109375
10143.673828125
10142.9150390625
10139.216796875
10135.0078125
10129.671875
10125.484375
10122.3779296875
10120.181640625
10118.1015625
10115.09765625
10111.6484375
10107.783203125
10103.6396484375
10099.62109375
10095.794921875
10092.7548828125
10090.349609375
10088.2880859375
10086.134765625
10083.0205078125
10079.2197265625
10074.8505859375
10070.927734375
10067.6103515625
10064.990234375
10062.6767578125
10060.2578125
10057.52734375
10054.5302734375
10051.6845703125
10049.06640625
10046.728515625
10044.2548828125
10041.642578125
10038.806640625
10036.068359375
10033.26953125
10030.919921875
10028.4765625
10026.548828125
10024.2578125
10022.2373046875
10019.7265625
10017.09375
10014.119140625
10011.388671875
10009.33984375
10008.1689453125
10007.34765625
10005.6640625
10002.4375
9997.7646484375
9994.0205078125
9991.3447265625
9990.05078125
9987.322265625
9983.154296875
9977.923828125
9973.9775390625
9971.8203125
9971.1875
9970.1943359375
9968.72265625
9966.568359375
9964.0712890625
9960.86328125
9956.623046875
9951.5615234375
9946.7119140625
9943.607421875
9942.9599609375
9944.033203125
9944.2158203125
9941.462890625
9936.025390625
9930.783203125
9928.806640625
9928.728515625
9928.4443359375
9925.4052734375
9919.6328125
9912.361328125
9905.423828125
9901.443359375
9900.7626953125
9901.9140625
9900.919921875
9896.6953125
9888.51171875
9879.998046875
9873.119140625
9870.0888671875
9869.056640625
9868.1201171875
9864.685546875
9858.61328125
9851.296875
9844.57421875
9839.697265625
9836.4072265625
9833.810546875
9831.0830078125
9828.046875
9825.14453125
9822.5048828125
9820.0224609375
9816.373046875
9811.7177734375
9806.1806640625
9802.44140625
9799.26953125
9798.2568359375
9793.966796875
9789.0244140625
9782.3212890625
9776.890625
9773.384765625
9771.052734375
9768.71875
9765.5693359375
9762.673828125
9758.931640625
9756.2265625
9753.61328125
9751.5029296875
9750.203125
9749.15234375
9748.79296875
9747.5234375
9745.8984375
9742.447265625
9738.4736328125
9733.58203125
9729.43359375
9725.337890625
9722.46484375
9718.4072265625
9714.279296875
9709.501953125
9705.0908203125
9701.7958984375
9699.5498046875
9698.30859375
9696.90625
9695.375
9692.6875
9689.376953125
9685.453125
9681.2783203125
9677.5673828125
9674.2685546875
9672.037109375
9669.8701171875
9668.1025390625
9665.7578125
9663.3134765625
9660.4404296875
9657.7421875
9655.31640625
9653.421875
9651.76171875
9649.9931640625
9647.916015625
9645.609375
9643.2900390625
9641.1025390625
9638.84765625
9636.650390625
9634.5888671875
9632.884765625
9630.9677734375
9628.380859375
9624.728515625
9620.666015625
9617.3857421875
9615.484375
9615.154296875
9615.11328125
9615.189453125
9614.5419921875
9613.66796875
9612.544921875
9609.5458984375
9605.6787109375
9600.759765625
9597.1494140625
9595.197265625
9594.23046875
9593.466796875
9591.9140625
9590.19921875
9587.4619140625
9585.1982421875
9583.6357421875
9581.771484375
9580.4794921875
9578.16796875
9576.8251953125
9575.1796875
9574.80859375
9573.6513671875
9572.345703125
9569.0537109375
9564.9033203125
9559.49609375
9554.94140625
9550.9990234375
9548.4130859375
9546.3974609375
9545.4765625
9545.265625
9545.97265625
9545.283203125
9542.7939453125
9537.0732421875
9531.9365234375
9529.076171875
9528.4814453125
9527.5859375
9525.236328125
9523.0078125
9521.8671875
9521.66796875
9520.447265625
9517.970703125
9514.74609375
9512.390625
9510.404296875
9508.220703125
9505.2041015625
9502.056640625
9499.587890625
9498.322265625
9497.353515625
9497.4765625
9496.435546875
9497.35546875
9494.150390625
9491.3056640625
9484.55859375
9479.369140625
9476.2734375
9475.83203125
9476.3515625
9475.8671875
9474.16015625
9470.7666015625
9467.5107421875
9465.45703125
9464.2431640625
9463.2080078125
9460.5205078125
9457.2998046875
9453.7841796875
9452.1748046875
9451.64453125
9451.7421875
9450.7763671875
9448.1611328125
9444.560546875
9440.54296875
9437.609375
9435.353515625
9434.279296875
9432.9453125
9431.87109375
9430.39453125
9429.3251953125
9427.9453125
9425.9013671875
9422.9140625
9419.9267578125
9418.4716796875
9418.513671875
9420.005859375
9420.6435546875
9420.61328125
9418.0654296875
9415.259765625
9412.6669921875
9412.2431640625
9412.3642578125
9411.6318359375
9407.6435546875
9401.4501953125
9395.5380859375
9392.6904296875
9392.6123046875
9392.8291015625
9391.513671875
9388.736328125
9387.01171875
9387.111328125
9387.94921875
9386.919921875
9383.9853515625
9380.568359375
9378.73828125
9377.9072265625
9377.666015625
9376.7177734375
9375.890625
9374.48046875
9373.353515625
9371.396484375
9369.67578125
9367.2119140625
9365.189453125
9362.8408203125
9360.486328125
9357.6328125
9354.572265625
9351.3564453125
9348.466796875
9345.5693359375
9342.625
9339.46484375
9336.35546875
9333.6875
9331.978515625
9331.486328125
9332.3515625
9333.79296875
9335.6767578125
9335.16796875
9332.990234375
9328.2294921875
9325.8447265625
9325.544921875
9327.978515625
9327.359375
9326.58203125
9322.7841796875
9321.2978515625
9318.2392578125
9316.119140625
9312.876953125
9310.5595703125
9307.1708984375
9303.349609375
9299.23046875
9296.279296875
9281.6259765625
9284.5625
9286.3779296875
9275.9921875
9282.166015625
9277.005859375
9273.650390625
9276.71484375
9270.685546875
9271.1572265625
9270.53125
9266.623046875
9267.4794921875
9265.189453125
9263.2158203125
9263.2275390625
9260.7734375
9259.7421875
9258.9482421875
9256.87890625
9256.12109375
9254.8486328125
9253.220703125
9252.40625
9250.978515625
9249.65234375
9248.681640625
9247.265625
9246.091796875
9245.017578125
9243.6494140625
9242.5537109375
9241.4033203125
9240.1025390625
9239.029296875
9237.8134765625
9236.599609375
9235.521484375
9234.28125
9233.134765625
9232.0068359375
9230.7900390625
9229.671875
9228.505859375
9227.328125
9226.1953125
9225.01953125
9223.873046875
9222.7275390625
9221.55859375
9220.423828125
9219.2763671875
9218.1171875
9216.9853515625
9215.8369140625
9214.697265625
9213.5546875
9212.4091796875
9211.26953125
9210.12890625
9208.9921875
9207.853515625
9206.7216796875
9205.583984375
9204.4453125
9203.3076171875
9202.173828125
9201.048828125
9199.9091796875
9198.787109375
9197.646484375
9196.513671875
9195.388671875
9194.2578125
9193.13671875
9192.0048828125
9190.876953125
9189.74609375
9188.619140625
9187.498046875
9186.369140625
9185.2451171875
9184.119140625
9183.001953125
9181.876953125
9180.7587890625
9179.640625
9178.521484375
9177.4033203125
9176.2890625
9175.169921875
9174.05078125
9172.94140625
9171.826171875
9170.7060546875
9169.59765625
9168.4814453125
9167.3740234375
9166.2646484375
9165.1484375
9164.0400390625
9162.931640625
9161.8271484375
9160.7119140625
9159.603515625
9158.5009765625
9157.3876953125
9156.28515625
9155.177734375
9154.0673828125
9152.9658203125
9151.8544921875
9150.7578125
9149.654296875
9148.55859375
9147.45703125
9146.3603515625
9145.265625
9144.1650390625
9143.068359375
9141.9765625
9140.876953125
9139.783203125
9138.689453125
9137.58984375
9136.4970703125
9135.4091796875
9134.318359375
9133.216796875
9132.126953125
9131.041015625
9129.95703125
9128.8701171875
9127.78515625
9126.69921875
9125.6123046875
9124.53125
9123.4365234375
9122.3564453125
9121.2724609375
9120.193359375
9119.1025390625
9118.025390625
9116.94921875
9115.86328125
9114.78125
9113.7021484375
9112.623046875
9111.544921875
9110.4677734375
9109.392578125
9108.3203125
9107.24609375
9106.173828125
9105.1015625
9104.0244140625
9102.9599609375
9101.884765625
9100.814453125
9099.7412109375
9098.6826171875
9097.6123046875
9096.546875
9095.486328125
9094.419921875
9093.349609375
9092.287109375
9091.220703125
9090.1640625
9089.1015625
9088.041015625
9086.9794921875
9085.9267578125
9084.8671875
9083.806640625
9082.751953125
9081.69921875
9080.6416015625
9079.591796875
9078.5400390625
9077.4853515625
9076.4345703125
9075.3857421875
9074.3369140625
9073.28515625
9072.2421875
9071.197265625
9070.1455078125
9069.099609375
9068.052734375
9067.01171875
9065.96875
9064.9326171875
9063.8828125
9062.8408203125
9061.7978515625
9060.76171875
9059.71875
9058.68359375
9057.642578125
9056.607421875
9055.5712890625
9054.53515625
9053.5078125
9052.4716796875
9051.43359375
9050.4091796875
9049.3798828125
9048.34375
9047.318359375
9046.2890625
9045.2587890625
9044.23046875
9043.203125
9042.1806640625
9041.1591796875
9040.130859375
9039.10546875
9038.0859375
9037.068359375
9036.041015625
9035.0205078125
9034.0048828125
9032.984375
9031.96484375
9030.947265625
9029.9306640625
9028.91796875
9027.8974609375
9026.88671875
9025.8759765625
9024.8583984375
9023.8486328125
9022.8369140625
9021.826171875
9020.8203125
9019.8046875
9018.7900390625
9017.78515625
9016.779296875
9015.7705078125
9014.763671875
9013.7568359375
9012.755859375
9011.751953125
9010.75390625
9009.744140625
9008.744140625
9007.7412109375
9006.744140625
9005.7392578125
9004.74609375
9003.7490234375
9002.751953125
9001.748046875
9000.75
8999.7626953125
8998.767578125
8997.7646484375
8996.771484375
8995.783203125
8994.78125
8993.7919921875
8992.7998046875
8991.80859375
8990.822265625
8989.8359375
8988.8515625
8987.8603515625
8986.8681640625
8985.880859375
8984.8935546875
8983.91015625
8982.92578125
8981.943359375
8980.96484375
8979.982421875
8979.001953125
8978.025390625
8977.0458984375
8976.06640625
8975.091796875
8974.1064453125
8973.126953125
8972.15625
8971.1787109375
8970.205078125
8969.228515625
8968.2548828125
8967.2822265625
8966.3076171875
8965.333984375
8964.3671875
8963.3974609375
8962.4248046875
8961.453125
8960.486328125
8959.521484375
8958.5517578125
8957.5810546875
8956.62109375
8955.6533203125
8954.69140625
8953.724609375
8952.7646484375
8951.798828125
8950.833984375
8949.87109375
8948.904296875
8947.943359375
8946.986328125
8946.0341796875
8945.0712890625
8944.1103515625
8943.15234375
8942.193359375
8941.234375
8940.27734375
8939.3203125
8938.36328125
8937.40625
8936.455078125
8935.50390625
8934.5537109375
8933.603515625
8932.654296875
8931.69921875
8930.7431640625
8929.7939453125
8928.84375
8927.892578125
8926.9423828125
8925.99609375
8925.05078125
8924.103515625
8923.16015625
8922.216796875
8921.2578125
8920.31640625
8919.3740234375
8918.4296875
8917.490234375
8916.552734375
8915.6103515625
8914.66796875
8913.73046875
8912.791015625
8911.853515625
8910.908203125
8909.9658203125
8909.025390625
8908.08984375
8907.1484375
8906.208984375
8905.279296875
8904.341796875
8903.404296875
8902.4697265625
8901.53125
8900.5966796875
8899.66015625
8898.7255859375
8897.79296875
8896.85546875
8895.92578125
8894.98828125
8894.056640625
8893.12109375
8892.189453125
8891.2587890625
8890.32421875
8889.396484375
8888.4599609375
8887.529296875
8886.603515625
8885.673828125
8884.7421875
8883.814453125
8882.8828125
8881.9462890625
8881.01953125
8880.0908203125
8879.15625
8878.220703125
8877.287109375
8876.353515625
8875.427734375
8874.4921875
8873.5634765625
8872.62109375
8871.689453125
8870.751953125
8869.818359375
8868.8837890625
8867.9453125
8867.0068359375
8866.064453125
8865.119140625
8864.1787109375
8863.2421875
8862.294921875
8861.34765625
8860.40234375
8859.453125
8858.501953125
8857.5546875
8856.6044921875
8855.65625
8854.7041015625
8853.76953125
8852.849609375
8851.9921875
8851.2275390625
8850.69921875
8850.53125
8851.171875
8852.3935546875
8854.2822265625
8853.02734375
8848.9267578125
8843.83984375
8842.806640625
8844.4765625
8843.712890625
8840.423828125
8838.296875
8838.658203125
8838.4453125
8836.0244140625
8834.1025390625
8833.8671875
8833.3203125
8831.556640625
8830.0
8829.349609375
8828.5380859375
8827.0595703125
8825.755859375
8824.908203125
8823.9111328125
8822.591796875
8821.345703125
8820.36328125
8819.33203125
8818.0546875
8816.8154296875
8815.771484375
8814.6982421875
8813.4541015625
8812.244140625
8811.177734375
8810.08984375
8808.884765625
8807.728515625
8806.6953125
8805.609375
8804.45703125
8803.365234375
8802.3408203125
8801.314453125
8800.271484375
8799.3359375
8798.677734375
8798.6962890625
8800.5107421875
8805.7705078125
8811.9326171875
8809.0244140625
8798.0791015625
8795.52734375
8798.732421875
8796.1474609375
8791.9521484375
8792.091796875
8791.369140625
8788.630859375
8787.935546875
8787.25
8785.4521484375
8785.177734375
8784.693359375
8783.9345703125
8783.962890625
8784.623046875
8782.994140625
8783.0654296875
8781.58984375
8779.21875
8777.58203125
8775.189453125
8773.0439453125
8772.751953125
8772.0703125
8771.349609375
8771.349609375
8769.8974609375
8768.73046875
8767.6796875
8766.484375
8765.53125
8764.80859375
8763.20703125
8761.83984375
8760.6865234375
8759.578125
8759.04296875
8758.525390625
8757.5908203125
8756.673828125
8755.587890625
8754.4453125
8753.7236328125
8753.0029296875
8752.30078125
8751.771484375
8751.3427734375
8751.3232421875
8751.927734375
8753.185546875
8754.87109375
8756.603515625
8757.26953125
8756.953125
8755.7998046875
8754.767578125
8753.03515625
8750.875
8748.4228515625
8747.6328125
8748.0048828125
8749.033203125
8748.9541015625
8747.87890625
8746.373046875
8745.125
8744.5283203125
8744.21484375
8744.169921875
8743.7607421875
8742.890625
8741.44921875
8739.919921875
8738.4111328125
8737.111328125
8736.349609375
8736.490234375
8737.5234375
8738.935546875
8739.7998046875
8740.3935546875
8740.107421875
8740.4482421875
8738.83203125
8736.666015625
8732.4150390625
8728.14453125
8725.8125
8724.9814453125
8726.435546875
8726.6962890625
8726.5546875
8723.751953125
8720.8271484375
8718.34375
8717.544921875
8717.8046875
8718.5888671875
8718.939453125
8718.7578125
8718.08203125
8716.826171875
8715.205078125
8713.0634765625
8710.671875
8708.611328125
8707.18359375
8706.68359375
8706.822265625
8707.1689453125
8707.220703125
8706.8388671875
8706.095703125
8705.392578125
8704.998046875
8705.0478515625
8705.216796875
8705.29296875
8704.7001953125
8703.62890625
8701.8515625
8700.044921875
8698.095703125
8696.548828125
8695.158203125
8694.271484375
8693.732421875
8693.5986328125
8693.490234375
8693.205078125
8692.439453125
8691.4169921875
8690.025390625
8688.8232421875
8687.681640625
8687.01171875
8686.603515625
8686.458984375
8686.279296875
8685.9521484375
8685.2568359375
8684.30078125
8683.0078125
8681.74609375
8680.638671875
8679.865234375
8679.533203125
8679.341796875
8679.302734375
8678.98046875
8678.548828125
8677.8046875
8677.255859375
8676.6806640625
8676.271484375
8675.5732421875
8674.548828125
8673.0107421875
8671.3232421875
8669.69140625
8668.7001953125
8668.26171875
8668.72265625
8669.490234375
8670.630859375
8671.380859375
8671.4794921875
8670.564453125
8668.73046875
8667.0439453125
8665.478515625
8664.986328125
8664.11328125
8663.888671875
8662.916015625
8662.3515625
8661.4345703125
8660.6875
8659.810546875
8658.7255859375
8657.333984375
8655.8291015625
8654.6005859375
8653.71875
8653.1201171875
8652.412109375
8651.7216796875
8651.083984375
8650.6376953125
8650.3505859375
8649.97265625
8649.44140625
8648.703125
8647.9345703125
8647.1123046875
8646.5126953125
8645.873046875
8645.400390625
8644.6103515625
8643.7783203125
8642.583984375
8641.6025390625
8640.5390625
8639.8447265625
8639.1689453125
8638.7099609375
8638.275390625
8637.888671875
8637.548828125
8637.2236328125
8636.97265625
8636.7978515625
8636.6796875
8636.669921875
8636.466796875
8635.9072265625
8634.7119140625
8633.1142578125
8631.560546875
8630.375
8629.8876953125
8629.9638671875
8630.619140625
8631.2783203125
8631.830078125
8631.755859375
8631.1025390625
8629.705078125
8628.0703125
8626.4951171875
8625.57421875
8625.390625
8626.0390625
8627.048828125
8628.146484375
8628.626953125
8628.4677734375
8627.3369140625
8625.94921875
8624.05859375
8622.701171875
8621.1357421875
8620.5703125
8620.0146484375
8620.322265625
8620.44921875
8620.791015625
8620.6328125
8620.369140625
8619.595703125
8619.099609375
8617.990234375
8617.2236328125
8615.333984375
8613.736328125
8611.6484375
8609.9462890625
8608.0869140625
8606.38671875
8604.7431640625
8603.4765625
8602.2958984375
8601.7587890625
8601.1025390625
8600.8330078125
8600.435546875
8599.958984375
8599.158203125
8597.701171875
8596.10546875
8594.5107421875
8593.4306640625
8592.7802734375
8592.6083984375
8592.6318359375
8592.7841796875
8593.0908203125
8593.537109375
8593.998046875
8594.0771484375
8593.677734375
8593.27734375
8594.0
8594.966796875
8594.54296875
8591.6728515625
8590.2255859375
8589.1650390625
8586.82421875
8585.677734375
8585.3916015625
8584.470703125
8583.451171875
8582.6298828125
8581.9853515625
8581.3388671875
8580.9189453125
8579.6396484375
8577.537109375
8575.357421875
8573.875
8573.23828125
8573.69921875
8574.7783203125
8575.7265625
8576.2041015625
8576.138671875
8575.19921875
8573.515625
8571.7392578125
8571.015625
8571.34375
8572.439453125
8573.314453125
8573.5439453125
8572.3359375
8570.380859375
8567.91796875
8566.12890625
8564.8603515625
8564.5302734375
8564.1767578125
8563.9345703125
8563.2998046875
8562.6591796875
8561.6298828125
8560.751953125
8559.8203125
8559.27734375
8558.7490234375
8558.623046875
8558.3994140625
8558.2783203125
8557.8642578125
8557.328125
8556.4697265625
8555.443359375
8554.2294921875
8553.0224609375
8551.892578125
8550.90234375
8550.109375
8549.3837890625
8548.7724609375
8548.173828125
8547.7998046875
8547.638671875
8547.9052734375
8548.3564453125
8548.7880859375
8548.73046875
8548.0390625
8546.6767578125
8545.16015625
8543.763671875
8542.7236328125
8541.9384765625
8541.072265625
8540.1171875
8538.89453125
8537.7919921875
8536.802734375
8536.2216796875
8535.982421875
8536.05078125
8536.384765625
8536.80859375
8537.296875
8537.521484375
8537.208984375
8536.078125
8534.587890625
8533.7529296875
8533.876953125
8534.5703125
8534.2109375
8532.5419921875
8529.7216796875
8527.2265625
8526.046875
8525.990234375
8526.58984375
8526.853515625
8526.84375
8526.271484375
8525.5439453125
8524.3251953125
8523.166015625
8522.021484375
8521.4052734375
8521.1611328125
8521.25
8521.375
8521.412109375
8521.2939453125
8521.28515625
8521.162109375
8521.1337890625
8520.57421875
8519.865234375
8518.595703125
8517.4072265625
8516.107421875
8515.2412109375
8514.548828125
8514.541015625
8514.671875
8515.169921875
8515.2001953125
8514.7255859375
8513.587890625
8512.080078125
8510.91796875
8510.0986328125
8510.060546875
8509.966796875
8510.1689453125
8509.732421875
8509.544921875
8508.6103515625
8508.0625
8506.41796875
8505.3046875
8503.3447265625
8502.3017578125
8501.234375
8500.876953125
8500.6640625
8500.5478515625
8500.462890625
8500.3359375
8500.4228515625
8500.4033203125
8500.572265625
8500.083984375
8499.52734375
8498.05078125
8496.615234375
8494.83984375
8493.43359375
8492.2392578125
8491.5087890625
8490.9931640625
8490.890625
8490.95703125
8491.494140625
8492.0009765625
8492.71484375
8492.9287109375
8493.009765625
8492.3984375
8491.658203125
8490.455078125
8489.4765625
8488.5498046875
8488.125
8487.9580078125
8488.046875
8487.9365234375
8487.353515625
8485.935546875
8483.8603515625
8481.408203125
8479.123046875
8477.3076171875
8476.056640625
8475.208984375
8474.486328125
8473.66796875
8472.501953125
8471.029296875
8469.34375
8467.7421875
8466.47265625
8465.748046875
8465.5341796875
8465.7841796875
8466.236328125
8466.787109375
8467.1279296875
8467.2119140625
8466.8076171875
8466.1142578125
8465.24609375
8464.759765625
8464.8369140625
8465.63671875
8466.9326171875
8468.3251953125
8469.65234375
8470.2685546875
8470.576171875
8469.775390625
8469.0126953125
8467.5615234375
8466.8115234375
8466.3046875
8466.607421875
8467.1064453125
8467.322265625
8466.6171875
8464.7998046875
8462.171875
8459.6298828125
8457.953125
8457.330078125
8457.3544921875
8457.2978515625
8457.015625
8456.4560546875
8456.0107421875
8455.833984375
8455.849609375
8455.767578125
8455.2529296875
8454.3701171875
8453.41015625
8452.806640625
8452.634765625
8452.671875
8452.35546875
8451.42578125
8449.734375
8447.6884765625
8445.615234375
8443.8466796875
8442.3466796875
8441.0546875
8439.8203125
8438.5791015625
