9328.5869140625
9306.5595703125
9286.59765625
9268.318359375
9251.505859375
9236.0380859375
9221.775390625
9208.57421875
9196.263671875
9184.697265625
9173.75
9163.3271484375
9153.37890625
9143.8671875
9134.77734375
9126.103515625
9117.828125
9109.943359375
9102.44140625
9095.30078125
9088.50390625
9082.037109375
9075.8798828125
9070.0078125
9064.412109375
9059.068359375
9053.9599609375
9049.0810546875
9044.408203125
9039.93359375
9035.6416015625
9031.5263671875
9027.568359375
9023.765625
9020.111328125
9016.595703125
9013.208984375
9009.943359375
9006.79296875
9003.7509765625
9000.810546875
8997.96484375
8995.2109375
8992.5380859375
8989.943359375
8987.4189453125
8984.9638671875
8982.5712890625
8980.232421875
8977.94921875
8975.71484375
8973.5302734375
8971.388671875
8969.287109375
8967.224609375
8965.193359375
8963.197265625
8961.2314453125
8959.294921875
8957.38671875
8955.509765625
8953.6513671875
8951.818359375
8950.009765625
8948.220703125
8946.453125
8944.7060546875
8942.978515625
8941.265625
8939.5732421875
8937.8974609375
8936.236328125
8934.595703125
8932.9677734375
8931.3544921875
8929.755859375
8928.1748046875
8926.603515625
8925.046875
8923.4990234375
8921.966796875
8920.447265625
8918.9365234375
8917.4375
8915.94921875
8914.470703125
8913.001953125
8911.54296875
8910.0908203125
8908.646484375
8907.2119140625
8905.783203125
8904.361328125
8902.9462890625
8901.5361328125
8900.1337890625
8898.7392578125
8897.345703125
8895.958984375
8894.5771484375
8893.19921875
8891.826171875
8890.4560546875
8889.08984375
8887.728515625
8886.37109375
8885.0166015625
8883.6630859375
8882.3125
8880.970703125
8879.626953125
8878.2861328125
8876.9482421875
8875.6123046875
8874.283203125
8872.953125
8871.626953125
8870.302734375
8868.9814453125
8867.6650390625
8866.3466796875
8865.0341796875
8863.7265625
8862.4208984375
8861.1171875
8859.818359375
8858.5224609375
8857.2314453125
8855.943359375
8854.6572265625
8853.37890625
8852.107421875
8850.8369140625
8849.572265625
8848.3115234375
8847.0546875
8845.8056640625
8844.560546875
8843.3203125
8842.083984375
8840.8564453125
8839.6337890625
8838.419921875
8837.2109375
8836.0078125
8834.8125
8833.626953125
8832.4453125
8831.2734375
8830.107421875
8828.9501953125
8827.80078125
8826.658203125
8825.52734375
8824.40234375
8823.287109375
8822.1826171875
8821.083984375
8819.9951171875
8818.9169921875
8817.845703125
8816.7919921875
8815.7421875
8814.703125
8813.673828125
8812.654296875
8811.6416015625
8810.6416015625
8809.654296875
8808.6748046875
8807.705078125
8806.748046875
8805.80078125
8804.8603515625
8803.9306640625
8803.0126953125
8802.10546875
8801.2109375
8800.3232421875
8799.4453125
8798.578125
8797.71875
8796.8759765625
8796.0390625
8795.212890625
8794.39453125
8793.587890625
8792.791015625
8792.00390625
8791.228515625
8790.458984375
8789.7041015625
8788.955078125
8788.2158203125
8787.486328125
8786.767578125
8786.0546875
8785.353515625
8784.66015625
8783.974609375
3773432.25
1777194880.0
131760.71875
772089.1875
65034948.0
195838.46875
457257.8125
398382.53125
110815.3203125
64037.65234375
57659.74609375
56427.9296875
56032.296875
56380.16015625
56954.7421875
57374.46484375
57886.38671875
59059.61328125
61758.015625
67746.65625
78835.4296875
91082.859375
91802.8125
80756.96875
70105.4375
63955.67578125
60898.15234375
59357.9453125
58524.24609375
57995.2109375
57571.55859375
57163.5546875
56732.0625
56304.08984375
55903.34375
55523.7890625
55151.015625
54771.67578125
54373.57421875
53964.96484375
53574.81640625
53212.76953125
52855.859375
52483.86328125
52101.30859375
51723.515625
51356.5546875
50996.50390625
50637.59375
50276.609375
49913.9609375
49554.08984375
49202.32421875
48862.859375
48534.0859375
48211.83984375
47895.4765625
47587.0
47286.66015625
46991.3046875
46699.171875
46412.33984375
46132.5234375
45858.7109375
45589.4453125
45325.0234375
45064.60546875
44808.94140625
44558.4375
44313.09765625
44072.9140625
43836.984375
43604.71875
43376.046875
43151.19140625
42929.59375
42711.69921875
42497.38671875
42286.44921875
42078.953125
41874.43359375
41672.6015625
41473.74609375
41277.7109375
41084.53125
40893.875
40705.80859375
40519.9453125
40336.12109375
40154.390625
39974.890625
39797.4921875
39622.015625
39448.5390625
39276.65625
39106.578125
38938.0234375
38771.1640625
38605.71484375
38441.734375
38279.140625
38118.1484375
37958.9609375
37801.98828125
37646.8515625
37493.19140625
37341.6171875
37191.12109375
37041.625
36893.64453125
36746.8203125
36601.4765625
36457.51171875
36314.67578125
36173.14453125
36032.6015625
35893.19140625
35755.0625
35618.20703125
35482.6171875
35348.3046875
35215.1875
35083.4296875
34952.96484375
34823.74609375
34695.78125
34569.11328125
34443.81640625
34319.7734375
34196.98046875
34075.359375
33955.0703125
33836.0390625
33718.31640625
33601.94140625
33486.80078125
33372.83984375
33260.296875
33148.84375
33038.53125
32929.37109375
32821.25390625
32714.2421875
32608.244140625
32503.189453125
32398.9921875
32295.78125
32193.39453125
32091.806640625
31991.09375
31890.91015625
31791.67578125
31693.103515625
31595.15234375
31497.837890625
31401.15234375
31305.08984375
31209.61328125
31114.5703125
31019.888671875
30925.65234375
30831.787109375
30738.33203125
30645.7890625
30554.8125
30464.6640625
30375.23828125
30285.87109375
30197.208984375
30109.21484375
30022.2109375
29936.3046875
29851.453125
29767.52734375
29684.50390625
29602.60546875
29522.23828125
29442.6015625
29367.40234375
29284.361328125
29210.4375
29149.12109375
29070.033203125
28990.919921875
28907.07421875
28850.017578125
28773.12890625
28729.576171875
28657.30078125
28566.55078125
28488.87109375
28420.921875
28347.24609375
28266.7578125
28189.015625
28118.8671875
28052.74609375
27981.6640625
27911.798828125
27840.3359375
27773.427734375
27706.220703125
27640.90625
27577.578125
27511.23828125
27446.861328125
27383.37109375
27319.208984375
27255.859375
27191.76953125
27128.73046875
27066.380859375
27004.49609375
26942.41015625
26880.248046875
26818.76171875
26758.25
26697.58203125
26637.04296875
26577.154296875
26516.927734375
26457.06640625
26397.234375
26337.83984375
26278.615234375
26219.365234375
26160.49609375
26101.966796875
26043.41796875
25985.01171875
25926.93359375
25869.0390625
25811.25390625
25753.630859375
25696.046875
25638.37109375
25581.009765625
25523.796875
25466.783203125
25409.71484375
25352.748046875
25295.927734375
25239.33984375
25182.833984375
25126.3203125
25070.033203125
25013.970703125
24958.099609375
24902.36328125
24846.9609375
24791.734375
24737.03125
24682.58984375
24628.5234375
24574.908203125
24521.826171875
24469.201171875
24417.099609375
24365.517578125
24314.392578125
24263.73828125
24213.38671875
24163.37890625
24113.75390625
24064.224609375
24014.73828125
23965.20703125
23915.50390625
23865.62109375
23815.537109375
23765.083984375
23714.498046875
23663.62109375
23612.625
23561.37109375
23510.04296875
23458.650390625
23408.18359375
23361.736328125
23328.78515625
23296.4296875
23222.470703125
23156.435546875
23131.6328125
23053.091796875
23015.947265625
22957.4453125
22904.96875
22859.73046875
22798.572265625
22758.91796875
22694.802734375
22652.74609375
22593.21875
22545.365234375
22493.6953125
22438.462890625
22392.7734375
22334.7421875
22288.0234375
22234.8203125
22183.75390625
22134.90234375
22081.1484375
22033.55859375
21980.26953125
21930.294921875
21881.1328125
21829.646484375
21781.07421875
21729.83203125
21680.77734375
21631.517578125
21581.515625
21533.376953125
21483.453125
21435.14453125
21386.19140625
21337.56640625
21289.4296875
21240.69921875
21193.20703125
21145.15625
21097.5546875
21050.05078125
21002.271484375
20955.25390625
20908.3515625
20862.087890625
20815.66015625
20769.51953125
20724.158203125
20678.990234375
20634.28125
20589.494140625
20544.953125
20501.234375
20458.1171875
20415.9140625
20373.66015625
20331.103515625
20287.474609375
20243.4140625
20200.203125
20158.646484375
20118.171875
20077.83203125
20037.251953125
19996.673828125
19956.65234375
19917.171875
19878.03515625
19838.845703125
19799.8515625
19761.97265625
19725.65234375
19690.63671875
19654.36328125
19616.61328125
19576.5078125
19540.0078125
19506.5546875
19470.93359375
19433.75
19398.7890625
19366.056640625
19331.80078125
19296.734375
19264.037109375
19231.74609375
19198.04296875
19165.3984375
19134.025390625
19101.958984375
19070.150390625
19039.458984375
19008.62890625
18977.5390625
18947.40234375
18917.728515625
18887.431640625
18858.11328125
18831.181640625
18810.82421875
18788.9296875
18762.138671875
18720.31640625
18692.484375
18668.8671875
18631.830078125
18613.439453125
18598.7265625
18557.19921875
18541.3125
18512.896484375
18486.75390625
18459.32421875
18435.6171875
18404.205078125
18384.234375
18349.693359375
18327.984375
18300.16796875
18271.98828125
18246.423828125
18227.072265625
18192.234375
18172.5078125
18162.8046875
18125.91796875
18103.861328125
18068.455078125
18049.1640625
18021.185546875
17997.478515625
17974.52734375
17947.83984375
17924.615234375
17900.3046875
17875.5078125
17853.08203125
17828.56640625
17807.396484375
17783.2578125
17761.177734375
17738.9453125
17716.69140625
17694.3359375
17673.208984375
17650.560546875
17629.8359375
17608.59765625
17587.08984375
17567.150390625
17546.89453125
17525.068359375
17505.6875
17487.23046875
17464.31640625
17447.83984375
17431.123046875
17406.814453125
17394.3125
17374.76953125
17355.609375
17330.171875
17314.74609375
17295.849609375
17277.634765625
17253.44921875
17236.728515625
17220.677734375
17201.912109375
17182.83984375
17164.408203125
17146.046875
17129.5
17112.73828125
17097.1328125
17079.69921875
17064.224609375
17044.75390625
17029.22265625
17012.14453125
16996.681640625
16977.5703125
16958.27734375
16939.45703125
16924.326171875
16909.05078125
16894.00390625
16875.49609375
16858.5
16842.775390625
16828.9375
16814.265625
16798.66015625
16782.78125
16768.09375
16753.625
16739.12890625
16723.96875
16709.310546875
16695.296875
16681.7265625
16667.61328125
16653.21875
16638.02734375
16622.95703125
16608.46875
16595.732421875
16586.265625
16579.806640625
16569.12109375
16545.76953125
16522.765625
16513.70703125
16504.361328125
16482.83984375
16464.984375
16456.478515625
16442.076171875
16422.39453125
16410.689453125
16400.09375
16383.197265625
16369.41015625
16360.330078125
16346.8828125
16332.984375
16322.4443359375
16309.15234375
16293.7392578125
16282.5810546875
16271.046875
16258.36328125
16245.4619140625
16232.72265625
16219.587890625
16207.6923828125
16197.83203125
16187.384765625
16175.603515625
16163.951171875
16152.9296875
16142.541015625
16132.8125
16123.9267578125
16114.9345703125
16105.4404296875
16095.9306640625
16085.7783203125
16074.384765625
16062.7255859375
16052.5927734375
16043.623046875
16034.345703125
16024.6669921875
16014.796875
16005.2734375
15995.9033203125
15987.2158203125
15978.044921875
15968.26953125
15957.8564453125
15947.681640625
15938.0703125
15929.255859375
15920.8564453125
15912.47265625
15903.857421875
15894.7451171875
15885.720703125
15876.94140625
15868.451171875
15860.056640625
15851.751953125
15843.291015625
15834.8193359375
15826.3408203125
15817.8662109375
15809.9169921875
15802.1689453125
15794.83984375
15787.30859375
15779.4833984375
15770.8369140625
15761.716796875
15752.17578125
15742.919921875
15734.05859375
15725.607421875
15717.525390625
15709.744140625
15702.1220703125
15694.3076171875
15686.2666015625
15677.951171875
15669.50390625
15660.984375
15652.447265625
15644.1015625
15636.0966796875
15628.70703125
15621.5458984375
15614.111328125
15606.357421875
15598.400390625
15590.462890625
15583.0546875
15576.12890625
15569.7392578125
15563.41015625
15556.064453125
15547.484375
15538.173828125
15529.6171875
15522.6015625
15516.5087890625
15510.22265625
15503.4296875
15496.802734375
15491.265625
15486.228515625
15480.298828125
15471.5927734375
15460.765625
15450.111328125
15442.060546875
15436.2890625
15431.2919921875
15425.248046875
15417.9423828125
15410.10546875
15403.0322265625
15396.74609375
15391.1953125
15385.1142578125
15378.404296875
15371.4345703125
15364.7109375
15358.25
15351.9873046875
15345.87890625
15339.8583984375
15333.3955078125
15326.0234375
15318.12109375
15310.0966796875
15302.8203125
15296.736328125
15291.994140625
15287.8828125
15283.8828125
15279.416015625
15274.546875
15268.18359375
15260.8232421875
15251.6357421875
15242.5439453125
15234.87109375
15229.0859375
15224.1279296875
15218.390625
15211.5517578125
15203.845703125
15197.1298828125
15191.5224609375
15186.1123046875
15179.32421875
15171.4296875
15164.0126953125
15158.5615234375
15154.5009765625
15150.4873046875
15144.734375
15137.576171875
15130.4833984375
15124.8681640625
15120.361328125
15114.9111328125
15107.4228515625
15098.1767578125
15089.4072265625
15082.181640625
15076.4228515625
15070.84375
15064.607421875
15057.8095703125
15050.978515625
15044.310546875
15038.23046875
15032.33984375
15026.7236328125
15020.5419921875
15014.45703125
15007.62109375
15000.9287109375
14993.8603515625
14986.7978515625
14979.4521484375
14972.2353515625
14965.125
14958.34375
14951.994140625
14945.912109375
14939.9365234375
14933.791015625
14927.837890625
14921.6259765625
14915.576171875
14909.4453125
14903.4541015625
14897.703125
14892.0029296875
14886.513671875
14881.416015625
14876.673828125
14872.265625
14868.1279296875
14864.2265625
14860.25390625
14855.505859375
14849.708984375
14842.23046875
14833.8583984375
14824.65625
14815.9716796875
14808.5302734375
14802.5625
14797.70703125
14793.197265625
14788.150390625
14782.3955078125
14775.4619140625
14768.720703125
14762.625
14757.82421875
14754.30859375
14751.3583984375
14748.640625
14745.6259765625
14742.2119140625
14737.283203125
14731.1435546875
14723.8818359375
14716.76953125
14709.9453125
14703.630859375
14697.23046875
14691.193359375
14685.9482421875
14682.044921875
14679.5693359375
14677.2001953125
14673.8115234375
14665.81640625
14654.4921875
14643.548828125
14636.4794921875
14631.48046875
14624.6640625
14615.767578125
14607.7509765625
14603.140625
14599.53515625
14593.4013671875
14584.796875
14577.3935546875
14572.6455078125
14568.615234375
14562.841796875
14556.24609375
14550.32421875
14545.5244140625
14540.919921875
14536.658203125
14532.568359375
14527.423828125
14519.765625
14511.8701171875
14505.8779296875
14501.7509765625
14497.236328125
14490.728515625
14483.8681640625
14479.5234375
14476.828125
14473.404296875
14467.4365234375
14461.5068359375
14456.720703125
14453.22265625
14448.9482421875
14444.533203125
14440.044921875
14435.7626953125
14430.044921875
14423.412109375
14416.1083984375
14409.6435546875
14403.935546875
14399.373046875
14395.162109375
14390.958984375
14385.5478515625
14378.767578125
14370.9140625
14362.947265625
14355.80859375
14349.6494140625
14344.45703125
14339.25390625
14334.267578125
14328.9306640625
14323.59375
14318.15234375
14312.369140625
14306.125
14299.78125
14293.796875
14288.931640625
14285.384765625
14282.474609375
14278.48828125
14271.8984375
14263.0966796875
14254.89453125
14249.3662109375
14246.3740234375
14243.427734375
14238.2373046875
14231.0390625
14223.689453125
14218.0703125
14214.08203125
14210.318359375
14205.283203125
14199.40625
14193.4189453125
14187.822265625
14182.474609375
14176.876953125
14171.2041015625
14165.8857421875
14160.900390625
14155.771484375
14150.076171875
14143.884765625
14138.0234375
14132.8681640625
14128.716796875
14125.0966796875
14122.0634765625
14118.6044921875
14113.9375
14107.1220703125
14099.5771484375
14093.388671875
14089.5068359375
14086.48828125
14083.18359375
14079.55859375
14077.3994140625
14077.0966796875
14075.1591796875
14068.025390625
14056.205078125
14047.353515625
14046.1591796875
14047.6083984375
14045.22265625
14037.5302734375
14030.1484375
14025.6171875
14020.443359375
14011.65625
14001.25390625
13994.0537109375
13990.44140625
13987.01953125
13982.033203125
13977.435546875
13974.177734375
13971.5078125
13966.9765625
13961.8515625
13956.505859375
13951.505859375
13946.0322265625
13940.55859375
13935.9130859375
13932.0888671875
13927.8857421875
13922.3583984375
13915.4453125
13908.646484375
13901.9677734375
13896.7109375
13891.240234375
13886.8232421875
13881.396484375
13875.791015625
13868.994140625
13862.0087890625
13855.2109375
13849.5078125
13844.3642578125
13839.37109375
13833.9169921875
13828.244140625
13822.83203125
13818.275390625
13814.701171875
13811.7802734375
13808.837890625
13804.806640625
13799.859375
13794.328125
13788.8828125
13783.45703125
13777.5849609375
13771.80078125
13766.646484375
13763.013671875
13760.0673828125
13757.3544921875
13753.228515625
13747.896484375
13741.6474609375
13735.7041015625
13730.71484375
13726.42578125
13722.2421875
13717.111328125
13711.19140625
13705.185546875
13700.0458984375
13695.974609375
13692.1611328125
13687.892578125
13682.421875
13676.4912109375
13670.771484375
13666.150390625
13662.3095703125
13659.064453125
13655.7138671875
13652.1767578125
13648.6484375
13645.3486328125
13642.474609375
13639.6826171875
13636.638671875
13632.908203125
13628.125
13622.91796875
13618.10546875
13614.443359375
13611.5947265625
13608.400390625
13604.490234375
13599.576171875
13595.423828125
13591.083984375
13587.201171875
13581.548828125
13575.34765625
13568.666015625
13563.630859375
13560.39453125
13558.935546875
13557.59375
13555.203125
13551.041015625
13544.2578125
13535.994140625
13527.9990234375
13523.1328125
13521.111328125
13520.447265625
13517.4453125
13510.9130859375
13501.9775390625
13492.7490234375
13485.3994140625
13480.1796875
13476.40625
13473.494140625
13470.529296875
13467.1162109375
13462.154296875
13456.1484375
13448.787109375
13441.921875
13435.142578125
13429.5546875
13424.9072265625
13421.236328125
13417.546875
13413.2431640625
13408.0087890625
13402.123046875
13396.626953125
13392.171875
13388.654296875
13385.255859375
13381.4560546875
13377.4736328125
13373.166015625
13369.171875
13364.93359375
13360.8701171875
13356.8876953125
13353.755859375
13351.04296875
13349.029296875
13346.634765625
13343.724609375
13338.8193359375
13332.7529296875
13311.564453125
13314.5869140625
13315.1767578125
13300.044921875
13306.740234375
13298.5732421875
13292.296875
13295.1328125
13285.505859375
13284.4404296875
13282.458984375
13275.451171875
13275.1630859375
13270.5810546875
13266.333984375
13264.7900390625
13259.9638671875
13257.09765625
13254.357421875
13250.162109375
13247.484375
13244.1689453125
13240.5087890625
13237.7314453125
13234.23046875
13230.8935546875
13227.8779296875
13224.46484375
13221.224609375
13218.07421875
13214.6923828125
13211.5087890625
13208.2734375
13205.044921875
13201.806640625
13198.55859375
13195.3154296875
13192.109375
13188.8203125
13185.583984375
13182.3564453125
13179.138671875
13175.9072265625
13172.650390625
13169.4384765625
13166.208984375
13162.94921875
13159.75390625
13156.509765625
13153.3408203125
13150.1103515625
13146.853515625
13143.6728515625
13140.4677734375
13137.2646484375
13134.03125
13130.875
13127.6923828125
13124.478515625
13121.2783203125
13118.1015625
13114.943359375
13111.7216796875
13108.583984375
13105.4169921875
13102.25
13099.140625
13095.9638671875
13092.8212890625
13089.705078125
13086.583984375
13083.4248046875
13080.3173828125
13077.171875
13074.0654296875
13070.94921875
13067.802734375
13064.71875
13061.6171875
13058.494140625
13055.400390625
13052.3017578125
13049.208984375
13046.15234375
13043.015625
13039.9345703125
13036.7998046875
13033.748046875
13030.6884765625
13027.611328125
13024.5009765625
13021.455078125
13018.330078125
13015.23046875
13012.1767578125
13009.103515625
13006.0078125
13002.9150390625
12999.8544921875
12996.802734375
12993.6923828125
12990.6533203125
12987.5478515625
12984.498046875
12981.42578125
12978.376953125
12975.2763671875
12972.2001953125
12969.1640625
12966.0947265625
12963.005859375
12959.990234375
12956.875
12953.833984375
12950.794921875
12947.6796875
12944.62890625
12941.5517578125
12938.4365234375
12935.3837890625
12932.265625
12929.166015625
12926.01953125
12922.8828125
12919.7822265625
12916.6611328125
12913.5517578125
12910.4306640625
12907.3837890625
12904.302734375
12901.271484375
12898.244140625
12895.2158203125
12892.169921875
12889.1015625
12886.0478515625
12883.0029296875
12880.0234375
12876.947265625
12873.9697265625
12870.8701171875
12867.8759765625
12864.818359375
12861.806640625
12858.7841796875
12855.744140625
12852.7734375
12849.740234375
12846.72265625
12843.6826171875
12840.666015625
12837.6513671875
12834.6103515625
12831.6279296875
12828.5849609375
12825.537109375
12822.4814453125
12819.474609375
12816.4560546875
12813.4208984375
12810.3583984375
12807.3203125
12804.265625
12801.2080078125
12798.17578125
12795.11328125
12792.009765625
12788.8701171875
12785.8740234375
12782.78515625
12779.716796875
12776.626953125
12773.552734375
12770.4716796875
12767.40625
12764.3203125
12761.330078125
12758.2900390625
12755.2734375
12752.2578125
12749.322265625
12746.3017578125
12743.2939453125
12740.298828125
12737.34375
12734.3671875
12731.416015625
12728.4833984375
12725.5107421875
12722.53125
12719.611328125
12716.6455078125
12713.6806640625
12710.7802734375
12707.873046875
12704.92578125
12701.982421875
12699.046875
12696.1376953125
12693.220703125
12690.296875
12687.376953125
12684.486328125
12681.548828125
12678.673828125
12675.7421875
12672.833984375
12669.95703125
12667.041015625
12664.1611328125
12661.23828125
12658.3701171875
12655.5
12652.626953125
12649.6953125
12646.8515625
12643.9404296875
12641.115234375
12638.2392578125
12635.3564453125
12632.50390625
12629.6318359375
12626.7861328125
12623.943359375
12621.0439453125
12618.2001953125
12615.390625
12612.5634765625
12609.720703125
12606.8466796875
12604.001953125
12601.21484375
12598.357421875
12595.521484375
12592.685546875
12589.876953125
12587.109375
12584.3037109375
12581.5078125
12578.69140625
12575.9453125
12573.259765625
12570.619140625
12568.0205078125
12565.5244140625
12562.861328125
12560.1357421875
12557.140625
12553.93359375
12550.7939453125
12547.94921875
12545.30859375
12542.76953125
12540.0966796875
12537.2509765625
12534.326171875
12531.3779296875
12528.595703125
12525.9306640625
12523.34765625
12520.59375
12517.791015625
12514.923828125
12512.1640625
12509.4609375
12506.751953125
12504.08984375
12501.35546875
12498.5517578125
12495.783203125
12493.095703125
12490.3955078125
12487.685546875
12484.986328125
12482.25390625
12479.53515625
12476.7900390625
12474.05078125
12471.4306640625
12468.7177734375
12466.01953125
12463.2861328125
12460.578125
12457.9150390625
12455.16796875
12452.5078125
12449.833984375
12447.142578125
12444.4482421875
12441.755859375
12439.0859375
12436.3916015625
12433.658203125
12431.0185546875
12428.322265625
12425.6337890625
12422.9599609375
12420.2861328125
12417.6015625
12414.927734375
12412.291015625
12409.58203125
12406.9228515625
12404.28515625
12401.6142578125
12398.96875
12396.33984375
12393.671875
12391.0263671875
12388.375
12385.7900390625
12383.125
12380.484375
12377.8876953125
12375.2744140625
12372.62890625
12370.03125
12367.40625
12364.822265625
12362.2099609375
12359.6103515625
12357.0361328125
12354.44140625
12351.853515625
12349.248046875
12346.6953125
12344.123046875
12341.52734375
12338.97265625
12336.3984375
12333.83203125
12331.2900390625
12328.712890625
12326.1943359375
12323.6591796875
12321.115234375
12318.51953125
12316.01171875
12313.4921875
12310.970703125
12308.5078125
12306.1123046875
12303.73828125
12301.466796875
12299.3623046875
12297.3662109375
12295.236328125
12292.71484375
12289.7265625
12286.46875
12283.51953125
12281.189453125
12279.5361328125
12278.4267578125
12277.5703125
12277.0029296875
12275.3955078125
12270.9267578125
12264.7197265625
12261.267578125
12261.2109375
12262.556640625
12261.03125
12253.5595703125
12249.162109375
12251.0859375
12252.3779296875
12246.751953125
12239.50390625
12242.283203125
12243.7998046875
12236.9609375
12231.4765625
12234.9599609375
12231.578125
12222.671875
12225.01171875
12221.626953125
12215.98828125
12215.16796875
12213.98046875
12208.3876953125
12206.6328125
12205.48046875
12200.1787109375
12198.4951171875
12196.34375
12192.48046875
12190.70703125
12188.65234375
12185.2568359375
12183.5693359375
12181.587890625
12178.873046875
12177.298828125
12175.4580078125
12172.44140625
12170.0166015625
12166.626953125
12163.0703125
12160.8115234375
12158.125
12155.97265625
12153.76953125
12150.9638671875
12148.146484375
12145.7431640625
12143.224609375
12141.130859375
12139.126953125
12136.4296875
12133.892578125
12131.212890625
12128.52734375
12126.173828125
12123.880859375
12121.44921875
12119.001953125
12116.544921875
12114.0400390625
12111.76171875
12109.423828125
12107.1396484375
12104.7890625
12102.40234375
12099.8857421875
12097.5439453125
12095.0546875
12092.671875
12090.236328125
12087.81640625
12085.3388671875
12082.94921875
12080.4990234375
12078.1611328125
12075.791015625
12073.41015625
12071.03125
12068.708984375
12066.310546875
12063.94921875
12061.546875
12059.1806640625
12056.767578125
12054.373046875
12052.025390625
12049.65625
12047.341796875
12044.99609375
12042.689453125
12040.333984375
12038.1103515625
12035.7900390625
12033.666015625
12031.2890625
12029.2001953125
12026.78515625
12024.564453125
12022.24609375
12020.0107421875
12017.921875
12015.62890625
12013.525390625
12011.099609375
12008.7880859375
12006.244140625
12003.7685546875
12001.228515625
11998.888671875
11996.5615234375
11994.6435546875
11992.412109375
11990.6005859375
11988.1220703125
11985.703125
11983.2578125
11980.841796875
11978.7470703125
11976.72265625
11975.2294921875
11973.716796875
11972.16015625
11969.515625
11966.201171875
11962.6953125
11960.3251953125
11958.55859375
11956.728515625
11954.30859375
11951.84375
11949.9580078125
11948.3671875
11946.853515625
11944.71484375
11942.7724609375
11940.931640625
11939.2236328125
11937.673828125
11936.0537109375
11934.3349609375
11932.197265625
11929.5341796875
11926.22265625
11922.716796875
11919.0341796875
11915.8642578125
11913.1171875
11910.8779296875
11908.8232421875
11906.888671875
11904.7822265625
11902.474609375
11899.8486328125
11897.3330078125
11895.103515625
11893.4755859375
11891.978515625
11890.576171875
11889.0341796875
11887.5654296875
11885.8896484375
11884.5625
11883.2294921875
11882.33203125
11881.365234375
11880.23828125
11878.5498046875
11876.189453125
11873.15234375
11869.869140625
11866.75390625
11864.279296875
11862.2265625
11860.1083984375
11857.4921875
11854.291015625
11850.935546875
11847.8984375
11845.5791015625
11843.6982421875
11842.1923828125
11840.478515625
11838.9853515625
11837.681640625
11836.689453125
11835.9208984375
11834.8046875
11833.103515625
11830.3271484375
11827.015625
11823.5712890625
11820.43359375
11817.484375
11814.794921875
11812.15234375
11809.859375
11808.01171875
11806.876953125
11806.3955078125
11806.21484375
11805.6640625
11804.0322265625
11800.978515625
11796.74609375
11791.841796875
11787.2421875
11783.349609375
11780.388671875
11777.8671875
11775.3642578125
11772.359375
11769.3046875
11766.349609375
11764.0908203125
11762.169921875
11760.41796875
11758.2802734375
11755.7939453125
11753.15625
11750.748046875
11748.748046875
11747.197265625
11745.759765625
11744.38671875
11742.935546875
11741.583984375
11740.25
11739.041015625
11737.1396484375
11735.125
11731.9765625
11728.9921875
11725.8720703125
11723.5693359375
11721.6103515625
11720.28125
11718.939453125
11717.8046875
11716.453125
11715.2265625
11713.814453125
11712.6298828125
11711.12109375
11709.568359375
11707.3984375
11704.87890625
11701.85546875
11698.7822265625
11696.017578125
11693.9755859375
11692.763671875
11691.99609375
11691.3828125
11690.28125
11688.623046875
11686.46875
11684.09765625
11682.130859375
11680.37109375
11679.3095703125
11677.548828125
11675.41015625
11671.8779296875
11667.759765625
11663.3193359375
11659.341796875
11656.0390625
11653.5
11651.3154296875
11649.1767578125
11646.673828125
11644.0107421875
11641.03515625
11638.1298828125
11635.5244140625
11633.62109375
11632.6162109375
11632.0
11630.12890625
11625.720703125
11620.654296875
11617.5009765625
11618.033203125
11618.412109375
11617.1298828125
11613.8603515625
11611.4541015625
11611.169921875
11610.224609375
11608.37109375
11603.224609375
11599.328125
11596.419921875
11594.703125
11592.2265625
11589.541015625
11587.0283203125
11585.15625
11582.537109375
11580.119140625
11577.130859375
11574.9658203125
11572.26171875
11570.138671875
11566.84765625
11563.9072265625
11560.8896484375
11558.5810546875
11556.08203125
11554.0634765625
11551.568359375
11549.505859375
11547.244140625
11545.5166015625
11543.74609375
11542.0966796875
11540.4306640625
11539.056640625
11537.5751953125
11536.2001953125
11534.02734375
11531.9736328125
11529.099609375
11526.1953125
11522.10546875
11518.4365234375
11514.869140625
11512.642578125
11510.31640625
11510.083984375
11509.767578125
11513.291015625
11512.267578125
11507.7470703125
11504.00390625
11503.3740234375
11511.9921875
11557.8583984375
11595.486328125
11591.64453125
11596.1044921875
11593.427734375
11575.744140625
11581.3486328125
11567.57421875
11566.50390625
11556.8427734375
11554.763671875
11547.787109375
11539.9990234375
11535.34765625
11527.6162109375
11520.89453125
11516.1845703125
11508.931640625
11503.115234375
11497.2314453125
11489.580078125
11485.81640625
11477.8115234375
11472.984375
11465.2080078125
11462.1337890625
11459.884765625
11454.7822265625
11447.978515625
11442.34765625
11436.7978515625
11430.8291015625
11426.486328125
11426.1298828125
11427.162109375
11422.5966796875
11421.7431640625
11415.826171875
11413.9501953125
11413.6318359375
11410.61328125
11409.755859375
11410.1865234375
11408.185546875
11406.4267578125
11404.5458984375
11402.9248046875
11399.7919921875
11396.42578125
11393.365234375
11390.31640625
11387.78125
11385.552734375
11383.7509765625
11381.03125
11378.22265625
11374.146484375
11370.087890625
11366.193359375
11363.27734375
11361.443359375
11359.9443359375
11358.8134765625
11357.37109375
11355.8466796875
11353.814453125
11351.73828125
11349.685546875
11347.8935546875
11346.01953125
11344.65625
11343.5615234375
11342.89453125
11342.2529296875
11341.375
11339.08203125
11335.3486328125
11330.6904296875
11326.521484375
11324.1953125
11323.2470703125
11322.955078125
11321.9765625
11319.9609375
11317.3369140625
11314.482421875
11312.4794921875
11310.7587890625
11309.62890625
11308.13671875
11306.2412109375
11303.603515625
11300.78125
11298.3017578125
11296.708984375
11295.5322265625
11294.38671875
11292.4404296875
11289.7666015625
11286.9931640625
11284.48046875
11282.52734375
11280.84375
11279.193359375
11277.15234375
11274.80078125
11272.4765625
11270.955078125
11270.65234375
11271.423828125
11272.0595703125
11271.4150390625
11268.47265625
11263.9990234375
11259.4755859375
11255.9638671875
11253.642578125
11251.8544921875
11250.048828125
11247.70703125
11245.1513671875
11242.30078125
11239.5859375
11237.2021484375
11235.48046875
11233.978515625
11232.1923828125
11229.5595703125
11226.6015625
11223.7314453125
11221.484375
11219.3916015625
11217.0439453125
11214.42578125
11211.873046875
11209.724609375
11207.8642578125
11206.0068359375
11203.9384765625
11201.833984375
11199.6630859375
11197.50390625
11195.1435546875
11192.755859375
11190.416015625
11188.259765625
11186.375
11184.7099609375
11183.2451171875
11182.068359375
11181.181640625
11180.560546875
11180.26953125
11180.173828125
11180.27734375
11180.3828125
11180.349609375
11179.9296875
11179.1796875
11177.912109375
11176.484375
11174.7294921875
11172.869140625
11170.6796875
11168.392578125
11165.84375
11163.076171875
11159.9111328125
11156.181640625
11152.3427734375
11148.6787109375
11146.01953125
11144.2138671875
11143.171875
11141.935546875
11140.283203125
11137.9345703125
11135.484375
11133.42578125
11131.77734375
11130.5517578125
11128.8837890625
11126.92578125
11124.369140625
11121.921875
11119.6220703125
11117.662109375
11115.8828125
11114.0634765625
11112.046875
11109.830078125
11107.521484375
11105.3515625
11103.4541015625
11102.1162109375
11101.228515625
11100.7666015625
11100.3427734375
11100.015625
11099.3857421875
11098.671875
11097.484375
11096.0625
11093.9658203125
11091.6708984375
11088.875
11086.345703125
11083.748046875
11081.849609375
11079.96484375
11078.6259765625
11077.1845703125
11075.814453125
11074.12109375
11072.0107421875
11069.478515625
11066.7939453125
11064.4365234375
11062.775390625
11061.51171875
11059.9677734375
11057.71484375
11054.58984375
11051.1435546875
11048.091796875
11046.1435546875
11045.216796875
11044.919921875
11044.53515625
11043.86328125
11042.6337890625
11041.015625
11038.947265625
11036.6162109375
11034.1474609375
11032.00390625
11030.0400390625
11028.6640625
11027.19921875
11026.212890625
11024.890625
11024.013671875
11022.763671875
11021.5361328125
11019.849609375
11017.890625
11015.4873046875
11012.943359375
11010.4501953125
11008.31640625
11006.548828125
11005.0693359375
11003.5185546875
11001.9052734375
10999.80859375
10997.6630859375
10995.205078125
10992.7412109375
10990.2470703125
10987.810546875
10985.4609375
10983.291015625
10981.171875
10979.302734375
10977.466796875
10975.7265625
10973.71484375
10971.65625
10969.2998046875
10967.021484375
10964.6796875
10962.5185546875
10960.3837890625
10958.384765625
10956.4208984375
10954.708984375
10953.1201171875
10951.7724609375
10950.642578125
10949.841796875
10949.3662109375
10949.3212890625
10949.4892578125
10949.822265625
10949.875
10949.2890625
10947.43359375
10944.5390625
10940.7958984375
10937.357421875
10934.4853515625
10932.7109375
10931.203125
10929.8291015625
10927.794921875
10925.66796875
10923.2314453125
10921.337890625
10919.548828125
10918.1728515625
10916.650390625
10915.048828125
