9328.5869140625
9306.5595703125
9286.59765625
9268.318359375
9251.505859375
9236.0380859375
9221.775390625
9208.57421875
9196.263671875
9184.697265625
9173.75
9163.3271484375
9153.37890625
9143.8671875
9134.77734375
9126.103515625
9117.828125
9109.943359375
9102.44140625
9095.30078125
9088.50390625
9082.037109375
9075.8798828125
9070.0078125
9064.412109375
9059.068359375
9053.9599609375
9049.0810546875
9044.408203125
9039.93359375
9035.6416015625
9031.5263671875
9027.568359375
9023.765625
9020.111328125
9016.595703125
9013.208984375
9009.943359375
9006.79296875
9003.7509765625
9000.810546875
8997.96484375
8995.2109375
8992.5380859375
8989.943359375
8987.4189453125
8984.9638671875
8982.5712890625
8980.232421875
8977.94921875
8975.71484375
8973.5302734375
8971.388671875
8969.287109375
8967.224609375
8965.193359375
8963.197265625
8961.2314453125
8959.294921875
8957.38671875
8955.509765625
8953.6513671875
8951.818359375
8950.009765625
8948.220703125
8946.453125
8944.7060546875
8942.978515625
8941.265625
8939.5732421875
8937.8974609375
8936.236328125
8934.595703125
8932.9677734375
8931.3544921875
8929.755859375
8928.1748046875
8926.603515625
8925.046875
8923.4990234375
8921.966796875
8920.447265625
8918.9365234375
8917.4375
8915.94921875
8914.470703125
8913.001953125
8911.54296875
8910.0908203125
8908.646484375
8907.2119140625
8905.783203125
8904.361328125
8902.9462890625
8901.5361328125
8900.1337890625
8898.7392578125
8897.345703125
8895.958984375
8894.5771484375
8893.19921875
8891.826171875
8890.4560546875
8889.08984375
8887.728515625
8886.37109375
8885.0166015625
8883.6630859375
8882.3125
8880.970703125
8879.626953125
8878.2861328125
8876.9482421875
8875.6123046875
8874.283203125
8872.953125
8871.626953125
8870.302734375
8868.9814453125
8867.6650390625
8866.3466796875
8865.0341796875
8863.7265625
8862.4208984375
8861.1171875
8859.818359375
8858.5224609375
8857.2314453125
8855.943359375
8854.6572265625
8853.37890625
8852.107421875
8850.8369140625
8849.572265625
8848.3115234375
8847.0546875
8845.8056640625
8844.560546875
8843.3203125
8842.083984375
8840.8564453125
8839.6337890625
8838.419921875
8837.2109375
8836.0078125
8834.8125
8833.626953125
8832.4453125
8831.2734375
8830.107421875
8828.9501953125
8827.80078125
8826.658203125
8825.52734375
8824.40234375
8823.287109375
8822.1826171875
8821.083984375
8819.9951171875
8818.9169921875
8817.845703125
8816.7919921875
8815.7421875
8814.703125
8813.673828125
8812.654296875
8811.6416015625
8810.6416015625
8809.654296875
8808.6748046875
8807.705078125
8806.748046875
8805.80078125
8804.8603515625
8803.9306640625
8803.0126953125
8802.10546875
8801.2109375
8800.3232421875
8799.4453125
8798.578125
8797.71875
8796.8759765625
8796.0390625
8795.212890625
8794.39453125
8793.587890625
8792.791015625
8792.00390625
8791.228515625
8790.458984375
8789.7041015625
8788.955078125
8788.2158203125
8787.486328125
8786.767578125
8786.0546875
8785.353515625
8784.66015625
8783.974609375
1574590848.0
109074.7734375
126277.2734375
81837.3515625
75043.3359375
74043.8984375
69127.2890625
69360.3125
70654.7421875
72392.390625
72930.125
71756.5
70833.4140625
70930.5703125
71978.75
73041.3671875
73995.71875
74659.5859375
75161.296875
75460.0859375
75284.5703125
74430.3359375
72918.6484375
70899.265625
68523.4609375
65886.53125
63130.625
60365.70703125
57667.17578125
55090.34375
52678.52734375
50460.57421875
48447.7109375
46634.15234375
44996.1171875
43508.4453125
42155.3671875
40918.41015625
39774.2734375
38709.34765625
37722.75
36803.984375
35934.07421875
35111.6640625
34346.73046875
33638.1953125
32973.54296875
32340.23046875
31735.51171875
31161.19140625
30611.783203125
30082.86328125
29575.837890625
29089.650390625
28623.09765625
28176.30078125
27745.291015625
27329.392578125
26928.06640625
26544.642578125
26177.791015625
25826.294921875
25487.626953125
25161.693359375
24848.55078125
24546.21484375
24255.45703125
23975.33203125
23705.06640625
23444.73828125
23194.56640625
22954.609375
22723.337890625
22499.400390625
22282.462890625
22071.904296875
21867.90234375
21670.486328125
21479.677734375
21294.97265625
21115.51953125
20941.599609375
20772.845703125
20608.81640625
20449.16015625
20294.05078125
20143.80859375
19998.3359375
19857.91015625
19722.060546875
19589.9609375
19461.765625
19337.32421875
19216.126953125
19098.173828125
18983.49609375
18871.5546875
18762.0859375
18655.3515625
18551.4140625
18449.9453125
18350.8203125
18254.107421875
18159.734375
18067.3359375
17976.84375
17888.291015625
17801.576171875
17716.603515625
17633.4375
17552.10546875
17472.416015625
17394.3046875
17317.828125
17242.95703125
17169.6328125
17097.83203125
17027.515625
16958.638671875
16891.166015625
16825.05078125
16760.234375
16696.65234375
16634.203125
16572.947265625
16512.859375
16453.94921875
16396.1953125
16339.603515625
16284.146484375
16229.869140625
16176.8583984375
16125.31640625
16075.662109375
16027.6044921875
15978.796875
15926.08984375
15875.0029296875
15830.0576171875
15784.55859375
15736.1201171875
15691.326171875
15648.7978515625
15604.2001953125
15561.28515625
15520.69921875
15479.203125
15438.623046875
15399.619140625
15360.572265625
15322.0810546875
15284.5
15247.634765625
15210.9072265625
15174.6552734375
15139.779296875
15104.4501953125
15069.6435546875
15036.3740234375
15002.19921875
14969.0107421875
14936.8994140625
14903.9501953125
14872.28515625
14840.9140625
14809.4365234375
14779.154296875
14748.732421875
14718.7421875
14689.4150390625
14659.94140625
14630.880859375
14602.125
14573.80859375
14546.015625
14518.0458984375
14490.490234375
14463.5390625
14436.6181640625
14409.919921875
14383.703125
14357.765625
14331.9833984375
14306.5361328125
14281.4580078125
14256.541015625
14231.8837890625
14207.53125
14183.3857421875
14159.5263671875
14135.900390625
14112.595703125
14089.6748046875
14067.119140625
14045.0009765625
14023.666015625
14001.896484375
13979.8251953125
13957.125
13935.68359375
13915.34375
13894.5244140625
13872.953125
13851.4453125
13831.658203125
13812.4072265625
13791.1796875
13771.134765625
13752.8310546875
13732.39453125
13711.2109375
13692.8115234375
13674.21875
13654.40625
13634.3583984375
13617.65234375
13598.6142578125
13579.4921875
13561.75390625
13543.8671875
13525.0185546875
13508.5615234375
13490.59765625
13473.3154296875
13456.107421875
13438.5849609375
13421.0810546875
13405.203125
13388.1435546875
13371.34375
13354.9228515625
13338.7958984375
13322.51953125
13306.607421875
13289.837890625
13273.7646484375
13258.189453125
13242.76953125
13226.99609375
13211.39453125
13195.8095703125
13180.873046875
13165.74609375
13150.43359375
13135.3564453125
13120.7490234375
13105.9677734375
13091.2626953125
13076.638671875
13062.236328125
13047.9248046875
13033.681640625
13019.4697265625
13005.6298828125
12991.9375
12978.205078125
12964.4677734375
12950.8544921875
12937.412109375
12924.1025390625
12910.876953125
12897.6884765625
12884.576171875
12871.556640625
12858.59765625
12845.7265625
12832.9404296875
12820.2177734375
12807.5751953125
12795.005859375
12782.4794921875
12770.001953125
12757.60546875
12745.3427734375
12733.2431640625
12721.3486328125
12709.56640625
12697.2783203125
12684.982421875
12673.310546875
12663.5751953125
12650.6396484375
12637.462890625
12624.7314453125
12613.599609375
12602.6162109375
12591.1640625
12581.595703125
12569.4326171875
12557.9033203125
12545.4560546875
12533.38671875
12522.57421875
12511.806640625
12501.0048828125
12488.6201171875
12477.3662109375
12467.1298828125
12456.28125
12445.640625
12434.650390625
12424.5
12414.37890625
12403.740234375
12392.6953125
12381.3515625
12371.0224609375
12360.2080078125
12349.146484375
12339.0234375
12329.0517578125
12318.53515625
12307.6943359375
12297.9716796875
12288.099609375
12277.162109375
12266.603515625
12256.5947265625
12246.755859375
12236.94921875
12227.0625
12217.169921875
12207.1953125
12197.1484375
12187.408203125
12177.560546875
12167.884765625
12157.857421875
12148.09375
12138.568359375
12128.9794921875
12119.3828125
12109.76171875
12100.2421875
12090.74609375
12081.314453125
12072.09765625
12062.8212890625
12053.78515625
12044.77734375
12036.34375
12026.568359375
12017.82421875
12007.16015625
11997.5
11988.451171875
11979.7890625
11971.724609375
11962.4970703125
11954.662109375
11944.1103515625
11934.7548828125
11926.181640625
11917.4921875
11909.0966796875
11898.6142578125
11889.1201171875
11880.478515625
11872.75390625
11868.0595703125
11857.08984375
11846.650390625
11838.2939453125
11831.6064453125
11825.3359375
11814.6865234375
11809.7490234375
11808.396484375
11794.7421875
11787.205078125
11777.3173828125
11769.73046875
11761.4052734375
11751.71484375
11742.7060546875
11735.615234375
11726.62109375
11719.009765625
11712.666015625
11705.623046875
11698.119140625
11691.46875
11682.771484375
11673.61328125
11664.0732421875
11655.626953125
11648.646484375
11643.3203125
11636.9228515625
11627.5185546875
11619.796875
11610.6376953125
11603.6787109375
11597.0234375
11589.7578125
11582.3642578125
11574.482421875
11567.6171875
11559.7431640625
11551.9501953125
11544.6474609375
11538.310546875
11532.1767578125
11525.2119140625
11518.517578125
11512.583984375
11507.6416015625
11503.4013671875
11498.318359375
11491.5595703125
11481.9609375
11471.5859375
11465.6826171875
11460.72265625
11453.8515625
11445.6875
11439.251953125
11433.43359375
11428.2138671875
11422.0908203125
11413.666015625
11409.3291015625
11404.7578125
11396.9169921875
11392.333984375
11387.759765625
11380.279296875
11374.5810546875
11365.853515625
11362.029296875
11353.07421875
11349.5576171875
11351.87890625
11354.3173828125
11330.78125
11334.9609375
11323.625
11319.26953125
11312.5263671875
11309.4609375
11299.97265625
11297.375
11290.0234375
11293.79296875
11282.7099609375
11278.474609375
11269.3994140625
11265.9580078125
11256.314453125
11250.4580078125
11243.240234375
11237.6787109375
11229.443359375
11225.00390625
11217.4794921875
11215.046875
11206.8671875
11199.7158203125
11193.49609375
11190.78125
11181.87109375
11179.9140625
11169.27734375
11165.994140625
11160.169921875
11155.55078125
11150.8720703125
11146.59375
11138.7548828125
11133.626953125
11125.30859375
11119.947265625
11115.8681640625
11110.5869140625
11104.025390625
11098.3076171875
11093.193359375
11089.61328125
11084.955078125
11078.466796875
11073.05859375
11067.4296875
11063.015625
11057.8837890625
11052.1484375
11046.91796875
11041.943359375
11037.236328125
11032.25
11027.3359375
11022.017578125
11017.021484375
11011.658203125
11006.634765625
11001.3828125
10996.02734375
10990.173828125
10984.9560546875
10980.0234375
10975.9169921875
10970.6630859375
10965.638671875
10960.30078125
10955.6083984375
10950.1142578125
10944.5322265625
10939.2490234375
10934.685546875
10930.1171875
10924.9951171875
10919.611328125
10914.1474609375
10909.037109375
10904.240234375
10899.8681640625
10895.5693359375
10891.4111328125
10886.818359375
10882.359375
10877.94921875
10874.6953125
10871.5576171875
10868.666015625
10863.607421875
10857.9951171875
10850.666015625
10845.154296875
10840.291015625
10836.291015625
10830.873046875
10824.841796875
10819.072265625
10814.28515625
10809.8515625
10805.11328125
10800.3017578125
10796.07421875
10792.47265625
10789.064453125
10785.232421875
10781.0849609375
10776.4541015625
10771.5517578125
10766.5927734375
10762.244140625
10758.55859375
10754.8310546875
10750.373046875
10744.884765625
10739.5458984375
10735.0068359375
10731.8115234375
10729.2177734375
10726.5166015625
10722.7578125
10717.7353515625
10712.623046875
10708.255859375
10706.01953125
10702.5107421875
10698.857421875
10692.2080078125
10684.544921875
10677.447265625
10671.9404296875
10668.1806640625
10665.111328125
10661.998046875
10657.7421875
10653.578125
10648.025390625
10643.0546875
10639.5576171875
10636.033203125
10633.3994140625
10629.091796875
10625.2392578125
10620.212890625
10615.8447265625
10611.15625
10607.078125
10602.9267578125
10599.478515625
10596.3681640625
10593.35546875
10589.50390625
10584.2236328125
10577.921875
10572.15625
10567.8359375
10564.447265625
10560.990234375
10556.708984375
10551.9853515625
10547.498046875
10543.6318359375
10539.9814453125
10536.1630859375
10532.2275390625
10528.7109375
10526.001953125
10523.5048828125
10520.115234375
10514.5283203125
10507.7724609375
10502.240234375
10498.97265625
10496.9853515625
10493.6767578125
10488.7412109375
10483.0517578125
10478.9248046875
10475.6376953125
10472.29296875
10467.244140625
10461.9404296875
10457.0400390625
10453.513671875
10450.099609375
10446.7568359375
10443.3125
10440.6201171875
10438.33984375
10435.6689453125
10431.6953125
10426.294921875
10420.888671875
10416.62109375
10414.330078125
10412.67578125
10410.8515625
10407.4599609375
10401.9951171875
10395.1015625
10387.1318359375
10380.2265625
10373.849609375
10368.0732421875
10361.35546875
10354.65234375
10348.7099609375
10344.576171875
10341.1328125
10336.8232421875
10330.81640625
10324.291015625
10318.7998046875
10314.6943359375
10311.251953125
10307.279296875
10302.7451171875
10297.6083984375
10292.25390625
10286.55859375
10281.0263671875
10276.6279296875
10273.029296875
10270.703125
10266.82421875
10262.681640625
10257.181640625
10252.453125
10247.826171875
10244.056640625
10240.400390625
10237.1962890625
10234.419921875
10232.3701171875
10230.9697265625
10229.361328125
10227.3955078125
10224.6025390625
10221.744140625
10218.6181640625
10215.25390625
10210.69140625
10205.474609375
10199.357421875
10194.171875
10189.197265625
10185.001953125
10181.4306640625
10178.3994140625
10175.3076171875
10170.89453125
10165.484375
10160.484375
10156.966796875
10154.400390625
10151.15625
10147.33203125
10143.31640625
10140.87890625
10138.3291015625
10136.87890625
10133.5390625
10130.9375
10127.9599609375
10125.162109375
10121.91796875
10117.63671875
10112.7529296875
10107.3232421875
10102.427734375
10098.43359375
10095.5048828125
10093.12109375
10090.541015625
10087.3427734375
10083.4775390625
10079.587890625
10076.232421875
10073.42578125
10071.9921875
10069.5400390625
10068.51953125
10064.8037109375
10062.12109375
10059.16796875
10056.26953125
10052.994140625
10049.4384765625
10045.9365234375
10042.814453125
10040.541015625
10038.7236328125
10037.2236328125
10034.201171875
10030.6044921875
10025.52734375
10020.8828125
10017.1357421875
10014.2578125
10011.939453125
10009.37890625
10006.4560546875
10002.8984375
9998.9990234375
9995.189453125
9991.357421875
9988.5537109375
9985.341796875
9983.845703125
9980.7734375
9979.091796875
9975.798828125
9973.2158203125
9968.9853515625
9965.751953125
9961.9609375
9958.4365234375
9954.33203125
9950.287109375
9946.482421875
9943.2705078125
9940.310546875
9937.3359375
9934.787109375
9931.9248046875
9930.482421875
9926.69921875
9924.2099609375
9919.19140625
9915.228515625
9911.4423828125
9908.84765625
9907.05078125
9905.71484375
9904.529296875
9903.369140625
9902.6083984375
9901.8837890625
9901.8671875
9900.1728515625
9898.7353515625
9894.8125
9890.16015625
9884.4404296875
9878.845703125
9874.7841796875
9872.5068359375
9871.556640625
9870.40625
9868.640625
9866.072265625
9863.4658203125
9860.4833984375
9857.466796875
9852.9169921875
9849.3046875
9844.91015625
9842.6748046875
9841.27734375
9840.515625
9839.0390625
9835.916015625
9830.771484375
9824.9609375
9820.1748046875
9817.9765625
9817.0244140625
9816.28515625
9813.333984375
9809.83984375
9805.0703125
9802.5234375
9799.9541015625
9798.1005859375
9794.892578125
9790.84765625
9786.033203125
9781.47265625
9777.408203125
9774.1181640625
9770.76953125
9767.837890625
9764.708984375
9762.7724609375
9761.7451171875
9760.6162109375
9758.59765625
9756.08984375
9753.2119140625
9753.5361328125
9753.9033203125
9749.1279296875
9740.025390625
9737.98828125
9738.0595703125
9734.0478515625
9731.12890625
9730.1884765625
9725.7861328125
9724.119140625
9723.39453125
9720.025390625
9718.306640625
9716.9111328125
9712.27734375
9708.998046875
9704.578125
9701.263671875
9697.62109375
9695.5947265625
9693.25
9691.375
9688.353515625
9685.544921875
9682.859375
9681.3017578125
9680.314453125
9681.15234375
9680.48828125
9677.7587890625
9672.376953125
9665.0078125
9658.732421875
9654.5341796875
9652.47265625
9650.9169921875
9648.859375
9646.57421875
9644.83984375
9641.7529296875
9638.419921875
9634.193359375
9630.0205078125
9628.1728515625
9625.556640625
9624.6298828125
9620.95703125
9617.34375
9613.587890625
9610.962890625
9609.1875
9607.6884765625
9606.32421875
9604.82421875
9603.2041015625
9601.587890625
9599.4453125
9597.21484375
9593.966796875
9590.94140625
9587.703125
9586.1298828125
9585.26953125
9585.9130859375
9586.25
9586.837890625
9586.208984375
9584.951171875
9580.92578125
9574.708984375
9567.5947265625
9562.2841796875
9560.189453125
9560.322265625
9560.84765625
9559.6279296875
9556.2353515625
9551.1904296875
9546.4248046875
9543.326171875
9542.1884765625
9542.318359375
9541.34375
9540.025390625
9535.7890625
9532.103515625
9528.5185546875
9526.6591796875
9525.6748046875
9525.255859375
9524.7431640625
9524.876953125
9525.263671875
9526.27734375
9525.4140625
9522.298828125
9516.6279296875
9510.4111328125
9505.62109375
9501.552734375
9496.9140625
9491.2666015625
9485.9580078125
9482.4140625
9479.806640625
9477.5849609375
9474.9951171875
9472.642578125
9469.888671875
9466.984375
9464.193359375
9462.310546875
9460.982421875
9460.01171875
9458.60546875
9457.22265625
9454.8271484375
9451.72265625
9446.6171875
9441.32421875
9437.580078125
9436.416015625
9436.810546875
9436.79296875
9435.5576171875
9433.5703125
9432.3994140625
9433.216796875
9434.251953125
9435.30859375
9433.41796875
9432.109375
9429.4921875
9427.4296875
9422.587890625
9416.5185546875
9410.244140625
9406.28125
9404.267578125
9402.904296875
9400.9521484375
9398.4375
9396.21875
9393.869140625
9391.1630859375
9387.818359375
9384.470703125
9381.67578125
9378.849609375
9376.765625
9374.837890625
9373.3203125
9372.0673828125
9370.98046875
9370.306640625
9369.470703125
9368.6201171875
9366.3837890625
9363.322265625
9357.6337890625
9351.3623046875
9345.7861328125
9342.578125
9341.1826171875
9340.90234375
9340.033203125
9338.033203125
9335.193359375
9332.4462890625
9330.8232421875
9330.46875
9330.3359375
9329.3564453125
9326.0810546875
9321.376953125
9316.2216796875
9313.435546875
9296.28125
9298.38671875
9301.26953125
9288.0
9294.8427734375
9289.6015625
9283.720703125
9288.4150390625
9280.7431640625
9280.13671875
9280.546875
9274.4443359375
9275.484375
9272.89453125
9269.45703125
9269.7958984375
9266.3623046875
9264.7548828125
9263.8125
9260.8515625
9259.8427734375
9258.0517578125
9255.84375
9254.6767578125
9252.6533203125
9250.88671875
9249.4130859375
9247.4921875
9245.8486328125
9244.216796875
9242.443359375
9240.796875
9239.1376953125
9237.423828125
9235.75390625
9234.10546875
9232.40234375
9230.7314453125
9229.0927734375
9227.376953125
9225.7109375
9224.05859375
9222.341796875
9220.7001953125
9219.017578125
9217.314453125
9215.66015625
9213.9560546875
9212.2587890625
9210.59765625
9208.8916015625
9207.197265625
9205.51171875
9203.7939453125
9202.091796875
9200.390625
9198.666015625
9196.95703125
9195.2314453125
9193.494140625
9191.759765625
9190.021484375
9188.2724609375
9186.5224609375
9184.7587890625
9182.994140625
9181.2216796875
9179.431640625
9177.642578125
9175.8349609375
9174.0283203125
9172.212890625
9170.3837890625
9168.5458984375
9166.6953125
9164.82421875
9162.9443359375
9161.05078125
9159.138671875
9157.21875
9155.2861328125
9153.3388671875
9151.373046875
9149.3916015625
9147.3916015625
9145.3759765625
9143.3388671875
9141.2890625
9139.2177734375
9137.1171875
9135.0048828125
9132.8642578125
9130.6962890625
9128.5126953125
9126.2958984375
9124.0546875
9121.7900390625
9119.484375
9117.1474609375
9114.77734375
9112.3759765625
9109.92578125
9107.4326171875
9104.8984375
9102.3125
9099.689453125
9097.021484375
9094.3291015625
9091.615234375
9088.896484375
9086.1796875
9083.482421875
9080.7900390625
9078.11328125
9075.4375
9072.775390625
9070.119140625
9067.4775390625
9064.8515625
9062.234375
9059.63671875
9057.056640625
9054.5107421875
9051.970703125
9049.435546875
9046.9365234375
9044.455078125
9042.005859375
9039.576171875
9037.1640625
9034.8046875
9032.4736328125
9030.17578125
9027.90625
9025.6806640625
9023.4833984375
9021.3212890625
9019.1943359375
9017.0947265625
9015.02734375
9012.970703125
9010.9462890625
9008.94140625
9006.951171875
9004.9853515625
9003.029296875
9001.095703125
8999.181640625
8997.279296875
8995.3779296875
8993.4990234375
8991.634765625
8989.771484375
8987.9296875
8986.1083984375
8984.28125
8982.4755859375
8980.666015625
8978.8720703125
8977.0810546875
8975.298828125
8973.525390625
8971.751953125
8969.998046875
8968.2373046875
8966.4951171875
8964.744140625
8963.0078125
8961.2734375
8959.5390625
8957.8154296875
8956.09375
8954.37109375
8952.6591796875
8950.9482421875
8949.2373046875
8947.533203125
8945.8212890625
8944.1220703125
8942.419921875
8940.716796875
8939.0283203125
8937.33203125
8935.634765625
8933.953125
8932.275390625
8930.576171875
8928.900390625
8927.2099609375
8925.52734375
8923.841796875
8922.16015625
8920.4853515625
8918.810546875
8917.134765625
8915.453125
8913.7734375
8912.1015625
8910.4287109375
8908.75390625
8907.076171875
8905.41015625
8903.728515625
8902.0546875
8900.3759765625
8898.6953125
8897.0146484375
8895.3408203125
8893.6552734375
8891.9873046875
8890.302734375
8888.634765625
8886.94921875
8885.2890625
8883.61328125
8881.939453125
8880.2744140625
8878.609375
8876.943359375
8875.283203125
8873.6181640625
8871.9638671875
8870.306640625
8868.6513671875
8866.99609375
8865.34375
8863.6884765625
8862.048828125
8860.40625
8858.76171875
8857.119140625
8855.48046875
8853.85546875
8852.21875
8850.578125
8848.955078125
8847.3193359375
8845.6923828125
8844.068359375
8842.4423828125
8840.814453125
8839.1845703125
8837.5654296875
8835.9482421875
8834.3251953125
8832.705078125
8831.0849609375
8829.4736328125
8827.8515625
8826.2470703125
8824.6318359375
8823.005859375
8821.404296875
8819.7861328125
8818.1728515625
8816.548828125
8814.94140625
8813.333984375
8811.724609375
8810.109375
8808.5126953125
8806.912109375
8805.3076171875
8803.7041015625
8802.103515625
8800.5009765625
8798.9033203125
8797.294921875
8795.693359375
8794.1044921875
8792.501953125
8790.90625
8789.3046875
8787.708984375
8786.1123046875
8784.509765625
8782.9072265625
8781.3203125
8779.7255859375
8778.12109375
8776.529296875
8774.9326171875
8773.3388671875
8771.7509765625
8770.15234375
8768.568359375
8766.9833984375
8765.3984375
8763.8125
8762.2138671875
8760.626953125
8759.0341796875
8757.4501953125
8755.8701171875
8754.28125
8752.6953125
8751.115234375
8749.5458984375
8747.9794921875
8746.40625
8744.859375
8743.3232421875
8741.8076171875
8740.30859375
8738.8251953125
8737.3125
8735.7548828125
8734.0888671875
8732.37109375
8730.6728515625
8729.0703125
8727.5625
8726.0859375
8724.5390625
8722.9267578125
8721.267578125
8719.669921875
8718.1328125
8716.6171875
8715.0732421875
8713.4892578125
8711.8837890625
8710.3046875
8708.76171875
8707.2216796875
8705.67578125
8704.111328125
8702.5390625
8700.98828125
8699.443359375
8697.900390625
8696.3466796875
8694.79296875
8693.2421875
8691.697265625
8690.150390625
8688.62109375
8687.068359375
8685.525390625
8683.986328125
8682.4482421875
8680.9130859375
8679.369140625
8677.83203125
8676.302734375
8674.775390625
8673.2431640625
8671.71484375
8670.1875
8668.6611328125
8667.140625
8665.625
8664.1259765625
8662.630859375
8661.1689453125
8659.7421875
8658.341796875
8657.0703125
8655.80078125
8654.7685546875
8653.5009765625
8652.466796875
8650.7060546875
8648.958984375
8646.7236328125
8644.708984375
8642.958984375
8641.5166015625
8640.283203125
8639.0546875
8637.7880859375
8636.125
8634.353515625
8632.505859375
8630.7734375
8629.23828125
8627.798828125
8626.412109375
8624.953125
8623.4521484375
8621.826171875
8620.1953125
8618.6103515625
8617.064453125
8615.6142578125
8614.1044921875
8612.625
8611.068359375
8609.517578125
8607.8984375
8606.298828125
8604.673828125
8603.0791015625
8601.4638671875
8599.8681640625
8598.25
8596.6904296875
8595.0849609375
8593.626953125
8592.078125
8590.9404296875
8589.658203125
8589.3251953125
8589.986328125
8594.1240234375
8602.8876953125
8608.0166015625
8596.337890625
8580.5146484375
8579.337890625
8585.2255859375
8583.9375
8574.142578125
8572.126953125
8575.818359375
8570.875
8565.3759765625
8566.30859375
8565.8203125
8561.208984375
8558.3291015625
8558.9853515625
8557.85546875
8553.744140625
8552.55859375
8552.19140625
8549.7001953125
8547.0859375
8545.505859375
8544.4912109375
8543.044921875
8540.3935546875
8538.99609375
8538.1982421875
8536.23828125
8534.298828125
8532.8046875
8531.6376953125
8529.97265625
8528.0390625
8526.7265625
8525.43359375
8523.755859375
8522.212890625
8520.8740234375
8519.83984375
8518.8515625
8517.75390625
8516.79296875
8515.611328125
8513.7265625
8511.6533203125
8510.1220703125
8509.46875
8509.693359375
8509.6962890625
8509.2734375
8506.6982421875
8503.494140625
8499.767578125
8497.291015625
8495.845703125
8494.8759765625
8494.0048828125
8492.78515625
8491.5458984375
8489.3544921875
8487.224609375
8485.244140625
8483.8046875
8482.734375
8481.6982421875
8480.6591796875
8479.310546875
8477.8623046875
8476.021484375
8474.046875
8472.2197265625
8470.8876953125
8470.1767578125
8469.6552734375
8469.505859375
8469.03125
8469.419921875
8469.896484375
8471.482421875
8472.04296875
8469.3876953125
8463.189453125
8458.4306640625
8458.9189453125
8461.2412109375
8460.5810546875
8456.12109375
8452.958984375
8452.4375
8451.869140625
8449.4306640625
8447.2998046875
8447.0498046875
8445.966796875
8442.734375
8439.150390625
8437.390625
8436.01171875
8433.7744140625
8431.49609375
8430.197265625
8429.203125
8427.5595703125
8425.57421875
8424.0068359375
8422.84765625
8421.5361328125
8420.0947265625
8419.0224609375
8418.234375
8417.115234375
8415.7578125
8414.4541015625
8413.5517578125
8412.517578125
8411.6640625
8410.6396484375
8409.626953125
8408.013671875
8406.033203125
8403.982421875
8402.4091796875
8401.28125
8400.4462890625
8399.80078125
8399.318359375
8398.90625
8398.1259765625
8396.7529296875
8394.720703125
8392.3203125
8390.078125
8388.2861328125
8387.076171875
8386.1376953125
8385.0966796875
8383.865234375
8382.4765625
8381.49609375
8381.056640625
8381.2841796875
8381.3525390625
8380.5703125
8378.3203125
8375.05078125
8371.671875
8368.8154296875
8366.5732421875
8365.021484375
8364.013671875
8363.181640625
8362.07421875
8360.203125
8357.83203125
8355.654296875
8354.4189453125
8353.8486328125
8353.4375
8352.388671875
8351.412109375
8350.236328125
8349.716796875
8348.544921875
8347.5927734375
8346.138671875
8345.021484375
8343.015625
8340.0927734375
8336.505859375
8334.3955078125
8335.544921875
8340.1513671875
8340.349609375
8333.93359375
8327.849609375
8329.091796875
8330.6953125
8326.412109375
8323.2119140625
8323.6318359375
8322.2626953125
8317.5263671875
8315.95703125
8316.654296875
8315.48828125
8313.0205078125
8312.310546875
8311.28515625
8308.9140625
8307.34765625
8306.505859375
8305.5390625
8304.4541015625
8303.9365234375
8303.45703125
8302.611328125
8301.2490234375
8299.607421875
8297.4091796875
8294.59765625
8292.0234375
8289.96875
8288.71875
8287.658203125
8286.51171875
8284.876953125
8282.5703125
8279.90234375
8277.541015625
8275.734375
8274.30078125
8273.20703125
8272.3173828125
8271.029296875
8269.32421875
8267.5654296875
8266.083984375
8265.041015625
8264.2001953125
8263.111328125
8261.4130859375
8259.427734375
8257.84765625
8256.8125
8255.9912109375
8254.7578125
8252.8291015625
8250.31640625
8247.9296875
8246.1328125
8245.109375
8244.3916015625
8243.634765625
8242.435546875
8240.8369140625
8238.9287109375
8237.09375
8235.4306640625
8234.068359375
8232.8740234375
8231.763671875
8230.708984375
8229.6318359375
8228.744140625
8227.787109375
8227.0791015625
8226.1630859375
8225.5703125
8224.74609375
8224.16796875
8223.1259765625
8221.8798828125
8219.94140625
8217.685546875
8215.13671875
8212.765625
8210.798828125
8209.505859375
8208.83984375
8208.6279296875
8208.5771484375
8208.375
8207.71484375
8206.466796875
8204.49609375
8202.23046875
8199.927734375
8198.2431640625
8197.099609375
8196.3984375
8195.7802734375
8194.830078125
8193.7919921875
8192.35546875
8191.18359375
8189.90283203125
8189.26123046875
8188.755859375
8188.6640625
8188.03125
8186.5908203125
8183.9306640625
8180.27734375
8176.45361328125
8172.9716796875
8170.52685546875
8168.84130859375
8167.9208984375
8167.10888671875
8166.23828125
8164.85546875
8163.14404296875
8161.0830078125
8159.18896484375
8157.42578125
8155.96484375
8154.5263671875
8153.01123046875
8151.3359375
8149.5205078125
8147.681640625
8145.9150390625
8144.3173828125
8142.91455078125
8141.64453125
8140.51708984375
8139.365234375
8138.330078125
8137.21875
8136.29931640625
8135.3837890625
8134.63134765625
8133.62255859375
8132.5263671875
8130.9951171875
8129.68505859375
8128.255859375
8127.43994140625
8126.4677734375
8125.66748046875
8124.177734375
8122.3193359375
8119.9951171875
8117.8349609375
8116.095703125
8114.9775390625
8114.21435546875
8113.5341796875
8112.6982421875
8111.74755859375
8110.86572265625
8110.2939453125
8110.05517578125
8110.09375
8110.05078125
8109.802734375
8108.96435546875
8107.76171875
8106.01904296875
8104.2880859375
8102.4013671875
8100.6240234375
8098.62109375
8096.4287109375
8094.0888671875
8091.8623046875
8090.16162109375
8088.9921875
8088.486328125
8088.080078125
8087.63916015625
8086.53564453125
8084.9208984375
8082.6357421875
8080.27685546875
8077.84619140625
8075.78125
8073.96728515625
8072.52734375
8071.1923828125
8070.11083984375
8068.8662109375
8067.9306640625
8066.80810546875
8065.7041015625
8063.71484375
8061.02978515625
8057.82080078125
8055.3056640625
8053.9677734375
8053.873046875
8053.93701171875
8053.470703125
8052.05517578125
8050.45166015625
8049.236328125
8048.71435546875
8047.96875
8046.44580078125
8043.66259765625
8040.8642578125
8038.51904296875
8037.57470703125
8037.0859375
8036.603515625
8035.103515625
8032.720703125
8029.99462890625
8028.0107421875
8026.8916015625
8026.4365234375
8025.775390625
8024.66796875
8022.9931640625
8021.37646484375
8020.05859375
8018.93359375
8017.642578125
8015.9814453125
8014.3115234375
8012.96728515625
8012.3603515625
8012.12841796875
8012.10791015625
8011.89794921875
8011.60302734375
8011.30224609375
8010.841796875
8010.1240234375
8008.7060546875
8006.7060546875
8004.3017578125
8001.7978515625
7999.4609375
7997.09423828125
7994.7001953125
7992.12109375
7989.689453125
7987.44873046875
7985.71044921875
7984.4267578125
7983.580078125
7983.1201171875
7982.966796875
7982.96875
7983.0068359375
7982.751953125
7982.4228515625
7981.5361328125
7981.0703125
7980.0341796875
7979.830078125
7979.0078125
7978.45703125
7977.07763671875
7975.572265625
7974.005859375
7972.85009765625
7971.98779296875
7970.82177734375
7968.8642578125
7965.904296875
7962.169921875
7958.328125
7955.30908203125
7953.26611328125
7952.1708984375
7951.4482421875
7950.2900390625
7948.66015625
7946.5712890625
7944.615234375
7942.78369140625
7941.34423828125
7939.89892578125
7938.5146484375
7937.083984375
7935.5205078125
7933.9052734375
7932.03369140625
7930.119140625
7928.0400390625
7926.142578125
7924.3369140625
7922.783203125
7921.35546875
7920.0791015625
7918.89404296875
7917.8134765625
7916.861328125
7915.9267578125
7915.15966796875
7914.3720703125
7913.80712890625
7913.0322265625
7912.0107421875
7910.0751953125
7907.5
7904.796875
7902.8173828125
7901.6962890625
7900.89013671875
7899.76220703125
7898.06689453125
7896.091796875
7894.27001953125
7892.72119140625
7891.259765625
7889.80517578125
7888.46484375
7887.4765625
7886.927734375
7886.53857421875
7885.912109375
7884.8857421875
7883.4501953125
7881.97314453125
7880.5234375
7879.32763671875
7878.1552734375
7877.248046875
7876.1533203125
7875.423828125
7874.3349609375
7873.6640625
7872.6650390625
7872.2197265625
7871.62353515625
7871.294921875
7870.58984375
7869.53564453125
7867.81640625
7865.5615234375
7863.0625
7860.6171875
7858.6748046875
7857.0908203125
7856.0029296875
7855.0146484375
7854.15478515625
7853.208984375
7852.24169921875
7851.20947265625
7850.05224609375
7848.8291015625
7847.47607421875
7845.9306640625
7844.12451171875
7841.98779296875
7839.6669921875
7837.392578125
7835.3642578125
7833.6640625
7832.140625
7830.58984375
7828.8447265625
7826.810546875
7824.6240234375
7822.421875
7820.408203125
7818.74365234375
7817.4892578125
7816.4443359375
7815.544921875
7814.2451171875
7812.83251953125
7810.8271484375
7808.9951171875
7806.853515625
7805.05859375
7803.0908203125
7801.322265625
7799.4150390625
7797.634765625
7795.912109375
7794.46044921875
7793.15625
7791.89453125
7790.5498046875
7789.0927734375
7787.6328125
7786.30419921875
7785.068359375
7783.826171875
7782.5126953125
7781.23583984375
7780.38330078125
7780.103515625
7780.7666015625
7781.9208984375
7783.7666015625
7785.421875
7787.3642578125
7788.4833984375
7789.5546875
7789.2060546875
7788.3056640625
7785.63720703125
7781.9931640625
7777.2099609375
7772.7900390625
7769.66015625
7768.712890625
7769.3173828125
7770.265625
7770.0869140625
7768.134765625
7764.798828125
7761.111328125
7758.18896484375
7756.26025390625
7755.19970703125
