7244.35107421875
7237.56884765625
7231.29541015625
7225.4775390625
7220.06298828125
7214.9921875
7210.21875
7205.701171875
7201.3974609375
7197.26904296875
7193.296875
7189.46337890625
7185.759765625
7182.18359375
7178.7314453125
7175.3955078125
7172.18017578125
7169.06982421875
7166.0634765625
7163.154296875
7160.33984375
7157.6201171875
7154.9873046875
7152.43359375
7149.96484375
7147.57666015625
7145.271484375
7143.04443359375
7140.890625
7138.814453125
7136.814453125
7134.87939453125
7133.01318359375
7131.2119140625
7129.46875
7127.7900390625
7126.1640625
7124.5986328125
7123.0859375
7121.6220703125
7120.2080078125
7118.845703125
7117.53076171875
7116.26025390625
7115.03564453125
7113.85107421875
7112.70556640625
7111.6005859375
7110.53173828125
7109.494140625
7108.49267578125
7107.52294921875
7106.5859375
7105.67724609375
7104.7939453125
7103.939453125
7103.11083984375
7102.3056640625
7101.525390625
7100.7646484375
7100.02685546875
7099.3095703125
7098.61279296875
7097.93359375
7097.27392578125
7096.6318359375
7096.00634765625
7095.3935546875
7094.798828125
7094.2158203125
7093.646484375
7093.0927734375
7092.5478515625
7092.01708984375
7091.5
7090.990234375
7090.49072265625
7090.00390625
7089.525390625
7089.0556640625
7088.59375
7088.1416015625
7087.697265625
7087.26171875
7086.83203125
7086.4091796875
7085.9951171875
7085.5869140625
7085.1845703125
7084.7880859375
7084.400390625
7084.017578125
7083.6416015625
7083.27001953125
7082.9052734375
7082.544921875
7082.1904296875
7081.83984375
7081.4931640625
7081.15283203125
7080.81982421875
7080.4873046875
7080.162109375
7079.84130859375
7079.52490234375
7079.2119140625
7078.90478515625
7078.603515625
7078.30615234375
7078.01123046875
7077.72216796875
7077.43994140625
7077.1572265625
7076.88232421875
7076.6083984375
7076.34033203125
7076.0751953125
7075.81396484375
7075.5576171875
7075.30126953125
7075.0517578125
7074.8056640625
7074.56298828125
7074.3271484375
7074.09375
7073.8642578125
7073.638671875
7073.4150390625
7073.1962890625
7072.98046875
7072.77001953125
7072.5615234375
7072.35693359375
7072.15576171875
7071.9580078125
7071.76318359375
7071.5732421875
7071.3857421875
7071.2021484375
7071.021484375
7070.845703125
7070.671875
7070.498046875
7070.33056640625
7070.1650390625
7070.001953125
7069.841796875
7069.68359375
7069.53076171875
7069.380859375
7069.2333984375
7069.0869140625
7068.94384765625
7068.8046875
7068.666015625
7068.53125
7068.3984375
7068.267578125
7068.1396484375
7068.013671875
7067.890625
7067.76953125
7067.64990234375
7067.53271484375
7067.4208984375
7067.30859375
7067.19775390625
7067.0869140625
7066.98046875
7066.8720703125
7066.76953125
7066.66650390625
7066.56787109375
7066.46875
7066.37109375
7066.27685546875
7066.1826171875
7066.091796875
7066.0009765625
7065.912109375
7065.82568359375
7065.73876953125
7065.65478515625
7065.572265625
7065.48876953125
7065.40771484375
7065.330078125
7065.2529296875
7065.17578125
7065.099609375
7065.0263671875
7064.95361328125
7064.8818359375
7064.8115234375
7064.740234375
7064.6708984375
7064.603515625
7064.5361328125
7064.4697265625
7064.40478515625
11766370.0
11517790.0
211904.640625
117937.4921875
118513.0625
89959.5
77674.9921875
67710.1875
59816.609375
58216.171875
57281.328125
56515.359375
73032.5234375
56917.625
56621.3984375
56283.09765625
54259.328125
51655.08203125
49588.23828125
48011.6875
46689.94140625
45505.83203125
44402.6015625
43278.69140625
42174.46875
41164.65625
40241.5078125
39374.44140625
38551.859375
37772.33203125
37031.07421875
36307.32421875
35582.234375
34835.50390625
34071.125
33311.54296875
32563.326171875
31823.220703125
31093.990234375
30387.68359375
29712.828125
29064.751953125
28436.63671875
27832.8515625
27259.564453125
26717.1171875
26196.609375
25691.59765625
25207.37109375
24747.38671875
24306.638671875
23881.01171875
23471.0390625
23077.84765625
22701.7109375
22343.083984375
22002.8203125
21681.65234375
21378.740234375
21090.2265625
20814.83203125
20552.8515625
20301.58984375
20058.69140625
19824.583984375
19600.0
19383.763671875
19174.603515625
18971.826171875
18775.6875
18586.357421875
18403.36328125
18226.486328125
18055.76953125
17890.880859375
17731.16796875
17576.021484375
17424.98046875
17277.982421875
17134.80078125
16995.109375
16858.951171875
16726.048828125
16596.24609375
16469.576171875
16346.099609375
16225.5498046875
16107.798828125
15992.619140625
15879.8203125
15769.5380859375
15661.654296875
15555.8486328125
15452.0546875
15350.337890625
15250.5927734375
15152.611328125
15056.3369140625
14961.734375
14868.814453125
14777.419921875
14687.4521484375
14598.986328125
14512.0166015625
14426.525390625
14342.46875
14259.96484375
14178.509765625
14097.85546875
14017.9296875
13940.076171875
13863.794921875
13787.7802734375
13712.8505859375
13639.6328125
13567.62109375
13496.4072265625
13426.087890625
13357.2412109375
13289.44921875
13222.0
13155.6396484375
13090.388671875
13025.671875
12961.6484375
12898.4765625
12836.140625
12774.4140625
12713.19921875
12652.75
12593.0693359375
12533.93359375
12475.421875
12417.5703125
12360.458984375
12304.0244140625
12248.1298828125
12192.8935546875
12138.3134765625
12084.353515625
12030.982421875
11978.1240234375
11925.8720703125
11874.2216796875
11823.17578125
11772.6962890625
11722.7578125
11673.341796875
11624.498046875
11576.17578125
11528.3671875
11481.0654296875
11434.212890625
11387.8232421875
11341.9130859375
11296.458984375
11251.4609375
11206.93359375
11162.88671875
11119.248046875
11075.9609375
11032.9580078125
10990.388671875
10948.376953125
10906.78515625
10865.4482421875
10824.494140625
10784.0439453125
10744.0
10704.18359375
10664.6181640625
10625.3935546875
10586.607421875
10548.1923828125
10510.0234375
10472.138671875
10434.66796875
10397.5205078125
10360.75390625
10324.197265625
10288.2138671875
10252.0107421875
10216.1728515625
10180.37109375
10145.166015625
10110.6298828125
10076.8671875
10043.701171875
10008.9150390625
9974.498046875
9941.3828125
9907.908203125
9874.640625
9842.9697265625
9811.052734375
9778.330078125
9746.404296875
9714.09765625
9683.0517578125
9652.873046875
9621.4912109375
9590.8125
9559.875
9529.5439453125
9500.22265625
9470.3046875
9440.5283203125
9410.986328125
9381.869140625
9353.34375
9324.734375
9296.0078125
9267.693359375
9239.81640625
9212.0478515625
9184.3310546875
9156.73828125
9129.408203125
9102.4384765625
9075.5654296875
9048.724609375
9022.080078125
8995.6015625
8969.392578125
8943.412109375
8917.4375
8891.603515625
8865.97265625
8840.564453125
8815.35546875
8790.267578125
8765.16015625
8740.1728515625
8715.484375
8691.056640625
8666.759765625
8642.4765625
8618.1435546875
8593.779296875
8569.525390625
8545.623046875
8522.06640625
8498.6552734375
8475.189453125
8451.8046875
8428.62109375
8405.4951171875
8382.3720703125
8359.3916015625
8336.7451171875
8314.314453125
8291.705078125
8268.91796875
8246.5126953125
8224.4169921875
8202.189453125
8180.1044921875
8158.4658203125
8136.76318359375
8114.92333984375
8093.46240234375
8072.1806640625
8050.7109375
8029.40185546875
8008.37548828125
7987.39892578125
7966.59912109375
7945.95068359375
7925.4189453125
7904.95458984375
7884.7470703125
7864.0869140625
7843.53955078125
7823.3984375
7803.6494140625
7784.13818359375
7764.54833984375
7744.70751953125
7724.3349609375
7704.12060546875
7684.4365234375
7665.2255859375
7646.1689453125
7626.73388671875
7607.22802734375
7587.998046875
7569.248046875
7550.6318359375
7531.94091796875
7513.310546875
7494.88037109375
7476.61669921875
7458.6396484375
7440.6015625
7422.81640625
7404.6103515625
7386.54296875
7368.384765625
7350.59912109375
7333.04736328125
7315.6064453125
7298.3134765625
7281.0634765625
7263.91015625
7246.626953125
7229.52392578125
7212.48876953125
7195.609375
7178.85888671875
7162.19287109375
7145.66064453125
7129.2568359375
7113.076171875
7096.783203125
7080.453125
7064.29150390625
7048.5048828125
7032.9111328125
7017.197265625
7001.5185546875
6986.20703125
6971.349609375
6956.599609375
6941.85498046875
6927.173828125
6912.0859375
6896.43017578125
6881.01123046875
6866.712890625
6852.91650390625
6838.3466796875
6822.9169921875
6807.708984375
6793.1904296875
6778.77734375
6764.1796875
6749.58251953125
6735.03515625
6720.3447265625
6706.1943359375
6692.7294921875
6679.43798828125
6665.46923828125
6650.98193359375
6636.666015625
6622.92138671875
6609.7177734375
6596.76318359375
6583.7197265625
6570.150390625
6556.50390625
6543.22412109375
6530.373046875
6517.3193359375
6503.9462890625
6490.7333984375
6478.12109375
6465.9638671875
6453.81640625
6441.603515625
6429.1474609375
6416.2490234375
6402.880859375
6389.8984375
6377.85791015625
6366.4736328125
6354.798828125
6342.478515625
6329.759765625
6317.9404296875
6306.70703125
6295.90869140625
6283.494140625
6270.615234375
6258.0673828125
6246.8857421875
6236.06103515625
6224.1474609375
6211.34912109375
6198.6689453125
6187.140625
6176.2509765625
6165.4560546875
6154.3359375
6146.06787109375
6140.0126953125
6120.86962890625
6111.3291015625
6099.01171875
6086.39453125
6077.52734375
6064.4921875
6055.2421875
6041.40234375
6032.615234375
6019.96826171875
6011.23291015625
5998.89208984375
5989.81689453125
5978.35107421875
5969.20458984375
5957.615234375
5947.31396484375
5935.38623046875
5925.1240234375
5914.12744140625
5904.6328125
5894.58642578125
5885.5673828125
5876.0546875
5866.951171875
5856.7783203125
5846.77392578125
5835.45703125
5824.78125
5813.11669921875
5802.046875
5791.291015625
5782.19287109375
5774.2451171875
5766.63037109375
5758.07421875
5748.00830078125
5736.2265625
5724.3662109375
5713.21875
5703.84765625
5693.38427734375
5681.794921875
5669.63232421875
5658.80615234375
5649.72021484375
5640.14306640625
5629.2412109375
5617.302734375
5606.4130859375
5596.771484375
5586.48486328125
5575.72998046875
5564.4423828125
5554.748046875
5546.1806640625
5536.5595703125
5526.60546875
5516.044921875
5506.8173828125
5498.6435546875
5489.33251953125
5480.36181640625
5471.94775390625
5465.4697265625
5459.85205078125
5452.359375
5442.45361328125
5432.59375
5422.08837890625
5411.7177734375
5402.8681640625
5396.703125
5391.951171875
5384.99267578125
5377.01708984375
5370.169921875
5363.1982421875
5353.1171875
5340.9072265625
5331.154296875
5323.7431640625
5314.82666015625
5303.982421875
5292.8388671875
5283.5849609375
5276.0517578125
5268.7216796875
5260.779296875
5253.11865234375
5246.94384765625
5240.44677734375
5231.84326171875
5221.5927734375
5212.18359375
5203.35791015625
5194.8349609375
5186.5625
5179.13427734375
5171.83203125
5164.0859375
5155.98193359375
5148.01513671875
5140.54541015625
5133.56396484375
5127.26708984375
5121.85107421875
5116.65185546875
5108.794921875
5097.67919921875
5085.9140625
5077.4140625
5071.19189453125
5064.30126953125
5055.361328125
5046.55859375
5039.5068359375
5033.150390625
5025.7998046875
5017.6640625
5009.99853515625
5003.091796875
4996.17919921875
4989.078125
4981.7373046875
4974.94580078125
4967.78173828125
4960.8115234375
4953.7626953125
4947.216796875
4941.6640625
4936.68017578125
4933.603515625
4927.14892578125
4919.361328125
4907.658203125
4898.6298828125
4892.900390625
4887.09521484375
4879.06884765625
4868.9111328125
4861.4580078125
4856.578125
4849.4501953125
4840.6015625
4832.736328125
4827.4267578125
4822.15869140625
4814.4873046875
4806.26806640625
4799.1474609375
4792.6787109375
4785.81884765625
4778.677734375
4772.23193359375
4766.1298828125
4759.365234375
4752.25244140625
4745.68798828125
4739.7109375
4733.6328125
4727.4072265625
4721.7998046875
4717.8701171875
4713.9111328125
4710.984375
4706.22216796875
4702.11181640625
4696.29443359375
4688.37255859375
4678.4462890625
4668.310546875
4660.60791015625
4655.74462890625
4652.041015625
4646.95703125
4639.89501953125
4631.0712890625
4623.30029296875
4616.22900390625
4609.7021484375
4603.16064453125
4595.14111328125
4587.3134765625
4580.10791015625
4574.3740234375
4568.22265625
4562.2548828125
4556.04248046875
4549.986328125
4544.25830078125
4537.5302734375
4530.72265625
4523.2470703125
4517.12060546875
4511.6806640625
4507.48779296875
4503.89990234375
4500.22216796875
4495.26611328125
4487.63818359375
4479.15283203125
4471.02978515625
4465.03125
4459.45703125
4454.14111328125
4449.65185546875
4446.04736328125
4441.48779296875
4433.81982421875
4423.73681640625
4414.453125
4408.78125
4405.599609375
4401.8671875
4395.3974609375
4387.3984375
4380.904296875
4376.416015625
4372.99658203125
4368.388671875
4362.564453125
4355.369140625
4347.60546875
4340.4033203125
4334.669921875
4330.1767578125
4325.96875
4321.498046875
4316.4306640625
4311.34375
4305.44140625
4299.41552734375
4292.6962890625
4287.58544921875
4284.4658203125
4281.921875
4278.72900390625
4273.3505859375
4267.1240234375
4260.3427734375
4253.2998046875
4245.85595703125
4238.27392578125
4231.83984375
4225.51513671875
4219.580078125
4212.8388671875
4206.126953125
4199.6884765625
4193.91650390625
4188.712890625
4183.9677734375
4179.60302734375
4175.203125
4170.56640625
4165.638671875
4160.4755859375
4155.787109375
4150.48974609375
4145.744140625
4139.83984375
4133.810546875
4127.43603515625
4121.29150390625
4115.81201171875
4110.9921875
4106.765625
4102.77880859375
4098.9833984375
4095.345703125
4091.59619140625
4087.64697265625
4083.193359375
4078.22802734375
4072.712890625
4066.814453125
4060.798828125
4055.5244140625
4051.52099609375
4049.32470703125
4047.80126953125
4046.2509765625
4042.66845703125
4037.62353515625
4029.0947265625
4020.583984375
4010.98046875
4004.1201171875
3999.4599609375
3996.56982421875
3993.4091796875
3989.6845703125
3984.4921875
3978.6962890625
3973.046875
3966.9990234375
3961.07373046875
3955.29150390625
3949.4423828125
3944.24365234375
3939.6083984375
3936.41943359375
3931.9453125
3928.0595703125
3924.2587890625
3921.8994140625
3919.5419921875
3917.0830078125
3913.6044921875
3908.99853515625
3905.66455078125
3902.95654296875
3899.78857421875
3892.74462890625
3883.607421875
3874.9609375
3868.9248046875
3866.150390625
3862.5341796875
3858.6943359375
3854.4033203125
3851.5146484375
3849.81689453125
3848.9921875
3847.56396484375
3844.17822265625
3838.38720703125
3832.10498046875
3825.22900390625
3819.74853515625
3813.48876953125
3807.2724609375
3800.3486328125
3794.41796875
3788.6494140625
3783.9404296875
3779.2802734375
3774.93408203125
3770.35107421875
3765.88427734375
3760.4111328125
3755.61376953125
3750.58740234375
3746.943359375
3743.685546875
3740.76318359375
3737.68603515625
3734.783203125
3732.43115234375
3730.6298828125
3728.8125
3726.41015625
3723.08349609375
3718.7255859375
3713.48876953125
3707.9423828125
3702.052734375
3696.9462890625
3690.38623046875
3684.927734375
3678.7724609375
3674.22412109375
3670.33935546875
3667.7333984375
3665.46630859375
3662.84912109375
3660.1533203125
3656.474609375
3651.77783203125
3646.74169921875
3640.728515625
3636.0224609375
3631.740234375
3629.666015625
3626.25146484375
3622.828125
3617.92041015625
3612.966796875
3607.7890625
3603.7744140625
3600.3935546875
3596.42724609375
3591.259765625
3586.373046875
3581.8671875
3579.4990234375
3577.7607421875
3576.3740234375
3571.69970703125
3565.474609375
3557.7958984375
3551.4228515625
3546.9921875
3544.9873046875
3543.71875
3541.19091796875
3536.376953125
3530.4267578125
3524.19921875
3519.57763671875
3515.5078125
3512.19091796875
3508.720703125
3505.94482421875
3503.02001953125
3500.0869140625
3495.8984375
3491.1572265625
3486.0244140625
3481.80517578125
3478.4951171875
3475.4140625
3473.0283203125
3470.25927734375
3468.1337890625
3465.2412109375
3461.7900390625
3457.32275390625
3451.89990234375
3446.7275390625
3442.5205078125
3440.51806640625
3439.830078125
3440.2802734375
3440.49658203125
3439.6875
3436.833984375
3431.44775390625
3424.4140625
3417.33447265625
3411.099609375
3406.1064453125
3402.10107421875
3398.32177734375
3394.2255859375
3389.73388671875
3384.38525390625
3379.0009765625
3374.00439453125
3370.4248046875
3367.9970703125
3366.54248046875
3365.6064453125
3365.5361328125
3365.603515625
3365.78271484375
3363.828125
3358.962890625
3351.02587890625
3343.0244140625
3337.14794921875
3334.359375
3332.73828125
3330.61328125
3326.75341796875
3322.3662109375
3318.1728515625
3315.2392578125
3312.00634765625
3308.39599609375
3303.22119140625
3298.28955078125
3293.7802734375
3291.06640625
3288.64794921875
3286.046875
3282.322265625
3277.94189453125
3273.77099609375
3270.29833984375
3267.78125
3265.755859375
3263.6787109375
3261.12841796875
3257.98095703125
3254.53857421875
3251.42822265625
3249.0927734375
3247.5615234375
3245.62060546875
3242.3779296875
3236.95263671875
3230.49755859375
3223.673828125
3218.12060546875
3213.6708984375
3210.87109375
3209.0322265625
3208.00439453125
3207.22265625
3206.486328125
3206.4208984375
3206.873046875
3209.740234375
3212.0126953125
3216.1708984375
3215.0859375
3212.6259765625
3204.49462890625
3196.63427734375
3190.2041015625
3186.9765625
3184.904296875
3181.7158203125
3177.009765625
3171.1123046875
3166.072265625
3162.50244140625
3160.0615234375
3157.5947265625
3153.8779296875
3149.60009765625
3145.70703125
3142.8076171875
3140.85546875
3138.84716796875
3136.02490234375
3131.20654296875
3124.88671875
3118.43310546875
3113.4423828125
3110.53759765625
3108.7734375
3107.15087890625
3104.00732421875
3098.81298828125
3092.083984375
3085.8359375
3081.49853515625
3078.9345703125
3076.56494140625
3073.6298828125
3070.46630859375
3067.6337890625
3065.37060546875
3062.7802734375
3060.0234375
3057.0498046875
3055.263671875
3054.197265625
3053.376953125
3052.0263671875
3050.19580078125
3048.46826171875
3046.875
3044.98095703125
3042.7109375
3039.34765625
3035.9140625
3031.23974609375
3027.04443359375
3023.19580078125
3021.2353515625
3021.1328125
3022.29638671875
3024.19140625
3026.10546875
3028.3603515625
3029.4453125
3029.20751953125
3025.375
3019.3056640625
3010.8876953125
3003.2119140625
2997.0390625
2993.2939453125
2990.7705078125
2988.2099609375
2984.244140625
2978.740234375
2972.71728515625
2967.4375
2964.27734375
2963.32177734375
2963.7822265625
2964.919921875
2965.8623046875
2966.48291015625
2965.66552734375
2963.2587890625
2958.390625
2952.28662109375
2946.27099609375
2942.5966796875
2941.35302734375
2941.9375
2941.46142578125
2939.36181640625
2933.51953125
2926.43359375
2918.15380859375
2911.67138671875
2906.298828125
2902.4189453125
2898.80908203125
2895.4658203125
2892.3173828125
2889.35888671875
2886.998046875
2884.5859375
2882.86669921875
2879.98291015625
2876.79052734375
2873.0380859375
2869.5625
2867.025390625
2865.740234375
2865.54345703125
2866.1904296875
2866.52734375
2866.06591796875
2863.673828125
2860.4482421875
2856.681640625
2829.28759765625
2834.22705078125
2839.84619140625
2819.72998046875
2831.0693359375
2824.1708984375
2815.67138671875
2823.32421875
2812.91357421875
2812.29150390625
2813.67822265625
2805.6064453125
2807.38525390625
2804.708984375
2800.16650390625
2801.1201171875
2797.2470703125
2795.00732421875
2794.443359375
2790.982421875
2789.5546875
2788.01220703125
2785.24072265625
2783.87646484375
2781.97314453125
2779.66357421875
2778.18798828125
2776.1962890625
2774.12890625
2772.57763671875
2770.56640625
2768.6552734375
2767.03662109375
2765.02197265625
2763.23291015625
2761.55517578125
2759.56787109375
2757.8603515625
2756.10205078125
2754.18115234375
2752.5087890625
2750.681640625
2748.84521484375
2747.1552734375
2745.3193359375
2743.544921875
2741.82275390625
2739.99169921875
2738.2490234375
2736.494140625
2734.6923828125
2732.9619140625
2731.185546875
2729.4189453125
2727.6767578125
2725.904296875
2724.154296875
2722.4033203125
2720.642578125
2718.89453125
2717.1396484375
2715.388671875
2713.6494140625
2711.8974609375
2710.16064453125
2708.41943359375
2706.67236328125
2704.935546875
2703.19189453125
2701.45458984375
2699.71923828125
2697.97705078125
2696.23974609375
2694.49560546875
2692.7548828125
2691.02294921875
2689.28857421875
2687.5537109375
2685.830078125
2684.099609375
2682.36376953125
2680.63671875
2678.89990234375
2677.173828125
2675.4462890625
2673.72021484375
2671.98828125
2670.26416015625
2668.5361328125
2666.80859375
2665.08544921875
2663.357421875
2661.63525390625
2659.91015625
2658.1875
2656.46533203125
2654.736328125
2653.0126953125
2651.2939453125
2649.5732421875
2647.8544921875
2646.13916015625
2644.41455078125
2642.69873046875
2640.978515625
2639.255859375
2637.5380859375
2635.8212890625
2634.099609375
2632.38525390625
2630.66796875
2628.9521484375
2627.23095703125
2625.5205078125
2623.79931640625
2622.0732421875
2620.35302734375
2618.6337890625
2616.916015625
2615.2001953125
2613.4814453125
2611.76220703125
2610.041015625
2608.318359375
2606.5927734375
2604.8740234375
2603.1572265625
2601.4306640625
2599.70068359375
2597.978515625
2596.25
2594.5224609375
2592.7900390625
2591.0595703125
2589.32666015625
2587.59521484375
2585.86376953125
2584.12451171875
2582.38916015625
2580.6396484375
2578.8955078125
2577.14013671875
2575.3896484375
2573.6279296875
2571.85986328125
2570.07763671875
2568.29052734375
2566.48681640625
2564.6708984375
2562.8369140625
2560.97998046875
2559.0908203125
2557.1630859375
2555.1943359375
2553.16259765625
2551.06298828125
2548.90576171875
2546.67138671875
2544.4111328125
2542.16015625
2540.0244140625
2538.03564453125
2536.12841796875
2534.2421875
2532.35595703125
2530.48291015625
2528.642578125
2526.83056640625
2525.03564453125
2523.23291015625
2521.431640625
2519.61181640625
2517.796875
2515.9931640625
2514.205078125
2512.43115234375
2510.666015625
2508.90576171875
2507.1572265625
2505.42919921875
2503.68798828125
2501.962890625
2500.2314453125
2498.517578125
2496.80810546875
2495.10107421875
2493.4072265625
2491.71826171875
2490.02734375
2488.34033203125
2486.6689453125
2484.9892578125
2483.3076171875
2481.6416015625
2479.9814453125
2478.314453125
2476.65478515625
2474.99462890625
2473.3466796875
2471.70654296875
2470.06591796875
2468.43017578125
2466.79150390625
2465.17236328125
2463.5498046875
2461.92138671875
2460.30517578125
2458.69580078125
2457.0908203125
2455.48583984375
2453.89404296875
2452.3017578125
2450.71875
2449.12890625
2447.55615234375
2445.98681640625
2444.42138671875
2442.85791015625
2441.29248046875
2439.74609375
2438.19482421875
2436.6455078125
2435.099609375
2433.56005859375
2432.0244140625
2430.48828125
2428.96044921875
2427.4287109375
2425.91015625
2424.38916015625
2422.86474609375
2421.349609375
2419.8408203125
2418.328125
2416.8212890625
2415.32421875
2413.8193359375
2412.32470703125
2410.830078125
2409.33642578125
2407.8486328125
2406.36767578125
2404.8798828125
2403.39892578125
2401.91357421875
2400.44140625
2398.96337890625
2397.4853515625
2396.0205078125
2394.5498046875
2393.08154296875
2391.62548828125
2390.16357421875
2388.70849609375
2387.24609375
2385.79345703125
2384.3408203125
2382.888671875
2381.4462890625
2379.99462890625
2378.5478515625
2377.11376953125
2375.669921875
2374.2314453125
2372.79638671875
2371.3623046875
2369.93017578125
2368.5068359375
2367.07763671875
2365.6513671875
2364.2216796875
2362.79833984375
2361.3779296875
2359.96875
2358.5478515625
2357.14501953125
2355.7568359375
2354.39892578125
2353.06494140625
2351.79345703125
2350.54345703125
2349.3798828125
2348.13720703125
2346.8984375
2345.60791015625
2344.52490234375
2343.77099609375
2342.9619140625
2341.68017578125
2339.39453125
2336.8515625
2334.93408203125
2333.92236328125
2333.19482421875
2331.921875
2330.0556640625
2328.2099609375
2326.9326171875
2325.93505859375
2324.67041015625
2323.00439453125
2321.30615234375
2319.9140625
2318.71875
2317.365234375
2315.7763671875
2314.19189453125
2312.87744140625
2311.7431640625
2310.5380859375
2309.1455078125
2307.7177734375
2306.38330078125
2305.19287109375
2303.9541015625
2302.626953125
2301.18896484375
2299.798828125
2298.41943359375
2297.05029296875
2295.58984375
2294.0771484375
2292.580078125
2291.154296875
2289.78125
2288.44091796875
2287.10595703125
2285.779296875
2284.4638671875
2283.1552734375
2281.83642578125
2280.47900390625
2279.0966796875
2277.71142578125
2276.3291015625
2274.96435546875
2273.603515625
2272.23974609375
2270.8876953125
2269.54736328125
2268.2236328125
2266.92724609375
2265.64990234375
2264.42333984375
2263.19873046875
2262.1875
2261.0458984375
2260.39697265625
2258.8681640625
2257.61669921875
2255.68701171875
2254.05419921875
2252.525390625
2251.12255859375
2249.7548828125
2248.43701171875
2247.23193359375
2246.0654296875
2245.0634765625
2243.86083984375
2243.0498046875
2241.44921875
2240.140625
2238.4599609375
2237.00341796875
2235.63623046875
2234.3837890625
2233.22265625
2232.09326171875
2231.052734375
2230.00146484375
2229.103515625
2228.0546875
2227.388671875
2225.95654296875
2224.93212890625
2223.0927734375
2221.51513671875
2219.89892578125
2218.3447265625
2216.7529296875
2215.14599609375
2213.5966796875
2212.09423828125
2210.650390625
2209.33544921875
2208.10546875
2207.1298828125
2206.01904296875
2205.24560546875
2203.58837890625
2202.2509765625
2200.30517578125
2198.72021484375
2197.1484375
2195.76953125
2194.38232421875
2193.029296875
2191.66943359375
2190.33642578125
2189.0
2187.7431640625
2186.45556640625
2185.45361328125
2184.1259765625
2183.220703125
2181.4970703125
2180.01611328125
2178.35693359375
2176.8525390625
2175.37109375
2173.94873046875
2172.5458984375
2171.22607421875
2169.9599609375
2168.802734375
2167.60400390625
2166.67724609375
2165.4677734375
2164.6240234375
2163.4296875
2162.57763671875
2161.7763671875
2161.1640625
2160.4580078125
2159.43603515625
2157.931640625
2156.017578125
2153.9267578125
2152.12548828125
2150.64794921875
2149.6513671875
2148.615234375
2147.52099609375
2146.23779296875
2144.845703125
2143.3759765625
2141.96484375
2140.927734375
2140.21435546875
2139.73779296875
2138.4482421875
2136.7578125
2134.21142578125
2132.23388671875
2130.833984375
2130.34228515625
2130.28564453125
2129.81689453125
2129.29541015625
2127.84228515625
2125.162109375
2120.7890625
2117.85595703125
2117.4580078125
2117.216796875
2113.92626953125
2110.12890625
2108.9677734375
2109.025390625
2107.1591796875
2104.91943359375
2103.86767578125
2102.88232421875
2100.78662109375
2099.52685546875
2099.15673828125
2098.44482421875
2096.90625
2095.5625
2094.3603515625
2092.810546875
2091.09130859375
2090.22802734375
2089.7568359375
2089.07080078125
2087.9951171875
2086.2353515625
2083.1455078125
2079.67138671875
2077.07861328125
2075.5791015625
2074.609375
2073.625
2072.74951171875
2071.90380859375
2071.060546875
2069.9365234375
2069.123046875
2068.59765625
2068.58544921875
2068.49462890625
2067.056640625
2064.25390625
2060.814453125
2058.302734375
2056.9658203125
2056.24169921875
2055.0703125
2053.30078125
2051.41650390625
2049.927734375
2049.015625
2048.2666015625
2047.63232421875
2046.62109375
2045.63427734375
2044.39990234375
2043.5986328125
2042.798828125
2042.4931640625
2042.08349609375
2041.9599609375
2041.369140625
2040.771484375
2039.5908203125
2038.1484375
2036.591796875
2034.94287109375
2033.95751953125
2033.03955078125
2032.9072265625
2032.69287109375
2032.62158203125
2032.3505859375
2032.36572265625
2032.88134765625
2034.1474609375
2035.65185546875
2036.69482421875
2036.6337890625
2034.87255859375
2031.96484375
2028.4658203125
2025.3916015625
2023.08154296875
2021.4697265625
2020.03564453125
2018.5556640625
2016.90576171875
2015.7548828125
2015.0595703125
2015.13134765625
2015.4697265625
2016.1533203125
2016.75
2017.0869140625
2015.939453125
2012.373046875
2006.27880859375
1999.64306640625
1994.6455078125
1992.46923828125
1992.50048828125
1992.8056640625
1991.81591796875
1989.06787109375
1985.87646484375
1983.63720703125
1982.85498046875
1982.62353515625
1981.77734375
1979.865234375
1977.3134765625
1975.07177734375
1973.6220703125
1972.71826171875
1971.9921875
1971.119140625
1970.44775390625
1970.10009765625
1970.103515625
1970.02001953125
1969.640625
1969.091796875
1968.666015625
1968.8330078125
1969.51513671875
1970.64501953125
1971.88232421875
1972.84423828125
1973.15380859375
1971.74365234375
1968.70361328125
1964.0498046875
1959.3583984375
1955.32275390625
1952.94091796875
1951.79931640625
1951.37890625
1950.6162109375
1949.259765625
1947.654296875
1946.66845703125
1946.62060546875
1946.818359375
1946.90087890625
1945.57080078125
1943.2421875
1939.927734375
1936.92431640625
1934.58984375
1933.0703125
1932.03173828125
1931.15869140625
1930.16845703125
1928.6396484375
1926.6728515625
1924.37548828125
1922.41552734375
1920.2470703125
1918.2900390625
1916.0380859375
1914.35009765625
1913.00537109375
1912.19775390625
1911.39697265625
1910.57958984375
1909.37109375
1907.85498046875
1906.029296875
1904.2392578125
1902.78662109375
1901.75341796875
1901.1533203125
1900.7119140625
1900.28076171875
1899.69384765625
1899.05126953125
1898.54638671875
1898.46630859375
1898.69873046875
1899.23779296875
1899.5615234375
1899.75439453125
1899.51171875
1899.08935546875
1898.3935546875
1897.34619140625
1896.06103515625
1894.34765625
1892.9072265625
1891.6162109375
1891.08154296875
1890.759765625
1890.609375
1890.3017578125
1889.45751953125
1888.34033203125
1886.42578125
1884.24609375
1881.30810546875
1878.5419921875
1875.66845703125
1873.724609375
1872.017578125
1871.21484375
1870.47607421875
1870.20166015625
1869.6552734375
1869.03173828125
1867.8251953125
1866.12841796875
1864.109375
1861.75244140625
1859.73046875
1857.82177734375
1856.5771484375
1855.7314453125
1855.5380859375
1855.6767578125
1856.12158203125
1856.498046875
1856.67578125
1856.39599609375
1855.60302734375
1854.140625
1851.931640625
1849.162109375
1846.2431640625
1844.01318359375
1842.8759765625
1843.076171875
1843.931640625
1845.25390625
1845.9501953125
1846.48095703125
1845.9423828125
1845.2939453125
1843.99560546875
1842.49072265625
1840.30712890625
1837.38671875
1834.02880859375
1831.009765625
1829.4501953125
1829.45458984375
1830.47705078125
1831.244140625
1830.63232421875
1828.42724609375
1824.88916015625
1821.3662109375
1818.431640625
1816.6650390625
1815.771484375
1815.541015625
1815.54541015625
1815.53369140625
1815.2939453125
1814.54736328125
1813.68310546875
1812.2880859375
1811.447265625
1810.677734375
1811.009765625
1811.97509765625
1813.66748046875
1815.4560546875
1816.39697265625
1816.16357421875
1813.818359375
1810.419921875
1806.10693359375
1802.6494140625
1800.1181640625
1799.27001953125
1799.3359375
1800.201171875
1801.0517578125
1801.78369140625
1802.0126953125
1801.68896484375
1800.50048828125
1798.5048828125
1795.69482421875
1792.56884765625
1789.6416015625
1787.55029296875
1786.5341796875
1786.3115234375
1786.56396484375
1786.36181640625
1785.89208984375
1784.15966796875
1782.3876953125
1779.8798828125
1777.98779296875
1776.1962890625
1775.3828125
1774.9912109375
1775.33740234375
1775.5
1775.46240234375
1774.353515625
1772.7783203125
1770.29736328125
1767.8115234375
1765.1748046875
1763.20166015625
1761.7568359375
1760.77099609375
1759.822265625
1758.8251953125
1758.0830078125
1757.7255859375
1757.869140625
1757.98046875
1757.30078125
1755.52880859375
1752.822265625
1750.27197265625
1748.72216796875
1748.1142578125
1747.77783203125
1747.04931640625
1745.791015625
1744.3447265625
1743.208984375
1742.759765625
1742.837890625
1743.138671875
1742.9765625
1742.439453125
1741.3798828125
1740.42626953125
1739.724609375
1739.33740234375
1738.947265625
1737.9775390625
1736.4208984375
1733.97998046875
1731.56787109375
1729.501953125
1728.935546875
1729.5986328125
1731.455078125
1733.4228515625
1734.9599609375
1735.591796875
1735.28125
1734.21533203125
1732.34814453125
1729.2373046875
1725.19580078125
1720.37939453125
1717.08447265625
1715.55078125
1716.1025390625
1716.759765625
1716.814453125
1715.52587890625
1714.1025390625
1712.8427734375
1712.4677734375
1711.986328125
1711.17529296875
1709.4033203125
1707.14306640625
1704.47802734375
1701.9482421875
1699.576171875
1697.72509765625
1696.37158203125
1695.5087890625
1694.71826171875
1693.91357421875
1693.03662109375
1692.54443359375
1692.1982421875
1692.251953125
1691.68994140625
1691.17822265625
1689.8359375
1689.44677734375
1688.93212890625
1689.2275390625
1688.4912109375
1687.32080078125
1684.91015625
1682.4716796875
1680.3759765625
1678.89794921875
1678.0380859375
1677.412109375
1677.158203125
1676.90673828125
1676.90771484375
1676.44140625
1675.908203125
1674.75341796875
1673.578125
1671.97216796875
1670.25
1668.1748046875
1666.3203125
1664.96435546875
1664.09765625
1663.31640625
1661.7890625
1659.60498046875
1657.06640625
1654.91650390625
1653.267578125
1652.0361328125
1650.9345703125
1650.00048828125
1649.2880859375
1648.7998046875
1648.32177734375
1647.42578125
1646.3779296875
1645.3330078125
1645.0673828125
1645.52099609375
1646.8388671875
1648.76953125
1651.16162109375
1653.73486328125
1655.98486328125
1657.72705078125
1658.39794921875
1658.2861328125
1657.23974609375
1656.0693359375
1655.31005859375
1655.1982421875
1656.1015625
1656.92431640625
1657.49560546875
1656.59423828125
1655.22900390625
1653.21337890625
1650.830078125
1646.97314453125
1642.38037109375
1637.2451171875
1632.890625
1629.03662109375
1626.58544921875
1625.24755859375
1625.1591796875
1624.66845703125
1623.4267578125
1620.7890625
1618.07861328125
1615.1689453125
1612.796875
1610.6572265625
1608.9404296875
1607.64111328125
1606.39013671875
1605.7646484375
1605.533203125
1606.224609375
1607.11376953125
1608.0498046875
1608.56884765625
1608.1875
1606.67041015625
1604.00634765625
1601.283203125
1599.3662109375
1598.33642578125
1597.78466796875
1596.90234375
1595.6611328125
1594.20458984375
1593.4287109375
1593.44189453125
1594.2861328125
1595.2880859375
1596.126953125
1596.6845703125
1597.12109375
1597.5263671875
1598.123046875
1598.5615234375
1599.55224609375
1600.53955078125
1601.94775390625
1602.6552734375
1602.55029296875
1601.26611328125
1599.63232421875
1597.97314453125
1596.92724609375
1596.05322265625
1595.23876953125
1593.89111328125
1592.27685546875
1590.27490234375
1588.8388671875
1587.8173828125
1587.8173828125
1587.6298828125
1587.126953125
1584.865234375
1581.814453125
1578.0087890625
1575.09375
1572.9482421875
1571.9443359375
1571.17724609375
1570.294921875
1568.61865234375
1566.46240234375
1564.046875
1561.970703125
1560.41015625
1559.74072265625
1559.88671875
1560.99658203125
1562.38134765625
1564.2255859375
1565.29638671875
1566.26220703125
1565.78662109375
1564.6875
1562.3955078125
1559.8505859375
1557.23876953125
1554.87451171875
1552.8701171875
1550.87939453125
1549.04833984375
1547.1640625
1545.6181640625
1544.3974609375
1543.6376953125
1543.0654296875
1542.4892578125
1541.666015625
1540.54150390625
1539.34375
1538.19677734375
1537.4501953125
1536.9052734375
1536.6279296875
