7244.35107421875
7237.56884765625
7231.29541015625
7225.4775390625
7220.06298828125
7214.9921875
7210.21875
7205.701171875
7201.3974609375
7197.26904296875
7193.296875
7189.46337890625
7185.759765625
7182.18359375
7178.7314453125
7175.3955078125
7172.18017578125
7169.06982421875
7166.0634765625
7163.154296875
7160.33984375
7157.6201171875
7154.9873046875
7152.43359375
7149.96484375
7147.57666015625
7145.271484375
7143.04443359375
7140.890625
7138.814453125
7136.814453125
7134.87939453125
7133.01318359375
7131.2119140625
7129.46875
7127.7900390625
7126.1640625
7124.5986328125
7123.0859375
7121.6220703125
7120.2080078125
7118.845703125
7117.53076171875
7116.26025390625
7115.03564453125
7113.85107421875
7112.70556640625
7111.6005859375
7110.53173828125
7109.494140625
7108.49267578125
7107.52294921875
7106.5859375
7105.67724609375
7104.7939453125
7103.939453125
7103.11083984375
7102.3056640625
7101.525390625
7100.7646484375
7100.02685546875
7099.3095703125
7098.61279296875
7097.93359375
7097.27392578125
7096.6318359375
7096.00634765625
7095.3935546875
7094.798828125
7094.2158203125
7093.646484375
7093.0927734375
7092.5478515625
7092.01708984375
7091.5
7090.990234375
7090.49072265625
7090.00390625
7089.525390625
7089.0556640625
7088.59375
7088.1416015625
7087.697265625
7087.26171875
7086.83203125
7086.4091796875
7085.9951171875
7085.5869140625
7085.1845703125
7084.7880859375
7084.400390625
7084.017578125
7083.6416015625
7083.27001953125
7082.9052734375
7082.544921875
7082.1904296875
7081.83984375
7081.4931640625
7081.15283203125
7080.81982421875
7080.4873046875
7080.162109375
7079.84130859375
7079.52490234375
7079.2119140625
7078.90478515625
7078.603515625
7078.30615234375
7078.01123046875
7077.72216796875
7077.43994140625
7077.1572265625
7076.88232421875
7076.6083984375
7076.34033203125
7076.0751953125
7075.81396484375
7075.5576171875
7075.30126953125
7075.0517578125
7074.8056640625
7074.56298828125
7074.3271484375
7074.09375
7073.8642578125
7073.638671875
7073.4150390625
7073.1962890625
7072.98046875
7072.77001953125
7072.5615234375
7072.35693359375
7072.15576171875
7071.9580078125
7071.76318359375
7071.5732421875
7071.3857421875
7071.2021484375
7071.021484375
7070.845703125
7070.671875
7070.498046875
7070.33056640625
7070.1650390625
7070.001953125
7069.841796875
7069.68359375
7069.53076171875
7069.380859375
7069.2333984375
7069.0869140625
7068.94384765625
7068.8046875
7068.666015625
7068.53125
7068.3984375
7068.267578125
7068.1396484375
7068.013671875
7067.890625
7067.76953125
7067.64990234375
7067.53271484375
7067.4208984375
7067.30859375
7067.19775390625
7067.0869140625
7066.98046875
7066.8720703125
7066.76953125
7066.66650390625
7066.56787109375
7066.46875
7066.37109375
7066.27685546875
7066.1826171875
7066.091796875
7066.0009765625
7065.912109375
7065.82568359375
7065.73876953125
7065.65478515625
7065.572265625
7065.48876953125
7065.40771484375
7065.330078125
7065.2529296875
7065.17578125
7065.099609375
7065.0263671875
7064.95361328125
7064.8818359375
7064.8115234375
7064.740234375
7064.6708984375
7064.603515625
7064.5361328125
7064.4697265625
7064.40478515625
639785920.0
37070700.0
79562.953125
73342.8125
567509.8125
1519108.5
1810499.75
184245.75
87015.8359375
80101.640625
74018.375
67119.609375
62475.8359375
60034.05078125
58713.0703125
57681.2734375
56580.85546875
55490.14453125
54539.625
53747.51171875
52909.90625
51899.40234375
50694.61328125
49392.46484375
48102.42578125
46876.16015625
45707.30859375
44599.40625
43577.7265625
42659.12890625
41840.65625
41096.8515625
40368.9609375
39579.5625
38709.9140625
37825.6953125
37002.44140625
36262.28125
35591.93359375
34977.0390625
34396.63671875
33827.453125
33267.15234375
32719.876953125
32184.708984375
31665.8203125
31169.07421875
30688.810546875
30220.138671875
29759.359375
29310.103515625
28876.900390625
28460.9296875
28059.134765625
27672.126953125
27300.359375
26943.59375
26598.634765625
26261.8828125
25934.669921875
25619.158203125
25315.83984375
25022.12109375
24736.576171875
24459.484375
24190.888671875
23930.3671875
23676.990234375
23430.970703125
23192.0078125
22960.025390625
22734.9140625
22516.67578125
22304.75
22098.759765625
21898.517578125
21703.76953125
21514.181640625
21329.591796875
21149.955078125
20975.033203125
20804.51171875
20638.330078125
20476.4140625
20318.681640625
20165.185546875
20015.54296875
19869.63671875
19727.46484375
19589.009765625
19454.35546875
19323.318359375
19195.615234375
19071.021484375
18949.53125
18831.037109375
18715.45703125
18602.7890625
18492.90625
18385.6796875
18281.02734375
18178.73046875
18078.65625
17980.67578125
17884.69140625
17790.564453125
17698.171875
17607.359375
17518.08203125
17430.228515625
17343.8125
17258.859375
17175.31640625
17093.212890625
17012.697265625
16933.796875
16856.5390625
16780.94140625
16706.9453125
16634.478515625
16563.419921875
16493.64453125
16424.9765625
16357.34765625
16290.68359375
16224.9140625
16160.083984375
16096.12890625
16033.07421875
15970.9375
15909.7431640625
15849.5458984375
15790.267578125
15731.70703125
15673.8046875
15616.806640625
15560.859375
15505.548828125
15450.7412109375
15396.6630859375
15343.376953125
15290.501953125
15238.0830078125
15186.33984375
15135.087890625
15084.1875
15033.744140625
14983.85546875
14934.33984375
14885.287109375
14837.0244140625
14789.609375
14743.158203125
14697.673828125
14652.9140625
14608.6455078125
14564.80859375
14521.4326171875
14478.4482421875
14435.8076171875
14393.638671875
14351.97265625
14310.767578125
14270.060546875
14229.82421875
14189.9482421875
14150.376953125
14111.2041015625
14072.3369140625
14033.78125
13995.525390625
13957.59765625
13919.9169921875
13882.46484375
13845.2578125
13808.26953125
13771.4140625
13734.6708984375
13698.087890625
13661.638671875
13625.310546875
13589.1533203125
13553.181640625
13517.2001953125
13480.9169921875
13444.6796875
13409.126953125
13373.796875
13338.4296875
13303.751953125
13269.3955078125
13234.4921875
13200.2548828125
13167.685546875
13134.900390625
13101.046875
13067.4521484375
13035.458984375
13004.435546875
12973.4384765625
12942.048828125
12911.015625
12881.1298828125
12851.0478515625
12820.328125
12790.615234375
12761.580078125
12732.06640625
12702.974609375
12674.681640625
12646.5234375
12618.6015625
12591.16796875
12563.98046875
12536.8857421875
12509.80859375
12482.9912109375
12456.60546875
12430.21875
12403.677734375
12377.26953125
12351.0419921875
12324.783203125
12298.744140625
12272.8740234375
12247.162109375
12221.7197265625
12196.724609375
12172.2890625
12148.341796875
12123.91796875
12097.94140625
12071.6865234375
12047.5234375
12024.5029296875
12000.240234375
11975.1728515625
11951.50390625
11928.833984375
11905.3564453125
11882.1708984375
11860.5166015625
11843.5029296875
11817.1328125
11790.4287109375
11768.560546875
11749.56640625
11733.923828125
11701.158203125
11683.2978515625
11667.3134765625
11635.361328125
11623.5205078125
11604.7216796875
11574.9326171875
11558.7138671875
11530.23046875
11514.6064453125
11486.1708984375
11479.734375
11469.3994140625
11444.806640625
11424.154296875
11410.2802734375
11375.25390625
11360.123046875
11332.123046875
11315.5859375
11288.484375
11273.7255859375
11249.6728515625
11233.265625
11211.4140625
11192.333984375
11173.462890625
11153.4384765625
11135.70703125
11115.494140625
11097.92578125
11078.181640625
11059.9228515625
11040.462890625
11023.33203125
11004.607421875
10987.6064453125
10969.02734375
10951.9345703125
10933.240234375
10915.798828125
10897.52734375
10880.640625
10863.21484375
10846.298828125
10828.759765625
10811.298828125
10793.99609375
10776.693359375
10759.474609375
10741.958984375
10724.63671875
10707.521484375
10690.6337890625
10673.7041015625
10656.58203125
10639.609375
10622.853515625
10606.462890625
10589.6611328125
10572.220703125
10554.30859375
10536.6328125
10519.6640625
10503.265625
10487.0498046875
10470.607421875
10454.138671875
10437.6005859375
10421.298828125
10404.7158203125
10387.8046875
10370.4443359375
10353.1435546875
10336.45703125
10320.2900390625
10304.025390625
10286.958984375
10269.4169921875
10251.9443359375
10234.8935546875
10217.8974609375
10200.65234375
10183.1591796875
10165.455078125
10147.5234375
10129.484375
10111.4658203125
10093.423828125
10075.279296875
10057.0966796875
10038.8955078125
10020.8359375
10003.1298828125
9985.8876953125
9968.9326171875
9952.1728515625
9935.70703125
9919.51171875
9903.650390625
9888.14453125
9873.6826171875
9859.31640625
9846.40234375
9830.5986328125
9815.00390625
9800.1240234375
9786.9892578125
9774.908203125
9761.85546875
9748.447265625
9733.373046875
9719.3212890625
9706.9013671875
9694.4619140625
9681.8671875
9667.669921875
9654.677734375
9643.2041015625
9630.65625
9617.4794921875
9603.9794921875
9592.3984375
9581.986328125
9570.271484375
9558.390625
9549.150390625
9535.6435546875
9524.3349609375
9512.740234375
9500.4921875
9489.3310546875
9478.939453125
9468.365234375
9455.4775390625
9442.1767578125
9430.361328125
9418.7578125
9406.76171875
9395.888671875
9385.748046875
9374.28125
9361.8271484375
9349.8876953125
9339.1494140625
9328.15625
9317.052734375
9306.556640625
9296.65625
9287.0224609375
9277.8037109375
9268.7744140625
9259.08203125
9247.6162109375
9235.080078125
9222.4140625
9210.9013671875
9200.9326171875
9191.974609375
9182.9130859375
9172.7255859375
9161.7666015625
9150.814453125
9140.390625
9130.513671875
9120.8212890625
9111.1513671875
9101.361328125
9091.59375
9082.0703125
9072.537109375
9062.7587890625
9052.912109375
9043.255859375
9033.7197265625
9024.119140625
9014.599609375
9005.3798828125
8996.373046875
8987.25
8977.81640625
8968.498046875
8959.5244140625
8950.984375
8942.4140625
8933.9306640625
8925.111328125
8916.458984375
8907.7109375
8899.5751953125
8890.958984375
8883.4208984375
8873.8408203125
8864.298828125
8853.578125
8843.72265625
8835.09375
8827.3955078125
8820.2109375
8812.3916015625
8804.81640625
8795.59765625
8786.697265625
8777.84375
8769.1826171875
8760.7421875
8752.2763671875
8744.525390625
8736.6552734375
8728.5703125
8719.7548828125
8710.517578125
8701.69140625
8693.703125
8686.236328125
8678.6142578125
8670.5712890625
8662.2958984375
8653.7880859375
8645.314453125
8636.7578125
8628.41015625
8620.3984375
8612.796875
8605.3154296875
8597.6513671875
8589.623046875
8581.326171875
8573.2900390625
8565.9111328125
8559.0263671875
8552.251953125
8545.306640625
8538.595703125
8532.072265625
8526.068359375
8519.662109375
8513.2431640625
8506.2333984375
8499.732421875
8493.216796875
8486.9833984375
8477.369140625
8466.5146484375
8456.369140625
8448.998046875
8443.7314453125
8437.8447265625
8430.443359375
8419.833984375
8410.71484375
8404.21875
8399.0546875
8394.111328125
8385.505859375
8377.748046875
8371.984375
8366.24609375
8360.580078125
8351.0478515625
8343.037109375
8337.26953125
8327.873046875
8321.974609375
8318.83984375
8310.939453125
8304.2392578125
8299.8701171875
8290.080078125
8287.892578125
8294.1318359375
8281.0458984375
8276.98828125
8266.1591796875
8260.822265625
8255.125
8242.890625
8239.982421875
8229.046875
8223.392578125
8215.1015625
8209.5390625
8199.701171875
8194.763671875
8188.51171875
8182.9208984375
8175.76171875
8170.11767578125
8160.439453125
8153.0947265625
8144.73486328125
8137.69482421875
8131.30078125
8125.2548828125
8118.5517578125
8112.0029296875
8104.818359375
8098.08984375
8091.61376953125
8085.64453125
8079.41357421875
8072.88671875
8066.2763671875
8060.06787109375
8054.12060546875
8048.5009765625
8042.880859375
8037.3564453125
8032.2080078125
8026.4736328125
8020.5595703125
8013.1845703125
8005.62841796875
7998.3662109375
7991.9970703125
7986.7333984375
7981.78955078125
7976.912109375
7970.8076171875
7964.3515625
7956.66748046875
7949.83251953125
7942.89453125
7937.5302734375
7932.32373046875
7927.8125
7921.68408203125
7914.501953125
7905.5029296875
7896.9228515625
7888.9072265625
7882.328125
7876.12841796875
7869.8662109375
7862.7373046875
7855.03515625
7847.3095703125
7840.52587890625
7834.7607421875
7829.732421875
7825.16796875
7820.96826171875
7817.6494140625
7814.04833984375
7809.0458984375
7801.70703125
7795.9423828125
7793.4169921875
7790.732421875
7783.4130859375
7771.47314453125
7760.5888671875
7753.8505859375
7749.51611328125
7743.771484375
7736.462890625
7728.3515625
7720.72021484375
7713.9453125
7708.58203125
7703.06640625
7696.74755859375
7689.5478515625
7682.37646484375
7676.494140625
7672.1953125
7668.00390625
7662.38232421875
7657.0244140625
7652.43798828125
7649.03369140625
7644.67236328125
7640.8466796875
7636.427734375
7632.2705078125
7626.36181640625
7619.119140625
7610.76025390625
7602.71435546875
7595.509765625
7589.63232421875
7584.9580078125
7580.4384765625
7575.40185546875
7569.0107421875
7562.888671875
7556.87841796875
7552.42431640625
7547.1572265625
7541.7763671875
7535.39794921875
7529.93994140625
7524.72705078125
7519.83837890625
7514.31640625
7508.8486328125
7503.6689453125
7499.03759765625
7494.6767578125
7489.87255859375
7485.34765625
7480.2392578125
7475.74658203125
7470.0966796875
7464.6259765625
7458.7685546875
7453.470703125
7448.33251953125
7443.3876953125
7438.27685546875
7433.6259765625
7429.5048828125
7426.0234375
7423.654296875
7421.8818359375
7422.15771484375
7421.5126953125
7420.65234375
7412.9189453125
7402.3203125
7391.10009765625
7385.3671875
7383.0283203125
7380.53173828125
7375.169921875
7367.25634765625
7359.8095703125
7354.4228515625
7350.84619140625
7347.00830078125
7341.201171875
7333.6796875
7327.2919921875
7323.93701171875
7322.916015625
7321.033203125
7317.97412109375
7314.201171875
7312.5751953125
7310.89892578125
7306.78125
7297.60595703125
7286.10205078125
7275.52685546875
7269.31298828125
7266.3017578125
7264.6123046875
7260.677734375
7254.60302734375
7247.224609375
7242.18115234375
7238.2744140625
7234.8955078125
7230.03759765625
7224.91552734375
7220.75341796875
7218.1328125
7216.5205078125
7214.55126953125
7210.82177734375
7204.583984375
7197.5615234375
7192.966796875
7189.8203125
7186.53955078125
7181.03271484375
7176.015625
7172.5849609375
7171.9150390625
7169.83251953125
7164.96337890625
7156.81640625
7148.32177734375
7141.009765625
7135.828125
7131.4306640625
7128.25634765625
7124.5625
7120.2470703125
7113.99560546875
7106.173828125
7098.28564453125
7092.0439453125
7087.9560546875
7085.4111328125
7083.1484375
7080.2470703125
7076.30419921875
7071.37548828125
7066.1435546875
7061.34375
7057.7900390625
7054.8798828125
7052.41162109375
7048.8955078125
7044.900390625
7040.09716796875
7036.166015625
7032.70361328125
7030.359375
7027.576171875
7024.96875
7021.158203125
7017.34912109375
7011.919921875
7006.0068359375
6999.5830078125
6993.76318359375
6988.82421875
6984.185546875
6979.685546875
6974.41162109375
6969.365234375
6964.431640625
6960.7958984375
6957.56103515625
6954.6572265625
6950.8505859375
6945.9501953125
6940.1943359375
6934.46142578125
6929.69677734375
6926.11865234375
6923.1826171875
6919.853515625
6915.68701171875
6910.70361328125
6906.193359375
6902.76416015625
6901.13818359375
6900.15478515625
6899.24853515625
6897.0908203125
6893.77392578125
6889.48828125
6884.69189453125
6880.15185546875
6875.71337890625
6872.1904296875
6868.45849609375
6865.5498046875
6861.6552734375
6857.8017578125
6852.7314453125
6847.189453125
6841.748046875
6836.69970703125
6832.73583984375
6829.10400390625
6825.6416015625
6821.7099609375
6817.66845703125
6813.53466796875
6809.6396484375
6805.9140625
6802.28564453125
6798.951171875
6796.037109375
6793.9052734375
6792.1943359375
6790.9716796875
6789.3642578125
6788.1708984375
6786.3916015625
6785.8564453125
6784.82470703125
6784.86376953125
6782.607421875
6779.4697265625
6773.33984375
6767.67236328125
6762.4462890625
6759.8369140625
6757.5458984375
6754.529296875
6748.98828125
6742.869140625
6737.8359375
6735.06787109375
6733.45751953125
6731.2685546875
6727.380859375
6722.86572265625
6718.96533203125
6716.708984375
6714.705078125
6711.748046875
6707.146484375
6701.8798828125
6697.556640625
6694.95751953125
6693.63671875
6692.5029296875
6691.06494140625
6688.95751953125
6686.4462890625
6683.00341796875
6679.68798828125
6674.73291015625
6670.9443359375
6666.02880859375
6661.70166015625
6655.57080078125
6649.4462890625
6644.203125
6640.7646484375
6639.23291015625
6637.56103515625
6635.7509765625
6631.17236328125
6626.80712890625
6622.85205078125
6620.11865234375
6617.857421875
6616.119140625
6614.50439453125
6613.328125
6612.9130859375
6612.3720703125
6610.19189453125
6603.77685546875
6598.21923828125
6595.427734375
6592.384765625
6587.642578125
6581.71728515625
6575.1474609375
6569.14453125
6566.96044921875
6568.279296875
6568.1318359375
6564.849609375
6560.83740234375
6559.5078125
6559.49462890625
6559.32958984375
6556.9462890625
6551.96484375
6545.8388671875
6539.6650390625
6535.3046875
6531.1611328125
6527.59033203125
6524.6044921875
6522.2099609375
6518.38427734375
6513.6259765625
6508.6220703125
6505.1552734375
6502.5
6501.134765625
6497.9697265625
6494.02587890625
6488.333984375
6484.26611328125
6481.06298828125
6479.0419921875
6476.12744140625
6472.9072265625
6468.8095703125
6465.72216796875
6462.91748046875
6460.8515625
6457.703125
6454.642578125
6450.5029296875
6447.828125
6445.5966796875
6445.2314453125
6445.22412109375
6445.30615234375
6444.1103515625
6443.0634765625
6443.52978515625
6444.6064453125
6444.31298828125
6440.53369140625
6433.6064453125
6426.5673828125
6419.689453125
6415.32421875
6411.3486328125
6407.833984375
6404.34033203125
6401.728515625
6400.5302734375
6399.8544921875
6398.6474609375
6396.2578125
6393.2578125
6390.69921875
6388.6220703125
6387.69384765625
6384.94873046875
6381.84912109375
6378.09326171875
6374.10791015625
6369.619140625
6364.4892578125
6359.5361328125
6354.95263671875
6350.7060546875
6346.083984375
6341.4013671875
6337.4150390625
6334.375
6332.87548828125
6329.91162109375
6328.0322265625
6325.3232421875
6324.90576171875
6324.052734375
6323.4482421875
6320.8388671875
6316.56640625
6311.40625
6308.224609375
6307.365234375
6307.18505859375
6305.1943359375
6300.8525390625
6294.71484375
6288.6572265625
6283.150390625
6280.94677734375
6276.4970703125
6273.3720703125
6269.51953125
6265.96484375
6261.7890625
6258.14111328125
6255.06005859375
6252.947265625
6251.5029296875
6249.86865234375
6248.13623046875
6246.40087890625
6245.64990234375
6246.3251953125
6249.21826171875
6254.16943359375
6262.017578125
6263.0908203125
6254.95703125
6241.16650390625
6230.3798828125
6230.02783203125
6228.97998046875
6225.65625
6218.6318359375
6212.62548828125
6212.009765625
6206.7998046875
6182.4052734375
6189.32373046875
6188.8203125
6174.8447265625
6183.955078125
6174.15625
6172.5888671875
6175.6875
6166.59033203125
6167.31787109375
6163.6123046875
6159.83642578125
6159.2734375
6155.5634765625
6153.01171875
6151.607421875
6148.638671875
6146.9033203125
6144.654296875
6142.3095703125
6140.3154296875
6137.8427734375
6135.876953125
6133.81884765625
6131.16015625
6129.3642578125
6126.9677734375
6124.60888671875
6122.69921875
6120.3232421875
6118.0595703125
6115.96728515625
6113.68701171875
6111.3759765625
6109.27392578125
6106.953125
6104.6357421875
6102.466796875
6100.0576171875
6097.74267578125
6095.478515625
6093.0146484375
6090.685546875
6088.32421875
6085.8486328125
6083.52734375
6081.134765625
6078.72216796875
6076.435546875
6074.1142578125
6071.83544921875
6069.654296875
6067.44921875
6065.3173828125
6063.259765625
6061.181640625
6059.162109375
6057.16796875
6055.16064453125
6053.18701171875
6051.21484375
6049.232421875
6047.26953125
6045.2939453125
6043.32177734375
6041.3544921875
6039.380859375
6037.4296875
6035.4794921875
6033.53125
6031.5869140625
6029.6630859375
6027.748046875
6025.8291015625
6023.93310546875
6022.02099609375
6020.134765625
6018.240234375
6016.349609375
6014.47021484375
6012.5947265625
6010.720703125
6008.849609375
6006.9765625
6005.10986328125
6003.2412109375
6001.3779296875
5999.5107421875
5997.65380859375
5995.79345703125
5993.93896484375
5992.091796875
5990.234375
5988.3916015625
5986.5390625
5984.69482421875
5982.861328125
5981.02392578125
5979.1845703125
5977.349609375
5975.5185546875
5973.6865234375
5971.86328125
5970.02880859375
5968.21142578125
5966.376953125
5964.560546875
5962.7373046875
5960.9130859375
5959.095703125
5957.275390625
5955.4609375
5953.63818359375
5951.82861328125
5950.015625
5948.20703125
5946.3935546875
5944.580078125
5942.7763671875
5940.9814453125
5939.1669921875
5937.36181640625
5935.56201171875
5933.76123046875
5931.95703125
5930.16162109375
5928.36083984375
5926.56298828125
5924.77099609375
5922.986328125
5921.19189453125
5919.4033203125
5917.61083984375
5915.8203125
5914.0400390625
5912.259765625
5910.4765625
5908.689453125
5906.90576171875
5905.140625
5903.353515625
5901.5751953125
5899.79541015625
5898.029296875
5896.25390625
5894.474609375
5892.70751953125
5890.931640625
5889.162109375
5887.40234375
5885.630859375
5883.8671875
5882.1025390625
5880.3408203125
5878.57373046875
5876.8056640625
5875.037109375
5873.271484375
5871.50830078125
5869.74072265625
5867.9794921875
5866.212890625
5864.4375
5862.6630859375
5860.8935546875
5859.10888671875
5857.328125
5855.541015625
5853.76025390625
5851.97265625
5850.181640625
5848.388671875
5846.59228515625
5844.814453125
5843.03759765625
5841.2607421875
5839.494140625
5837.744140625
5835.982421875
5834.2275390625
5832.49072265625
5830.7470703125
5829.0087890625
5827.27294921875
5825.54736328125
5823.8232421875
5822.103515625
5820.3818359375
5818.66552734375
5816.953125
5815.23046875
5813.52587890625
5811.822265625
5810.1328125
5808.46923828125
5806.8251953125
5805.17578125
5803.4091796875
5801.5498046875
5799.7470703125
5798.0673828125
5796.421875
5794.6923828125
5792.880859375
5791.13037109375
5789.46337890625
5787.78369140625
5786.0234375
5784.265625
5782.576171875
5780.8955078125
5779.1708984375
5777.419921875
5775.72509765625
5774.03466796875
5772.31640625
5770.59619140625
5768.8876953125
5767.201171875
5765.498046875
5763.7880859375
5762.08642578125
5760.404296875
5758.71337890625
5757.0234375
5755.330078125
5753.6474609375
5751.97216796875
5750.2861328125
5748.60400390625
5746.92578125
5745.25390625
5743.58203125
5741.90234375
5740.23486328125
5738.5791015625
5736.9169921875
5735.2587890625
5733.6005859375
5731.9482421875
5730.29736328125
5728.6513671875
5726.986328125
5725.3447265625
5723.697265625
5722.04443359375
5720.4013671875
5718.75439453125
5717.1083984375
5715.47216796875
5713.828125
5712.1904296875
5710.5546875
5708.91748046875
5707.2958984375
5705.66162109375
5704.0361328125
5702.4091796875
5700.7890625
5699.162109375
5697.5400390625
5695.921875
5694.296875
5692.6845703125
5691.060546875
5689.4462890625
5687.833984375
5686.224609375
5684.60791015625
5682.998046875
5681.3857421875
5679.7822265625
5678.17578125
5676.580078125
5674.97119140625
5673.38037109375
5671.779296875
5670.18359375
5668.59423828125
5666.9970703125
5665.40478515625
5663.8193359375
5662.2265625
5660.6376953125
5659.0673828125
5657.4765625
5655.896484375
5654.3115234375
5652.73486328125
5651.1572265625
5649.57080078125
5648.0029296875
5646.421875
5644.85546875
5643.28515625
5641.7119140625
5640.1455078125
5638.58056640625
5637.0107421875
5635.44287109375
5633.87646484375
5632.3154296875
5630.75341796875
5629.1923828125
5627.63525390625
5626.083984375
5624.51904296875
5622.96435546875
5621.41015625
5619.86328125
5618.3115234375
5616.75537109375
5615.20751953125
5613.662109375
5612.1142578125
5610.57177734375
5609.02978515625
5607.4921875
5605.95361328125
5604.40869140625
5602.86669921875
5601.33447265625
5599.794921875
5598.259765625
5596.72412109375
5595.18994140625
5593.66650390625
5592.1298828125
5590.5986328125
5589.07373046875
5587.5478515625
5586.0341796875
5584.52734375
5583.01953125
5581.53564453125
5580.08154296875
5578.6513671875
5577.3125
5575.95703125
5574.80419921875
5573.357421875
5572.0419921875
5570.1650390625
5568.337890625
5566.505859375
5564.88134765625
5563.4404296875
5562.10205078125
5560.8134765625
5559.33837890625
5557.8095703125
5556.12939453125
5554.4775390625
5552.9033203125
5551.443359375
5550.04296875
5548.623046875
5547.17431640625
5545.6357421875
5544.072265625
5542.5234375
5541.009765625
5539.548828125
5538.10791015625
5536.67919921875
5535.25390625
5533.826171875
5532.4150390625
5531.0859375
5529.890625
5528.8740234375
5528.0419921875
5527.130859375
5525.8271484375
5523.65283203125
5521.0986328125
5519.01025390625
5517.79638671875
5516.96435546875
5515.70703125
5513.8154296875
5511.8173828125
5510.3232421875
5509.2470703125
5507.9931640625
5506.30517578125
5504.517578125
5503.04150390625
5501.8310546875
5500.4931640625
5498.89013671875
5497.2685546875
5495.8505859375
5494.56103515625
5493.16796875
5491.619140625
5490.08447265625
5488.6982421875
5487.361328125
5485.96484375
5484.4931640625
5483.07568359375
5481.7705078125
5480.552734375
5479.29833984375
5478.1240234375
5476.8623046875
5475.67529296875
5474.19921875
5472.5888671875
5470.8017578125
5469.095703125
5467.5205078125
5466.0791015625
5464.7333984375
5463.4169921875
5462.09765625
5460.7138671875
5459.28125
5457.7958984375
5456.2861328125
5454.81494140625
5453.38623046875
5452.02734375
5450.6650390625
5449.298828125
5447.90234375
5446.4873046875
5445.06103515625
5443.64404296875
5442.23291015625
5440.8447265625
5439.46533203125
5438.08447265625
5436.71630859375
5435.3232421875
5433.94140625
5432.5380859375
5431.14501953125
5429.7578125
5428.38232421875
5427.005859375
5425.6357421875
5424.2685546875
5422.90478515625
5421.5478515625
5420.1923828125
5418.84912109375
5417.51318359375
5416.205078125
5414.888671875
5413.6455078125
5412.33544921875
5411.11474609375
5409.7451171875
5408.46875
5407.009765625
5405.59814453125
5404.1181640625
5402.68505859375
5401.27978515625
5399.9091796875
5398.58251953125
5397.2998046875
5396.0615234375
5394.8232421875
5393.6396484375
5392.3994140625
5391.2021484375
5389.931640625
5388.66259765625
5387.4287109375
5386.1572265625
5385.10400390625
5383.87060546875
5382.90869140625
5381.61279296875
5380.484375
5379.15185546875
5378.05029296875
5377.248046875
5377.00390625
5377.39599609375
5378.1396484375
5378.48828125
5377.091796875
5373.59814453125
5369.326171875
5366.5166015625
5365.72119140625
5365.998046875
5365.626953125
5364.5751953125
5362.91064453125
5361.6865234375
5360.30078125
5358.513671875
5356.44189453125
5354.5859375
5353.599609375
5353.14794921875
5352.8291015625
5352.22021484375
5351.142578125
5349.47509765625
5347.0458984375
5344.0791015625
5341.4365234375
5339.6904296875
5339.166015625
5338.876953125
5338.345703125
5336.923828125
5335.42236328125
5333.8623046875
5333.0927734375
5332.6796875
5332.90966796875
5333.56884765625
5334.287109375
5335.5537109375
5336.189453125
5336.71533203125
5335.71044921875
5332.7392578125
5327.73193359375
5322.4072265625
5318.73828125
5317.3115234375
5317.44921875
5317.478515625
5316.59521484375
5314.85205078125
5313.50244140625
5313.314453125
5314.16796875
5314.97998046875
5314.673828125
5313.44873046875
5311.6201171875
5310.11572265625
5308.484375
5306.57275390625
5303.951171875
5301.265625
5299.064453125
5297.9345703125
5297.392578125
5296.556640625
5294.5595703125
5291.57373046875
5288.669921875
5286.91796875
5286.3330078125
5286.2060546875
5285.70947265625
5285.05859375
5284.669921875
5285.34765625
5286.38671875
5287.13427734375
5285.73583984375
5282.451171875
5278.2587890625
5275.244140625
5274.61279296875
5275.43798828125
5276.3330078125
5275.08447265625
5272.3056640625
5268.40625
5265.7080078125
5263.9111328125
5263.107421875
5262.4130859375
5262.341796875
5263.29296875
5264.66259765625
5265.66650390625
5264.5986328125
5262.646484375
5259.5078125
5256.71484375
5254.0576171875
5252.1865234375
5250.77587890625
5249.4921875
5247.7421875
5245.06201171875
5241.982421875
5238.87255859375
5236.845703125
5235.83984375
5235.65625
5235.47802734375
5235.1142578125
5233.9931640625
5232.4990234375
5230.0595703125
5227.892578125
5225.048828125
5222.9677734375
5220.7451171875
5219.560546875
5218.6787109375
5218.33203125
5217.7890625
5216.865234375
5215.3212890625
5213.3583984375
5211.11279296875
5208.84375
5206.6513671875
5204.822265625
5203.29736328125
5202.212890625
5201.26123046875
5200.4423828125
5199.33740234375
5198.197265625
5196.62646484375
5195.17529296875
5193.3134765625
5191.58203125
5189.64990234375
5187.96484375
5186.5478515625
5185.619140625
5185.169921875
5185.052734375
5185.28369140625
5185.6162109375
5186.2080078125
5186.681640625
5187.13623046875
5186.71484375
5185.4716796875
5182.95263671875
5179.79150390625
5176.7177734375
5174.361328125
5173.08251953125
5172.568359375
5172.3671875
5171.91796875
5171.0634765625
5169.6181640625
5168.2021484375
5166.7353515625
5165.90234375
5165.5419921875
5165.57568359375
5165.77392578125
5165.63525390625
5164.90380859375
5163.11474609375
5160.3662109375
5156.8505859375
5153.45361328125
5150.88623046875
5149.40625
5148.6669921875
5148.0458984375
5146.9228515625
5145.1953125
5143.1103515625
5141.294921875
5139.87109375
5139.0166015625
5138.470703125
5137.93310546875
5137.205078125
5135.8193359375
5133.95947265625
5131.56494140625
5129.498046875
5127.61181640625
5126.5869140625
5125.689453125
5125.0625
5124.0625
5122.94384765625
5121.5966796875
5120.544921875
5119.7109375
5119.44384765625
5119.2880859375
5119.41259765625
5119.20654296875
5119.0244140625
5118.5078125
5118.12939453125
5117.736328125
5117.517578125
5117.30078125
5117.16259765625
5116.80078125
5116.73095703125
5116.642578125
5117.3291015625
5118.1650390625
5118.89794921875
5118.150390625
5115.32568359375
5110.92041015625
5106.810546875
5104.64208984375
5104.744140625
5105.6640625
5105.8623046875
5104.15087890625
5100.47265625
5096.03759765625
5091.87890625
5089.09228515625
5087.42431640625
5086.24462890625
5084.744140625
5083.05419921875
5081.03564453125
5079.3837890625
5077.455078125
5075.5048828125
5073.296875
5071.28955078125
5069.60693359375
5068.4072265625
5067.57861328125
5067.05078125
5066.591796875
5065.91650390625
5064.8466796875
5063.43115234375
5061.76806640625
5060.353515625
5059.0966796875
5058.3359375
5057.65283203125
5057.18212890625
5056.35595703125
5055.4052734375
5054.0478515625
5052.74951171875
5051.6396484375
5050.8720703125
5050.49951171875
5050.25634765625
5050.0224609375
5049.58642578125
5048.89208984375
5048.126953125
5047.25
5046.5419921875
5045.85107421875
5045.20068359375
5044.2880859375
5043.14013671875
5041.78955078125
5040.8232421875
5040.45849609375
5040.96240234375
5041.6298828125
5042.23193359375
5041.7509765625
5040.75439453125
5038.89111328125
5037.24072265625
5035.40087890625
5033.94921875
5031.9794921875
5029.89013671875
5027.13916015625
5024.4462890625
5021.615234375
5019.46044921875
5017.638671875
5016.77587890625
5016.220703125
5016.1357421875
5015.57421875
5014.9375
5013.8798828125
5013.16748046875
5012.55224609375
5011.84619140625
5010.75390625
5009.1953125
5007.7265625
5006.5009765625
5005.8720703125
5005.12158203125
5004.33740234375
5002.8720703125
5001.24462890625
4999.19287109375
4997.021484375
4994.76953125
4992.607421875
4990.94970703125
4989.68994140625
4989.0244140625
4988.33544921875
4987.5302734375
4986.3916015625
4985.13916015625
4983.96728515625
4983.123046875
4982.4658203125
4981.99267578125
4981.484375
4980.9697265625
4980.560546875
4980.36328125
4980.58154296875
4981.16015625
4981.8837890625
4982.42333984375
4982.23828125
4981.3798828125
4979.552734375
4977.642578125
4975.57177734375
4974.2353515625
4973.18798828125
4972.83251953125
4972.2412109375
4971.841796875
4970.61865234375
4969.49267578125
4967.4970703125
4965.8056640625
4963.67578125
4961.92724609375
4960.15234375
4958.466796875
4956.626953125
4954.41650390625
4952.05859375
4949.6728515625
4947.962890625
4946.90771484375
4946.7431640625
4946.8583984375
4947.0625
4946.6728515625
4945.7587890625
4944.427734375
4943.12109375
4942.3466796875
4942.0908203125
4942.5791015625
4943.3037109375
4944.349609375
4945.0068359375
4945.36328125
4944.4951171875
4942.666015625
4939.10205078125
4934.8857421875
4930.34375
4926.86962890625
4924.8408203125
4924.21435546875
4924.3076171875
4924.333984375
4923.875
4922.599609375
4921.1259765625
4919.8759765625
4919.6279296875
4920.98095703125
4923.55712890625
4929.30029296875
4931.10546875
4930.783203125
4924.24609375
4919.0517578125
4916.9912109375
4916.01171875
4914.7548828125
4911.96826171875
4911.337890625
4911.2998046875
4909.57373046875
4906.45947265625
4903.7724609375
4903.8154296875
4904.6357421875
4904.2890625
4902.4658203125
4900.1953125
4898.25830078125
4896.54296875
4894.72998046875
4893.1962890625
4891.7861328125
4890.9990234375
4890.806640625
4891.03271484375
4890.82421875
4890.62548828125
4890.390625
4891.0595703125
4891.82177734375
4893.3955078125
4894.9736328125
4896.8720703125
4897.41796875
4896.1015625
4892.54296875
4887.19970703125
4881.98828125
4878.126953125
4876.11572265625
4875.1064453125
4874.07275390625
4872.1513671875
4869.443359375
4866.4296875
4864.09423828125
4863.2001953125
4863.61962890625
4864.6943359375
4865.3505859375
4864.9599609375
4863.44482421875
4861.1494140625
4858.83447265625
4857.06103515625
4856.3134765625
4856.5029296875
4857.18896484375
4857.7265625
4857.45068359375
4856.1962890625
4854.236328125
4852.1953125
4850.4267578125
4848.947265625
4847.2509765625
4845.13134765625
4842.6884765625
4840.2802734375
4838.47314453125
4837.40966796875
4837.1015625
4837.07421875
4837.03662109375
4836.603515625
4835.86376953125
4834.8408203125
4833.859375
4833.01953125
4832.326171875
4831.822265625
4831.2958984375
4830.9853515625
4830.4794921875
4830.06640625
4829.23046875
4828.19482421875
4826.66943359375
4824.998046875
4823.20703125
4821.64453125
4820.45703125
4819.92333984375
4820.21240234375
4821.31884765625
4823.1279296875
4824.81640625
4825.97265625
4825.60205078125
4824.4921875
4823.1376953125
4822.5244140625
4822.1630859375
4821.615234375
4820.0654296875
4817.93359375
4815.9912109375
4815.05517578125
4814.97021484375
4815.48828125
4816.0595703125
4816.78173828125
4816.9482421875
4816.466796875
4814.17919921875
4810.7197265625
4806.46484375
4802.8974609375
4800.5810546875
4799.640625
4799.4853515625
4799.3310546875
4798.38916015625
4795.767578125
4791.58251953125
